1,1521992375,555575057,0.0,0.0
2,1521992375,558906755,0.0,0.0
3,1521992375,562240810,0.0,0.0
4,1521992375,565573653,0.0,0.0
5,1521992375,568906875,0.0,0.0
6,1521992375,572239883,0.0,0.0
7,1521992375,575574049,0.0,0.0
8,1521992375,578907346,0.0,0.0
9,1521992375,582240895,0.0,0.0
10,1521992375,585584218,0.0,0.0
11,1521992375,588906778,0.0,0.0
12,1521992375,592241675,0.0,0.0
13,1521992375,595573720,0.0,0.0
14,1521992375,598907566,0.0,0.0
15,1521992375,602240611,0.0,0.0
16,1521992375,605573817,0.0,0.0
17,1521992375,608907142,0.0,0.0
18,1521992375,612240493,0.0,0.0
19,1521992375,615573447,0.0,0.0
20,1521992375,618907346,0.0,0.0
21,1521992375,622239808,0.0,0.0
22,1521992375,625573858,0.0,0.0
23,1521992375,628907248,0.0,0.0
24,1521992375,632240467,0.0,0.0
25,1521992375,635573043,0.0,0.0
26,1521992375,638917136,0.0,0.0
27,1521992375,642240638,0.0,0.0
28,1521992375,645573177,0.0,0.0
29,1521992375,648906876,0.0,0.0
30,1521992375,652240555,0.0,0.0
31,1521992375,655573761,0.0,0.0
32,1521992375,658907055,0.0,0.0
33,1521992375,662240693,0.0,0.0
34,1521992375,665573891,0.0,0.0
35,1521992375,668906905,0.0,0.0
36,1521992375,672240340,0.0,0.0
37,1521992375,675574793,0.0,0.0
38,1521992375,678906970,0.0,0.0
39,1521992375,682240822,0.0,0.0
40,1521992375,685573794,0.0,0.0
41,1521992375,688906842,0.0,0.0
42,1521992375,692240159,0.0,0.0
43,1521992375,695573294,0.0,0.0
44,1521992375,698917743,0.0,0.0
45,1521992375,702240410,0.0,0.0
46,1521992375,705573477,0.0,0.0
47,1521992375,708906887,0.0,0.0
48,1521992375,712240716,0.0,0.0
49,1521992375,715573635,0.0,0.0
50,1521992375,718907418,0.0,0.0
51,1521992375,722240715,0.0,0.0
52,1521992375,725574148,0.0,0.0
53,1521992375,728906950,0.0,0.0
54,1521992375,732241147,0.0,0.0
55,1521992375,735573416,0.0,0.0
56,1521992375,738907320,0.0,0.0
57,1521992375,742240238,0.0,0.0
58,1521992375,745573786,0.0,0.0
59,1521992375,748907317,0.0,0.0
60,1521992375,752252448,0.0,0.0
61,1521992375,755573259,0.0,0.0
62,1521992375,758907204,0.0,0.0
63,1521992375,762240419,0.0,0.0
64,1521992375,765574491,0.0,0.0
65,1521992375,768907842,0.0,0.0
66,1521992375,772240753,0.0,0.0
67,1521992375,775573706,0.0,0.0
68,1521992375,778906525,0.0,0.0
69,1521992375,782251495,0.0,0.0
70,1521992375,785573674,0.0,0.0
71,1521992375,788906490,0.0,0.0
72,1521992375,792241308,0.0,0.0
73,1521992375,795573767,0.0,0.0
74,1521992375,798906342,0.0,0.0
75,1521992375,802240332,0.0,0.0
76,1521992375,805573589,0.0,0.0
77,1521992375,808906928,0.0,0.0
78,1521992375,812240628,0.0,0.0
79,1521992375,815573394,0.0,0.0
80,1521992375,818907546,0.0,0.0
81,1521992375,822240464,0.0,0.0
82,1521992375,825576672,0.0,0.0
83,1521992375,828909819,0.0,0.0
84,1521992375,832241753,0.0,0.0
85,1521992375,835574517,0.0,0.0
86,1521992375,838907714,0.0,0.0
87,1521992375,842241084,0.0,0.0
88,1521992375,845573884,0.0,0.0
89,1521992375,848908091,0.0,0.0
90,1521992375,852240036,0.0,0.0
91,1521992375,855573817,0.0,0.0
92,1521992375,858907367,0.0,0.0
93,1521992375,862240744,0.0,0.0
94,1521992375,865573663,0.0,0.0
95,1521992375,868917359,0.0,0.0
96,1521992375,872239708,0.0,0.0
97,1521992375,875573704,0.0,0.0
98,1521992375,878907111,0.0,0.0
99,1521992375,882240380,0.0,0.0
100,1521992375,885573639,0.0,0.0
101,1521992375,888907134,0.0,0.0
102,1521992375,892240320,0.0,0.0
103,1521992375,895573582,0.0,0.0
104,1521992375,898917070,0.0,0.0
105,1521992375,902240620,0.0,0.0
106,1521992375,905573369,0.0,0.0
107,1521992375,908907419,0.0,0.0
108,1521992375,912240616,0.0,0.0
109,1521992375,915573901,0.0,0.0
110,1521992375,918907054,0.0,0.0
111,1521992375,922240685,0.0,0.0
112,1521992375,925573892,0.0,0.0
113,1521992375,928906353,0.0,0.0
114,1521992375,932240819,0.0,0.0
115,1521992375,935574701,0.0,0.0
116,1521992375,938907298,0.0,0.0
117,1521992375,942240663,0.0,0.0
118,1521992375,945573330,0.0,0.0
119,1521992375,948917949,0.0,0.0
120,1521992375,952240639,0.0,0.0
121,1521992375,955574086,0.0,0.0
122,1521992375,958907004,0.0,0.0
123,1521992375,962250905,0.0,0.0
124,1521992375,965573696,0.0,0.0
125,1521992375,968906934,0.0,0.0
126,1521992375,972240228,0.0,0.0
127,1521992375,975583501,0.0,0.0
128,1521992375,978908353,0.0,0.0
129,1521992375,982241221,0.0,0.0
130,1521992375,985574065,0.0,0.0
131,1521992375,988907524,0.0,0.0
132,1521992375,992241650,0.0,0.0
133,1521992375,995574004,0.0,0.0
134,1521992375,998906660,0.0,0.0
135,1521992376,2240243,0.0,0.0
136,1521992376,5573666,0.0,0.0
137,1521992376,8906714,0.0,0.0
138,1521992376,12239561,0.0,0.0
139,1521992376,15574251,0.0,0.0
140,1521992376,18907630,0.0,0.0
141,1521992376,22240716,0.0,0.0
142,1521992376,25574241,0.0,0.0
143,1521992376,28907231,0.0,0.0
144,1521992376,32240558,0.0,0.0
145,1521992376,35573130,0.0,0.0
146,1521992376,38908151,0.0,0.0
147,1521992376,42240410,0.0,0.0
148,1521992376,45574597,0.0,0.0
149,1521992376,48906873,0.0,0.0
150,1521992376,52239619,0.0,0.0
151,1521992376,55573723,0.0,0.0
152,1521992376,58907370,0.0,0.0
153,1521992376,62239868,0.0,0.0
154,1521992376,65588818,0.0,0.0
155,1521992376,68906467,0.0,0.0
156,1521992376,72239747,0.0,0.0
157,1521992376,75584601,0.0,0.0
158,1521992376,78917564,0.0,0.0
159,1521992376,82240787,0.0,0.0
160,1521992376,85575048,0.0,0.0
161,1521992376,88908286,0.0,0.0
162,1521992376,92240467,0.0,0.0
163,1521992376,95574456,0.0,0.0
164,1521992376,98907635,0.0,0.0
165,1521992376,102240408,0.0,0.0
166,1521992376,105573680,0.0,0.0
167,1521992376,108917605,0.0,0.0
168,1521992376,112239316,0.0,0.0
169,1521992376,115573072,0.0,0.0
170,1521992376,118907356,0.0,0.0
171,1521992376,122241532,0.0,0.0
172,1521992376,125573078,0.0,0.0
173,1521992376,128906725,0.0,0.0
174,1521992376,132240454,0.0,0.0
175,1521992376,135573386,0.0,0.0
176,1521992376,138907032,0.0,0.0
177,1521992376,142240786,0.0,0.0
178,1521992376,145573481,0.0,0.0
179,1521992376,148907229,0.0,0.0
180,1521992376,152240562,0.0,0.0
181,1521992376,155573976,0.0,0.0
182,1521992376,158907789,0.0,0.0
183,1521992376,162239772,0.0,0.0
184,1521992376,165580842,0.0,0.0
185,1521992376,168908968,0.0,0.0
186,1521992376,172240413,0.0,0.0
187,1521992376,175573824,0.0,0.0
188,1521992376,178907139,0.0,0.0
189,1521992376,182240392,0.0,0.0
190,1521992376,185574450,0.0,0.0
191,1521992376,188907051,0.0,0.0
192,1521992376,192240684,0.0,0.0
193,1521992376,195565260,0.0,0.0
194,1521992376,198907765,0.0,0.0
195,1521992376,202240855,0.0,0.0
196,1521992376,205574124,0.0,0.0
197,1521992376,208907125,0.0,0.0
198,1521992376,212240333,0.0,0.0
199,1521992376,215574196,0.0,0.0
200,1521992376,218908527,0.0,0.0
201,1521992376,222240868,0.0,0.0
202,1521992376,225573484,0.0,0.0
203,1521992376,228917429,0.0,0.0
204,1521992376,232240255,0.0,0.0
205,1521992376,235573684,0.0,0.0
206,1521992376,238906843,0.0,0.0
207,1521992376,242240689,0.0,0.0
208,1521992376,245573634,0.0,0.0
209,1521992376,248907272,0.0,0.0
210,1521992376,252240421,0.0,0.0
211,1521992376,255573460,0.0,0.0
212,1521992376,258907574,0.0,0.0
213,1521992376,262239347,0.0,0.0
214,1521992376,265584651,0.0,0.0
215,1521992376,268907117,0.0,0.0
216,1521992376,272239843,0.0,0.0
217,1521992376,275574049,0.0,0.0
218,1521992376,278907577,0.0,0.0
219,1521992376,282240995,0.0,0.0
220,1521992376,285574003,0.0,0.0
221,1521992376,288907840,0.0,0.0
222,1521992376,292241722,0.0,0.0
223,1521992376,295574214,0.0,0.0
224,1521992376,298906875,0.0,0.0
225,1521992376,302240184,0.0,0.0
226,1521992376,305574438,0.0,0.0
227,1521992376,308906765,0.0,0.0
228,1521992376,312240490,0.0,0.0
229,1521992376,315583373,0.0,0.0
230,1521992376,318917083,0.0,0.0
231,1521992376,322240764,0.0,0.0
232,1521992376,325574119,0.0,0.0
233,1521992376,328907177,0.0,0.0
234,1521992376,332240745,0.0,0.0
235,1521992376,335573876,0.0,0.0
236,1521992376,338906771,0.0,0.0
237,1521992376,342240690,0.0,0.0
238,1521992376,345574102,0.0,0.0
239,1521992376,348907451,0.0,0.0
240,1521992376,352240459,0.0,0.0
241,1521992376,355573926,0.0,0.0
242,1521992376,358907809,0.0,0.0
243,1521992376,362240560,0.0,0.0
244,1521992376,365573105,0.0,0.0
245,1521992376,368906959,0.0,0.0
246,1521992376,372241485,0.0,0.0
247,1521992376,375574086,0.0,0.0
248,1521992376,378906779,0.0,0.0
249,1521992376,382240126,0.0,0.0
250,1521992376,385573737,0.0,0.0
251,1521992376,388908064,0.0,0.0
252,1521992376,392240743,0.0,0.0
253,1521992376,395672574,0.0,0.0
254,1521992376,398907458,0.0,0.0
255,1521992376,402240664,0.0,0.0
256,1521992376,405574288,0.0,0.0
257,1521992376,408907034,0.0,0.0
258,1521992376,412240470,0.0,0.0
259,1521992376,415574532,0.0,0.0
260,1521992376,418907431,0.0,0.0
261,1521992376,422240601,0.0,0.0
262,1521992376,425573912,0.0,0.0
263,1521992376,428919820,0.0,0.0
264,1521992376,432240499,0.0,0.0
265,1521992376,435573505,0.0,0.0
266,1521992376,438906804,0.0,0.0
267,1521992376,442240507,0.0,0.0
268,1521992376,445573746,0.0,0.0
269,1521992376,448907306,0.0,0.0
270,1521992376,452241271,0.0,0.0
271,1521992376,455573694,0.0,0.0
272,1521992376,458906735,0.0,0.0
273,1521992376,462239804,0.0,0.0
274,1521992376,465573437,0.0,0.0
275,1521992376,468906538,0.0,0.0
276,1521992376,472240677,0.0,0.0
277,1521992376,475573986,0.0,0.0
278,1521992376,478906421,0.0,0.0
279,1521992376,482240416,0.0,0.0
280,1521992376,485573522,0.0,0.0
281,1521992376,488907004,0.0,0.0
282,1521992376,492240523,0.0,0.0
283,1521992376,495574082,0.0,0.0
284,1521992376,498907204,0.0,0.0
285,1521992376,502240887,0.0,0.0
286,1521992376,505574307,0.0,0.0
287,1521992376,508907020,0.0,0.0
288,1521992376,512241018,0.0,0.0
289,1521992376,515573725,0.0,0.0
290,1521992376,518907374,0.0,0.0
291,1521992376,522240505,0.0,0.0
292,1521992376,525573257,0.0,0.0
293,1521992376,528906282,0.0,0.0
294,1521992376,532240877,0.0,0.0
295,1521992376,535574306,0.0,0.0
296,1521992376,538907227,0.0,0.0
297,1521992376,542239903,0.0,0.0
298,1521992376,545573880,0.0,0.0
299,1521992376,548911546,0.0,0.0
300,1521992376,552240495,0.0,0.0
301,1521992376,555573804,0.0,0.0
302,1521992376,558918041,0.0,0.0
303,1521992376,562205582,0.0,0.0
304,1521992376,565573439,0.0,0.0
305,1521992376,568907807,0.0,0.0
306,1521992376,572239466,0.0,0.0
307,1521992376,575573606,0.0,0.0
308,1521992376,578918194,0.0,0.0
309,1521992376,582240309,0.0,0.0
310,1521992376,585573611,0.0,0.0
311,1521992376,588906805,0.0,0.0
312,1521992376,592241700,0.0,0.0
313,1521992376,595574264,0.0,0.0
314,1521992376,598907471,0.0,0.0
315,1521992376,602240687,0.0,0.0
316,1521992376,605584609,0.0,0.0
317,1521992376,608906284,0.0,0.0
318,1521992376,612240631,0.0,0.0
319,1521992376,615573225,0.0,0.0
320,1521992376,618907060,0.0,0.0
321,1521992376,622240498,0.0,0.0
322,1521992376,625583696,0.0,0.0
323,1521992376,628907008,0.0,0.0
324,1521992376,632240350,0.0,0.0
325,1521992376,635573533,0.0,0.0
326,1521992376,638907036,0.0,0.0
327,1521992376,642215953,0.0,0.0
328,1521992376,645574649,0.0,0.0
329,1521992376,648907070,0.0,0.0
330,1521992376,652240190,0.0,0.0
331,1521992376,655583244,0.0,0.0
332,1521992376,658906376,0.0,0.0
333,1521992376,662240234,0.0,0.0
334,1521992376,665572801,0.0,0.0
335,1521992376,668906894,0.0,0.0
336,1521992376,672238808,0.0,0.0
337,1521992376,675573749,0.0,0.0
338,1521992376,678906853,0.0,0.0
339,1521992376,682240241,0.0,0.0
340,1521992376,685573435,0.0,0.0
341,1521992376,688906487,0.0,0.0
342,1521992376,692240649,0.0,0.0
343,1521992376,695574192,0.0,0.0
344,1521992376,698907982,0.0,0.0
345,1521992376,702241015,0.0,0.0
346,1521992376,705573191,0.0,0.0
347,1521992376,708907258,0.0,0.0
348,1521992376,712240462,0.0,0.0
349,1521992376,715573607,0.0,0.0
350,1521992376,718907251,0.000704855752897,0.0
351,1521992376,722240625,0.000704956583417,0.0
352,1521992376,725585263,0.000702594667291,0.0
353,1521992376,728907032,0.000707385200083,0.0
354,1521992376,732240186,0.000705007009496,0.0
355,1521992376,735573476,0.000704956583417,0.0
356,1521992376,738907625,0.000352402674226,0.0
357,1521992376,742239671,0.000352604392986,0.0
358,1521992376,745573272,0.000352453082276,0.0
359,1521992376,748906587,0.0,0.0
360,1521992376,752240683,0.0,0.0
361,1521992376,755574139,0.0,0.0
362,1521992376,758906608,0.0,0.0
363,1521992376,762196423,0.0,0.0
364,1521992376,765573331,0.0,0.0
365,1521992376,768906527,0.0,0.0
366,1521992376,772240190,0.0,0.0
367,1521992376,775574126,0.0,0.0
368,1521992376,778906495,0.0,0.0
369,1521992376,782240759,0.0,0.0
370,1521992376,785574194,0.0,0.0
371,1521992376,788907609,0.0,0.0
372,1521992376,792240726,0.0,0.0
373,1521992376,795574155,0.0,0.0
374,1521992376,798906680,0.0,0.0
375,1521992376,802240982,0.0,0.0
376,1521992376,805573693,0.0,0.0
377,1521992376,808906955,0.0,0.0
378,1521992376,812239893,0.0,0.0
379,1521992376,815573465,0.0,0.0
380,1521992376,818907163,0.0,0.0
381,1521992376,822240850,0.0,0.0
382,1521992376,825573364,0.0,0.0
383,1521992376,828907287,0.0,0.0
384,1521992376,832240769,0.0,0.0
385,1521992376,835573613,0.0,0.0
386,1521992376,838906835,0.0,0.0
387,1521992376,842241230,0.0,0.0
388,1521992376,845573971,0.0,0.0
389,1521992376,848906530,0.0,0.0
390,1521992376,852240029,0.0,0.0
391,1521992376,855573289,0.0,0.0
392,1521992376,858906513,0.0,0.0
393,1521992376,862240353,0.0,0.0
394,1521992376,865574705,0.0,0.0
395,1521992376,868906712,0.0,0.0
396,1521992376,872239231,0.0,0.0
397,1521992376,875573545,0.0,0.0
398,1521992376,878906826,0.0,0.0
399,1521992376,882240738,0.0,0.0
400,1521992376,885574178,0.0,0.0
401,1521992376,888907251,0.0,0.0
402,1521992376,892240486,0.0,0.0
403,1521992376,895574076,0.0,0.0
404,1521992376,898907430,0.0,0.0
405,1521992376,902240768,0.0,0.0
406,1521992376,905573544,0.0,0.0
407,1521992376,908906838,0.0,0.0
408,1521992376,912239866,0.0,0.0
409,1521992376,915574041,0.0,0.0
410,1521992376,918907118,0.0,0.0
411,1521992376,922239548,0.0,0.0
412,1521992376,925573612,0.0,0.0
413,1521992376,928917624,0.0,0.0
414,1521992376,932240362,0.0,0.0
415,1521992376,935573519,0.0,0.0
416,1521992376,938907473,0.0,0.0
417,1521992376,942240423,0.0,0.0
418,1521992376,945575119,0.0,0.0
419,1521992376,948906999,0.0,0.0
420,1521992376,952244940,0.0,0.0
421,1521992376,955573514,0.0,0.0
422,1521992376,958906727,0.0,0.0
423,1521992376,962240725,0.0,0.0
424,1521992376,965573826,0.0,0.0
425,1521992376,968906467,0.0,0.0
426,1521992376,972240311,0.0,0.0
427,1521992376,975573967,0.0,0.0
428,1521992376,978906704,0.0,0.0
429,1521992376,982240656,0.0,0.0
430,1521992376,985573622,0.0,0.0
431,1521992376,988907386,0.0,0.0
432,1521992376,992240414,0.0,0.0
433,1521992376,995581160,0.0,0.0
434,1521992376,998908269,0.0,0.0
435,1521992377,2240162,0.0,0.0
436,1521992377,5573741,0.0,0.0
437,1521992377,8906796,0.0,0.0
438,1521992377,12240089,0.0,0.0
439,1521992377,15573581,0.0,0.0
440,1521992377,18907314,0.0,0.0
441,1521992377,22239910,0.0,0.0
442,1521992377,25573170,0.0,0.0
443,1521992377,28906402,0.0,0.0
444,1521992377,32240222,0.0,0.0
445,1521992377,35573795,0.0,0.0
446,1521992377,38907844,0.0,0.0
447,1521992377,42240425,0.0,0.0
448,1521992377,45574009,0.0,0.0
449,1521992377,48906925,0.0,0.0
450,1521992377,52240221,0.0,0.0
451,1521992377,55573486,0.0,0.0
452,1521992377,58907124,0.0,0.0
453,1521992377,62239595,0.0,0.0
454,1521992377,65583760,0.0,0.0
455,1521992377,68907266,0.0,0.0
456,1521992377,72239583,0.0,0.0
457,1521992377,75573510,0.0,0.0
458,1521992377,78906320,0.0,0.0
459,1521992377,82240564,0.0,0.0
460,1521992377,85573735,0.0,0.0
461,1521992377,88907187,0.0,0.0
462,1521992377,92240765,0.0,0.0
463,1521992377,95574013,0.0,0.0
464,1521992377,98907294,0.0,0.0
465,1521992377,102240831,0.0,0.0
466,1521992377,105573664,0.0,0.0
467,1521992377,108907063,0.0,0.0
468,1521992377,112241219,0.0,0.0
469,1521992377,115583693,0.0,0.0
470,1521992377,118906841,0.0,0.0
471,1521992377,122240561,0.0,0.0
472,1521992377,125573300,0.0,0.0
473,1521992377,128916521,0.0,0.0
474,1521992377,132240387,0.0,0.0
475,1521992377,135573717,0.0,0.0
476,1521992377,138907033,0.0,0.0
477,1521992377,142240820,0.0,0.0
478,1521992377,145574807,0.0,0.0
479,1521992377,148907407,0.00035255394165,0.0
480,1521992377,152240082,0.0014102157666,0.000702214644026
481,1521992377,155573987,0.00246681871958,0.00175478337639
482,1521992377,158907670,0.00458189006958,0.00210604125895
483,1521992377,162240459,0.0070505744279,0.00210649323146
484,1521992377,165573463,0.00951827547766,0.0024575754367
485,1521992377,168906171,0.0119859765274,0.0024575754367
486,1521992377,172239808,0.0155079356201,0.00245704813544
487,1521992377,175573776,0.0179725363855,0.00280765340223
488,1521992377,178906255,0.0211547499308,0.00386245686614
489,1521992377,182240573,0.024314045817,0.00631676844103
490,1521992377,185573381,0.0278497689902,0.00877705513109
491,1521992377,188906959,0.030663418158,0.0108812131712
492,1521992377,192240847,0.0341830593999,0.0108796569336
493,1521992377,195573703,0.0363104583037,0.0108835483625
494,1521992377,198908145,0.0394662772681,0.00947515266154
495,1521992377,202240408,0.0401940248685,0.00632038396278
496,1521992377,205573746,0.0401825252548,0.00491444775477
497,1521992377,208906262,0.0401940248685,0.00351132442377
498,1521992377,212240219,0.0387642941649,0.00350956675279
499,1521992377,215584185,0.0323239631874,0.00349905756958
500,1521992377,218907926,0.0254530794648,0.00528096644236
501,1521992377,222241287,0.0169177479492,0.00666913065333
502,1521992377,225573727,0.0105773749654,0.00772491373229
503,1521992377,228907166,0.00881195729271,0.00807373559711
504,1521992377,232240251,0.0088125876187,0.010531712762
505,1521992377,235573493,0.00881195729271,0.0126371513694
506,1521992377,238907531,0.0130388989464,0.015091137037
507,1521992377,242240689,0.0165676647232,0.0175528546034
508,1521992377,245574014,0.0200912626274,0.0175515991242
509,1521992377,248907169,0.0218552172944,0.0175528546034
510,1521992377,252239967,0.0236194243335,0.0175541102622
511,1521992377,255583519,0.0242464297454,0.0167978715816
512,1521992377,258907902,0.0247407250768,0.0161914792201
513,1521992377,262241010,0.0257309152947,0.0161474711942
514,1521992377,265573317,0.02715053826,0.0161532480514
515,1521992377,268907056,0.0288990858688,0.0168471251563
516,1521992377,272239942,0.0310225274827,0.0193095212884
517,1521992377,275574154,0.0331234827072,0.0210558948034
518,1521992377,278906678,0.0345527582203,0.0235258736392
519,1521992377,282241033,0.0362922849011,0.0249143606781
520,1521992377,285574178,0.0373653715033,0.025978224813
521,1521992377,288907483,0.0373626989211,0.0270294626512
522,1521992377,292241439,0.0387670664093,0.0284295237013
523,1521992377,295574589,0.0387726120879,0.0298377185111
524,1521992377,298908632,0.0391166968391,0.0298313173987
525,1521992377,302240272,0.0394973441816,0.0305550807784
526,1521992377,305573581,0.0408904065508,0.031595138286
527,1521992377,308906748,0.0408874818382,0.031943910406
528,1521992377,312240398,0.0433517291199,0.0329946463902
529,1521992377,315572756,0.0451301331857,0.0347621117953
530,1521992377,318905997,0.0465271345055,0.0358052622133
531,1521992377,322240178,0.0507459850886,0.0386052342807
532,1521992377,325573979,0.0525117535908,0.0393099586981
533,1521992377,328907539,0.0556875869996,0.039312770167
534,1521992377,332239944,0.0588807206407,0.0393268335462
535,1521992377,335574593,0.0616572406067,0.0392987168424
536,1521992377,338908165,0.0616792893982,0.0396637770435
537,1521992377,342240468,0.0627590914613,0.0396779659886
538,1521992377,345573687,0.0630981273499,0.0414247368639
539,1521992377,348906894,0.0645035273827,0.0417728059155
540,1521992377,352240468,0.065203820221,0.0449288801909
541,1521992377,355574073,0.065203820221,0.0470349214498
542,1521992377,358907180,0.0659181553879,0.0494990499815
543,1521992377,362240578,0.0673233537163,0.051601701425
544,1521992377,365573814,0.0680283102998,0.0526547973725
545,1521992377,368906539,0.069453126505,0.053719420268
546,1521992377,372231787,0.0717275253649,0.0541907101637
547,1521992377,375574224,0.0762804609611,0.0553127146902
548,1521992377,378908250,0.0792906017009,0.0558021113693
549,1521992377,382240352,0.0828620323518,0.0572386833126
550,1521992377,385573852,0.0859985520753,0.0582671414975
551,1521992377,388907082,0.0874146163437,0.0589733730572
552,1521992377,392240174,0.0877733726823,0.0593286485593
553,1521992377,395575144,0.0877294452061,0.059298956664
554,1521992377,398907817,0.0881321803487,0.0600350570966
555,1521992377,402240831,0.0895422952343,0.0624926325333
556,1521992377,405573833,0.0905934007203,0.0649455620324
557,1521992377,408906843,0.0934134287582,0.0688071900452
558,1521992377,412240067,0.0987009813295,0.073370932242
559,1521992377,415573428,0.101866226304,0.0768760041638
560,1521992377,418906621,0.102571182887,0.0786311640762
561,1521992377,422240352,0.102563846942,0.0803805747165
562,1521992377,425573810,0.102563846942,0.0807315815929
563,1521992377,428907212,0.103981096054,0.0807373559711
564,1521992377,432240107,0.103995972811,0.080748907206
565,1521992377,435573648,0.104678565436,0.0807315815929
566,1521992377,438908414,0.106402780933,0.0810536034875
567,1521992377,442240752,0.112120174633,0.081111594189
568,1521992377,445573476,0.117744592946,0.0839086470532
569,1521992377,448907010,0.118432706014,0.0867048996734
570,1521992377,452240539,0.118424235645,0.0898577603817
571,1521992377,455573042,0.118810678336,0.0955011915875
572,1521992377,458907407,0.11875120928,0.0954533897755
573,1521992377,462240486,0.119851191614,0.0972428145026
574,1521992377,465573468,0.123728730167,0.0986470428709
575,1521992377,468907284,0.124759468263,0.0986258785192
576,1521992377,472239382,0.131521438584,0.0986752761401
577,1521992377,475573500,0.131446197486,0.0986188257533
578,1521992377,478907319,0.131808025792,0.0986258785192
579,1521992377,482240965,0.132169905853,0.102143001059
580,1521992377,485573960,0.132188814281,0.105668184712
581,1521992377,488906876,0.133255856687,0.105675743778
582,1521992377,492240138,0.13817149035,0.109873010517
583,1521992377,495573146,0.139248844951,0.110941976857
584,1521992377,498907669,0.140588559957,0.11123735683
585,1521992377,502240714,0.144878940451,0.11374249783
586,1521992377,505574502,0.146962424479,0.11582398545
587,1521992377,508907123,0.150187979143,0.11867427484
588,1521992377,512240345,0.152975578602,0.120755001974
589,1521992377,515573751,0.15685283981,0.123914289817
590,1521992377,518907813,0.157523995379,0.123887706373
591,1521992377,522239922,0.160787603202,0.123958620916
592,1521992377,525573153,0.161787535894,0.124265321799
593,1521992377,528907511,0.162446016255,0.12563350566
594,1521992377,532240454,0.166393556498,0.126740676093
595,1521992377,535573719,0.169542058312,0.130232865501
596,1521992377,538907779,0.170210491651,0.131959709905
597,1521992377,542240323,0.172046323525,0.133420782365
598,1521992377,545574727,0.178655380133,0.133704932002
599,1521992377,548907075,0.179110216081,0.136590520085
600,1521992377,552240438,0.184698624855,0.137604537133
601,1521992377,555572889,0.185443373308,0.140442928805
602,1521992377,558906707,0.187139202394,0.14074369141
603,1521992377,562240779,0.188887833385,0.145647020241
604,1521992377,565573793,0.190718038275,0.146050197381
605,1521992377,568907046,0.191395712398,0.146380336696
606,1521992377,572240100,0.192819417097,0.148848207036
607,1521992377,575572991,0.19459585421,0.15131643046
608,1521992377,578871431,0.196977480665,0.153600862862
609,1521992377,582240024,0.198808084644,0.156309729365
610,1521992377,585573077,0.201293899916,0.158338074565
611,1521992377,588907102,0.207565175119,0.163896767355
612,1521992377,592239910,0.208697003066,0.165008636464
613,1521992377,595573662,0.213218865251,0.169875178659
614,1521992377,598907959,0.213188372743,0.173360200548
615,1521992377,602240296,0.21613102846,0.174512823861
616,1521992377,605573628,0.216421671109,0.175164959259
617,1521992377,608906896,0.217831584276,0.175515991242
618,1521992377,612240414,0.217831584276,0.175867023224
619,1521992377,615573032,0.217878335939,0.177309197617
620,1521992377,618907703,0.217738141114,0.178598632793
621,1521992377,622240273,0.220698767473,0.180820270837
622,1521992377,625573591,0.221003888901,0.182887662874
623,1521992377,628907145,0.221340535669,0.184980623911
624,1521992377,632240489,0.224528671818,0.190259334506
625,1521992377,635573823,0.227700976444,0.193067590366
626,1521992377,638907806,0.229414140921,0.195833824806
627,1521992377,642240438,0.229865169956,0.197673422293
628,1521992377,645573943,0.231225759361,0.200439261998
629,1521992377,648906785,0.231611369956,0.201170103604
630,1521992377,652239823,0.233004816638,0.205368398859
631,1521992377,655573666,0.233307254209,0.210589064454
632,1521992377,658906814,0.233357320143,0.213793769069
633,1521992377,662240111,0.233340629111,0.215884669227
634,1521992377,665573288,0.233693107403,0.216937765175
635,1521992377,668907105,0.23612667722,0.217608699936
636,1521992377,672239727,0.236211140905,0.22154872019
637,1521992377,675573939,0.23681459708,0.223559402153
638,1521992377,678907136,0.23933276007,0.225713564737
639,1521992377,682240089,0.240777116713,0.227150186793
640,1521992377,685574040,0.241748234519,0.228823752282
641,1521992377,688907480,0.244972412737,0.230628012491
642,1521992377,692240913,0.246012251428,0.233419572867
643,1521992377,695573777,0.247122633698,0.234171830897
644,1521992377,698907670,0.249518936525,0.237263679285
645,1521992377,702240578,0.249590334748,0.239086981771
646,1521992377,705573761,0.24955463053,0.242914131878
647,1521992377,708906920,0.249572481362,0.24293150771
648,1521992377,712240304,0.24955463053,0.248881675581
649,1521992377,715574008,0.249518936525,0.24884607783
650,1521992377,718907202,0.250629991876,0.24960159246
651,1521992377,722240333,0.25166950028,0.252391995405
652,1521992377,725573381,0.252058035797,0.253481352186
653,1521992377,728916569,0.252321420481,0.25338596438
654,1521992377,732240334,0.257340454011,0.254172284786
655,1521992377,735573896,0.257995656226,0.252373944197
656,1521992377,738908243,0.258997444572,0.253372600801
657,1521992377,742240756,0.261613740811,0.252464226069
658,1521992377,745573394,0.263357794412,0.252095057205
659,1521992377,748908021,0.264245316886,0.252283726872
660,1521992377,752240247,0.26445329474,0.253535762894
661,1521992377,755573406,0.264358718781,0.255551283248
662,1521992377,758906060,0.266178225945,0.257712774358
663,1521992377,762240404,0.266044994084,0.260040300822
664,1521992377,765573304,0.266159184653,0.263662736138
665,1521992377,768907143,0.267845186101,0.264640257664
666,1521992377,772239566,0.267940995654,0.266490457408
667,1521992377,775574119,0.267787733251,0.267039837691
668,1521992377,778907091,0.26792182826,0.267524640396
669,1521992377,782240381,0.267883501699,0.267486370652
670,1521992377,785573740,0.267883501699,0.267486370652
671,1521992377,788906804,0.267197656599,0.2699629038
672,1521992377,792240535,0.267845186101,0.273063820242
673,1521992377,795573222,0.26723588777,0.275268140458
674,1521992377,798907451,0.267102126511,0.281096195626
675,1521992377,802240199,0.265825672004,0.285099145475
676,1521992377,805573421,0.264711197073,0.288197257619
677,1521992377,808906589,0.264730132066,0.289622100955
678,1521992377,812240818,0.264283106706,0.289518553547
679,1521992377,815573998,0.264377628561,0.290324215139
680,1521992377,818907754,0.264673335213,0.290261927172
681,1521992377,822240339,0.268293549595,0.291067969949
682,1521992377,825573837,0.268216795612,0.292037721241
683,1521992377,828907143,0.269293414865,0.292058609426
684,1521992377,832240032,0.268979414424,0.292100394763
685,1521992377,835573339,0.269293414865,0.296270993216
686,1521992377,838907256,0.269254897607,0.296579599106
687,1521992377,842240740,0.268921701776,0.29905785877
688,1521992377,845573323,0.268646103537,0.299845652999
689,1521992377,848906899,0.266806983283,0.301514906906
690,1521992377,852240872,0.264320907336,0.299738435073
691,1521992377,855573057,0.264100690347,0.302697822181
692,1521992377,858906257,0.258366587822,0.303642664848
693,1521992377,862240371,0.256901549511,0.307087090869
694,1521992377,865573409,0.256622551457,0.309983412295
695,1521992377,868907094,0.253766219238,0.310641085695
696,1521992377,872240050,0.253802523419,0.313142926124
697,1521992377,875573607,0.253766219238,0.317310216348
698,1521992377,878907015,0.254136848322,0.319790136042
699,1521992377,882239510,0.261595024704,0.321614306964
700,1521992377,885573971,0.267806881462,0.323558916813
701,1521992377,888916463,0.267138319347,0.325201561958
702,1521992377,892239903,0.277529178001,0.327091319223
703,1521992377,895574190,0.278730583206,0.323558916813
704,1521992377,898907929,0.283352012665,0.323605195711
705,1521992377,902240925,0.288347866884,0.322972524702
706,1521992377,905573499,0.288389124269,0.323018736252
707,1521992377,908907097,0.288306621301,0.322926326372
708,1521992377,912240547,0.286212372867,0.322949423885
709,1521992377,915573776,0.285859894576,0.326108711727
710,1521992377,918907174,0.285154937992,0.329267999569
711,1521992377,922240751,0.284429637396,0.335562573925
712,1521992377,925573757,0.283060314313,0.3363126942
713,1521992377,928906816,0.284470328332,0.337365865476
714,1521992377,932240232,0.283392546534,0.337341735166
715,1521992377,935574005,0.283352012665,0.3372934849
716,1521992377,938907436,0.285154937992,0.341203086974
717,1521992377,942240535,0.285175335341,0.343333836042
718,1521992377,945558719,0.290340507043,0.34521589352
719,1521992377,948907136,0.288788320565,0.347710001165
720,1521992377,952240272,0.290110384408,0.349652863699
721,1521992377,955572872,0.290151893978,0.353916180589
722,1521992377,958906315,0.290068886713,0.353814931503
723,1521992377,962240259,0.288990858688,0.353789628283
724,1521992377,965573648,0.287974764326,0.353840238343
725,1521992377,968906769,0.287974764326,0.353840238343
726,1521992377,972239718,0.285195735608,0.35283761627
727,1521992377,975573130,0.285154937992,0.352787142396
728,1521992377,978907328,0.287892397572,0.355493690598
729,1521992377,982240219,0.285195735608,0.355997356117
730,1521992377,985573701,0.289011527466,0.360835069033
731,1521992377,988906669,0.289073551544,0.36091250699
732,1521992377,992240084,0.288659074384,0.36013305528
733,1521992377,995574327,0.288617790191,0.360081548836
734,1521992377,998907719,0.288659074384,0.360484062156
735,1521992378,2240462,0.284511030911,0.360236112385
736,1521992378,5573759,0.284449981409,0.36050984601
737,1521992378,8907073,0.284449981409,0.36331810187
738,1521992378,12240231,0.284117824827,0.36685466121
739,1521992378,15573792,0.284077184314,0.367504199686
740,1521992378,18907486,0.2858190078,0.36817988102
741,1521992378,22240610,0.284117824827,0.368258889578
742,1521992378,25585130,0.286307326921,0.372596501758
743,1521992378,28897345,0.289110220418,0.37624414963
744,1521992378,32240732,0.283949453688,0.368879566929
745,1521992378,35573691,0.284822831836,0.370014175039
746,1521992378,38906577,0.284843206887,0.372498219763
747,1521992378,42240473,0.282999584788,0.372391662309
748,1521992378,45574537,0.282979347404,0.373066945821
749,1521992378,48906846,0.283826228238,0.374307183573
750,1521992378,52240665,0.282999584788,0.37414657118
751,1521992378,55573176,0.283805923028,0.377791478486
752,1521992378,58903679,0.283988774578,0.378034883405
753,1521992378,62239739,0.283521954837,0.377413471003
754,1521992378,65573526,0.286171435676,0.377656388921
755,1521992378,68906975,0.286191902808,0.37908742661
756,1521992378,72239867,0.286253321773,0.379519863868
757,1521992378,75573389,0.286191902808,0.381193467869
758,1521992378,78907692,0.286130510194,0.383568217002
759,1521992378,82240967,0.286212372867,0.385433116767
760,1521992378,85573380,0.286294282397,0.389054746153
761,1521992378,88906527,0.286937852865,0.390024429287
762,1521992378,92240355,0.286171435676,0.389940751014
763,1521992378,95573282,0.286958379215,0.390403412231
764,1521992378,98907835,0.287146577683,0.392285405623
765,1521992378,102240664,0.288036570328,0.392889093333
766,1521992378,105573705,0.288700370389,0.393886057299
767,1521992378,108906925,0.289384677493,0.393857884346
768,1521992378,112240246,0.292556982118,0.394910980294
769,1521992378,115572790,0.293345865707,0.39748192477
770,1521992378,118907305,0.293861802015,0.399682490315
771,1521992378,122240634,0.293966895285,0.397368204171
772,1521992378,125572854,0.297224236528,0.400993249194
773,1521992378,128906738,0.298153983475,0.402225113107
774,1521992378,132240218,0.298175307605,0.402253880459
775,1521992378,135573587,0.298196634785,0.402282651926
776,1521992378,138907799,0.299520854267,0.406729701286
777,1521992378,142240109,0.299713734038,0.406991619382
778,1521992378,145574619,0.299499438504,0.406700620083
779,1521992378,148907191,0.303196389819,0.411146674077
780,1521992378,152240505,0.303131330869,0.41140948347
781,1521992378,155572736,0.304297591147,0.413663613143
782,1521992378,158909806,0.30384104693,0.414445507599
783,1521992378,162240865,0.304384707549,0.415187071992
784,1521992378,165574413,0.304188765745,0.414919803295
785,1521992378,168907971,0.30663418158,0.415943148642
786,1521992378,172250286,0.30863707246,0.422897211049
787,1521992378,175573572,0.313236753769,0.417578368782
788,1521992378,178907549,0.315752796107,0.426763317139
789,1521992378,182240467,0.316923320534,0.420596481882
790,1521992378,185583996,0.316609176821,0.425546080068
791,1521992378,188906916,0.321414299183,0.428202498879
792,1521992378,192240306,0.32604241983,0.427907986647
793,1521992378,195573758,0.326371554187,0.431738458084
794,1521992378,198907486,0.327781366516,0.432089464961
795,1521992378,202240580,0.333468315492,0.431800223243
796,1521992378,205573493,0.333820818996,0.432151280335
797,1521992378,208906800,0.338026681749,0.436332754227
798,1521992378,212240493,0.339059865149,0.436301547478
799,1521992378,215573738,0.340494029791,0.436332754227
800,1521992378,218908004,0.343215661242,0.439015406651
801,1521992378,222240655,0.344445200992,0.442395225736
802,1521992378,225573018,0.344822423872,0.443480274722
803,1521992378,228907038,0.344649815393,0.445714977604
804,1521992378,232240002,0.343362974639,0.445172236249
805,1521992378,235573581,0.341879489807,0.445778733144
806,1521992378,238907783,0.335815734254,0.447437764573
807,1521992378,242240329,0.333868582742,0.447661835567
808,1521992378,245573438,0.32888576993,0.451108363306
809,1521992378,248907614,0.326677279008,0.452383154434
810,1521992378,252240074,0.325407288143,0.452577338075
811,1521992378,255573017,0.325384009847,0.454300373585
812,1521992378,258907360,0.326653919889,0.455860122494
813,1521992378,262240805,0.330953444257,0.456308939438
814,1521992378,265573869,0.338403364558,0.460937961884
815,1521992378,268907142,0.338403364558,0.464097475713
816,1521992378,272240634,0.341174583643,0.465786125104
817,1521992378,275573091,0.345175003037,0.470166340342
818,1521992378,278907187,0.346034681047,0.470599248857
819,1521992378,282240099,0.346535733131,0.470801237231
820,1521992378,285574006,0.347493886178,0.470666559054
821,1521992378,288906963,0.350035980215,0.477437645211
822,1521992378,292240415,0.347543595625,0.474595240317
823,1521992378,295573415,0.350035980215,0.477437645211
824,1521992378,298907420,0.350993063529,0.480810645132
825,1521992378,302240286,0.352176192673,0.480982621184
826,1521992378,305573153,0.352881250116,0.480982621184
827,1521992378,308906435,0.353208511758,0.483756672868
828,1521992378,312240736,0.352704632874,0.480741889141
829,1521992378,315572578,0.357944681646,0.483964382904
830,1521992378,318906225,0.357714294595,0.484354848244
831,1521992378,322240096,0.356304583089,0.484354848244
832,1521992378,325572922,0.35640653733,0.484844525441
833,1521992378,328907220,0.35625362784,0.484636512059
834,1521992378,332240643,0.356355552917,0.485477231774
835,1521992378,335573218,0.359605020483,0.487336962954
836,1521992378,338907515,0.35942502512,0.487093033119
837,1521992378,342240637,0.357438553815,0.483054558684
838,1521992378,345573527,0.359579295823,0.487302100878
839,1521992378,348906610,0.360258581853,0.487618300881
840,1521992378,352239811,0.361642727293,0.483020007897
841,1521992378,355573668,0.362648284865,0.486811720663
842,1521992378,358906306,0.367008653257,0.487688070276
843,1521992378,362239965,0.368639558765,0.486811720663
844,1521992378,365572600,0.369476530849,0.486985855632
845,1521992378,368906668,0.372842029331,0.489584562014
846,1521992378,372240331,0.372895361048,0.489654592705
847,1521992378,375573305,0.376473743071,0.493235214354
848,1521992378,378906966,0.381354235022,0.499482785247
849,1521992378,382240006,0.382466302652,0.500607413288
850,1521992378,385573359,0.381381511629,0.501975734951
851,1521992378,388906865,0.382411594269,0.505098895271
852,1521992378,392240128,0.382466302652,0.505522212577
853,1521992378,395573490,0.382438946504,0.505486054776
854,1521992378,398907531,0.383061706884,0.506781439103
855,1521992378,402240372,0.384961363763,0.506962704372
856,1521992378,405573405,0.392688904289,0.506926440945
857,1521992378,408907115,0.39295708224,0.505764736463
858,1521992378,412240055,0.393069524355,0.505909457756
859,1521992378,415573026,0.395156428823,0.505873269669
860,1521992378,418906838,0.397538644634,0.509274554204
861,1521992378,422240160,0.395480643297,0.504783990811
862,1521992378,425573127,0.401177684947,0.511175690834
863,1521992378,428907273,0.403148659315,0.514853442634
864,1521992378,432240279,0.403264009432,0.515000754062
865,1521992378,435573826,0.403206326123,0.514927087812
866,1521992378,438906354,0.406847248664,0.516127763359
867,1521992378,442240045,0.406730856946,0.515980108442
868,1521992378,445574200,0.406291229376,0.510605448983
869,1521992378,448907047,0.40681814449,0.515388677297
870,1521992378,452239834,0.407199802605,0.510861153529
871,1521992378,455573482,0.407054197298,0.505764736463
872,1521992378,458907583,0.410196712799,0.506781439103
873,1521992378,462240200,0.41037278808,0.506296758343
874,1521992378,465573592,0.409932253257,0.505837086758
875,1521992378,468906852,0.409932253257,0.506188118741
876,1521992378,472238931,0.410078909043,0.507071525788
877,1521992378,475573917,0.409727111295,0.507689089137
878,1521992378,478907154,0.417011646117,0.508330669313
879,1521992378,482239876,0.418451592296,0.508367033193
880,1521992378,485573703,0.427847442008,0.517347135008
881,1521992378,488907049,0.429318559301,0.51742114218
882,1521992378,492240119,0.431816793316,0.510437011866
883,1521992378,495573071,0.431847683709,0.509771362013
884,1521992378,498907736,0.432305338425,0.50947979335
885,1521992378,502240346,0.432231132462,0.509456724241
886,1521992378,505573396,0.432521800326,0.509383840589
887,1521992378,508906599,0.432521800326,0.509383840589
888,1521992378,512240279,0.43527955661,0.504747888394
889,1521992378,515573766,0.43668936894,0.504747888394
890,1521992378,518907784,0.442617758828,0.504324742376
891,1521992378,522239700,0.442197548584,0.503947165731
892,1521992378,525573576,0.443354268572,0.503658845819
893,1521992378,528916363,0.442152680796,0.492842994873
894,1521992378,532240351,0.444658064657,0.494579565103
895,1521992378,535572585,0.442518513198,0.490918277736
896,1521992378,538907444,0.443195791925,0.483480003339
897,1521992378,542241185,0.44303352442,0.483336468928
898,1521992378,545573522,0.44319201105,0.482104843383
899,1521992378,548907582,0.444379772199,0.479757775106
900,1521992378,552240154,0.44457052042,0.477505957938
901,1521992378,555572599,0.449538436029,0.476486724305
902,1521992378,558906658,0.449313409638,0.469229074848
903,1521992378,562240196,0.449377679901,0.467892166363
904,1521992378,565573479,0.449409821928,0.46792563265
905,1521992378,568906587,0.449441968554,0.469363332094
906,1521992378,572239364,0.446653890007,0.471503401642
907,1521992378,575573565,0.446462261595,0.478319743618
908,1521992378,578907567,0.44652611946,0.488215647759
909,1521992378,582240445,0.450179177221,0.492217251751
910,1521992378,585573379,0.46107458421,0.497798956551
911,1521992378,588907554,0.463057113933,0.500113262272
912,1521992378,592240558,0.463189605239,0.500256356196
913,1521992378,595573161,0.463960987211,0.500327933869
914,1521992378,598907181,0.469047959395,0.49730560887
915,1521992378,602240362,0.46918216482,0.493937328538
916,1521992378,605573728,0.469148606264,0.493550967371
917,1521992378,608906592,0.469215728176,0.485546689852
918,1521992378,612240373,0.469081503553,0.479090121633
919,1521992378,615573264,0.469215728176,0.478876127952
920,1521992378,618907026,0.469081503553,0.476984230988
921,1521992378,622240152,0.476232234915,0.476735531027
922,1521992378,625573392,0.476198172098,0.476701432212
923,1521992378,628907367,0.478562831599,0.476599165029
924,1521992378,632240196,0.478734003654,0.472907730463
925,1521992378,635573429,0.478699759448,0.471469674646
926,1521992378,638906559,0.479404766457,0.471469674646
927,1521992378,642240452,0.478562831599,0.467825248147
928,1521992378,645573488,0.479439061097,0.46799257959
929,1521992378,648907268,0.479654339846,0.46856066841
930,1521992378,652239817,0.479473360643,0.468026060243
931,1521992378,655573635,0.477187344711,0.466454777765
932,1521992378,658906333,0.47665292911,0.458195055227
933,1521992378,662240247,0.475038804857,0.457296547888
934,1521992378,665573607,0.473025867473,0.454235385333
935,1521992378,668906723,0.473412206877,0.450406249122
936,1521992378,672239394,0.473127389694,0.449066264855
937,1521992378,675574146,0.472822953681,0.445970259881
938,1521992378,678905825,0.473615475321,0.442873067374
939,1521992378,682239977,0.473242949742,0.441471927712
940,1521992378,685573499,0.474049395661,0.435599533725
941,1521992378,688906788,0.477289745429,0.435661851255
942,1521992378,692240231,0.475106754908,0.434897519972
943,1521992378,695573482,0.47866552014,0.434928626297
944,1521992378,698907373,0.482121334981,0.432409545679
945,1521992378,702240609,0.482190303057,0.430716242507
946,1521992378,705573919,0.482190303057,0.427556954665
947,1521992378,708907276,0.482190303057,0.427556954665
948,1521992378,712240191,0.475561245162,0.423756221729
949,1521992378,715572604,0.475629294277,0.41960326864
950,1521992378,718907689,0.482301302977,0.417869872261
951,1521992378,722240625,0.475527227905,0.416704768284
952,1521992378,725573372,0.48299890006,0.415711069263
953,1521992378,728907030,0.487055325252,0.416615365845
954,1521992378,732240768,0.487090159705,0.415592141765
955,1521992378,735572732,0.487299271107,0.415068243408
956,1521992378,738907748,0.487585831498,0.414712165418
957,1521992378,742240380,0.487934655243,0.411497781399
958,1521992378,745574056,0.488499972034,0.411380059248
959,1521992378,748907314,0.488534912308,0.41140948347
960,1521992378,752240484,0.484339815524,0.404417770061
961,1521992378,755573982,0.483565628882,0.404359921718
962,1521992378,758907995,0.483496469038,0.405354959947
963,1521992378,762240760,0.481588684293,0.404475634959
964,1521992378,765574042,0.481485346474,0.402984715891
965,1521992378,768907124,0.483634808514,0.403013541693
966,1521992378,772239146,0.485536249142,0.402075413454
967,1521992378,775573495,0.485223783912,0.400062001265
968,1521992378,778907166,0.491319596692,0.398041797941
969,1521992378,782240243,0.493152403143,0.397747685312
970,1521992378,785573456,0.494879521559,0.397719236154
971,1521992378,788906995,0.495901486762,0.397690791064
972,1521992378,792240729,0.495901486762,0.392776694794
973,1521992378,795572429,0.500381436555,0.392622251768
974,1521992378,798906998,0.499987886162,0.387049856732
975,1521992378,802240288,0.499109261059,0.385082084784
976,1521992378,805573440,0.495972431181,0.383354344537
977,1521992378,808906825,0.498756782768,0.381571764959
978,1521992378,812239801,0.492447396133,0.37703531688
979,1521992378,815573501,0.492376955939,0.376981385351
980,1521992378,818907671,0.495442730705,0.377602380141
981,1521992378,822240408,0.495690841959,0.377791478486
982,1521992378,825573712,0.495231999851,0.37595525324
983,1521992378,828906825,0.495619927676,0.377737431064
984,1521992378,832240382,0.495196580597,0.375928364722
985,1521992378,835573566,0.495231999851,0.37595525324
986,1521992378,838907393,0.500447584557,0.376252461824
987,1521992378,842240196,0.500626597142,0.376387049198
988,1521992378,845573497,0.498756782768,0.376306285222
989,1521992378,848906623,0.498792459219,0.376333202696
990,1521992378,852239819,0.495936956434,0.372795965397
991,1521992378,855572594,0.496007911002,0.372849301969
992,1521992378,858907187,0.492588488269,0.372662690706
993,1521992378,862240800,0.489909784363,0.370312254698
994,1521992378,865573660,0.49283515251,0.370040644327
995,1521992378,868907282,0.49413922135,0.369610240945
996,1521992378,872240591,0.492764651809,0.367881517642
997,1521992378,875573417,0.494245267396,0.367934151095
998,1521992378,878907408,0.496887770659,0.369557379069
999,1521992378,882239719,0.497136623374,0.369742461823
1000,1521992378,885573811,0.497944978681,0.369908335744
1001,1521992378,888907240,0.505806348602,0.369987709537
1002,1521992378,892240136,0.498475612052,0.369689562121
1003,1521992378,895573040,0.504785018799,0.367556775394
1004,1521992378,898907361,0.504604545071,0.36742536432
1005,1521992378,902239950,0.504504690501,0.365853829538
1006,1521992378,905574038,0.499706992053,0.362889202238
1007,1521992378,908907134,0.504432515294,0.36509937575
1008,1521992378,912240437,0.499814217643,0.362967069888
1009,1521992378,915574069,0.499778470667,0.362941110292
1010,1521992378,918907690,0.502950548407,0.365047151551
1011,1521992378,922240328,0.503094474734,0.365151614894
1012,1521992378,925572961,0.502741920792,0.36444940025
1013,1521992378,928906826,0.502878616121,0.364643985615
1014,1521992378,932239895,0.502669997771,0.364397261566
1015,1521992378,935573252,0.502634043976,0.36191397394
1016,1521992378,938906248,0.503411014152,0.363019000222
1017,1521992378,942240187,0.503231018795,0.361836332212
1018,1521992378,945573531,0.501929087393,0.36050984601
1019,1521992378,948907358,0.503267007568,0.361862209087
1020,1521992378,952240458,0.502669997771,0.362993033197
1021,1521992378,955572950,0.502777890022,0.362368680533
1022,1521992378,958882982,0.506855557968,0.366209893431
1023,1521992378,962240237,0.500464353726,0.361086439911
1024,1521992378,965573213,0.505842529313,0.364046204474
1025,1521992378,968906770,0.508237344641,0.364345137798
1026,1521992378,972238914,0.509160743472,0.364501553856
1027,1521992378,975574198,0.509744409733,0.364513653216
1028,1521992378,978907262,0.513950109923,0.36685466121
1029,1521992378,982240508,0.513950109923,0.368258889578
1030,1521992378,985573834,0.513913349311,0.369987709537
1031,1521992378,988906926,0.516770137961,0.370365232131
1032,1521992378,992240436,0.516696218616,0.374875344092
1033,1521992378,995573456,0.513950109923,0.375631088512
1034,1521992378,998907847,0.516585379241,0.377953311721
1035,1521992379,2240079,0.513707844153,0.37816964044
1036,1521992379,5573433,0.513208392728,0.381220732977
1037,1521992379,8907102,0.513171687793,0.384001522881
1038,1521992379,12239939,0.510109059858,0.384083932536
1039,1521992379,15573524,0.509999610053,0.387511591646
1040,1521992379,18907741,0.506366432449,0.392341506504
1041,1521992379,22240618,0.504821129037,0.39707397413
1042,1521992379,25573854,0.504748913727,0.397719236154
1043,1521992379,28906737,0.50799388753,0.399882631772
1044,1521992379,32239897,0.506195032818,0.397747685312
1045,1521992379,35573179,0.507921218352,0.397017172189
1046,1521992379,38906851,0.510352063135,0.393478708546
1047,1521992379,42239913,0.507957550342,0.390375486379
1048,1521992379,45573490,0.508589797724,0.380842460993
1049,1521992379,48906733,0.510741044686,0.36612635773
1050,1521992379,52240158,0.508626174936,0.359456750063
1051,1521992379,55573632,0.508589797724,0.358378020897
1052,1521992379,58907496,0.51102042085,0.358352391346
1053,1521992379,62240180,0.513318539042,0.358480575775
1054,1521992379,65573337,0.513208392728,0.361562941958
1055,1521992379,68906947,0.513171687793,0.36715319281
1056,1521992379,72239720,0.513671092983,0.370769332046
1057,1521992379,75573378,0.517364122626,0.377656388921
1058,1521992379,78907374,0.517679528438,0.38359564608
1059,1521992379,82240517,0.517827648475,0.386162801274
1060,1521992379,85573944,0.51990548027,0.387890340644
1061,1521992379,88906410,0.520369617875,0.38902691279
1062,1521992379,92239946,0.520257958562,0.388943436591
1063,1521992379,95573752,0.522650540773,0.387834860369
1064,1521992379,98907706,0.52613719262,0.383946602755
1065,1521992379,102239862,0.526438358729,0.383112904871
1066,1521992379,105573248,0.526250089521,0.382624860907
1067,1521992379,108906681,0.526212451838,0.382597495375
1068,1521992379,112239917,0.525230222075,0.382652230353
1069,1521992379,115573729,0.525117535908,0.382570133758
1070,1521992379,118907135,0.526212451838,0.382597495375
1071,1521992379,122239969,0.525267794878,0.389350165615
1072,1521992379,125573679,0.526212451838,0.390670653535
1073,1521992379,128906360,0.529888574299,0.3907824494
1074,1521992379,132240675,0.526061954926,0.392664360546
1075,1521992379,135573517,0.530203196978,0.396722891925
1076,1521992379,138907713,0.530013622036,0.396581043065
1077,1521992379,142239959,0.532041960759,0.39748192477
1078,1521992379,145573427,0.53012735073,0.397368204171
1079,1521992379,148906979,0.530089435743,0.398392804817
1080,1521992379,152240283,0.53012735073,0.399474396066
1081,1521992379,155573390,0.530165271141,0.399854027864
1082,1521992379,158906828,0.530089435743,0.399796832323
1083,1521992379,162240649,0.53287094919,0.400470204236
1084,1521992379,165573583,0.534433541635,0.400233713978
1085,1521992379,168906760,0.535805327217,0.400556142049
1086,1521992379,172240630,0.535652064824,0.400090609818
1087,1521992379,175573119,0.53592033158,0.400642116752
1088,1521992379,178907464,0.535613762924,0.403922248646
1089,1521992379,182239776,0.540503860732,0.405206838503
1090,1521992379,185573557,0.540271934595,0.408542785041
1091,1521992379,188906976,0.54457896069,0.4128136114
1092,1521992379,192240332,0.54457896069,0.4128136114
1093,1521992379,195573460,0.54457896069,0.4128136114
1094,1521992379,198907547,0.544462131679,0.414479833504
1095,1521992379,202240277,0.535881991307,0.414657747297
1096,1521992379,205573177,0.533023426749,0.414979166598
1097,1521992379,208906679,0.535728685059,0.418049189901
1098,1521992379,212240313,0.532909060401,0.414890128012
1099,1521992379,215573128,0.533023426749,0.418138906445
1100,1521992379,218907488,0.534870761941,0.421087786109
1101,1521992379,222240809,0.535062046814,0.42123837898
1102,1521992379,225572957,0.535253468553,0.421389079602
1103,1521992379,228906619,0.539958122046,0.423314293048
1104,1521992379,232240306,0.539958122046,0.423665299925
1105,1521992379,235573595,0.539996742898,0.423695602857
1106,1521992379,238906536,0.540387872779,0.424076967217
1107,1521992379,242239902,0.541054177773,0.42825901863
1108,1521992379,245573476,0.543835105951,0.429632416825
1109,1521992379,248907047,0.545597371363,0.430334430578
1110,1521992379,252240335,0.543874004106,0.433173466384
1111,1521992379,255573113,0.54293307014,0.433968650008
1112,1521992379,258907021,0.543404923657,0.435537234021
1113,1521992379,262239999,0.542894230948,0.441310331991
1114,1521992379,265573242,0.542816569231,0.441949265946
1115,1521992379,268907776,0.542622512114,0.444247614345
1116,1521992379,272240144,0.541914177394,0.444533672049
1117,1521992379,275573552,0.541759134356,0.442651329911
1118,1521992379,278907032,0.543482652869,0.442619671255
1119,1521992379,282240017,0.543599288391,0.439554920965
1120,1521992379,285573532,0.546302277527,0.439460609367
1121,1521992379,288907009,0.547007183692,0.441215643749
1122,1521992379,292240284,0.546341352148,0.441247201981
1123,1521992379,295573722,0.54457896069,0.441247201981
1124,1521992379,298907287,0.54982680835,0.442268664379
1125,1521992379,302239669,0.544734810718,0.443480274722
1126,1521992379,305573617,0.544109729005,0.449224544357
1127,1521992379,308906772,0.544617914836,0.45181047749
1128,1521992379,312241348,0.544031921236,0.45196755709
1129,1521992379,315572838,0.544538069878,0.458359012522
1130,1521992379,318905908,0.546380432359,0.459533733516
1131,1521992379,322240107,0.546185087192,0.459369438295
1132,1521992379,325573737,0.546302277527,0.459468001327
1133,1521992379,328871483,0.558995837574,0.46445066473
1134,1521992379,332239788,0.547981768354,0.45993051152
1135,1521992379,335572770,0.558405494689,0.464832839742
1136,1521992379,338906911,0.562746828546,0.465335275156
1137,1521992379,342240445,0.562907831859,0.464766344808
1138,1521992379,345573320,0.564358111102,0.465501704081
1139,1521992379,348907615,0.566270603302,0.470248317276
1140,1521992379,352240493,0.566513655281,0.470450155026
1141,1521992379,355573337,0.566513655281,0.470450155026
1142,1521992379,358907048,0.567097009381,0.472455255757
1143,1521992379,362240176,0.56717813914,0.480948216132
1144,1521992379,365573615,0.567097009381,0.484038482681
1145,1521992379,368906764,0.56717813914,0.485160901237
1146,1521992379,372240105,0.566432614776,0.485126199792
1147,1521992379,375573761,0.566351597453,0.485407793566
1148,1521992379,378906946,0.567530642644,0.485511958329
1149,1521992379,382240034,0.56647313213,0.484809844145
1150,1521992379,385574008,0.567368305504,0.48467116856
1151,1521992379,388907189,0.567530642644,0.483405615776
1152,1521992379,392240159,0.558405494689,0.476418552515
1153,1521992379,395573853,0.557893328418,0.475931285666
1154,1521992379,398907467,0.557933229242,0.475965324522
1155,1521992379,402240104,0.55774033569,0.47610152865
1156,1521992379,405573968,0.5578534333,0.476599165029
1157,1521992379,408907073,0.55907055853,0.479543987764
1158,1521992379,412240407,0.561850396984,0.480211752037
1159,1521992379,415573781,0.561850396984,0.480211752037
1160,1521992379,418907283,0.562555353567,0.483020007897
1161,1521992379,422240806,0.562515119312,0.482985462052
1162,1521992379,425573627,0.570743999938,0.488004265288
1163,1521992379,428906918,0.570662354276,0.487934455652
1164,1521992379,432239745,0.566866184003,0.486599936467
1165,1521992379,435573379,0.566744556299,0.486495530817
1166,1521992379,438906574,0.568547484526,0.488285487634
1167,1521992379,442240520,0.566704025329,0.486460738889
1168,1521992379,445573757,0.568547484526,0.488285487634
1169,1521992379,448906548,0.56862882761,0.488355347494
1170,1521992379,452239823,0.56647313213,0.49077781471
1171,1521992379,455573185,0.566432614776,0.490742711512
1172,1521992379,458906779,0.571638015599,0.4917254655
1173,1521992379,462240291,0.569957397693,0.500220575039
1174,1521992379,465573836,0.574146071027,0.500886812753
1175,1521992379,468906757,0.577442045645,0.506260539961
1176,1521992379,472240410,0.577276861622,0.506115718238
1177,1521992379,475573033,0.578541018247,0.505243436377
1178,1521992379,478906282,0.579826789861,0.508294310636
1179,1521992379,482240085,0.578334145252,0.505413754689
1180,1521992379,485573770,0.57308871178,0.505449902147
1181,1521992379,488906764,0.575285719749,0.508681726405
1182,1521992379,492240013,0.573523202225,0.509734897681
1183,1521992379,495573315,0.57348218061,0.509698438566
1184,1521992379,498907776,0.575038921928,0.510568940657
1185,1521992379,502240161,0.582460781428,0.513355630755
1186,1521992379,505573544,0.582999094486,0.515314950285
1187,1521992379,508906850,0.583704051069,0.515314950285
1188,1521992379,512240508,0.589654006647,0.517384135948
1189,1521992379,515573460,0.589738363444,0.518511324983
1190,1521992379,518907051,0.589654006647,0.519490177207
1191,1521992379,522239974,0.588017907287,0.51960166376
1192,1521992379,525573749,0.587849697916,0.520856952749
1193,1521992379,528906099,0.585986573083,0.521431676929
1194,1521992379,532240295,0.58247996718,0.521133396385
1195,1521992379,535573463,0.582688293349,0.52131978172
1196,1521992379,538906711,0.584056529361,0.521984557953
1197,1521992379,542242413,0.582230172326,0.520909909831
1198,1521992379,545573324,0.584516416392,0.522395569416
1199,1521992379,548906502,0.584056529361,0.521984557953
1200,1521992379,552240163,0.58542456966,0.52721232849
1201,1521992379,555573729,0.582957398084,0.523702259725
1202,1521992379,558906786,0.584803314377,0.526585638101
1203,1521992379,562240317,0.582957398084,0.523702259725
1204,1521992379,565573545,0.584098307368,0.526234581009
1205,1521992379,568906188,0.584181881313,0.526309875698
1206,1521992379,572247753,0.582598054866,0.524882951092
1207,1521992379,575573527,0.582570101443,0.527404075023
1208,1521992379,578907026,0.584014757331,0.531073404131
1209,1521992379,582240253,0.584409007653,0.531813453462
1210,1521992379,585573523,0.584450810872,0.531851494482
1211,1521992379,588906949,0.586481928907,0.534934479772
1212,1521992379,592240097,0.586565831901,0.53501100831
1213,1521992379,595573523,0.586523877403,0.533568613375
1214,1521992379,598908064,0.590542422274,0.533377862404
1215,1521992379,602240242,0.5909226814,0.533721312412
1216,1521992379,605573243,0.585902734958,0.53364495197
1217,1521992379,608907185,0.585693244564,0.534857973125
1218,1521992379,612239899,0.584534435255,0.535087558748
1219,1521992379,615572802,0.579204689252,0.535751445201
1220,1521992379,618906803,0.578997593753,0.535559886475
1221,1521992379,622239883,0.575990726758,0.535362065402
1222,1521992379,625573383,0.575908336438,0.535285486649
1223,1521992379,628906463,0.575990726758,0.535362065402
1224,1521992379,632240234,0.57551472224,0.534896223713
1225,1521992379,635573419,0.575638223254,0.53501100831
1226,1521992379,638905912,0.576073140655,0.53543866607
1227,1521992379,642240560,0.575391274209,0.534781488358
1228,1521992379,645573683,0.574580712739,0.534308894126
1229,1521992379,648916000,0.574388355809,0.531422157593
1230,1521992379,652239825,0.574420656274,0.528410802582
1231,1521992379,655573768,0.572654345617,0.526785969593
1232,1521992379,658907236,0.573834658902,0.52865416562
1233,1521992379,662240462,0.573834658902,0.53286654941
1234,1521992379,665573489,0.57387570573,0.534659951218
1235,1521992379,668906556,0.574269287152,0.536102527407
1236,1521992379,672239846,0.573834658902,0.538834093112
1237,1521992379,675574221,0.573981865086,0.540395992173
1238,1521992379,678906654,0.576466935614,0.543201888357
1239,1521992379,682239977,0.574187137193,0.543046476902
1240,1521992379,685573655,0.574850977192,0.544411665438
1241,1521992379,688907100,0.574850977192,0.545113679191
1242,1521992379,692240393,0.574539615485,0.544450604831
1243,1521992379,695573557,0.573523202225,0.544138492704
1244,1521992379,698907705,0.573359150966,0.543982846682
1245,1521992379,702240536,0.568276298888,0.542070924896
1246,1521992379,705573481,0.568235649654,0.542032150152
1247,1521992379,708906631,0.566825635635,0.544138492704
1248,1521992379,712240070,0.566432614776,0.547609892674
1249,1521992379,715573515,0.566392103217,0.548623747956
1250,1521992379,718907171,0.566392103217,0.549325761709
1251,1521992379,722240477,0.565727658192,0.549365052586
1252,1521992379,725573466,0.561890586568,0.549404349085
1253,1521992379,728906483,0.555585264918,0.549092569001
1254,1521992379,732240548,0.553977003883,0.546088586734
1255,1521992379,735573550,0.550962977921,0.544840606888
1256,1521992379,738906604,0.549200460397,0.542032150152
1257,1521992379,742240476,0.547320492124,0.541564877421
1258,1521992379,745573280,0.547124575605,0.541719842691
1259,1521992379,748907459,0.534909007973,0.541487428028
1260,1521992379,752240100,0.531298790066,0.541407490544
1261,1521992379,755573643,0.530794341907,0.541252603549
1262,1521992379,758907946,0.531032855741,0.541838359608
1263,1521992379,762240030,0.531060213849,0.541523713977
1264,1521992379,765573159,0.528012480979,0.547609892674
1265,1521992379,768906518,0.528012480979,0.547609892674
1266,1521992379,772240003,0.523430263187,0.546205764744
1267,1521992379,775573505,0.520925655603,0.54616669982
1268,1521992379,778901188,0.52397725232,0.548199909101
1269,1521992379,782240077,0.520070154705,0.545269746297
1270,1521992379,785573793,0.518106030945,0.543358644808
1271,1521992379,788907195,0.508589797724,0.54721972045
1272,1521992379,792240155,0.507288830087,0.544879582538
1273,1521992379,795573777,0.506827532312,0.544762672314
1274,1521992379,798907805,0.506755045537,0.54714145676
1275,1521992379,802240495,0.508698944973,0.548039322385
1276,1521992379,805573546,0.509404002415,0.554358802079
1277,1521992379,808907234,0.51207770448,0.557008075481
1278,1521992379,812239917,0.524247711233,0.557207320035
1279,1521992379,815573356,0.52656490492,0.556696906115
1280,1521992379,818906852,0.530479829021,0.556736724218
1281,1521992379,822240368,0.530441888825,0.556696906115
1282,1521992379,825573352,0.53228029217,0.551861748729
1283,1521992379,828906814,0.53224222048,0.546556796726
1284,1521992379,832239651,0.528793082092,0.543826335922
1285,1521992379,835572904,0.528364959271,0.543748540867
1286,1521992379,838909119,0.527911848465,0.543282237537
1287,1521992379,842240080,0.515339383989,0.546948004798
1288,1521992379,845573336,0.513560871019,0.547960924656
1289,1521992379,848906728,0.513560871019,0.552173308446
1290,1521992379,852240389,0.512819234711,0.55213381672
1291,1521992379,855573446,0.513597606418,0.554670205466
1292,1521992379,858907150,0.514897127491,0.556657093706
1293,1521992379,862240221,0.515007620437,0.556776548018
1294,1521992379,865573579,0.518848045395,0.555683628271
1295,1521992379,868906348,0.518959402108,0.555802890747
1296,1521992379,872239876,0.518458484027,0.55213381672
1297,1521992379,875573152,0.515323262478,0.552173308446
1298,1521992379,878906970,0.515249555368,0.552094330643
1299,1521992379,882239910,0.513634347072,0.549794733411
1300,1521992379,885573312,0.509647156971,0.549676768585
1301,1521992379,888906311,0.507641358809,0.553305555464
1302,1521992379,892240022,0.505381574827,0.554551203062
1303,1521992379,895573148,0.50337500478,0.556425490926
1304,1521992379,898907945,0.503123083351,0.562112003407
1305,1521992379,902240128,0.502813864399,0.562554421269
1306,1521992379,905573483,0.50122413081,0.556385692236
1307,1521992379,908906864,0.502245642243,0.556345899238
1308,1521992379,912240161,0.50122413081,0.551822276464
1309,1521992379,915573244,0.498439955714,0.551510691637
1310,1521992379,918907516,0.498297381356,0.551001980188
1311,1521992379,922240065,0.497101057726,0.548429636984
1312,1521992379,925572975,0.491425037624,0.544177418127
1313,1521992379,928906228,0.495936956434,0.548311956639
1314,1521992379,932239973,0.490579604016,0.544021749839
1315,1521992379,935573325,0.490649782058,0.544099572849
1316,1521992379,938917194,0.489461861102,0.54939120791
1317,1521992379,942239781,0.492587729761,0.552899805607
1318,1521992379,945583370,0.483523004779,0.550130294298
1319,1521992379,948906459,0.486506429833,0.553524698467
1320,1521992379,952240227,0.483178618611,0.551041385321
1321,1521992379,955572651,0.483386035919,0.551277934531
1322,1521992379,958907266,0.481631130911,0.550883798595
1323,1521992379,962239809,0.477392190105,0.546010947896
1324,1521992379,965573177,0.477255606973,0.545854732761
1325,1521992379,968906815,0.478949484093,0.551041385321
1326,1521992379,972240064,0.473412206877,0.54343637852
1327,1521992379,975573209,0.474788258931,0.551120212499
1328,1521992379,978907049,0.475072777452,0.558762984351
1329,1521992379,982239937,0.474856187719,0.558922870748
1330,1521992379,985573699,0.471900926564,0.557008075481
1331,1521992379,988907028,0.474788258931,0.558842916113
1332,1521992379,992240188,0.472002192858,0.55712760511
1333,1521992379,995573414,0.468443649681,0.550067116551
1334,1521992379,998907392,0.470491215059,0.557008075481
1335,1521992380,2240182,0.470625843062,0.556816377516
1336,1521992380,5572910,0.468544188452,0.552994032171
1337,1521992380,8907149,0.470423929937,0.556577485971
1338,1521992380,12239808,0.470659512102,0.556856212713
1339,1521992380,15573013,0.468443649681,0.554981564306
1340,1521992380,18907467,0.468276180908,0.554783158198
1341,1521992380,22239596,0.469316447065,0.556584742641
1342,1521992380,25573363,0.468410146344,0.556345899238
1343,1521992380,28907358,0.469047959395,0.558723027044
1344,1521992380,32240187,0.469215728176,0.558922870748
1345,1521992380,35573126,0.469534668324,0.560638176031
1346,1521992380,38907450,0.468309665083,0.560437733351
1347,1521992380,42240240,0.466781418744,0.560718393255
1348,1521992380,45573958,0.465557224788,0.558412002577
1349,1521992380,48906947,0.462837101734,0.561340290215
1350,1521992380,52239980,0.461107567584,0.558571788542
1351,1521992380,55574049,0.460590295214,0.558372070368
1352,1521992380,58907085,0.459664570191,0.563095575676
1353,1521992380,62240416,0.459631692388,0.563055299903
1354,1521992380,65573317,0.456524694206,0.561029363979
1355,1521992380,68911755,0.45679802166,0.563572610193
1356,1521992380,72240333,0.457113294199,0.561752702461
1357,1521992380,75573429,0.454729521125,0.560287118939
1358,1521992380,78906395,0.454409521878,0.558220706337
1359,1521992380,82240451,0.451075423009,0.556968243667
1360,1521992380,85573733,0.451172213387,0.557087756201
1361,1521992380,88907063,0.451172213387,0.558140852148
1362,1521992380,92240152,0.450146975563,0.55712760511
1363,1521992380,95573425,0.450114778512,0.560247044043
1364,1521992380,98907631,0.449986036351,0.562894254412
1365,1521992380,102240183,0.449538436029,0.560407378033
1366,1521992380,105573795,0.445821263707,0.56121985677
1367,1521992380,108906294,0.449538436029,0.563216437572
1368,1521992380,112239919,0.445853149079,0.561259995509
1369,1521992380,115572870,0.445916933506,0.561340290215
1370,1521992380,118907394,0.448896805476,0.567415791782
1371,1521992380,122240427,0.449089465049,0.567659317873
1372,1521992380,125573273,0.445275628303,0.564580573797
1373,1521992380,128906264,0.449089465049,0.566606146596
1374,1521992380,132240163,0.445116407954,0.564378692736
1375,1521992380,135573402,0.445180082428,0.564459427833
1376,1521992380,138907564,0.448576526449,0.566403570212
1377,1521992380,142240020,0.448833277698,0.566727761996
1378,1521992380,145573411,0.446942473887,0.564108395851
1379,1521992380,148907113,0.448640686719,0.566484583381
1380,1521992380,152240192,0.446974444021,0.564148746952
1381,1521992380,155573350,0.446974444021,0.564148746952
1382,1521992380,158908007,0.45136327144,0.563204913921
1383,1521992380,162239487,0.451750874078,0.563688559188
1384,1521992380,165573283,0.45251739336,0.563325747414
1385,1521992380,168906712,0.456106909471,0.56551252378
1386,1521992380,172239835,0.456844542153,0.56555297532
1387,1521992380,175572661,0.457934809092,0.566295597058
1388,1521992380,178906846,0.458443095766,0.566052638632
1389,1521992380,182240508,0.464885615522,0.56617409178
1390,1521992380,185573335,0.466042969684,0.570859665726
1391,1521992380,188906773,0.467738693097,0.570778003518
1392,1521992380,192240985,0.468309665083,0.563947049152
1393,1521992380,195573065,0.473547699781,0.5643102091
1394,1521992380,198907581,0.476380283362,0.570223043689
1395,1521992380,202239946,0.475276715112,0.568483424208
1396,1521992380,205573166,0.479052262953,0.570467774609
1397,1521992380,208906218,0.479052262953,0.570467774609
1398,1521992380,212239510,0.475140737223,0.571480067483
1399,1521992380,215573628,0.472219583463,0.572059380704
1400,1521992380,218907214,0.470524864838,0.575300270569
1401,1521992380,222240542,0.469148606264,0.574639355325
1402,1521992380,225573369,0.467805613291,0.578232392036
1403,1521992380,228906904,0.450435039148,0.579863359963
1404,1521992380,232240250,0.44764743047,0.57814967515
1405,1521992380,235573254,0.447326947525,0.577839973542
1406,1521992380,238907273,0.445789382896,0.577674687509
1407,1521992380,242240595,0.445885039011,0.569022843605
1408,1521992380,245573290,0.445980736187,0.569144968983
1409,1521992380,248906926,0.446558055243,0.573545236186
1410,1521992380,252240196,0.454696996304,0.570778003518
1411,1521992380,255573414,0.455049474596,0.573586259378
1412,1521992380,258907207,0.460975662395,0.580874836119
1413,1521992380,262239645,0.462583865153,0.581475324576
1414,1521992380,265573106,0.462451518722,0.581308962992
1415,1521992380,268906665,0.462418443946,0.581267387469
1416,1521992380,272239899,0.460689127263,0.58095793101
1417,1521992380,275573865,0.460237892539,0.57907851421
1418,1521992380,278916982,0.454421815883,0.575759167877
1419,1521992380,282240068,0.455746212249,0.577820629889
1420,1521992380,285573638,0.450082586066,0.575651277445
1421,1521992380,288906327,0.448448613778,0.576167115423
1422,1521992380,292239761,0.44553256072,0.575692451273
1423,1521992380,295573490,0.443001840696,0.573504218863
1424,1521992380,298906544,0.443096905468,0.573627288438
1425,1521992380,302239920,0.442360256094,0.573586259378
1426,1521992380,305572832,0.436430557087,0.567348843673
1427,1521992380,308906357,0.436336915857,0.56722711241
1428,1521992380,312241163,0.436180936406,0.564568173209
1429,1521992380,315573028,0.435144956102,0.564701771773
1430,1521992380,318905665,0.434699010054,0.559313963967
1431,1521992380,322239634,0.429226457207,0.552054850213
1432,1521992380,325573043,0.420154123717,0.542344412937
1433,1521992380,328906353,0.419801645425,0.538834093112
1434,1521992380,332239934,0.419066714826,0.537742534784
1435,1521992380,335573121,0.414514471049,0.537078933199
1436,1521992380,338907634,0.409433350049,0.5365360208
1437,1521992380,342240217,0.406494694722,0.530523163562
1438,1521992380,345573922,0.405673497699,0.530020383502
1439,1521992380,348906957,0.40537903046,0.524479295548
1440,1521992380,352240399,0.403235165715,0.523739717865
1441,1521992380,355573240,0.401530213669,0.517495170529
1442,1521992380,358907141,0.398919827224,0.515555355984
1443,1521992380,362240456,0.397243034756,0.513559790373
1444,1521992380,365573474,0.395184696684,0.51152677304
1445,1521992380,368906649,0.391250903797,0.507592246671
1446,1521992380,372240430,0.386613380464,0.501903936948
1447,1521992380,375573355,0.38672400737,0.502047553498
1448,1521992380,378906149,0.38672400737,0.502047553498
1449,1521992380,382239619,0.392308338672,0.505486054776
1450,1521992380,385572913,0.393013295255,0.509347406583
1451,1521992380,388906534,0.402501419959,0.517033129071
1452,1521992380,392240094,0.413075012427,0.535285486649
1453,1521992380,395573125,0.415601632098,0.539223693415
1454,1521992380,398907485,0.415453043742,0.541136496448
1455,1521992380,402240246,0.415631362524,0.541368760485
1456,1521992380,405572902,0.415308543263,0.541407490544
1457,1521992380,408906504,0.403558779206,0.52721232849
1458,1521992380,412240046,0.402501419959,0.523702259725
1459,1521992380,415573553,0.397919529889,0.515278094689
1460,1521992380,418906507,0.390954352027,0.503451882319
1461,1521992380,422240086,0.390518015161,0.501237819629
1462,1521992380,425573237,0.388431077463,0.497061287196
1463,1521992380,428905946,0.387104227931,0.493305787428
1464,1521992380,432239875,0.38696580834,0.492076447274
1465,1521992380,435573079,0.383496381379,0.489689615564
1466,1521992380,438916386,0.382347779224,0.488922917457
1467,1521992380,442240360,0.383155279879,0.49105942585
1468,1521992380,445573320,0.381083547828,0.485546689852
1469,1521992380,448906526,0.372596204519,0.485511958329
1470,1521992380,452240184,0.366877419383,0.484354848244
1471,1521992380,455573244,0.361668595872,0.48059715904
1472,1521992380,458907637,0.358015515218,0.479021606778
1473,1521992380,462239575,0.348750698205,0.46777534826
1474,1521992380,465573278,0.346436602549,0.464348887121
1475,1521992380,468906094,0.344420560803,0.464130675332
1476,1521992380,472240206,0.33936377528,0.460455157966
1477,1521992380,475573850,0.338354958985,0.458414980697
1478,1521992380,478906392,0.332458366976,0.448715157533
1479,1521992380,482240265,0.32846278085,0.444342925998
1480,1521992380,485573580,0.32392755008,0.440545138016
1481,1521992380,488906747,0.318640375705,0.438438946122
1482,1521992380,492240240,0.311943288162,0.429663146559
1483,1521992380,495573102,0.311635389713,0.427969208192
1484,1521992380,498907485,0.309365302361,0.420035066644
1485,1521992380,502240003,0.309211928155,0.415740811774
1486,1521992380,505573502,0.305576822333,0.414188114259
1487,1521992380,508906727,0.304541244036,0.405441939768
1488,1521992380,512240080,0.302073895994,0.402984715891
1489,1521992380,515573273,0.30068548955,0.400205084956
1490,1521992380,518907625,0.291063794852,0.388481259123
1491,1521992380,522240208,0.288036570328,0.387973590824
1492,1521992380,525573602,0.280925198492,0.383677956854
1493,1521992380,528907198,0.269959753359,0.374497552954
1494,1521992380,532239748,0.261613740811,0.371498124034
1495,1521992380,535573206,0.257643203143,0.365047151551
1496,1521992380,538906088,0.251705507076,0.359157095964
1497,1521992380,542239628,0.249536782251,0.349602848985
1498,1521992380,545572242,0.249608190688,0.343734068251
1499,1521992380,548907168,0.249077444269,0.3371729196
1500,1521992380,552240648,0.248849673946,0.336639671201
1501,1521992380,555573530,0.246065047534,0.322293464413
1502,1521992380,558906382,0.245007461369,0.320538053387
1503,1521992380,562239423,0.24428492879,0.318759839597
1504,1521992380,565573331,0.242470378996,0.317287523777
1505,1521992380,568899988,0.234868439231,0.308121096313
1506,1521992380,572240281,0.23389617676,0.30544447536
1507,1521992380,575573015,0.230570277839,0.300547867643
1508,1521992380,578906349,0.215716714526,0.280825585987
1509,1521992380,582240463,0.215302637596,0.280394332466
1510,1521992380,585573120,0.212942580756,0.27561924778
1511,1521992380,588906252,0.212912116868,0.280494616562
1512,1521992380,592240107,0.21039944224,0.276924619757
1513,1521992380,595573515,0.210077061858,0.276262170214
1514,1521992380,598906710,0.205847322358,0.276964234179
1515,1521992380,602240224,0.20442278772,0.276944425551
1516,1521992380,605573599,0.202322539441,0.276262170214
1517,1521992380,608906962,0.195272973607,0.272049786425
1518,1521992380,612240158,0.192466913592,0.265048104511
1519,1521992380,615573860,0.189958625406,0.260077494601
1520,1521992380,618907427,0.186800133606,0.25307595795
1521,1521992380,622240344,0.180494705354,0.242597803823
1522,1521992380,625573611,0.178001537313,0.241158971966
1523,1521992380,628909543,0.173635184764,0.23746182144
1524,1521992380,632240098,0.171804389093,0.233285467082
1525,1521992380,635573319,0.17130444977,0.233085236369
1526,1521992380,638906295,0.16427838417,0.232065337666
1527,1521992380,642240170,0.163162438167,0.231280449009
1528,1521992380,645573128,0.162515740563,0.227852351203
1529,1521992380,648906579,0.160025144436,0.223607372842
1530,1521992380,652240159,0.157887688649,0.220767535903
1531,1521992380,655572816,0.156886504034,0.21979318358
1532,1521992380,658906453,0.146972935309,0.205690029624
1533,1521992380,662239388,0.147004476822,0.203276596836
1534,1521992380,665573321,0.145189901781,0.197939564857
1535,1521992380,668907369,0.14342788841,0.194429998104
1536,1521992380,672240492,0.140648898394,0.18676237298
1537,1521992380,675572886,0.13750587455,0.182940002478
1538,1521992380,678906067,0.135361345823,0.182900744967
1539,1521992380,682240079,0.131798600161,0.182497471145
1540,1521992380,685573064,0.130778800262,0.180443345322
1541,1521992380,688906824,0.129341030657,0.176894814141
1542,1521992380,692239977,0.128311275728,0.175177488941
1543,1521992380,695573010,0.121613709138,0.170262689653
1544,1521992380,698908291,0.117308146815,0.169802317764
1545,1521992380,702239929,0.111086280511,0.164365262118
1546,1521992380,705573456,0.108555549341,0.16005913568
1547,1521992380,708906665,0.105751051424,0.149901378313
1548,1521992380,712239995,0.104686052637,0.149539624538
1549,1521992380,715572895,0.104701030254,0.148156690613
1550,1521992380,718906503,0.100449128449,0.143912819361
1551,1521992380,722240409,0.100434762154,0.142488410163
1552,1521992380,725573410,0.097297927105,0.136219895634
1553,1521992380,728906838,0.0930476137208,0.126713482413
1554,1521992380,732240322,0.0930476137208,0.126362475537
1555,1521992380,735573290,0.0927150537268,0.125687429477
1556,1521992380,738906899,0.0926951606385,0.125309454907
1557,1521992380,742240299,0.0923493124277,0.123212225852
1558,1521992380,745572675,0.0916705830334,0.11973616285
1559,1521992380,748906775,0.0887991238532,0.114754626679
1560,1521992380,752239963,0.085305848149,0.110582984001
1561,1521992380,755573426,0.0817691150879,0.110567166095
1562,1521992380,758906966,0.0782445842652,0.109514145465
1563,1521992380,762239232,0.0761625488851,0.10921000313
1564,1521992380,765573879,0.0746933429064,0.109124115518
1565,1521992380,768906620,0.0747414356297,0.106034411248
1566,1521992380,772239627,0.0747307430066,0.100753385423
1567,1521992380,775573181,0.0740151472779,0.0968778979115
1568,1521992380,778906201,0.0740310314929,0.0909302911581
1569,1521992380,782240271,0.0740045615875,0.0908977788972
1570,1521992380,785573338,0.0729682254828,0.0905727297533
1571,1521992380,788906770,0.069080804126,0.0905597741347
1572,1521992380,792240443,0.0680234448792,0.0905597741347
1573,1521992380,795573421,0.0662706588926,0.089168501385
1574,1521992380,798907189,0.0627321620078,0.0852885711038
1575,1521992380,802240229,0.0627501124083,0.0818021538217
1576,1521992380,805573295,0.0627456238452,0.0789878457151
1577,1521992380,808906528,0.0627411359241,0.074067748304
1578,1521992380,812239960,0.0627411359241,0.074067748304
1579,1521992380,815572827,0.0627501124083,0.0740783453064
1580,1521992380,818906914,0.0627231906582,0.0747484265522
1581,1521992380,822240103,0.0616881133309,0.0754772747944
1582,1521992380,825573117,0.0613356098262,0.0754772747944
1583,1521992380,828908172,0.0570729080221,0.0754341079229
1584,1521992380,832239969,0.0553668128261,0.0751584745584
1585,1521992380,835573724,0.0521593257144,0.0723022454625
1586,1521992380,838906425,0.0486489635525,0.0674077834067
1587,1521992380,842240080,0.0472287130249,0.0638832515214
1588,1521992380,845572892,0.0461812625027,0.0607372215071
1589,1521992380,848906543,0.0454664476136,0.0565121071151
1590,1521992380,852239924,0.0451172213387,0.0565161491798
1591,1521992380,855573019,0.0451204486078,0.0565201918228
1592,1521992380,858907290,0.0451043168778,0.0564999843892
1593,1521992380,862239193,0.0447839622569,0.0582963271856
1594,1521992380,865573727,0.0443963873548,0.0582504770784
1595,1521992380,868906478,0.0440660901744,0.0582796460704
1596,1521992380,872239545,0.0430054275793,0.0579244201911
1597,1521992380,875573390,0.0415864894209,0.0565080656285
1598,1521992380,878906582,0.039127889027,0.0533606779942
1599,1521992380,882240191,0.0370049270271,0.0494884301467
1600,1521992380,885574408,0.0352402674226,0.0459753244615
1601,1521992380,888906402,0.0334974173337,0.0417877503939
1602,1521992380,892240174,0.0317185088804,0.0386079951499
1603,1521992380,895573454,0.0299627979036,0.036509937575
1604,1521992380,898907028,0.0289011527466,0.0365047151551
1605,1521992380,902240128,0.0278477768751,0.036509937575
1606,1521992380,905572843,0.026792182826,0.0365125493453
1607,1521992380,908906103,0.025378437003,0.0361562941958
1608,1521992380,912240272,0.0239633818474,0.0361485375537
1609,1521992380,915573181,0.0225618381693,0.0351082205243
1610,1521992380,918906234,0.0204452032754,0.0333504237464
1611,1521992380,922239977,0.0190311053282,0.0326413049904
1612,1521992380,925572706,0.0176276970825,0.0305463370151
1613,1521992380,928906166,0.0158603887024,0.0287825638723
1614,1521992380,932240107,0.0151543986873,0.0277275601531
1615,1521992380,935573173,0.0144526436947,0.0266803389971
1616,1521992380,938907577,0.0137417389431,0.0249143606781
1617,1521992380,942239987,0.013750587455,0.0238770060816
1618,1521992380,945573572,0.0133932171265,0.0231664538484
1619,1521992380,948906706,0.0123376226662,0.0214144826161
1620,1521992380,952239983,0.0123367402098,0.0207108869665
1621,1521992380,955573434,0.0112793053347,0.0196577910191
1622,1521992380,958906369,0.0102226016377,0.0179039116954
1623,1521992380,962240064,0.00951623322144,0.0171993369481
1624,1521992380,965573217,0.00845947900101,0.0164985031767
1625,1521992380,968906645,0.00740204412588,0.0150943752468
1626,1521992380,972240308,0.00669660856324,0.0136892681832
1627,1521992380,975573023,0.00564045954232,0.0126389593888
1628,1521992380,978906202,0.00493504906647,0.0115848840382
1629,1521992380,982239930,0.00458156239383,0.0101784714486
1630,1521992380,985572864,0.00458287337813,0.00947921954157
1631,1521992380,988906547,0.00387670664093,0.00772159902998
1632,1521992380,992239967,0.00387726120879,0.00702063964966
1633,1521992380,995573401,0.00317230462538,0.00561651171973
1634,1521992380,998907188,0.00281942301159,0.00456276306317
1635,1521992381,2240184,0.00211502102849,0.00351057092067
1636,1521992381,5573140,0.00141011488558,0.0024575754367
1637,1521992381,8906626,0.0014098123291,0.00140402750596
1638,1521992381,12240331,0.000352427876448,0.00070196354818
1639,1521992381,15573472,0.0,0.0
1640,1521992381,18907569,0.0,0.0
1641,1521992381,22240107,0.0,0.0
1642,1521992381,25573583,0.0,0.0
1643,1521992381,28906763,0.0,0.0
1644,1521992381,32240091,0.0,0.0
1645,1521992381,35573685,0.0,0.0
1646,1521992381,38907497,-0.000352427876448,0.0
1647,1521992381,42240200,-0.00035255394165,0.0
1648,1521992381,45573973,-0.000352427876448,0.0
1649,1521992381,48905910,-0.00035262962407,0.0
1650,1521992381,52239742,-0.000352427876448,0.0
1651,1521992381,55573240,0.0,0.0
1652,1521992381,58906344,0.0,0.0
1653,1521992381,62239332,0.0,0.0
1654,1521992381,65573269,0.0,0.0
1655,1521992381,68907026,0.0,0.0
1656,1521992381,72240093,0.0,0.0
1657,1521992381,75573247,0.0,0.0
1658,1521992381,78906824,0.0,0.0
1659,1521992381,82240018,0.0,0.0
1660,1521992381,85573902,0.0,0.0
1661,1521992381,88906792,0.0,0.0
1662,1521992381,92239832,0.0,0.0
1663,1521992381,95573781,0.0,-0.00035098177409
1664,1521992381,98907320,0.0,-0.000351006876491
1665,1521992381,102241254,0.0,-0.000350956675279
1666,1521992381,105573133,0.0,0.0
1667,1521992381,108906642,0.0,0.0
1668,1521992381,112240014,0.0,0.0
1669,1521992381,115572913,0.0,0.0
1670,1521992381,118906918,0.0,0.0
1671,1521992381,122240195,0.0,0.0
1672,1521992381,125573463,0.0,0.0
1673,1521992381,128906858,0.0,0.0
1674,1521992381,132239951,0.0,0.0
1675,1521992381,135572948,0.0,0.0
1676,1521992381,138907835,0.0,0.0
1677,1521992381,142239939,0.0,-0.00105347269901
1678,1521992381,145573381,0.0,-0.0021061918949
1679,1521992381,148906559,0.0,-0.00456374219687
1680,1521992381,152239972,0.0,-0.0077221512828
1681,1521992381,155573583,0.0,-0.0115832269242
1682,1521992381,158917263,0.0,-0.0146981376339
1683,1521992381,162239041,0.0,-0.0169075827934
1684,1521992381,165573216,0.0,-0.0168459204134
1685,1521992381,168906035,0.0,-0.0168519458517
1686,1521992381,172250488,0.0,-0.0167930817694
1687,1521992381,175572567,0.0,-0.0154975052729
1688,1521992381,178906943,0.0,-0.0133354000422
1689,1521992381,182240192,0.0,-0.0122861193869
1690,1521992381,185583285,0.0,-0.0108501727685
1691,1521992381,188906887,0.0,-0.00985780402573
1692,1521992381,192239775,0.0,-0.00983030174682
1693,1521992381,195573036,0.0,-0.00982889550953
1694,1521992381,198907149,0.0,-0.0101777435831
1695,1521992381,202220054,0.0,-0.0109493431134
1696,1521992381,205573384,0.0,-0.0111659367726
1697,1521992381,208906080,0.0,-0.0119367949783
1698,1521992381,212240050,0.0,-0.0119333803191
1699,1521992381,215573553,0.0,-0.0119342338007
1700,1521992381,218906587,0.0,-0.0115848840382
1701,1521992381,222239785,0.0,-0.0115848840382
1702,1521992381,225573261,0.0,-0.0112322200477
1703,1521992381,228907414,0.0,-0.0112306136089
1704,1521992381,232239893,0.0,-0.0108843269824
1705,1521992381,235573103,0.0,-0.010531712762
1706,1521992381,238906612,0.0,-0.0105302062947
1707,1521992381,242239837,0.0,-0.0105309594745
1708,1521992381,245573205,0.0,-0.010179927492
1709,1521992381,248906814,0.0,-0.00982819254175
1710,1521992381,252240376,-0.000352453082276,-0.00947718566526
1711,1521992381,255573139,-0.0014102157666,-0.00912879037234
1712,1521992381,258905908,-0.00317275849255,-0.00912813733633
1713,1521992381,262242028,-0.00422611219585,-0.00876827368523
1714,1521992381,265573282,-0.00670140144082,-0.00843019435516
1715,1521992381,268907164,-0.00704855752897,-0.00807258080407
1716,1521992381,272239781,-0.00740363277464,-0.00772436108429
1717,1521992381,275572786,-0.00740257359971,-0.00737219893341
1718,1521992381,278906919,-0.00740045615875,-0.0066681768303
1719,1521992381,282240085,-0.00704956583417,-0.00596754370221
1720,1521992381,285573097,-0.00599298826371,-0.0056173152839
1721,1521992381,288906626,-0.00528679623413,-0.00491409627087
1722,1521992381,292239786,-0.00458221779221,-0.00456341577228
1723,1521992381,295573567,-0.00422943698731,-0.00421208251789
1724,1521992381,298906726,-0.0042297395005,-0.00386135180732
1725,1521992381,302239856,-0.00423004205698,-0.00386162801274
1726,1521992381,305573415,-0.00422943698731,-0.0038610756414
1727,1521992381,308906728,-0.0042297395005,-0.00315928784235
1728,1521992381,312239982,-0.00458254556172,-0.0031595138286
1729,1521992381,315572564,-0.00458320124144,-0.00315996589812
1730,1521992381,318906384,-0.00458156239383,-0.00280785419272
1731,1521992381,322240464,-0.00422883209071,-0.00245669672695
1732,1521992381,325573408,-0.00352503504748,-0.0021063425524
1733,1521992381,328906261,-0.00352528721395,-0.00175541102622
1734,1521992381,332240017,-0.00317185088804,-0.00175490887045
1735,1521992381,335573311,-0.00317253154273,-0.0010531712762
1736,1521992381,338906293,-0.00317253154273,-0.0010531712762
1737,1521992381,342240474,-0.00281901980486,-0.000701863160114
1738,1521992381,345572532,-0.00282103699256,-0.000702365387778
1739,1521992381,348905556,-0.00282002803798,-0.000702114184134
1740,1521992381,352239541,-0.00281922139381,-0.000701913350558
1741,1521992381,355572979,-0.00246734804196,-0.000702063964966
1742,1521992381,358906356,-0.00246734804196,-0.00105309594745
1743,1521992381,362241205,-0.00176150950686,-0.00105256894776
1744,1521992381,365573740,-0.00141031666205,-0.00105339732713
1745,1521992381,368907042,-0.00105743487513,-0.00140412792993
1746,1521992381,372239904,-0.00070505744279,-0.00175541102622
1747,1521992381,375573572,0.0,-0.00175490887045
1748,1521992381,378906877,0.0,-0.00175515991242
1749,1521992381,382239219,0.0,-0.00210694539801
1750,1521992381,385583270,0.0,-0.00209943454175
