1,1521993441,459330803,0.0,0.0
2,1521993441,462663924,0.0,0.0
3,1521993441,465995930,0.0,0.0
4,1521993441,469329012,0.0,0.0
5,1521993441,472662773,0.0,0.0
6,1521993441,475995363,0.0,0.0
7,1521993441,479340318,0.0,0.0
8,1521993441,482663836,0.0,0.0
9,1521993441,485996813,0.0,0.0
10,1521993441,489329234,0.0,0.0
11,1521993441,492662503,0.0,0.0
12,1521993441,495996132,0.0,0.0
13,1521993441,499329090,0.0,0.0
14,1521993441,502662630,0.0,0.0
15,1521993441,505995645,0.0,0.0
16,1521993441,509328958,0.0,0.0
17,1521993441,512662822,0.0,0.0
18,1521993441,515995943,0.0,0.0
19,1521993441,519329061,0.0,0.0
20,1521993441,522663515,0.0,0.0
21,1521993441,525995424,0.0,0.0
22,1521993441,529329088,0.0,0.0
23,1521993441,532662853,0.0,0.0
24,1521993441,536002720,0.0,0.0
25,1521993441,539328721,0.0,0.0
26,1521993441,542664069,0.0,0.0
27,1521993441,545995986,0.0,0.0
28,1521993441,549330133,0.0,0.0
29,1521993441,552662600,0.0,0.0
30,1521993441,556024656,0.0,0.0
31,1521993441,559328135,0.0,0.0
32,1521993441,562662196,0.0,0.0
33,1521993441,565995544,0.0,0.0
34,1521993441,569328764,0.0,0.0
35,1521993441,572662534,0.0,0.0
36,1521993441,575995831,0.0,0.0
37,1521993441,579328849,0.0,0.0
38,1521993441,582662709,0.0,0.0
39,1521993441,585996162,0.0,0.0
40,1521993441,589329325,0.0,0.0
41,1521993441,592662786,0.0,0.0
42,1521993441,595995756,0.0,0.0
43,1521993441,599329465,0.0,0.0
44,1521993441,602663565,0.0,0.0
45,1521993441,605995913,0.0,0.0
46,1521993441,609329460,0.0,0.0
47,1521993441,612662406,0.0,0.0
48,1521993441,615996592,0.0,0.0
49,1521993441,619329479,0.0,0.0
50,1521993441,622663403,0.0,0.0
51,1521993441,626006561,0.0,0.0
52,1521993441,629329336,0.0,0.0
53,1521993441,632664529,0.0,0.0
54,1521993441,635995774,0.0,0.0
55,1521993441,639329266,0.0,0.0
56,1521993441,642663864,0.0,0.0
57,1521993441,645996525,0.0,0.0
58,1521993441,649331296,0.0,0.0
59,1521993441,652662926,0.0,0.0
60,1521993441,655995530,0.0,0.0
61,1521993441,659328969,0.0,0.0
62,1521993441,662672709,0.0,0.0
63,1521993441,665996026,0.0,0.0
64,1521993441,669329456,0.0,0.0
65,1521993441,672662666,0.0,0.0
66,1521993441,675996160,0.0,0.0
67,1521993441,679329883,0.0,0.0
68,1521993441,682662543,0.0,0.0
69,1521993441,685996166,0.0,0.0
70,1521993441,689329525,0.0,0.0
71,1521993441,692662873,0.0,0.0
72,1521993441,695995997,0.0,0.0
73,1521993441,699328799,0.0,0.0
74,1521993441,702663332,0.0,0.0
75,1521993441,705996278,0.0,0.0
76,1521993441,709329620,0.0,0.0
77,1521993441,712662327,0.0,0.0
78,1521993441,715996000,0.0,0.0
79,1521993441,719330805,0.0,0.0
80,1521993441,722663182,0.0,0.0
81,1521993441,726005259,0.0,0.0
82,1521993441,729329245,0.0,0.0
83,1521993441,732662842,0.0,0.0
84,1521993441,735996382,0.0,0.0
85,1521993441,739329612,0.0,0.0
86,1521993441,742663199,0.0,0.0
87,1521993441,745995876,0.0,0.0
88,1521993441,749329268,0.0,0.0
89,1521993441,752662365,0.0,0.0
90,1521993441,755995160,0.0,0.0
91,1521993441,759328488,0.0,0.0
92,1521993441,762670004,0.0,0.0
93,1521993441,765995537,0.0,0.0
94,1521993441,769329291,0.0,0.0
95,1521993441,772663314,0.0,0.0
96,1521993441,775996077,0.0,0.0
97,1521993441,779329245,0.0,0.0
98,1521993441,782663353,0.0,0.0
99,1521993441,785996243,0.0,0.0
100,1521993441,789329283,0.0,0.0
101,1521993441,792662957,0.0,0.0
102,1521993441,795996269,0.0,0.0
103,1521993441,799329249,0.0,0.0
104,1521993441,802663772,0.0,0.0
105,1521993441,806006335,0.0,0.0
106,1521993441,809329652,0.0,0.0
107,1521993441,812662473,0.0,0.0
108,1521993441,815996531,0.0,0.0
109,1521993441,819329006,0.0,0.0
110,1521993441,822663617,0.0,0.0
111,1521993441,825996273,0.0,0.0
112,1521993441,829329639,0.0,0.0
113,1521993441,832662693,0.0,0.0
114,1521993441,835995886,0.0,0.0
115,1521993441,839329252,0.0,0.0
116,1521993441,842662817,0.0,0.0
117,1521993441,845994948,0.0,0.0
118,1521993441,849291077,0.0,0.0
119,1521993441,852664857,0.0,0.0
120,1521993441,855999375,0.0,0.0
121,1521993441,859331353,0.0,0.0
122,1521993441,862665039,0.0,0.0
123,1521993441,865998661,0.0,0.0
124,1521993441,869331937,0.0,0.0
125,1521993441,872663125,0.0,0.0
126,1521993441,875996066,0.0,0.0
127,1521993441,879329432,0.0,0.0
128,1521993441,882663278,0.0,0.0
129,1521993441,885995443,0.0,0.0
130,1521993441,889329156,0.0,0.0
131,1521993441,892662405,0.0,0.0
132,1521993441,895995912,0.0,0.0
133,1521993441,899329838,0.0,0.0
134,1521993441,902663268,0.0,0.0
135,1521993441,905996127,0.0,0.0
136,1521993441,909329786,0.0,0.0
137,1521993441,912662543,0.0,0.0
138,1521993441,915996323,0.0,0.0
139,1521993441,919329232,0.0,0.0
140,1521993441,922662467,0.0,0.0
141,1521993441,925995368,0.0,0.0
142,1521993441,929329130,0.0,0.0
143,1521993441,932662267,0.0,0.0
144,1521993441,935996028,0.0,0.0
145,1521993441,939329053,0.0,0.0
146,1521993441,942662087,0.0,0.0
147,1521993441,945995665,0.0,0.0
148,1521993441,949330224,0.0,0.0
149,1521993441,952662880,0.0,0.0
150,1521993441,955995183,0.0,0.0
151,1521993441,959329289,0.0,0.0
152,1521993441,962676848,0.0,0.0
153,1521993441,965996549,0.0,0.0
154,1521993441,969329461,0.0,0.0
155,1521993441,972661924,0.0,0.0
156,1521993441,975995928,0.0,0.0
157,1521993441,979339436,0.0,0.0
158,1521993441,982663523,0.0,0.0
159,1521993441,985995827,0.0,0.0
160,1521993441,989329284,0.0,0.0
161,1521993441,992663959,0.0,0.0
162,1521993441,995996615,0.0,0.0
163,1521993441,999329006,0.0,0.0
164,1521993442,2663251,0.0,0.0
165,1521993442,5995742,0.0,0.0
166,1521993442,9329302,0.0,0.0
167,1521993442,12663608,0.0,0.0
168,1521993442,15995472,0.0,0.0
169,1521993442,19329265,0.0,0.0
170,1521993442,22664123,0.0,0.0
171,1521993442,25995888,0.0,0.0
172,1521993442,29329423,0.0,0.0
173,1521993442,32662793,0.0,0.0
174,1521993442,35995643,0.0,0.0
175,1521993442,39329086,0.0,0.0
176,1521993442,42663492,0.0,0.0
177,1521993442,45995711,0.0,0.0
178,1521993442,49329294,0.0,0.0
179,1521993442,52663018,0.0,0.0
180,1521993442,55995571,0.0,0.0
181,1521993442,59328867,0.0,0.0
182,1521993442,62662264,0.0,0.0
183,1521993442,65996054,0.0,0.0
184,1521993442,69329226,0.0,0.0
185,1521993442,72661453,0.0,0.0
186,1521993442,75995486,0.0,0.0
187,1521993442,79329892,0.0,0.0
188,1521993442,82663631,0.0,0.0
189,1521993442,85995906,0.0,0.0
190,1521993442,89329731,0.0,0.0
191,1521993442,92662474,0.0,0.0
192,1521993442,95999142,0.0,0.0
193,1521993442,99332148,0.0,0.0
194,1521993442,102666608,0.0,0.0
195,1521993442,105998936,0.0,0.0
196,1521993442,109331599,0.0,0.0
197,1521993442,112664569,0.0,0.0
198,1521993442,116027137,0.0,0.0
199,1521993442,119330679,0.0,0.0
200,1521993442,122664471,0.0,0.0
201,1521993442,125997615,0.0,0.0
202,1521993442,129330073,0.0,0.0
203,1521993442,132664817,0.0,0.0
204,1521993442,135997915,0.0,0.0
205,1521993442,139340902,0.0,0.0
206,1521993442,142664212,0.0,0.0
207,1521993442,145997843,0.0,0.0
208,1521993442,149329064,0.0,0.0
209,1521993442,152662712,0.0,0.0
210,1521993442,155995275,0.0,0.0
211,1521993442,159328429,0.0,0.0
212,1521993442,162662609,0.0,0.0
213,1521993442,165996214,0.0,0.0
214,1521993442,169329201,0.0,0.0
215,1521993442,172662385,0.0,0.0
216,1521993442,176011875,0.0,0.0
217,1521993442,179329265,0.0,0.0
218,1521993442,182664175,0.0,0.0
219,1521993442,186016176,0.0,0.0
220,1521993442,189331275,0.0,0.0
221,1521993442,192663853,0.0,0.0
222,1521993442,196005691,0.0,0.0
223,1521993442,199329796,0.0,0.0
224,1521993442,202662354,0.0,0.0
225,1521993442,205995772,0.0,0.0
226,1521993442,209329276,0.0,0.0
227,1521993442,212636664,0.0,0.0
228,1521993442,215995490,0.0,0.0
229,1521993442,219339943,0.0,0.0
230,1521993442,222661825,0.0,0.0
231,1521993442,225995230,0.0,0.0
232,1521993442,229329347,0.0,0.0
233,1521993442,232661969,0.0,0.0
234,1521993442,235994825,0.0,0.0
235,1521993442,239328422,0.0,0.0
236,1521993442,242661899,0.0,0.0
237,1521993442,245995814,0.0,0.0
238,1521993442,249330067,0.0,0.0
239,1521993442,252663351,0.0,0.0
240,1521993442,256005197,0.0,0.0
241,1521993442,259328863,0.0,0.0
242,1521993442,262663128,0.0,0.0
243,1521993442,266006576,0.0,0.0
244,1521993442,269329253,0.0,0.0
245,1521993442,272663369,0.0,0.0
246,1521993442,275995724,0.0,0.0
247,1521993442,279329316,0.0,0.0
248,1521993442,282663152,0.0,0.0
249,1521993442,286023625,0.0,0.0
250,1521993442,289330299,0.0,0.0
251,1521993442,292663398,0.0,0.0
252,1521993442,295998111,0.0,0.0
253,1521993442,299330024,0.0,0.0
254,1521993442,302662671,0.0,0.0
255,1521993442,305996450,0.0,0.0
256,1521993442,309329579,0.0,0.0
257,1521993442,312662858,0.0,0.0
258,1521993442,315996370,0.0,0.0
259,1521993442,319329794,0.0,0.0
260,1521993442,322663525,0.0,0.0
261,1521993442,325996325,0.0,0.0
262,1521993442,329329657,0.0,0.0
263,1521993442,332662922,0.0,0.0
264,1521993442,335996531,0.0,0.0
265,1521993442,339333015,0.0,0.0
266,1521993442,342663565,0.0,0.0
267,1521993442,345996300,0.0,0.0
268,1521993442,349329342,0.0,0.0
269,1521993442,352662597,0.0,0.0
270,1521993442,355995658,0.0,0.0
271,1521993442,359328767,0.0,0.0
272,1521993442,362663093,0.0,0.0
273,1521993442,366006306,0.0,0.0
274,1521993442,369330001,0.0,0.0
275,1521993442,372625040,0.0,0.0
276,1521993442,375995846,0.0,0.0
277,1521993442,379338654,0.0,0.0
278,1521993442,382662862,0.0,0.0
279,1521993442,385996730,0.0,0.0
280,1521993442,389329284,0.0,0.0
281,1521993442,392663040,0.0,0.0
282,1521993442,395996187,0.0,0.0
283,1521993442,399329543,0.0,0.0
284,1521993442,402661986,0.0,0.0
285,1521993442,405995558,0.0,0.0
286,1521993442,409328751,0.0,0.0
287,1521993442,412662373,0.0,0.0
288,1521993442,415995177,0.0,0.0
289,1521993442,419329874,0.0,0.0
290,1521993442,422662336,0.0,0.0
291,1521993442,425994992,0.0,0.0
292,1521993442,429329442,0.0,0.0
293,1521993442,432662214,0.0,0.0
294,1521993442,435995168,0.0,0.0
295,1521993442,439328455,0.0,0.0
296,1521993442,442662750,0.0,0.0
297,1521993442,446012120,0.0,0.0
298,1521993442,449329201,0.0,0.0
299,1521993442,452662689,0.0,0.0
300,1521993442,455995119,0.0,0.0
301,1521993442,459328726,0.0,0.0
302,1521993442,462673698,0.0,0.0
303,1521993442,465995899,0.0,0.0
304,1521993442,469339055,0.0,0.0
305,1521993442,472662980,0.0,0.0
306,1521993442,476005889,0.0,0.0
307,1521993442,479328822,0.0,0.0
308,1521993442,482662976,0.0,0.0
309,1521993442,485995752,0.0,0.0
310,1521993442,489328413,0.0,0.0
311,1521993442,492662760,0.0,0.0
312,1521993442,495996055,0.0,0.0
313,1521993442,499329091,0.0,0.0
314,1521993442,502663440,0.0,0.0
315,1521993442,505995800,0.0,0.0
316,1521993442,509329038,0.0,0.0
317,1521993442,512662774,0.0,0.0
318,1521993442,515995605,0.0,0.0
319,1521993442,519329956,0.0,0.0
320,1521993442,522663502,0.0,0.0
321,1521993442,525995759,0.0,0.0
322,1521993442,529329417,0.0,0.0
323,1521993442,532662609,0.0,0.0
324,1521993442,535995653,0.0,0.0
325,1521993442,539329648,0.0,0.0
326,1521993442,542663580,0.0,0.0
327,1521993442,546025471,0.0,0.0
328,1521993442,549339665,0.0,0.0
329,1521993442,552662770,0.0,0.0
330,1521993442,555995277,0.0,0.0
331,1521993442,559339628,0.0,0.0
332,1521993442,562662607,0.0,0.0
333,1521993442,565997661,0.0,0.0
334,1521993442,569327943,0.0,0.0
335,1521993442,572663468,0.0,0.0
336,1521993442,575996085,0.0,0.0
337,1521993442,579329433,0.0,0.0
338,1521993442,582662462,0.0,0.0
339,1521993442,585995833,0.0,0.0
340,1521993442,589339953,0.0,0.0
341,1521993442,592662645,0.000353616460705,0.0
342,1521993442,595996264,0.00105728362935,0.00035098177409
343,1521993442,599329626,0.00140991316683,0.000351031982483
344,1521993442,602663458,0.00176213938224,0.00105294532227
345,1521993442,605995906,0.00282063332411,0.00210679465426
346,1521993442,609328676,0.00423034465674,0.00386190425768
347,1521993442,612671609,0.00597503622698,0.0056004885781
348,1521993442,615995250,0.00883787481416,0.00774541744879
349,1521993442,619328881,0.0109252641699,0.0101784714486
350,1521993442,622663209,0.0144474764999,0.012282605302
351,1521993442,625996056,0.0172739073483,0.0147454526202
352,1521993442,629328449,0.0200970124343,0.0172054896765
353,1521993442,632662241,0.023612667722,0.0203569428972
354,1521993442,635995711,0.0271408284616,0.0228170788614
355,1521993442,639329213,0.0310158712403,0.0270275294898
356,1521993442,642627394,0.0345537012179,0.0301547739268
357,1521993442,645996103,0.039064044702,0.033693430552
358,1521993442,649329142,0.0437104345888,0.0375631088512
359,1521993442,652662860,0.0482860722718,0.0375577357845
360,1521993442,655995869,0.0493504906647,0.0375631088512
361,1521993442,659328255,0.0493610831718,0.0305485224868
362,1521993442,662661933,0.0493399027028,0.019654979349
363,1521993442,665996521,0.0412252168294,0.0087726622106
364,1521993442,669329408,0.03031747004,0.00526623307865
365,1521993442,672662647,0.016918958002,0.00526547973725
366,1521993442,675995578,0.00881321803487,0.00526623307865
367,1521993442,679329478,0.00881069691121,0.0101784714486
368,1521993442,682662625,0.00881195729271,0.0164985031767
369,1521993442,685996113,0.0119842619181,0.021061918949
370,1521993442,689328807,0.0186840222339,0.0256290009828
371,1521993442,692661762,0.0239719530548,0.0298419874457
372,1521993442,695996090,0.0281901980486,0.0301801158849
373,1521993442,699330086,0.0281922139381,0.030182274074
374,1521993442,702663495,0.0281982633367,0.0301887504936
375,1521993442,705995739,0.0264434374135,0.0273883305054
376,1521993442,709329074,0.0264358718781,0.0224660468789
377,1521993442,712663961,0.0264245316886,0.0224564096242
378,1521993442,715995687,0.0267998514293,0.0224756924089
379,1521993442,719329249,0.0274913404175,0.0228154469719
380,1521993442,722673337,0.0302158786317,0.0272926490428
381,1521993442,725995922,0.0335935637669,0.0331035552402
382,1521993442,729329551,0.0352453082276,0.0365047151551
383,1521993442,732662392,0.0370155157465,0.038970124782
384,1521993442,735995517,0.0380703785128,0.0389673372194
385,1521993442,739329004,0.0380649328858,0.0389617632905
386,1521993442,742663737,0.0380540463041,0.0385997137266
387,1521993442,745995677,0.0373760656566,0.0386273322969
388,1521993442,749328868,0.0373653715033,0.0386162801274
389,1521993442,752662375,0.0373600267212,0.0403657907965
390,1521993442,755995399,0.0384228820175,0.0424779081401
391,1521993442,759329264,0.0398243500387,0.0449256670835
392,1521993442,762663545,0.0408757871705,0.0477266948878
393,1521993442,765995449,0.0416102956403,0.0498679425322
394,1521993442,769329151,0.0419419167908,0.0515980108442
395,1521993442,772662760,0.0426437730503,0.0522962843394
396,1521993442,775996129,0.0433548298802,0.05230376539
397,1521993442,779328800,0.0444217966478,0.0523149909799
398,1521993442,782661703,0.0454762050599,0.0523112485813
399,1521993442,785996128,0.0482722624413,0.0522850667752
400,1521993442,789328972,0.0507641358809,0.053364495197
401,1521993442,792662536,0.0532204154236,0.0558100933621
402,1521993442,795996329,0.0560360323553,0.0596669015953
403,1521993442,799329304,0.0578147103087,0.0621415503281
404,1521993442,802663316,0.0595560519442,0.0652779416018
405,1521993442,805995579,0.0617057687726,0.0677734103027
406,1521993442,809329378,0.0627321620078,0.0680904641734
407,1521993442,812662424,0.0652131483784,0.0698603613214
408,1521993442,815996185,0.065199157143,0.0705473365921
409,1521993442,819329784,0.0659087263855,0.0709033890512
410,1521993442,822663423,0.0659087263855,0.0723074165572
411,1521993442,825996132,0.0659228709008,0.0733761808959
412,1521993442,829329156,0.0673281694069,0.0744241035182
413,1521993442,832662739,0.0683758979615,0.0751154715691
414,1521993442,835995984,0.0701481974449,0.0765304460706
415,1521993442,839328898,0.0733207289876,0.0789878457151
416,1521993442,842664885,0.0767798585771,0.0831291753046
417,1521993442,845996017,0.0804225732714,0.0874695267789
418,1521993442,849329765,0.0824681230889,0.0902023159411
419,1521993442,852662156,0.0856767372197,0.0923478323451
420,1521993442,855996222,0.0877482658823,0.0933544756241
421,1521993442,859329957,0.0877545412357,0.0940631154561
422,1521993442,862654618,0.0879936715739,0.0943194366025
423,1521993442,866004115,0.0873422841553,0.0936212216828
424,1521993442,869329140,0.0886940877736,0.0946645863738
425,1521993442,872662191,0.0898883937108,0.0979449286867
426,1521993442,875995984,0.0916378013917,0.098632932294
427,1521993442,879329946,0.0969107354122,0.103532219207
428,1521993442,882662210,0.101542799668,0.107446527367
429,1521993442,885996105,0.107490502317,0.110559258838
430,1521993442,889328731,0.107881506145,0.110949913756
431,1521993442,892662870,0.107835218313,0.111604222739
432,1521993442,895995651,0.107873788747,0.111995223473
433,1521993442,899329396,0.10819535807,0.112665149483
434,1521993442,902663706,0.108179885012,0.114403695099
435,1521993442,905995788,0.108249548647,0.117637784722
436,1521993442,909329323,0.10996536167,0.120395358636
437,1521993442,912663248,0.115948771352,0.125651475124
438,1521993442,915995939,0.121278555927,0.127100850569
439,1521993442,919329204,0.121605010639,0.127775641624
440,1521993442,922662936,0.122644901004,0.128810311091
441,1521993442,925995537,0.122688771694,0.129207494501
442,1521993442,929328866,0.123367402098,0.129881833519
443,1521993442,932662997,0.125455352024,0.133363536606
444,1521993442,935995817,0.128672983309,0.134464484608
445,1521993442,939329340,0.134284624347,0.134435633696
446,1521993442,942662662,0.135351664016,0.136200409203
447,1521993442,945995327,0.137143483302,0.139038499517
448,1521993442,949329213,0.137799299691,0.139690746088
449,1521993442,952662378,0.138876446933,0.142870016871
450,1521993442,955996150,0.141686139075,0.147773895003
451,1521993442,959328272,0.144215196731,0.148890808126
452,1521993442,962664452,0.146505222789,0.149411383596
453,1521993442,965995693,0.14812564077,0.151732638628
454,1521993442,969328942,0.148756479004,0.152709835049
455,1521993442,972663046,0.152931824414,0.157217347866
456,1521993442,975995599,0.155134832826,0.159765261281
457,1521993442,979328818,0.159320187852,0.16112367996
458,1521993442,982661727,0.161105625677,0.162551061028
459,1521993442,985995685,0.16175282747,0.165651550732
460,1521993442,989328957,0.162504115689,0.169209518376
461,1521993442,992662482,0.16424313634,0.176205451999
462,1521993442,995995580,0.16779166826,0.177283831494
463,1521993442,999329146,0.168472573328,0.178662500134
464,1521993443,2663998,0.171571025968,0.179287577435
465,1521993443,5995881,0.174199034291,0.181210270047
466,1521993443,9329134,0.175899248869,0.181847573691
467,1521993443,12663351,0.181122022463,0.18318628479
468,1521993443,15995839,0.184046324398,0.18469566469
469,1521993443,19329603,0.186786774518,0.185669358494
470,1521993443,22663499,0.189240236059,0.189516604651
471,1521993443,25995502,0.193946293238,0.193501664333
472,1521993443,29328744,0.194920495315,0.195524814243
473,1521993443,32663162,0.197683763816,0.198276342732
474,1521993443,35995725,0.19884042309,0.199428958903
475,1521993443,39329120,0.20020766969,0.203949581823
476,1521993443,42663425,0.204378935853,0.205996837493
477,1521993443,45995876,0.209769595282,0.208908856598
478,1521993443,49329676,0.210047014363,0.209536119132
479,1521993443,52662582,0.210459646673,0.215213391814
480,1521993443,55995473,0.210812175394,0.218724213867
481,1521993443,59331168,0.212040268445,0.221342864043
482,1521993443,62662575,0.212313418437,0.221979230585
483,1521993443,66005479,0.211586576979,0.221569329371
484,1521993443,69329398,0.215259746722,0.224232870442
485,1521993443,72663330,0.21533343251,0.226383244288
486,1521993443,75995568,0.220361978446,0.229640617314
487,1521993443,79329289,0.220988082587,0.229909504102
488,1521993443,82661852,0.222814091123,0.232081939851
489,1521993443,85995825,0.22518530883,0.235491929112
490,1521993443,89329422,0.228742050397,0.237280648508
491,1521993443,92662515,0.231242299115,0.241878336434
492,1521993443,95995809,0.233340629111,0.242212067913
493,1521993443,99335093,0.236090770139,0.244232569508
494,1521993443,102663317,0.236885688557,0.251383435431
495,1521993443,105995595,0.237990936721,0.251761961184
496,1521993443,109329040,0.238980281778,0.25309405937
497,1521993443,112662264,0.23933276007,0.253796123335
498,1521993443,115995694,0.239685238362,0.254849219283
499,1521993443,119328815,0.240054886733,0.256271677209
500,1521993443,122662954,0.242083325743,0.256180053442
501,1521993443,125995279,0.244689940866,0.257380080262
502,1521993443,129329031,0.24777451684,0.258692067974
503,1521993443,132662475,0.249184329169,0.260447102356
504,1521993443,135995654,0.253097516409,0.261186476498
505,1521993443,139328959,0.253079413447,0.26151882695
506,1521993443,142663004,0.257253952185,0.26391941981
507,1521993443,145996217,0.259424022698,0.265380178757
508,1521993443,149329000,0.261595024704,0.270001530628
509,1521993443,152662635,0.262558767954,0.273063820242
510,1521993443,155995717,0.262986426161,0.275248448911
511,1521993443,159339669,0.262105179759,0.275025924969
512,1521993443,162662216,0.263797879686,0.276802068285
513,1521993443,165995998,0.26396847946,0.276924619757
514,1521993443,169328402,0.265844690797,0.277043497035
515,1521993443,172662746,0.266749749035,0.276885016665
516,1521993443,175995544,0.268626885703,0.278759270963
517,1521993443,179328520,0.27285723036,0.282270093016
518,1521993443,182662123,0.272798685681,0.283964563081
519,1521993443,185995564,0.276323216504,0.287825638723
520,1521993443,189328505,0.277087575016,0.292100394763
521,1521993443,192661931,0.277028122669,0.296600810635
522,1521993443,195995311,0.277752893866,0.299079249076
523,1521993443,199329363,0.278045709964,0.299015087337
524,1521993443,202662534,0.278125265246,0.299100642441
525,1521993443,205995869,0.27845785045,0.297675121146
526,1521993443,209329414,0.280905106574,0.296600810635
527,1521993443,212662576,0.283765321322,0.294536900244
528,1521993443,215995276,0.284138149444,0.293153641378
529,1521993443,219328801,0.284429637396,0.290633693735
530,1521993443,222661578,0.290151893978,0.290716862627
531,1521993443,225995903,0.291747688331,0.293006917834
532,1521993443,229328901,0.291893781315,0.295611216815
533,1521993443,232662360,0.294650776782,0.297653831264
534,1521993443,235995432,0.295045433474,0.298047471165
535,1521993443,239329072,0.295003229865,0.298004838141
536,1521993443,242662531,0.29502433016,0.298026153128
537,1521993443,245995750,0.29502433016,0.293462737356
538,1521993443,249329265,0.295708136029,0.29309074187
539,1521993443,252662117,0.29577159725,0.293153641378
540,1521993443,255995511,0.296786721619,0.293111705373
541,1521993443,259324457,0.297875181046,0.293489561901
542,1521993443,262663269,0.300170175943,0.295083490421
543,1521993443,265996110,0.301764585514,0.29596229902
544,1521993443,269338928,0.302991093786,0.299297454762
545,1521993443,272662996,0.306806995328,0.301323920092
546,1521993443,275995750,0.309167688663,0.30263286092
547,1521993443,279329681,0.309409547971,0.303577524116
548,1521993443,282662390,0.309542360768,0.302654511575
549,1521993443,285995597,0.309850580674,0.300504870809
550,1521993443,289329674,0.313615953291,0.298291843049
551,1521993443,292662309,0.314478115951,0.296334579779
552,1521993443,295995275,0.315513205648,0.296313381225
553,1521993443,299328836,0.317912680213,0.298355845017
554,1521993443,302662712,0.322119079074,0.300089416847
555,1521993443,305996041,0.322517636913,0.301887504936
556,1521993443,309328799,0.325736538569,0.305792600767
557,1521993443,312662658,0.32846278085,0.307811015877
558,1521993443,315995870,0.331329594206,0.307855048638
559,1521993443,319329199,0.331329594206,0.30820608062
560,1521993443,322662899,0.332010803504,0.308184037559
561,1521993443,325995850,0.334878329511,0.308228126835
562,1521993443,329329247,0.336616768582,0.30820608062
563,1521993443,332662770,0.339412318231,0.308886051312
564,1521993443,335995978,0.339460875072,0.308930241019
565,1521993443,339329136,0.341903942957,0.311716400445
566,1521993443,342663471,0.34497754862,0.317593079952
567,1521993443,345995671,0.345552305127,0.322011488329
568,1521993443,349329386,0.345379318919,0.324658141033
569,1521993443,352662789,0.345428725874,0.326108711727
570,1521993443,355995690,0.34618320441,0.326155368671
571,1521993443,359328965,0.347896073916,0.326108711727
572,1521993443,362663215,0.347796568425,0.326015437873
573,1521993443,365995588,0.349758532189,0.324797509198
574,1521993443,369329030,0.352125813417,0.324353551815
575,1521993443,372662765,0.352427876448,0.323956177485
576,1521993443,375995833,0.353913518767,0.324025695978
577,1521993443,379330073,0.354139362986,0.324260779973
578,1521993443,382663034,0.354996422445,0.329315108518
579,1521993443,385996021,0.3563810433,0.330344723635
580,1521993443,389329737,0.361969315497,0.330648477655
581,1521993443,392662393,0.362072898074,0.330743097336
582,1521993443,395996210,0.361943429113,0.329220904096
583,1521993443,399329970,0.362295856989,0.330624831193
584,1521993443,402663224,0.362347683876,0.327161807674
585,1521993443,405995884,0.362425452016,0.327232024116
586,1521993443,409329417,0.365141393238,0.332403512037
587,1521993443,412662821,0.366577423377,0.333480383359
588,1521993443,415995404,0.366656099316,0.338818565743
589,1521993443,419329058,0.367229847259,0.339048393771
590,1521993443,422663039,0.367229847259,0.341505266189
591,1521993443,425995609,0.367713761141,0.342680746285
592,1521993443,429328943,0.372217076044,0.345766502746
593,1521993443,432662073,0.372948708023,0.346142292778
594,1521993443,435995600,0.372895361048,0.34609278022
595,1521993443,439329116,0.373952720294,0.347496807726
596,1521993443,442663246,0.373899237354,0.347447108526
597,1521993443,445995639,0.375144232106,0.349727912607
598,1521993443,449328586,0.375768736061,0.351759206251
599,1521993443,452662628,0.375661250725,0.356221025408
600,1521993443,455995185,0.378670023761,0.361315283206
601,1521993443,459328516,0.378914163587,0.361211909975
602,1521993443,462663601,0.381515684686,0.361005340865
603,1521993443,465996098,0.386426765402,0.362368680533
604,1521993443,469329840,0.38696580834,0.362564172635
605,1521993443,472662510,0.387104227931,0.362693863639
606,1521993443,475995978,0.389460655915,0.362590103415
607,1521993443,479329285,0.38984099063,0.36753048566
608,1521993443,482662649,0.389488512338,0.37033874152
609,1521993443,485995995,0.389488512338,0.375604221257
610,1521993443,489329505,0.391222921326,0.376279371598
611,1521993443,492662704,0.39127889027,0.378088488156
612,1521993443,495995323,0.391687429173,0.37849369313
613,1521993443,499329296,0.392224176414,0.382893732729
614,1521993443,502663112,0.39295708224,0.383974060854
615,1521993443,505995852,0.393097644939,0.384111410282
616,1521993443,509329504,0.395071649499,0.385377987951
617,1521993443,512661496,0.393182030838,0.388759242135
618,1521993443,515995291,0.395071649499,0.390642714562
619,1521993443,519328519,0.395833121589,0.390698596504
620,1521993443,522661469,0.396242282848,0.391105576641
621,1521993443,525995302,0.39894835614,0.390993696336
622,1521993443,529328982,0.399653211892,0.393099586981
623,1521993443,532662626,0.401796513794,0.39312770167
624,1521993443,535995242,0.403674263189,0.396400166553
625,1521993443,539328804,0.403911232288,0.396637770435
626,1521993443,542662313,0.406025950782,0.397690791064
627,1521993443,545995859,0.407788216193,0.39909481857
628,1521993443,549340611,0.407124587412,0.400906248241
629,1521993443,552662148,0.410696061646,0.402669616118
630,1521993443,555995363,0.412752079591,0.402633683908
631,1521993443,559328216,0.412811132753,0.406202111467
632,1521993443,562661302,0.41278160406,0.408981512258
633,1521993443,565996168,0.409051750539,0.409829475642
634,1521993443,569329358,0.409961576022,0.414949482823
635,1521993443,572662222,0.409990902982,0.421298646292
636,1521993443,575995660,0.411312747016,0.421559258666
637,1521993443,579329417,0.411283331815,0.423284019552
638,1521993443,582661740,0.413957557366,0.425251812832
639,1521993443,585995233,0.414837277838,0.425420334307
640,1521993443,589328472,0.415571905924,0.427556954665
641,1521993443,592662720,0.414748288791,0.42883839083
642,1521993443,595995849,0.414896625088,0.430747051966
643,1521993443,599328658,0.408933316818,0.431831112449
644,1521993443,602663506,0.40869942345,0.431584122466
645,1521993443,605995690,0.407963282685,0.432977279291
646,1521993443,609329030,0.40217773084,0.434226562332
647,1521993443,612662221,0.399357904506,0.435279658279
648,1521993443,615995517,0.398328960365,0.435310794163
649,1521993443,619329393,0.396805411179,0.435888190696
650,1521993443,622663248,0.395776505252,0.437323290516
651,1521993443,625995694,0.395593823706,0.445235936934
652,1521993443,629328304,0.394507860706,0.446608513601
653,1521993443,632661826,0.392985186737,0.446831753773
654,1521993443,635994965,0.393041407794,0.44829990657
655,1521993443,639329272,0.389024733071,0.448139627733
656,1521993443,642663179,0.388347746997,0.447118804305
657,1521993443,645995180,0.382250512492,0.447406752015
658,1521993443,649329513,0.37951054123,0.447437764573
659,1521993443,652662695,0.378561685295,0.447214745684
660,1521993443,655994913,0.378697118067,0.447023581944
661,1521993443,659329453,0.378426349357,0.447405772741
662,1521993443,662661953,0.378642933332,0.446608513601
663,1521993443,665995676,0.385231218927,0.446480746897
664,1521993443,669328701,0.393393911299,0.448650963662
665,1521993443,672662457,0.405996913669,0.451713543254
666,1521993443,675995227,0.409667680197,0.452577338075
667,1521993443,679328034,0.414926305082,0.456406866816
668,1521993443,682661319,0.414866949341,0.459149833088
669,1521993443,685995913,0.414718634258,0.459336593347
670,1521993443,689329444,0.413427465509,0.461223035709
671,1521993443,692662913,0.412722559345,0.459468001327
672,1521993443,695995232,0.410402148657,0.461388029283
673,1521993443,699329306,0.40526307536,0.461157071316
674,1521993443,702663257,0.404234774286,0.461190051154
675,1521993443,705995377,0.403732029969,0.462474514863
676,1521993443,709328836,0.403558779206,0.462978070092
677,1521993443,712662041,0.403616512937,0.465501704081
678,1521993443,715996373,0.404176964522,0.466037138316
679,1521993443,719329072,0.405408029604,0.465886086358
680,1521993443,722662880,0.405996913669,0.466103795991
681,1521993443,725996020,0.40608403747,0.466203818265
682,1521993443,729329059,0.40608403747,0.466203818265
683,1521993443,732661856,0.406113087047,0.467290415179
684,1521993443,735995864,0.402120207028,0.467507723088
685,1521993443,739328944,0.400443981394,0.467608046633
686,1521993443,742664190,0.39842496711,0.467307205085
687,1521993443,745995793,0.398499990404,0.472374524678
688,1521993443,749328795,0.395508932327,0.472873903014
689,1521993443,752662414,0.395099905231,0.472806262633
690,1521993443,755995488,0.395156428823,0.473576017199
691,1521993443,759328860,0.39407073013,0.47354214437
692,1521993443,762663309,0.393929849703,0.47196922693
693,1521993443,765995847,0.392773190382,0.4698152079
694,1521993443,769329375,0.392632733655,0.469647200745
695,1521993443,772663039,0.391899798611,0.469613613732
696,1521993443,775995642,0.392745090998,0.471537133463
697,1521993443,779329121,0.393718251839,0.47635040023
698,1521993443,782662428,0.39407073013,0.477052464195
699,1521993443,785995785,0.39407073013,0.47915865609
700,1521993443,789329183,0.394042545984,0.479826400163
701,1521993443,792662543,0.393718251839,0.481966911949
702,1521993443,795995158,0.390629767348,0.484528104378
703,1521993443,799329660,0.390406326897,0.48530367349
704,1521993443,802663426,0.389108202832,0.485442510187
705,1521993443,805996056,0.389219551581,0.489092499564
706,1521993443,809328987,0.389163869242,0.489022529249
707,1521993443,812662734,0.389080375599,0.488917611307
708,1521993443,815995194,0.389247398727,0.489127492231
709,1521993443,819328789,0.389108202832,0.488952578952
710,1521993443,822662896,0.389052552346,0.484320211885
711,1521993443,825995976,0.389163869242,0.483054558684
712,1521993443,829328503,0.389924659464,0.48312367509
713,1521993443,832662911,0.389729488022,0.482881854159
714,1521993443,835995915,0.39127889027,0.483405615776
715,1521993443,839329202,0.392660816963,0.484775167809
716,1521993443,842663304,0.392576579088,0.487127865287
717,1521993443,845995220,0.392829401214,0.490251040669
718,1521993443,849328149,0.392716995634,0.49011075852
719,1521993443,852662531,0.391463383739,0.48986545784
720,1521993443,855995669,0.391631393775,0.490075700526
721,1521993443,859328704,0.388811365737,0.487618300881
722,1521993443,862661807,0.387401351718,0.487618300881
723,1521993443,865995792,0.387290538974,0.487127865287
724,1521993443,869328818,0.387429064813,0.487302100878
725,1521993443,872662394,0.387345937421,0.48719754457
726,1521993443,875995708,0.387726120879,0.488285487634
727,1521993443,879329570,0.387995344323,0.488882648663
728,1521993443,882662016,0.389247398727,0.489829757115
729,1521993443,885995674,0.391575374408,0.491058620211
730,1521993443,889329819,0.392196130352,0.49235700682
731,1521993443,892662841,0.393774581798,0.493621580572
732,1521993443,895995584,0.399062512619,0.500643224677
733,1521993443,899328794,0.399738974384,0.501309527472
734,1521993443,902662861,0.404558270012,0.50327187235
735,1521993443,905995481,0.409667680197,0.503487899767
736,1521993443,909328659,0.411342166424,0.503379862881
737,1521993443,912661529,0.41457377636,0.501345389088
738,1521993443,915995898,0.4203863284,0.500428433161
739,1521993443,919329030,0.420536681164,0.500607413288
740,1521993443,922663128,0.4203863284,0.497971912101
741,1521993443,925995869,0.42094940633,0.498221289936
742,1521993443,929328646,0.420919293345,0.498536731446
743,1521993443,932662552,0.417627033591,0.500500009852
744,1521993443,935995623,0.416306639107,0.501309527472
745,1521993443,939329576,0.415482752913,0.502920915674
746,1521993443,942663403,0.412693043321,0.503307864045
747,1521993443,945995762,0.402292827851,0.508088644119
748,1521993443,949329432,0.396862170642,0.511417019047
749,1521993443,952662368,0.393746414804,0.511490183142
750,1521993443,955994987,0.393802752823,0.513318904783
751,1521993443,959329244,0.392224176414,0.513098659258
752,1521993443,962663345,0.392196130352,0.515869422684
753,1521993443,965995775,0.397709298699,0.51862261739
754,1521993443,969328995,0.397976456861,0.522021895904
755,1521993443,972662214,0.401825252548,0.518474238128
756,1521993443,975996107,0.405644485792,0.524015788716
757,1521993443,979329507,0.409902934687,0.52615930786
758,1521993443,982662859,0.410284731549,0.527952101655
759,1521993443,985995809,0.410343431704,0.528027636686
760,1521993443,989328837,0.410314079527,0.527989866469
761,1521993443,992662586,0.409873620309,0.528227570005
762,1521993443,995995407,0.410343431704,0.529080883302
763,1521993443,999329217,0.409168764557,0.528929533553
764,1521993444,2665200,0.408201174729,0.527887800985
765,1521993444,5995741,0.406756592657,0.525594968005
766,1521993444,9328967,0.40640747034,0.525143845795
767,1521993444,12661584,0.406494694722,0.525256553731
768,1521993444,15995336,0.407788216193,0.525106287231
769,1521993444,19328893,0.409198028522,0.524404273478
770,1521993444,22663181,0.41157689151,0.523238985865
771,1521993444,26006429,0.411867276885,0.521821095152
772,1521993444,29329075,0.416206574249,0.524726567105
773,1521993444,32662104,0.415601632098,0.52307506718
774,1521993444,35995287,0.419831674155,0.523426124272
775,1521993444,39328606,0.419801645425,0.52163352597
776,1521993444,42662819,0.419681573449,0.521484327965
777,1521993444,45995790,0.419861707181,0.521708156992
778,1521993444,49328980,0.423326428342,0.526547973725
779,1521993444,52663130,0.421826001049,0.526785969593
780,1521993444,55995422,0.422389840285,0.528103193334
781,1521993444,59328814,0.421916515175,0.527952101655
782,1521993444,62662405,0.422238792566,0.530020383502
783,1521993444,65995075,0.422359622096,0.53017205624
784,1521993444,69329002,0.422178403723,0.531699363047
785,1521993444,72663152,0.422883209071,0.536261799826
786,1521993444,75996041,0.423034465674,0.537155774022
787,1521993444,79329205,0.423678906634,0.536376869234
788,1521993444,82662870,0.425763323389,0.536338507278
789,1521993444,85995562,0.426559752888,0.538560102843
790,1521993444,89329313,0.427878041883,0.538444548537
791,1521993444,92662670,0.430023515884,0.536376869234
792,1521993444,95995912,0.432138385635,0.536727901217
793,1521993444,99328824,0.43220021243,0.536804691817
794,1521993444,102663251,0.431983896007,0.536185114312
795,1521993444,105995532,0.432292985801,0.536919918926
796,1521993444,109328874,0.434927103528,0.536689514155
797,1521993444,112662412,0.435663168552,0.536025837252
798,1521993444,115995869,0.437746728186,0.535285486649
799,1521993444,119329058,0.438161856402,0.536064179586
800,1521993444,122662836,0.439125134055,0.535949169035
801,1521993444,125995572,0.442776074072,0.537506856228
802,1521993444,129329959,0.443995619266,0.538329043808
803,1521993444,132661745,0.446076474449,0.539767800507
804,1521993444,135995273,0.44761541449,0.54019958292
805,1521993444,139328956,0.448672773737,0.541603610426
806,1521993444,142663338,0.450690791303,0.541838359608
807,1521993444,145995563,0.454121965181,0.544255285684
808,1521993444,149329114,0.455721835382,0.547570727326
809,1521993444,152662244,0.455787031639,0.549053291993
810,1521993444,155995784,0.459598819287,0.552835830473
811,1521993444,159329058,0.460336648971,0.553577436376
812,1521993444,162662493,0.461394083847,0.557087756201
813,1521993444,165995826,0.462451518722,0.553928468359
814,1521993444,169329127,0.463508953597,0.553928468359
815,1521993444,172661613,0.46364160265,0.55408699407
816,1521993444,175995563,0.464819127304,0.554160590265
817,1521993444,179329449,0.46344265753,0.553849239514
818,1521993444,182662205,0.46498538352,0.554358802079
819,1521993444,185994945,0.466428864802,0.555451783425
820,1521993444,189329727,0.466481066076,0.556497901001
821,1521993444,192662706,0.466714640286,0.556776548018
822,1521993444,195995444,0.467486526627,0.558260642001
823,1521993444,199329538,0.467252532656,0.556577485971
824,1521993444,202663543,0.467990751372,0.556617286992
825,1521993444,205996147,0.468225131802,0.560056245591
826,1521993444,209329176,0.470239675334,0.555723376742
827,1521993444,212662335,0.470239675334,0.554319148374
828,1521993444,215995800,0.472287130249,0.552484823597
829,1521993444,219329167,0.473378345765,0.552524340429
830,1521993444,222662409,0.473730824056,0.552524340429
831,1521993444,225995573,0.475527227905,0.552563862914
832,1521993444,229328824,0.477608085265,0.554981564306
833,1521993444,232662605,0.47930191197,0.557359057255
834,1521993444,235995104,0.482328298422,0.562163040245
835,1521993444,239327931,0.482259290868,0.564891268237
836,1521993444,242662337,0.485189090377,0.564608539874
837,1521993444,245995599,0.487512347067,0.568361432057
838,1521993444,249329078,0.490262237445,0.568982146792
839,1521993444,252662497,0.492059695225,0.569022843605
840,1521993444,255995551,0.496324934685,0.569414603333
841,1521993444,259330326,0.496428868656,0.568778750014
842,1521993444,262661849,0.498653970293,0.567200637438
843,1521993444,265996097,0.499002186704,0.565742160549
844,1521993444,269328340,0.499252098367,0.56146077536
845,1521993444,272662399,0.498297381356,0.559424940394
846,1521993444,275995499,0.497029941695,0.559585004755
847,1521993444,279329241,0.496923305792,0.560868874996
848,1521993444,282662264,0.497065497167,0.559625035158
849,1521993444,285995881,0.496923305792,0.560868874996
850,1521993444,289328755,0.496007911002,0.561029363979
851,1521993444,292662316,0.493786768268,0.559855968003
852,1521993444,295995443,0.493857410152,0.559936061847
853,1521993444,299328946,0.497311299091,0.560908988633
854,1521993444,302663651,0.493293192831,0.559695849036
855,1521993444,305995573,0.497560399563,0.560136396753
856,1521993444,309329173,0.501857296063,0.554551203062
857,1521993444,312662679,0.501929087393,0.551822276464
858,1521993444,315995676,0.501964990761,0.551861748729
859,1521993444,319329699,0.501821408098,0.551703893538
860,1521993444,322663275,0.498368658338,0.551782809844
861,1521993444,325995218,0.498618288435,0.552761560181
862,1521993444,329328562,0.498756782768,0.552524340429
863,1521993444,332662547,0.49864978403,0.552405806889
864,1521993444,335996110,0.499778470667,0.552484823597
865,1521993444,339329447,0.501576609101,0.552524340429
866,1521993444,342663309,0.502209723939,0.552445312417
867,1521993444,345995605,0.504188206684,0.552682464301
868,1521993444,349328515,0.505878715202,0.54768824018
869,1521993444,352662461,0.507459850886,0.547492413435
870,1521993444,355995873,0.511798479561,0.547258860691
871,1521993444,359329207,0.512855914436,0.545152668796
872,1521993444,362662564,0.513560871019,0.543748540867
873,1521993444,365995556,0.513597606418,0.542734264336
874,1521993444,369328798,0.513950109923,0.539574750507
875,1521993444,372662370,0.513524140876,0.53914656229
876,1521993444,375995854,0.513171687793,0.537742534784
877,1521993444,379328991,0.513245102913,0.535713122494
878,1521993444,382662405,0.513208392728,0.531813453462
879,1521993444,385995507,0.513245102913,0.53150043739
880,1521993444,389339777,0.51433596141,0.529719549063
881,1521993444,392662219,0.517694498471,0.532474207693
882,1521993444,395995656,0.515323262478,0.529005197602
883,1521993444,399329407,0.51595441112,0.530684442424
884,1521993444,402663117,0.51595441112,0.530684442424
885,1521993444,405995448,0.516212831332,0.530599082732
886,1521993444,409328681,0.516028219061,0.53146242148
887,1521993444,412661562,0.516102048122,0.531538458739
888,1521993444,415995922,0.51588062429,0.530257617466
889,1521993444,419329442,0.515991312452,0.527563335366
890,1521993444,422662150,0.514339404515,0.525218979044
891,1521993444,425995609,0.514265827603,0.525143845795
892,1521993444,429329130,0.516343765534,0.524404273478
893,1521993444,432662485,0.516380697353,0.522335589935
894,1521993444,435995519,0.518885158989,0.522021895904
895,1521993444,439328314,0.519627335336,0.520303828171
896,1521993444,442662861,0.518662557033,0.51442891203
897,1521993444,445995375,0.518996531635,0.514760160524
898,1521993444,449328659,0.523077784896,0.52022939804
899,1521993444,452662454,0.524412680155,0.521207934523
900,1521993444,455995339,0.523505151271,0.527676554481
901,1521993444,459329076,0.524412680155,0.527525606457
902,1521993444,462663112,0.524375179248,0.527838839619
903,1521993444,465996012,0.523505151271,0.530485212123
904,1521993444,469328429,0.523580060787,0.532316782643
905,1521993444,472661681,0.520610436854,0.532164485445
906,1521993444,475995748,0.519441541809,0.530295536346
907,1521993444,479327454,0.517344677808,0.527162945384
908,1521993444,482661992,0.515843738789,0.526008826148
909,1521993444,485995221,0.516028219061,0.522686621918
910,1521993444,489328727,0.517085653937,0.525494877777
911,1521993444,492662454,0.518421406256,0.521909898072
912,1521993444,495995749,0.523430263187,0.520931462005
913,1521993444,499329100,0.523782741479,0.519527334075
914,1521993444,502662792,0.524765108032,0.519453025653
915,1521993444,505995798,0.528793082092,0.519250581555
916,1521993444,509328371,0.529888574299,0.518234407291
917,1521993444,512662852,0.529585477732,0.517937976914
918,1521993444,515995582,0.530241128241,0.518585514613
919,1521993444,519328957,0.530089435743,0.518437156577
920,1521993444,522662917,0.530051526178,0.518049098557
921,1521993444,525995268,0.531336802428,0.51862261739
922,1521993444,529328445,0.531222781655,0.517809210799
923,1521993444,532661923,0.531146794989,0.517735142824
924,1521993444,535995739,0.533223377066,0.517698116782
925,1521993444,539329170,0.533299655355,0.516719078215
926,1521993444,542662686,0.533261513483,0.514576080936
927,1521993444,545996048,0.533652133647,0.513559790373
928,1521993444,549328734,0.535491127799,0.512931101861
929,1521993444,552662375,0.535728685059,0.512821046553
930,1521993444,555995535,0.537567844741,0.512543354418
931,1521993444,559328677,0.539291786314,0.510751534513
932,1521993444,562663362,0.539098989308,0.510568940657
933,1521993444,565995421,0.537721699304,0.510231943885
934,1521993444,569329015,0.538548309717,0.510715005294
935,1521993444,572662794,0.536747655831,0.510678481301
936,1521993444,575995685,0.536901242684,0.510824608629
937,1521993444,579328686,0.536862837731,0.511490183142
938,1521993444,582662271,0.536786044306,0.511417019047
939,1521993444,585995618,0.536824438272,0.511453598478
940,1521993444,589328811,0.53827285175,0.511490183142
941,1521993444,592662465,0.538157367337,0.510678481301
942,1521993444,595995641,0.540387872779,0.509032783497
943,1521993444,599328929,0.541759134356,0.508996374601
944,1521993444,602662428,0.543169047523,0.508996374601
945,1521993444,605995709,0.547751265315,0.508996374601
946,1521993444,609328880,0.547751265315,0.508996374601
947,1521993444,612661505,0.547868825323,0.507350080309
948,1521993444,615995539,0.546576547725,0.503622829025
949,1521993444,619328906,0.54669383044,0.503730894863
950,1521993444,622663660,0.54645931532,0.502462165342
951,1521993444,625995714,0.546928546933,0.502893617649
952,1521993444,629328994,0.546341352148,0.502677798916
953,1521993444,632662707,0.544148641236,0.499096082756
954,1521993444,635995092,0.544382231552,0.49931033306
955,1521993444,639329157,0.545871742376,0.499060392246
956,1521993444,642663118,0.544501069113,0.497692155659
957,1521993444,645995635,0.546106055615,0.497870182614
958,1521993444,649328793,0.546027928855,0.495692613999
959,1521993444,652662557,0.544501069113,0.494182337918
960,1521993444,655995863,0.54457896069,0.493550967371
961,1521993444,659339195,0.542947903402,0.492772704208
962,1521993444,662662119,0.545237458019,0.494404858903
963,1521993444,665995801,0.543443785483,0.492778410822
964,1521993444,669328646,0.543246759669,0.493972662778
965,1521993444,672661465,0.543246759669,0.493972662778
966,1521993444,675995612,0.542347715634,0.492392215416
967,1521993444,679328526,0.543246759669,0.492568333957
968,1521993444,682662118,0.543130199787,0.491409627087
969,1521993444,685994985,0.543560404322,0.490075700526
970,1521993444,689328594,0.547712089856,0.490005599582
971,1521993444,692662355,0.551236620679,0.489303585829
972,1521993444,696007398,0.549662777374,0.488294369136
973,1521993444,699329283,0.553528919065,0.491024383626
974,1521993444,702662647,0.558325614066,0.492848903406
975,1521993444,705995602,0.551707448983,0.488355347494
976,1521993444,709328482,0.556290322361,0.491866169546
977,1521993444,712661913,0.551941526844,0.490005599582
978,1521993444,715995445,0.552293979926,0.490707613335
979,1521993444,719328774,0.552333483107,0.490742711512
980,1521993444,722662501,0.552293979926,0.491760633964
981,1521993444,725995062,0.552452026565,0.492603572784
982,1521993444,729329037,0.554681809232,0.493094128767
983,1521993444,732662269,0.554840516473,0.493235214354
984,1521993444,735995622,0.5569157009,0.493199935389
985,1521993444,739329156,0.556875869996,0.492462647717
986,1521993444,742663231,0.556796225277,0.49063743204
987,1521993444,745995738,0.556330119923,0.489794714208
988,1521993444,749329186,0.556210744316,0.489689615564
989,1521993444,752662210,0.555545523483,0.489724643434
990,1521993444,755995342,0.555545523483,0.489373586342
991,1521993444,759328972,0.555426333283,0.489268593081
992,1521993444,762662526,0.557620657483,0.489689615564
993,1521993444,765995539,0.557660544511,0.489724643434
994,1521993444,769328709,0.558013048016,0.49077781471
995,1521993444,772662951,0.558870676314,0.49130421208
996,1521993444,775995415,0.55985565934,0.491550250818
997,1521993444,779328200,0.562323536931,0.490848036174
998,1521993444,782661869,0.565999169576,0.489619574855
999,1521993444,786011210,0.565485078457,0.487354108428
1000,1521993444,789328977,0.57084897831,0.489155525296
1001,1521993444,792662845,0.568113736835,0.488917611307
1002,1521993444,795995311,0.567299877311,0.489127492231
1003,1521993444,799329405,0.566975358253,0.488847691019
1004,1521993444,802663252,0.56458945807,0.488917611307
1005,1521993444,805995664,0.564831823152,0.489127492231
1006,1521993444,809328923,0.564670223317,0.491795807459
1007,1521993444,812662912,0.56458945807,0.492076447274
1008,1521993444,815995460,0.564791414523,0.494710216716
1009,1521993444,819328901,0.565022701609,0.494955095301
1010,1521993444,822663435,0.564780323958,0.497549825737
1011,1521993444,825995814,0.56659471898,0.501768260156
1012,1521993444,829329244,0.567137571359,0.501975734951
1013,1521993444,832662480,0.567137571359,0.502326766934
1014,1521993444,835995435,0.566513655281,0.506611622166
1015,1521993444,839330726,0.566813237914,0.508003628351
1016,1521993444,842662978,0.567299877311,0.51265336587
1017,1521993444,845995909,0.566513655281,0.512931101861
1018,1521993444,849329618,0.56458945807,0.51489026259
1019,1521993444,852662769,0.564710614606,0.515351811155
1020,1521993444,855995476,0.564791414523,0.515074441393
1021,1521993444,859328734,0.566785093067,0.514963918303
1022,1521993444,862662410,0.567449462464,0.508959970912
1023,1521993444,865995911,0.571326446369,0.508257957159
1024,1521993444,869328749,0.571449057381,0.497834567035
1025,1521993444,872661935,0.574933216244,0.49428838563
1026,1521993444,875995646,0.576219577993,0.482599939374
1027,1521993444,879329051,0.577359441819,0.482668975914
1028,1521993444,882662133,0.577400740777,0.482703501592
1029,1521993444,885995686,0.577318148767,0.482985462052
1030,1521993444,889328888,0.578416876694,0.483722071862
1031,1521993444,892662238,0.578416876694,0.487934455652
1032,1521993444,895995821,0.576260789521,0.491409627087
1033,1521993444,899328913,0.572465691711,0.492884157262
1034,1521993444,902662956,0.572301942943,0.493796042117
1035,1521993444,905996085,0.571760684701,0.494990499815
1036,1521993444,909328771,0.569022061822,0.495061324038
1037,1521993444,912663127,0.567639524036,0.493725429213
1038,1521993444,915995731,0.567964399997,0.493305787428
1039,1521993444,919328641,0.567571241446,0.49081292293
1040,1521993444,922662692,0.566663500156,0.49063743204
1041,1521993444,925995778,0.563653104092,0.48059715904
1042,1521993444,929328835,0.563653104092,0.480246101948
1043,1521993444,932662180,0.56326031015,0.478456592125
1044,1521993444,935995531,0.562907831859,0.476701432212
1045,1521993444,939329171,0.562867572394,0.474912303892
1046,1521993444,942662992,0.563179746565,0.473825395021
1047,1521993444,945995695,0.563340896789,0.473960977079
1048,1521993444,949328718,0.563340896789,0.473960977079
1049,1521993444,952662166,0.565687197052,0.473508276386
1050,1521993444,955995639,0.566080136484,0.47354214437
1051,1521993444,959329406,0.567761308958,0.476633249214
1052,1521993444,962672758,0.566141794421,0.475273673519
1053,1521993444,965995524,0.569635243106,0.478558549322
1054,1521993444,969328947,0.567842527943,0.477052464195
1055,1521993444,972662179,0.565022701609,0.477052464195
1056,1521993444,975998506,0.564538154162,0.476643357529
1057,1521993444,979332198,0.562474890812,0.474527358569
1058,1521993444,982666295,0.561729862716,0.473440554951
1059,1521993444,985999787,0.561810213147,0.473508276386
1060,1521993444,989332332,0.560913321164,0.473643777396
1061,1521993444,992665250,0.560873195739,0.473609894873
1062,1521993444,995995913,0.562645554705,0.4739150122
1063,1521993444,999329012,0.569293160168,0.480246101948
1064,1521993445,2663175,0.569130318875,0.480108731781
1065,1521993445,5995480,0.569415352304,0.480700313614
1066,1521993445,9328668,0.569293160168,0.482703501592
1067,1521993445,12662362,0.567761308958,0.483301902922
1068,1521993445,15995501,0.566825635635,0.483405615776
1069,1521993445,19329100,0.566744556299,0.482634455175
1070,1521993445,22663465,0.566622980778,0.482530922578
1071,1521993445,25995275,0.567028435505,0.482525021403
1072,1521993445,29328522,0.567137571359,0.482317943932
1073,1521993445,32662172,0.568506821711,0.482634455175
1074,1521993445,35996057,0.568818592588,0.482950921148
1075,1521993445,39330057,0.571597137595,0.482916385184
1076,1521993445,42663817,0.574457438611,0.48400386647
1077,1521993445,45996606,0.576384459481,0.484844525441
1078,1521993445,49329720,0.576343230263,0.484809844145
1079,1521993445,52662467,0.575368032772,0.4848792117
1080,1521993445,55995325,0.577089516923,0.486248854262
1081,1521993445,59328829,0.575203430274,0.48719754457
1082,1521993445,62662939,0.571597137595,0.493796042117
1083,1521993445,65994897,0.571924325424,0.496185641231
1084,1521993445,69328937,0.570539929572,0.495901782169
1085,1521993445,72662312,0.569604919401,0.493901999354
1086,1521993445,75995760,0.566785093067,0.493199935389
1087,1521993445,79327510,0.567028435505,0.493411684914
1088,1521993445,82662465,0.566501457405,0.492953123869
1089,1521993445,85995659,0.56717813914,0.493235214354
1090,1521993445,89328566,0.568981356331,0.494674827188
1091,1521993445,92662588,0.570187526898,0.494497955468
1092,1521993445,95995385,0.571449057381,0.494674827188
1093,1521993445,99329008,0.572736258698,0.494568688976
1094,1521993445,102663027,0.572654345617,0.496954652195
1095,1521993445,105995610,0.572900155181,0.49716796797
1096,1521993445,109328784,0.572818195216,0.499203184919
1097,1521993445,112662586,0.573047727105,0.499798046304
1098,1521993445,115995721,0.57317069872,0.501660584564
1099,1521993445,119328987,0.573129702318,0.501624702969
1100,1521993445,122663319,0.572965775339,0.501481227902
1101,1521993445,125995322,0.573334742996,0.501804162293
1102,1521993445,129328774,0.57348218061,0.501273670986
1103,1521993445,132623436,0.576639002615,0.505729508754
1104,1521993445,135996083,0.563309372059,0.494039027391
1105,1521993445,139329012,0.571449057381,0.499941060267
1106,1521993445,142662823,0.571990443476,0.498745100982
1107,1521993445,145997050,0.571908642912,0.498673775261
1108,1521993445,149328740,0.572358835775,0.505036852406
1109,1521993445,152662423,0.571990443476,0.504711791141
1110,1521993445,155995872,0.572424745735,0.505837086758
1111,1521993445,159328944,0.573523202225,0.509734897681
1112,1521993445,162661677,0.572506643545,0.509771362013
1113,1521993445,166005042,0.57176455588,0.508871812442
1114,1521993445,169328507,0.575210156188,0.511938404899
1115,1521993445,172663682,0.571392835237,0.511161109466
1116,1521993445,175994775,0.572088059843,0.511783048978
1117,1521993445,179329004,0.571244734921,0.511343875881
1118,1521993445,182662624,0.571285587723,0.509274554204
1119,1521993445,185996284,0.574146071027,0.509310977789
1120,1521993445,189328614,0.57681951478,0.509493173888
1121,1521993445,192662410,0.576219577993,0.508221608882
1122,1521993445,195995583,0.576695733768,0.509383840589
1123,1521993445,199328593,0.576695733768,0.509383840589
1124,1521993445,202662258,0.578727961097,0.509310977789
1125,1521993445,205996066,0.579039001005,0.512433390171
1126,1521993445,209329186,0.579163258301,0.513947582786
1127,1521993445,212661825,0.575720586714,0.514372226749
1128,1521993445,215995617,0.575867150117,0.515592226138
1129,1521993445,219328892,0.575949528652,0.515665982268
1130,1521993445,222662025,0.575638223254,0.515702868247
1131,1521993445,225994988,0.575638223254,0.515702868247
1132,1521993445,229328279,0.57559705036,0.51601701425
1133,1521993445,232662344,0.575473567011,0.516257269335
1134,1521993445,235995611,0.575638223254,0.516404982431
1135,1521993445,239328822,0.575949528652,0.516368046233
1136,1521993445,242663295,0.575743626489,0.516885257449
1137,1521993445,245995044,0.576238039222,0.524704490609
1138,1521993445,249329032,0.575825969685,0.525382142892
1139,1521993445,252662293,0.575638223254,0.525532466824
1140,1521993445,255996005,0.57551472224,0.526823642909
1141,1521993445,259329112,0.576695733768,0.534659951218
1142,1521993445,262661154,0.580739435249,0.537973391625
1143,1521993445,265994520,0.580531746444,0.536727901217
1144,1521993445,269328612,0.583578828518,0.536612756501
1145,1521993445,272662480,0.583972991275,0.536651132583
1146,1521993445,276000623,0.584588368303,0.534871407833
1147,1521993445,279340718,0.58464803569,0.534604143941
1148,1521993445,282662456,0.587879294572,0.535797485051
1149,1521993445,285995001,0.587002312847,0.534034236782
1150,1521993445,289328763,0.586792414287,0.534194260165
1151,1521993445,292661859,0.586918335406,0.534308894126
1152,1521993445,295995096,0.586918335406,0.534308894126
1153,1521993445,299329586,0.586666547188,0.535132394847
1154,1521993445,302663150,0.586129475824,0.535987500402
1155,1521993445,305995177,0.586381105536,0.537271076493
1156,1521993445,309328628,0.586171399111,0.538483061129
1157,1521993445,312661739,0.586213328396,0.537468407955
1158,1521993445,315995150,0.587539288153,0.538444548537
1159,1521993445,319328440,0.588286268862,0.538483061129
1160,1521993445,322663387,0.588033911843,0.53719942398
1161,1521993445,325995593,0.588454627242,0.537583769279
1162,1521993445,329328507,0.588370436008,0.542422007101
1163,1521993445,332662476,0.587455257935,0.542579019981
1164,1521993445,335995235,0.587002312847,0.542811919832
1165,1521993445,339328572,0.586876355695,0.545854732761
1166,1521993445,342662985,0.586666547188,0.545659589499
1167,1521993445,345996255,0.586918335406,0.547298006533
1168,1521993445,349328991,0.588017907287,0.54839040459
1169,1521993445,352671925,0.587662386559,0.548497850118
1170,1521993445,355995705,0.591034669101,0.551645388172
1171,1521993445,359329335,0.594588349799,0.551431802967
1172,1521993445,362662679,0.594588349799,0.551431802967
1173,1521993445,365994935,0.596606632933,0.55096622158
1174,1521993445,369307413,0.596580848705,0.548566248916
1175,1521993445,372662230,0.589076420433,0.543758519745
1176,1521993445,375995982,0.587186835071,0.545113679191
1177,1521993445,379329470,0.587186835071,0.54721972045
1178,1521993445,382662555,0.58727083891,0.547298006533
1179,1521993445,385995713,0.586918335406,0.547298006533
1180,1521993445,389329938,0.587060874363,0.548506059629
1181,1521993445,392662222,0.587396889745,0.549873404762
1182,1521993445,395995221,0.587665378565,0.550145815616
1183,1521993445,399328884,0.587144842163,0.551041385321
1184,1521993445,402662628,0.587186835071,0.551080796091
1185,1521993445,405995570,0.58727083891,0.551159634545
1186,1521993445,409328139,0.587354866788,0.552994032171
1187,1521993445,412662984,0.586624603487,0.552287324196
1188,1521993445,415995342,0.582108202262,0.553033596743
1189,1521993445,419328397,0.581983286339,0.552914920006
1190,1521993445,422662063,0.578727961097,0.552484823597
1191,1521993445,425958986,0.585173152448,0.558637749749
1192,1521993445,429329162,0.575560720361,0.547854691293
1193,1521993445,432662305,0.582335789844,0.553968091282
1194,1521993445,435995196,0.588370436008,0.559976117363
1195,1521993445,439328804,0.589964265175,0.560517893221
1196,1521993445,442662909,0.593446103397,0.561179723771
1197,1521993445,445995865,0.595773539157,0.562784775005
1198,1521993445,449328637,0.595773539157,0.56313585721
1199,1521993445,452661919,0.595688312988,0.563757363868
1200,1521993445,455995846,0.595603111198,0.565080656285
1201,1521993445,459328762,0.595068481714,0.566295597058
1202,1521993445,462662392,0.591021548804,0.566133601607
1203,1521993445,465995162,0.591232960146,0.566336110407
1204,1521993445,469328625,0.589301553565,0.56617409178
1205,1521993445,472662723,0.589217271306,0.565742160549
1206,1521993445,475997095,0.589133013152,0.565661259339
1207,1521993445,479329200,0.593123027686,0.567511233325
1208,1521993445,482662850,0.592783688186,0.567186546929
1209,1521993445,485995938,0.596083426529,0.571872002977
1210,1521993445,489328866,0.596831125321,0.572263994547
1211,1521993445,492662832,0.596617727465,0.573814164081
1212,1521993445,495995615,0.596873823213,0.578624866677
1213,1521993445,499342436,0.594322716973,0.57789979179
1214,1521993445,502663359,0.595435588406,0.582422088962
1215,1521993445,505995762,0.591275260566,0.580421927249
1216,1521993445,509329077,0.591106095195,0.578851739115
1217,1521993445,512661470,0.591275260566,0.575506073055
1218,1521993445,515995268,0.593840971816,0.574908145959
1219,1521993445,519329028,0.594193399692,0.575259127733
1220,1521993445,522663515,0.596532411044,0.575135734527
1221,1521993445,525995647,0.601895698828,0.575547251223
1222,1521993445,529329772,0.601551364904,0.574867034107
1223,1521993445,532662687,0.601766527421,0.576125898804
1224,1521993445,535996373,0.601594385097,0.57666305483
1225,1521993445,539329851,0.599565574196,0.577447611185
1226,1521993445,542662472,0.598284038979,0.576869330067
1227,1521993445,545995184,0.597888711486,0.576828063215
1228,1521993445,549328631,0.591106095195,0.574639355325
1229,1521993445,552662336,0.590316693051,0.574557164185
1230,1521993445,555995719,0.590401138612,0.573586259378
1231,1521993445,559328262,0.590175298321,0.573709364169
1232,1521993445,562662220,0.590316693051,0.573504218863
1233,1521993445,565994946,0.590838137058,0.573668323368
1234,1521993445,569329248,0.590584649119,0.572369407073
1235,1521993445,572662587,0.590753616904,0.57253316343
1236,1521993445,575995991,0.591458573487,0.578851739115
1237,1521993445,579328849,0.5915431945,0.582445378499
1238,1521993445,582662414,0.589301553565,0.579863359963
1239,1521993445,585995378,0.591500880967,0.581701601555
1240,1521993445,589328683,0.589343703737,0.581659994975
1241,1521993445,592663052,0.589175139217,0.581142696575
1242,1521993445,595995471,0.589512364738,0.580070794806
1243,1521993445,599328960,0.589301553565,0.578810339334
1244,1521993445,602662472,0.589301553565,0.578108325581
1245,1521993445,605995438,0.591190665779,0.578232392036
1246,1521993445,609328881,0.591063818976,0.578108325581
1247,1521993445,612662261,0.592516008362,0.57814967515
1248,1521993445,615995440,0.592558391481,0.582403715739
1249,1521993445,619329419,0.592388895374,0.583991907664
1250,1521993445,622663745,0.592346536497,0.583950149215
1251,1521993445,625995712,0.591007249941,0.585772733407
1252,1521993445,629328722,0.589738363444,0.585563229568
1253,1521993445,632662085,0.589343703737,0.585521346782
1254,1521993445,635995481,0.589343703737,0.585521346782
1255,1521993445,639329262,0.588202125792,0.585437599182
1256,1521993445,642662964,0.586087558534,0.585086617408
1257,1521993445,645995292,0.586339152248,0.585337781442
1258,1521993445,649328514,0.58797584592,0.58591428666
1259,1521993445,652662871,0.587765629314,0.585704807115
1260,1521993445,655994869,0.590964962645,0.590647026575
1261,1521993445,659328802,0.591726404557,0.591755271115
1262,1521993445,662662171,0.59317853747,0.599870751923
1263,1521993445,665995515,0.593220964946,0.599913658064
1264,1521993445,669338590,0.594649429601,0.598509530134
1265,1521993445,672662466,0.594923055082,0.601634951108
1266,1521993445,675994880,0.598326843876,0.598680814252
1267,1521993445,679328997,0.593798506071,0.591011041169
1268,1521993445,682662370,0.595293255964,0.591095580011
1269,1521993445,685995724,0.595335834696,0.591137858502
1270,1521993445,689328575,0.595421010436,0.59122243363
1271,1521993445,692662852,0.595165556302,0.590968780816
1272,1521993445,695995428,0.596211368883,0.593764960059
1273,1521993445,699329172,0.59736525058,0.594563125308
1274,1521993445,702662194,0.596083426529,0.593637542685
1275,1521993445,705995927,0.59736525058,0.595265088856
1276,1521993445,709329496,0.597407974457,0.595307662529
1277,1521993445,712662406,0.594715952993,0.594031091272
1278,1521993445,715995858,0.591458573487,0.593244050397
1279,1521993445,719329076,0.59004866032,0.593244050397
1280,1521993445,722662795,0.588949100483,0.591797593764
1281,1521993445,725995852,0.587623342415,0.590478028857
1282,1521993445,729328972,0.585508321387,0.588371686304
1283,1521993445,732662180,0.583704051069,0.588329602642
1284,1521993445,735995302,0.581983286339,0.588371686304
1285,1521993445,739328932,0.581900038837,0.588287524999
1286,1521993445,742662875,0.582521620496,0.588203387767
1287,1521993445,745995904,0.582688293349,0.589073800489
1288,1521993445,749331472,0.585089802215,0.588652732726
1289,1521993445,752662123,0.585927439727,0.589495471069
1290,1521993445,755995304,0.582688293349,0.58591428666
1291,1521993445,759328504,0.583704051069,0.584468250835
1292,1521993445,762662380,0.577629289499,0.581225817893
1293,1521993445,765995296,0.576384459481,0.579987803062
1294,1521993445,769328865,0.576260789521,0.579863359963
1295,1521993445,772662421,0.570269087122,0.579512353087
1296,1521993445,775995463,0.563300600587,0.576435745174
1297,1521993445,779328469,0.562595593578,0.576084688082
1298,1521993445,782662275,0.560007895677,0.575961091281
1299,1521993445,785995680,0.558325614066,0.575692451273
1300,1521993445,789328304,0.552804580507,0.575816008101
1301,1521993445,792662647,0.549708861948,0.571667543913
1302,1521993445,795995752,0.549905467407,0.571872002977
1303,1521993445,799329338,0.54982680835,0.563717043645
1304,1521993445,802662766,0.54982680835,0.563717043645
1305,1521993445,805995843,0.549905467407,0.562042404399
1306,1521993445,809328778,0.549944805376,0.558220706337
1307,1521993445,812662413,0.544187559034,0.554590864856
1308,1521993445,815995584,0.541054177773,0.552173308446
1309,1521993445,819329661,0.539176091566,0.551352936863
1310,1521993445,822663197,0.536081138141,0.551431802967
1311,1521993445,825995404,0.535958677339,0.549912748881
1312,1521993445,829328403,0.527735495928,0.538209020638
1313,1521993445,832662009,0.524765108032,0.534896223713
1314,1521993445,835995658,0.522687921015,0.534232466019
1315,1521993445,839328685,0.522762697541,0.528691980653
1316,1521993445,842662690,0.522650540773,0.528227570005
1317,1521993445,845994642,0.522912314799,0.528492137334
1318,1521993445,849328144,0.524487698062,0.528303133637
1319,1521993445,852662224,0.5359661404,0.540785564868
1320,1521993445,855996787,0.535927818782,0.542501431104
1321,1521993445,859328772,0.543402250692,0.550303281324
1322,1521993445,862662148,0.543169047523,0.550067116551
1323,1521993445,865995206,0.543207900817,0.550106463269
1324,1521993445,869328920,0.539919506719,0.548584512902
1325,1521993445,872662480,0.537843403553,0.544411665438
1326,1521993445,875994627,0.525733149943,0.534110658396
1327,1521993445,879329174,0.519014909314,0.52776335859
1328,1521993445,882662455,0.513560871019,0.521282493988
1329,1521993445,885995504,0.510814117301,0.518548417145
1330,1521993445,889329135,0.507848569962,0.515241244364
1331,1521993445,892662293,0.501964990761,0.515000754062
1332,1521993445,895995761,0.500130923749,0.511066012171
1333,1521993445,899329138,0.496641913017,0.511102566496
1334,1521993445,902663008,0.495513594286,0.511029463075
1335,1521993445,905995711,0.494985734076,0.510861153529
1336,1521993445,909328896,0.490297303767,0.508996374601
1337,1521993445,912662044,0.486807340057,0.508330669313
1338,1521993445,915995447,0.485715085974,0.505837086758
1339,1521993445,919332808,0.476675999507,0.49856126055
1340,1521993445,922663170,0.473784999079,0.497488285224
1341,1521993445,925994953,0.472910165603,0.492393370705
1342,1521993445,929328906,0.463057113933,0.480810645132
1343,1521993445,932662420,0.46312335011,0.48017740704
1344,1521993445,935994990,0.460435447794,0.477154850616
1345,1521993445,939328704,0.458893913123,0.470349214498
1346,1521993445,942663364,0.455558926311,0.469128432306
1347,1521993445,945994931,0.453546604834,0.466437370597
1348,1521993445,949328341,0.445148242914,0.459819008203
1349,1521993445,952662627,0.441881354412,0.456912917234
1350,1521993445,955995302,0.439634765237,0.455035089329
1351,1521993445,959328437,0.43357931084,0.447597792386
1352,1521993445,962662250,0.429257153514,0.44539587132
1353,1521993445,965995808,0.426115776471,0.440513629996
1354,1521993445,969328930,0.41947917065,0.438821365084
1355,1521993445,972662233,0.410989688132,0.430716242507
1356,1521993445,975995363,0.401853995413,0.424779081401
1357,1521993445,979328889,0.397214623725,0.418751203654
1358,1521993445,982662585,0.395071649499,0.418019292941
1359,1521993445,985995849,0.389163869242,0.410385740626
1360,1521993445,989328616,0.388134122256,0.409712933519
1361,1521993445,992662704,0.381652096187,0.402547306545
1362,1521993445,995995595,0.381436076549,0.402340207209
1363,1521993445,999329121,0.379591969611,0.400498846076
1364,1521993446,2663412,0.368586839486,0.387077532803
1365,1521993446,5995249,0.366382179409,0.386652145972
1366,1521993446,9328828,0.359149690839,0.37908742661
1367,1521993446,12661265,0.356457536334,0.376062845785
1368,1521993446,15995395,0.353434608035,0.37058374854
1369,1521993446,19328816,0.3486010305,0.36893461359
1370,1521993446,22662862,0.344649815393,0.36499494229
1371,1521993446,25995497,0.340567107634,0.362693863639
1372,1521993446,29328377,0.334197227882,0.357050602733
1373,1521993446,32661614,0.327452332997,0.349276822571
1374,1521993446,35994832,0.32148319633,0.348599692423
1375,1521993446,39328815,0.310466755993,0.339024148319
1376,1521993446,42662883,0.306590326577,0.339024148319
1377,1521993446,45995177,0.297929394859,0.331820158046
1378,1521993446,49328828,0.293945870618,0.323979347001
1379,1521993446,52662505,0.288990858688,0.319393414422
1380,1521993446,55995371,0.287310907937,0.314920738103
1381,1521993446,59329107,0.286896808972,0.308535044436
1382,1521993446,62662397,0.286212372867,0.30680195269
1383,1521993446,65991455,0.285169604603,0.303331128049
1384,1521993446,69328974,0.284436258952,0.29518888491
1385,1521993446,72662482,0.280905106574,0.293792755623
1386,1521993446,75995831,0.2763429807,0.289952417531
1387,1521993446,79328903,0.271075195151,0.285760472943
1388,1521993446,82662492,0.263634905542,0.283964563081
1389,1521993446,85995053,0.259850844983,0.281959351228
1390,1521993446,89328340,0.256604196364,0.277315266162
1391,1521993446,92662001,0.251281075908,0.272361856694
1392,1521993446,95995506,0.249907108821,0.270996690477
1393,1521993446,99328954,0.246364704511,0.262553143615
1394,1521993446,102662696,0.244937374132,0.261832403471
1395,1521993446,105995036,0.237655360873,0.254238078027
1396,1521993446,109328986,0.232585764989,0.24602062937
1397,1521993446,112661725,0.230201255071,0.241895639413
1398,1521993446,115995483,0.222750347998,0.237280648508
1399,1521993446,119329332,0.216390716139,0.232349934447
1400,1521993446,122663178,0.212498812558,0.230227578983
1401,1521993446,125995586,0.210489761811,0.228236087545
1402,1521993446,129328539,0.201646428638,0.225394775766
1403,1521993446,132664405,0.198289267793,0.224483848924
1404,1521993446,135995988,0.196781411191,0.221963345425
1405,1521993446,139328181,0.194285020536,0.219824636526
1406,1521993446,142662790,0.192736697485,0.217912929311
1407,1521993446,145995458,0.190731682432,0.21277103714
1408,1521993446,149328713,0.18575605973,0.205704741735
1409,1521993446,152662175,0.183275602783,0.202881974612
1410,1521993446,155995247,0.18190482024,0.199765774784
1411,1521993446,159328337,0.177309262888,0.191677172269
1412,1521993446,162661954,0.173042087336,0.184265431397
1413,1521993446,165995277,0.170247014895,0.180430438996
1414,1521993446,169328584,0.16707471027,0.179728375031
1415,1521993446,172661260,0.167110568342,0.179415841549
1416,1521993446,175995083,0.162469251043,0.175490887045
1417,1521993446,179327952,0.157580338463,0.17343460939
1418,1521993446,182662284,0.152579446938,0.173360200548
1419,1521993446,185995138,0.149472177871,0.172381362775
1420,1521993446,189328312,0.14628895447,0.170613746745
1421,1521993446,192661911,0.145552712973,0.166014379144
1422,1521993446,195995733,0.140618722703,0.157590816566
1423,1521993446,199328828,0.137123863347,0.154114063417
1424,1521993446,202662233,0.132884315974,0.153049944363
1425,1521993446,205995739,0.131112546607,0.152336984397
1426,1521993446,209328714,0.130083098195,0.147103443997
1427,1521993446,212661089,0.129043974578,0.142559771605
1428,1521993446,215997009,0.128905634125,0.13784711348
1429,1521993446,219329268,0.124460445426,0.133781460545
1430,1521993446,222662746,0.121957488931,0.133392153344
1431,1521993446,225995780,0.118441177595,0.133050637893
1432,1521993446,229328694,0.115276891896,0.127793922709
1433,1521993446,232662608,0.113826063775,0.122483879672
1434,1521993446,235968736,0.114075696101,0.11856246335
1435,1521993446,239329165,0.109441158356,0.116652879188
1436,1521993446,242663159,0.107482815639,0.117570486218
1437,1521993446,245995805,0.104003412787,0.11691873823
1438,1521993446,249328802,0.100110995348,0.116902011658
1439,1521993446,252661888,0.096585960301,0.116902011658
1440,1521993446,255995733,0.0962128102704,0.113367113031
1441,1521993446,259328574,0.0962403409408,0.10778223701
1442,1521993446,262662757,0.0958535273895,0.103181262532
1443,1521993446,265995301,0.095542118187,0.101821123384
1444,1521993446,269328593,0.0941117038862,0.101097210955
1445,1521993446,272662377,0.0916312478766,0.100731769164
1446,1521993446,275995429,0.0884783796918,0.100402328331
1447,1521993446,279338960,0.0843354078102,0.0979875842261
1448,1521993446,282662065,0.0820272468905,0.0933104612556
1449,1521993446,285995564,0.081070007093,0.0888110915683
1450,1521993446,289328495,0.0793132885683,0.0824984166358
1451,1521993446,292661941,0.0789551373427,0.0814394199361
1452,1521993446,295995418,0.0782445842652,0.0814335953459
1453,1521993446,299328469,0.0782557780541,0.0814452453596
1454,1521993446,302662652,0.0775285883297,0.0835276887163
1455,1521993446,305995641,0.0740257359971,0.083551587912
1456,1521993446,309328655,0.0722683878859,0.0835575648479
1457,1521993446,312662514,0.0683661187999,0.0821238620152
1458,1521993446,315995257,0.0662801410301,0.0789991474529
1459,1521993446,319329481,0.0630755681338,0.0729937686519
1460,1521993446,322662888,0.0613312227573,0.0681002046017
1461,1521993446,325995823,0.0613356098262,0.0642434478483
1462,1521993446,329328757,0.0613399975227,0.0635458791491
1463,1521993446,332662078,0.061683701049,0.0635367888295
1464,1521993446,335995580,0.0627366486451,0.0635322446449
1465,1521993446,339329436,0.0627321620078,0.0656335917548
1466,1521993446,342662678,0.0627456238452,0.067754018769
1467,1521993446,345995199,0.0616969397887,0.0677637131485
1468,1521993446,349328285,0.0588680852929,0.067754018769
1469,1521993446,352662501,0.0556756411461,0.0656242054707
1470,1521993446,355995259,0.0518254294225,0.0610926740303
1471,1521993446,359329086,0.0482826190734,0.0554551203062
1472,1521993446,362663068,0.0461647503236,0.0505377612401
1473,1521993446,365995035,0.045136591881,0.0470584809811
1474,1521993446,369328870,0.0451075423009,0.0449224544357
1475,1521993446,372661455,0.0451301331857,0.0449449526242
1476,1521993446,375995553,0.0451043168778,0.0449192422473
1477,1521993446,379329055,0.0451172213387,0.0456341577228
1478,1521993446,382662146,0.0451204486078,0.0466905932449
1479,1521993446,385995397,0.044764743047,0.0473893176352
1480,1521993446,389328672,0.0440597864636,0.0473893176352
1481,1521993446,392661985,0.0430023515884,0.0473893176352
1482,1521993446,395995538,0.0415894637085,0.0473859283263
1483,1521993446,399328397,0.0391306880748,0.0456406866816
1484,1521993446,402662176,0.0373573549035,0.0435217399871
1485,1521993446,405995249,0.0356054008609,0.0410766180135
1486,1521993446,409329162,0.0338306567257,0.0375523642548
1487,1521993446,412662129,0.0324326423683,0.0351082205243
1488,1521993446,415995354,0.0317230462538,0.0322949423885
1489,1521993446,419328282,0.03031747004,0.0298419874457
1490,1521993446,422661877,0.0303109650757,0.0287825638723
1491,1521993446,425995479,0.0292515137452,0.0270255966049
1492,1521993446,429328770,0.0292577908941,0.0270313960892
1493,1521993446,432662431,0.0281942301159,0.0266746148308
1494,1521993446,435995327,0.026792182826,0.0266822475985
1495,1521993446,439328160,0.0257345966618,0.025980083188
1496,1521993446,442663036,0.0250152233319,0.0256143422277
1497,1521993446,445994959,0.0232735551886,0.0249339712661
1498,1521993446,449328435,0.0222045441834,0.0242194744779
1499,1521993446,452662134,0.0211456725869,0.0228138153158
1500,1521993446,455995697,0.0200898256897,0.020709405713
1501,1521993446,459307907,0.0195105056724,0.0190771681503
1502,1521993446,462663680,0.0182064616562,0.0177830682417
1503,1521993446,465995225,0.017985397797,0.0161555599518
1504,1521993446,469329112,0.017268965946,0.01544319806
1505,1521993446,472662031,0.0162163211842,0.0140432882097
1506,1521993446,475994881,0.0158637924628,0.0136922060045
1507,1521993446,479328466,0.0148030294556,0.0126362475537
1508,1521993446,482661846,0.0144505763733,0.0122852406772
1509,1521993446,485995444,0.0130407640442,0.0119342338007
1510,1521993446,489328898,0.0123367402098,0.0112330234395
1511,1521993446,492662179,0.0116317836264,0.010179927492
1512,1521993446,495995607,0.0105743487513,0.00982889550953
1513,1521993446,499328615,0.0095175946282,0.00877642730168
1514,1521993446,502662937,0.00916181436581,0.00807142634131
1515,1521993446,505995788,0.00810816059208,0.00737272631011
1516,1521993446,509328796,0.00740257359971,0.00667008474927
1517,1521993446,512661476,0.00705107883299,0.00596882447422
1518,1521993446,515995599,0.0066956508103,0.00526435012918
1519,1521993446,519328813,0.00599213095905,0.00491444775477
1520,1521993446,522662815,0.00563844278762,0.00456243677862
1521,1521993446,525995544,0.00528830912474,0.00386218054214
1522,1521993446,529328416,0.00458287337813,0.00315973984719
1523,1521993446,532662105,0.00387670664093,0.00315883596681
1524,1521993446,535995022,0.00387781593534,0.00210649323146
1525,1521993446,539329041,0.00281922139381,0.00175478337639
1526,1521993446,542663017,0.00211441604536,0.00105287002584
1527,1521993446,545995080,0.00141051849628,0.000351182693889
1528,1521993446,549328859,0.000704855752897,0.00035098177409
1529,1521993446,552662127,0.0,0.0
1530,1521993446,555995170,0.0,0.0
1531,1521993446,559327862,0.0,0.0
1532,1521993446,562662266,0.0,0.0
1533,1521993446,565995224,0.0,0.0
1534,1521993446,569328655,0.0,0.0
1535,1521993446,572662300,0.0,0.0
1536,1521993446,575995492,0.0,0.0
1537,1521993446,579328718,0.0,0.0
1538,1521993446,582662292,0.0,0.0
1539,1521993446,585995781,0.0,0.0
1540,1521993446,589329587,0.0,0.0
1541,1521993446,592661655,0.0,0.0
1542,1521993446,595995389,0.0,0.0
1543,1521993446,599328298,0.0,0.0
1544,1521993446,602662608,0.0,0.0
