1,1521991757,69628795,0.0,0.0
2,1521991757,72916123,0.0,0.0
3,1521991757,76294395,0.0,0.0
4,1521991757,79638006,0.0,0.0
5,1521991757,82960914,0.0,0.0
6,1521991757,86294813,0.0,0.0
7,1521991757,89628319,0.0,0.0
8,1521991757,92961219,0.0,0.0
9,1521991757,96295634,0.0,0.0
10,1521991757,99628078,0.0,0.0
11,1521991757,102961645,0.0,0.0
12,1521991757,106295065,0.0,0.0
13,1521991757,109644578,0.0,0.0
14,1521991757,112961689,0.0,0.0
15,1521991757,116295113,0.0,0.0
16,1521991757,119627997,0.0,0.0
17,1521991757,122972557,0.0,0.0
18,1521991757,126294970,0.0,0.0
19,1521991757,129627897,0.0,0.0
20,1521991757,132960967,0.0,0.0
21,1521991757,136294707,0.0,0.0
22,1521991757,139628174,0.0,0.0
23,1521991757,142961326,0.0,0.0
24,1521991757,146294519,0.0,0.0
25,1521991757,149628419,0.0,0.0
26,1521991757,152961647,0.0,0.0
27,1521991757,156294706,0.0,0.0
28,1521991757,159628591,0.0,0.0
29,1521991757,162960675,0.0,0.0
30,1521991757,166294686,0.0,0.0
31,1521991757,169628873,0.0,0.0
32,1521991757,172971760,0.0,0.0
33,1521991757,176294693,0.0,0.0
34,1521991757,179628239,0.0,0.0
35,1521991757,182961804,0.0,0.0
36,1521991757,186295514,0.0,0.0
37,1521991757,189628336,0.0,0.0
38,1521991757,192961790,0.0,0.0
39,1521991757,196294841,0.0,0.0
40,1521991757,199627900,0.0,0.0
41,1521991757,202960733,0.0,0.0
42,1521991757,206295629,0.0,0.0
43,1521991757,209628690,0.0,0.0
44,1521991757,212961699,0.0,0.0
45,1521991757,216294876,0.0,0.0
46,1521991757,219628412,0.0,0.0
47,1521991757,222961814,0.0,0.0
48,1521991757,226295345,0.0,0.0
49,1521991757,229628085,0.0,0.0
50,1521991757,232961636,0.0,0.0
51,1521991757,236295371,0.0,0.0
52,1521991757,239637399,0.0,0.0
53,1521991757,242962018,0.0,0.0
54,1521991757,246294905,0.0,0.0
55,1521991757,249628612,0.0,0.0
56,1521991757,252961846,0.0,0.0
57,1521991757,256294778,0.0,0.0
58,1521991757,259628754,0.0,0.0
59,1521991757,262961432,0.0,0.0
60,1521991757,266294730,0.0,0.0
61,1521991757,269631185,0.0,0.0
62,1521991757,272961729,0.0,0.0
63,1521991757,276294830,0.0,0.0
64,1521991757,279628362,0.0,0.0
65,1521991757,282972198,0.0,0.0
66,1521991757,286295310,0.0,0.0
67,1521991757,289628256,0.0,0.0
68,1521991757,292961783,0.0,0.0
69,1521991757,296294950,0.0,0.0
70,1521991757,299628378,0.0,0.0
71,1521991757,302972323,0.0,0.0
72,1521991757,306294925,0.0,0.0
73,1521991757,309628439,0.0,0.0
74,1521991757,312962115,0.0,0.0
75,1521991757,316297594,0.0,0.0
76,1521991757,319629995,0.0,0.0
77,1521991757,322964124,0.0,0.0
78,1521991757,326297058,0.0,0.0
79,1521991757,329630729,0.0,0.0
80,1521991757,332975552,0.0,0.0
81,1521991757,336295336,0.0,0.0
82,1521991757,339628364,0.0,0.0
83,1521991757,342960972,0.0,0.0
84,1521991757,346294736,0.0,0.0
85,1521991757,349628155,0.0,0.0
86,1521991757,352961762,0.0,0.0
87,1521991757,356294163,0.0,0.0
88,1521991757,359628405,0.0,0.0
89,1521991757,362961604,0.0,0.0
90,1521991757,366295172,0.0,0.0
91,1521991757,369628570,0.0,0.0
92,1521991757,372960757,0.0,0.0
93,1521991757,376295760,0.0,0.0
94,1521991757,379628889,0.0,0.0
95,1521991757,382961858,0.0,0.0
96,1521991757,386294822,0.0,0.0
97,1521991757,389628119,0.0,0.0
98,1521991757,392961981,0.0,0.0
99,1521991757,396295550,0.0,0.0
100,1521991757,399628659,0.0,0.0
101,1521991757,402961618,0.0,0.0
102,1521991757,406294772,0.0,0.0
103,1521991757,409628185,0.0,0.0
104,1521991757,412961226,0.0,0.0
105,1521991757,416295779,0.0,0.0
106,1521991757,419628611,0.0,0.0
107,1521991757,422961608,0.0,0.0
108,1521991757,426295250,0.0,0.0
109,1521991757,429638799,0.0,0.0
110,1521991757,432961600,0.0,0.0
111,1521991757,436295382,0.0,0.0
112,1521991757,439630526,0.0,0.0
113,1521991757,442964283,0.0,0.0
114,1521991757,446297070,0.0,0.0
115,1521991757,449628030,0.0,0.0
116,1521991757,452961421,0.0,0.0
117,1521991757,456294199,0.0,0.0
118,1521991757,459627691,0.0,0.0
119,1521991757,462960880,0.0,0.0
120,1521991757,466294651,0.0,0.0
121,1521991757,469628701,0.0,0.0
122,1521991757,472961268,0.0,0.0
123,1521991757,476294964,0.0,0.0
124,1521991757,479628416,0.0,0.0
125,1521991757,482961574,0.0,0.0
126,1521991757,486295187,0.0,0.0
127,1521991757,489628658,0.0,0.0
128,1521991757,492961883,0.0,0.0
129,1521991757,496294886,0.0,0.0
130,1521991757,499628384,0.0,0.0
131,1521991757,502962484,0.0,0.0
132,1521991757,506297325,0.0,0.0
133,1521991757,509628669,0.0,0.0
134,1521991757,512961695,0.0,0.0
135,1521991757,516294612,0.0,0.0
136,1521991757,519628101,0.0,0.0
137,1521991757,522962689,0.0,0.0
138,1521991757,526295124,0.0,0.0
139,1521991757,529628347,0.0,0.0
140,1521991757,532961647,0.0,0.0
141,1521991757,536294726,0.0,0.0
142,1521991757,539628746,0.0,0.0
143,1521991757,542960872,0.0,0.0
144,1521991757,546294157,0.0,0.0
145,1521991757,549632456,0.0,0.0
146,1521991757,552964230,0.0,0.0
147,1521991757,556294676,0.0,0.0
148,1521991757,559627903,0.0,0.0
149,1521991757,562961954,0.0,0.0
150,1521991757,566295121,0.0,0.0
151,1521991757,569628219,0.0,0.0
152,1521991757,572961369,0.0,0.0
153,1521991757,576294807,0.0,0.0
154,1521991757,579627984,0.0,0.0
155,1521991757,582960684,0.0,0.0
156,1521991757,586294465,0.0,0.0
157,1521991757,589638072,0.0,0.0
158,1521991757,592961684,0.0,0.0
159,1521991757,596294019,0.0,0.0
160,1521991757,599628584,0.0,0.0
161,1521991757,602961690,0.0,0.0
162,1521991757,606294846,0.0,0.0
163,1521991757,609639113,0.0,0.0
164,1521991757,612961166,0.0,0.0
165,1521991757,616295447,0.0,0.0
166,1521991757,619628138,0.0,0.0
167,1521991757,622961662,0.0,0.0
168,1521991757,626294816,0.0,0.0
169,1521991757,629628238,0.0,0.0
170,1521991757,632961424,0.0,0.0
171,1521991757,636295399,0.0,0.0
172,1521991757,639627891,0.0,0.0
173,1521991757,642971932,0.0,0.0
174,1521991757,646295319,0.0,0.0
175,1521991757,649629134,0.0,0.0
176,1521991757,652961837,0.0,0.0
177,1521991757,656294844,0.0,0.0
178,1521991757,659628509,0.0,0.0
179,1521991757,662961648,0.0,0.0
180,1521991757,666295208,0.0,0.0
181,1521991757,669628288,0.0,0.0
182,1521991757,672960344,0.0,0.0
183,1521991757,676295224,0.0,0.0
184,1521991757,679628384,0.0,0.0
185,1521991757,682962026,0.0,0.0
186,1521991757,686295132,0.0,0.0
187,1521991757,689628553,0.0,0.0
188,1521991757,692961569,0.0,0.0
189,1521991757,696295847,0.0,0.0
190,1521991757,699628039,0.0,0.0
191,1521991757,702961057,0.0,0.0
192,1521991757,706294962,0.0,0.0
193,1521991757,709628201,0.0,0.0
194,1521991757,712961525,0.0,0.0
195,1521991757,716294959,0.0,0.0
196,1521991757,719628276,0.0,0.0
197,1521991757,722961513,0.0,0.0
198,1521991757,726294839,0.0,0.0
199,1521991757,729628080,0.0,0.0
200,1521991757,732961849,0.0,0.0
201,1521991757,736295584,0.0,0.0
202,1521991757,739627994,0.0,0.0
203,1521991757,742961797,0.0,0.0
204,1521991757,746294222,0.0,0.0
205,1521991757,749629611,0.0,0.0
206,1521991757,752961748,0.0,0.0
207,1521991757,756294750,0.0,0.0
208,1521991757,759629587,0.0,0.0
209,1521991757,762961612,0.0,0.0
210,1521991757,766294643,0.0,0.0
211,1521991757,769628074,0.0,0.0
212,1521991757,772960153,0.0,0.0
213,1521991757,776294332,0.0,0.0
214,1521991757,779628111,0.0,0.0
215,1521991757,782961272,0.0,0.0
216,1521991757,786295462,0.0,0.0
217,1521991757,789642208,0.0,0.0
218,1521991757,792972251,0.0,0.0
219,1521991757,796298614,0.0,0.0
220,1521991757,799632747,0.0,0.0
221,1521991757,802966398,0.0,0.0
222,1521991757,806298431,0.0,0.0
223,1521991757,809632394,0.0,0.0
224,1521991757,812965461,0.0,0.0
225,1521991757,816295310,0.0,0.0
226,1521991757,819627866,0.0,0.0
227,1521991757,822961685,0.0,0.0
228,1521991757,826295165,0.0,0.0
229,1521991757,829627869,0.0,0.0
230,1521991757,832961469,0.0,0.0
231,1521991757,836294842,0.0,0.0
232,1521991757,839628313,0.0,0.0
233,1521991757,842961247,0.0,0.0
234,1521991757,846294176,0.0,0.0
235,1521991757,849628395,0.0,0.0
236,1521991757,852961713,0.0,0.0
237,1521991757,856293858,0.0,0.0
238,1521991757,859628487,0.0,0.0
239,1521991757,862987277,0.0,0.0
240,1521991757,866294319,0.0,0.0
241,1521991757,869627994,0.0,0.0
242,1521991757,872961812,0.0,0.0
243,1521991757,876293931,0.0,0.0
244,1521991757,879629022,0.0,0.0
245,1521991757,882961424,0.0,0.0
246,1521991757,886294977,0.0,0.0
247,1521991757,889628432,0.0,0.0
248,1521991757,892961801,0.0,0.0
249,1521991757,896295546,0.0,0.0
250,1521991757,899628449,0.0,0.0
251,1521991757,902961471,0.0,0.0
252,1521991757,906294574,0.0,0.0
253,1521991757,909637952,0.0,0.0
254,1521991757,912961789,0.0,0.0
255,1521991757,916305818,0.0,0.0
256,1521991757,919628921,0.0,0.0
257,1521991757,922961685,0.0,0.0
258,1521991757,926295222,0.0,0.0
259,1521991757,929628147,0.0,0.0
260,1521991757,932961510,0.0,0.0
261,1521991757,936295299,0.0,0.0
262,1521991757,939628265,0.0,0.0
263,1521991757,942961743,0.0,0.0
264,1521991757,946262008,0.0,0.0
265,1521991757,949627735,0.0,0.0
266,1521991757,952961930,0.0,0.0
267,1521991757,956295147,0.0,0.0
268,1521991757,959630441,0.0,0.0
269,1521991757,963011274,0.0,0.0
270,1521991757,966295536,0.0,0.0
271,1521991757,969639924,0.0,0.0
272,1521991757,972961027,0.0,0.0
273,1521991757,976294550,0.0,0.0
274,1521991757,979628954,0.0,0.0
275,1521991757,982963221,0.0,0.0
276,1521991757,986295050,0.0,0.0
277,1521991757,989628642,0.0,0.0
278,1521991757,992961840,0.0,0.0
279,1521991757,996294717,0.0,0.0
280,1521991757,999628393,0.0,0.0
281,1521991758,2961687,0.0,0.0
282,1521991758,6294683,0.0,0.0
283,1521991758,9638553,0.0,0.0
284,1521991758,12961461,0.0,0.0
285,1521991758,16294842,0.0,0.0
286,1521991758,19628183,0.0,0.0
287,1521991758,22961131,0.0,0.0
288,1521991758,26294946,0.0,0.0
289,1521991758,29628203,0.0,0.0
290,1521991758,32961628,0.0,0.0
291,1521991758,36294704,0.0,0.0
292,1521991758,39603595,0.0,0.0
293,1521991758,42961166,0.0,0.0
294,1521991758,46294162,0.0,0.0
295,1521991758,49628215,0.0,0.0
296,1521991758,52961185,0.0,0.0
297,1521991758,56294652,0.0,0.0
298,1521991758,59628182,0.0,0.0
299,1521991758,62961520,0.0,0.0
300,1521991758,66295194,0.0,0.0
301,1521991758,69628089,0.0,0.0
302,1521991758,72960218,0.0,0.0
303,1521991758,76294541,0.0,0.0
304,1521991758,79628139,0.0,0.0
305,1521991758,82962063,0.0,0.0
306,1521991758,86294832,0.0,0.0
307,1521991758,89628715,0.0,0.0
308,1521991758,92961245,0.0,0.0
309,1521991758,96294869,0.0,0.0
310,1521991758,99628174,0.0,0.0
311,1521991758,102961623,0.0,0.0
312,1521991758,106294964,0.0,0.0
313,1521991758,109628040,0.0,0.0
314,1521991758,112961702,0.0,0.0
315,1521991758,116294972,0.0,0.0
316,1521991758,119627711,0.0,0.0
317,1521991758,122961995,0.0,0.0
318,1521991758,126294927,0.0,0.0
319,1521991758,129628517,0.0,0.0
320,1521991758,132970798,0.0,0.0
321,1521991758,136295835,0.0,0.0
322,1521991758,139628205,0.0,0.0
323,1521991758,142972201,0.0,0.0
324,1521991758,146295161,0.0,0.0
325,1521991758,149628382,0.0,0.0
326,1521991758,152961351,0.0,0.0
327,1521991758,156294551,0.0,0.0
328,1521991758,159628499,0.0,0.0
329,1521991758,162961916,0.0,0.0
330,1521991758,166294706,0.0,0.0
331,1521991758,169636248,0.0,0.0
332,1521991758,172960888,0.0,0.0
333,1521991758,176293846,0.0,0.0
334,1521991758,179627697,0.0,0.0
335,1521991758,182961265,0.0,0.0
336,1521991758,186294692,0.0,0.0
337,1521991758,189627842,0.0,0.0
338,1521991758,192961942,0.0,0.0
339,1521991758,196295260,0.0,0.0
340,1521991758,199628539,0.0,0.0
341,1521991758,202961485,0.0,0.0
342,1521991758,206294954,0.0,0.0
343,1521991758,209628182,0.0,0.0
344,1521991758,212961681,0.0,0.0
345,1521991758,216295590,0.0,0.0
346,1521991758,219628511,0.0,0.0
347,1521991758,222961709,0.0,0.0
348,1521991758,226294937,0.0,0.0
349,1521991758,229628225,0.0,0.0
350,1521991758,232961044,0.0,0.0
351,1521991758,236294450,0.0,0.0
352,1521991758,239630366,0.0,0.0
353,1521991758,242964362,0.0,0.0
354,1521991758,246298796,0.0,0.0
355,1521991758,249631750,0.0,0.0
356,1521991758,252964898,0.0,0.0
357,1521991758,256295495,0.0,0.0
358,1521991758,259628456,0.0,0.0
359,1521991758,262961795,0.0,0.0
360,1521991758,266294384,0.0,0.0
361,1521991758,269627761,0.0,0.0
362,1521991758,272960728,0.0,0.0
363,1521991758,276294658,0.0,0.0
364,1521991758,279628436,0.0,0.0
365,1521991758,282961854,0.0,0.0
366,1521991758,286294063,0.0,0.0
367,1521991758,289628164,0.0,0.0
368,1521991758,292961499,0.0,0.0
369,1521991758,296295014,0.0,0.0
370,1521991758,299630695,0.0,0.0
371,1521991758,302961443,0.0,0.0
372,1521991758,306294918,0.0,0.0
373,1521991758,309628106,0.0,0.0
374,1521991758,312961687,0.0,0.0
375,1521991758,316294421,0.0,0.0
376,1521991758,319628305,0.0,0.0
377,1521991758,322961505,0.0,0.0
378,1521991758,326295271,0.0,0.0
379,1521991758,329628011,0.0,0.0
380,1521991758,332961282,0.0,0.0
381,1521991758,336295056,0.0,0.0
382,1521991758,339627532,0.0,0.000351132442377
383,1521991758,342961536,0.0,0.0
384,1521991758,346295080,0.0,0.000351006876491
385,1521991758,349628027,0.0,0.000351082205243
386,1521991758,352961211,0.0,0.000702063964966
387,1521991758,356294829,0.0,0.00105302062947
388,1521991758,359627530,0.00035255394165,0.00140442928805
389,1521991758,362961849,0.00176188737804,0.00315838422051
390,1521991758,366295186,0.00317230462538,0.00386135180732
391,1521991758,369627720,0.00458320124144,0.00596882447422
392,1521991758,372961088,0.00669708754246,0.00772270361463
393,1521991758,376294395,0.00881195729271,0.0105309594745
394,1521991758,379628245,0.0109252641699,0.0129863256413
395,1521991758,382961840,0.0130407640442,0.0157953094421
396,1521991758,386294907,0.0151576507042,0.0186060258796
397,1521991758,389628439,0.0176226541138,0.0210604125895
398,1521991758,392961492,0.0176251752374,0.0231697680764
399,1521991758,396294427,0.0176264360697,0.0263311653933
400,1521991758,399628545,0.0119808341707,0.0291273211447
401,1521991758,402962510,0.00669612965252,0.0315883596681
402,1521991758,406294709,0.00176289582757,0.0344109793529
403,1521991758,409628482,0.00176226541138,0.0365047151551
404,1521991758,412961130,0.00176264360697,0.0368636315506
405,1521991758,416295167,0.00176213938224,0.0368530862794
406,1521991758,419628201,0.00352503504748,0.0372120517591
407,1521991758,422961830,0.00563924931641,0.0368557220316
408,1521991758,426294122,0.00740416247578,0.0368689064495
409,1521991758,429628387,0.00951419184142,0.0326366369453
410,1521991758,432961200,0.0102233329204,0.0263311653933
411,1521991758,436294834,0.010221139386,0.0168483300716
412,1521991758,439627522,0.0105766182495,0.0101821123384
413,1521991758,442961831,0.0109229206984,0.00526359732636
414,1521991758,446294919,0.0112801121519,0.00526585638101
415,1521991758,449627805,0.0130435626916,0.00526623307865
416,1521991758,452961639,0.0144495429344,0.00877454435225
417,1521991758,456294575,0.0165688499056,0.0140432882097
418,1521991758,459628372,0.0186786774518,0.0189530158009
419,1521991758,462961550,0.0193876927611,0.0224676538923
420,1521991758,466294954,0.020442278772,0.0252724951074
421,1521991758,469628664,0.020442278772,0.0263255157368
422,1521991758,472962986,0.0204364322744,0.0263179866318
423,1521991758,476295268,0.0200984504002,0.0263368174751
424,1521991758,479628403,0.0193876927611,0.026329281905
425,1521991758,482960953,0.0193904667907,0.0249286198629
426,1521991758,486295164,0.0193807611584,0.0249161421841
427,1521991758,489628342,0.0207977067801,0.0249250535368
428,1521991758,492961966,0.0232619034302,0.0249214882309
429,1521991758,496295014,0.0264377628561,0.0266803389971
430,1521991758,499628305,0.0296081765035,0.0287846225636
431,1521991758,502960637,0.0313795457307,0.0301973900444
432,1521991758,506295350,0.0327664192939,0.0326319702352
433,1521991758,509628281,0.0327851710897,0.0326506450876
434,1521991758,512963044,0.033118746383,0.0326319702352
435,1521991758,516295387,0.0342001790548,0.032655317141
436,1521991758,519628292,0.0352528721395,0.0326506450876
437,1521991758,522980924,0.0357456903449,0.0324579268724
438,1521991758,526295326,0.0372205362264,0.0349496501628
439,1521991758,529628002,0.0373707178149,0.0361640541673
440,1521991758,532961546,0.0377124798035,0.039312770167
441,1521991758,536295562,0.0394690995133,0.0421148010335
442,1521991758,539627710,0.0416073183724,0.0452993260572
443,1521991758,542960459,0.0426590269396,0.0463461665057
444,1521991758,546294857,0.043339330513,0.0484250954025
445,1521991758,549628104,0.0437104345888,0.0498501070735
446,1521991758,552961439,0.044764743047,0.0505486054776
447,1521991758,556294488,0.0454729521125,0.0519564496259
448,1521991758,559628121,0.0461713537781,0.0530020383502
449,1521991758,562960808,0.0497065497167,0.0544177418127
450,1521991758,566294819,0.0521555957855,0.0547492413435
451,1521991758,569628490,0.0574498524109,0.0561611002386
452,1521991758,572961887,0.0602737878822,0.0565161491798
453,1521991758,576293919,0.0631161863446,0.0579409984453
454,1521991758,579627931,0.0658993000803,0.0586097647716
455,1521991758,582961712,0.0662564407723,0.0589649380471
456,1521991758,586295247,0.0669708754246,0.0589733730572
457,1521991758,589627922,0.0673329857864,0.0607372215071
458,1521991758,592961612,0.0683758979615,0.0614262033859
459,1521991758,596294825,0.0683807885915,0.0649409167594
460,1521991758,599628353,0.0683758979615,0.0694993615452
461,1521991758,602982576,0.0686585017977,0.0711676671885
462,1521991758,606294131,0.0698931463129,0.0763196601709
463,1521991758,609628218,0.0697757294968,0.076859511886
464,1521991758,612961286,0.0740257359971,0.0793389028072
465,1521991758,616294828,0.0810642089234,0.0796785609635
466,1521991758,619628905,0.0828146284431,0.0796671652883
467,1521991758,622962426,0.0863510051575,0.0796785609635
468,1521991758,626294967,0.0884973705438,0.0797070644195
469,1521991758,629630119,0.0908873930278,0.0796386903561
470,1521991758,632961381,0.0909979774596,0.0807893625703
471,1521991758,636295347,0.0909198899503,0.0810709919894
472,1521991758,639628025,0.0913114708872,0.0853190792492
473,1521991758,642960685,0.0913049388413,0.0888237979266
474,1521991758,646294990,0.0930276535605,0.0940496634553
475,1521991758,649628231,0.0944709392725,0.0961896432264
476,1521991758,652961355,0.099405988339,0.0979449286867
477,1521991758,656294249,0.103636030396,0.0979449286867
478,1521991758,659627554,0.10469354091,0.0982959857788
479,1521991758,662960655,0.105391009221,0.0996930830252
480,1521991758,666295982,0.105330738431,0.0996360707539
481,1521991758,669627887,0.105788887221,0.101842981228
482,1521991758,672961520,0.106440830847,0.103547028565
483,1521991758,676293849,0.108594382978,0.107095394925
484,1521991758,679627512,0.11313743941,0.109865152342
485,1521991758,682974770,0.116531030399,0.10941129345
486,1521991758,686294970,0.121731412807,0.110306948158
487,1521991758,689628766,0.122292473128,0.110559258838
488,1521991758,692961588,0.122679995045,0.111995223473
489,1521991758,696294855,0.123023723157,0.113040383646
490,1521991758,699627781,0.124081233671,0.115146726198
491,1521991758,702961607,0.126169179769,0.116174967224
492,1521991758,706295100,0.131474402807,0.118297778097
493,1521991758,709627925,0.135371029016,0.118665785372
494,1521991758,712961476,0.135341983594,0.118640324254
495,1521991758,716294888,0.135341983594,0.120395358636
496,1521991758,719628120,0.135713849328,0.122869982223
497,1521991758,722961322,0.135704142308,0.124616353782
498,1521991758,726295014,0.138161608252,0.128819523672
499,1521991758,729627795,0.14418424705,0.12990041594
500,1521991758,732961332,0.145915576062,0.130925564931
501,1521991758,736294558,0.147346464985,0.130944295341
502,1521991758,739628155,0.14873520072,0.130925564931
503,1521991758,742961121,0.148756479004,0.131997466617
504,1521991758,746294955,0.153306126255,0.137935837217
505,1521991758,749627653,0.154066072501,0.137985177551
506,1521991758,752961588,0.154704773985,0.139329800086
507,1521991758,756298411,0.155287428182,0.14202573416
508,1521991758,759629147,0.155554187775,0.143323561951
509,1521991758,762961837,0.155828842209,0.145709538635
510,1521991758,766294849,0.155806549099,0.148848207036
511,1521991758,769627371,0.159365782812,0.154498274646
512,1521991758,772961173,0.169517808572,0.155835907696
513,1521991758,776294576,0.171656928062,0.155858200223
514,1521991758,779627702,0.175181710979,0.156209232205
515,1521991758,782961631,0.177271221854,0.15618688947
516,1521991758,786295071,0.182570696619,0.156198060039
517,1521991758,789627689,0.184738265424,0.156242758296
518,1521991758,792961349,0.186447680524,0.157251080668
519,1521991758,796294952,0.191029570593,0.15900611505
520,1521991758,799628341,0.196330408482,0.159017488065
521,1521991758,802961529,0.199855191399,0.160421615995
522,1521991758,806295036,0.203732452608,0.16533606375
523,1521991758,809628165,0.204789887483,0.168846383574
524,1521991758,812961878,0.205127693884,0.169185314469
525,1521991758,816294796,0.207624564297,0.170964803837
526,1521991758,819628549,0.208652224707,0.171993369481
527,1521991758,822962073,0.211471849365,0.173397396987
528,1521991758,826294665,0.212590026815,0.176606982973
529,1521991758,829628095,0.216774149401,0.177973215119
530,1521991758,832961212,0.218184062568,0.177973215119
531,1521991758,836295038,0.222381990039,0.181808558979
532,1521991758,839627984,0.225970910414,0.186073568779
533,1521991758,842960705,0.227749846306,0.186789095311
534,1521991758,846295039,0.23149544835,0.18703315833
535,1521991758,849627937,0.234431599728,0.187828979805
536,1521991758,852961296,0.237922846903,0.187802110629
537,1521991758,856295253,0.244567455913,0.187761821274
538,1521991758,859628364,0.246399949819,0.189921886808
539,1521991758,862961670,0.249202152238,0.190961398471
540,1521991758,866294745,0.253097516409,0.191677172269
541,1521991758,869628091,0.254841804905,0.193067590366
542,1521991758,872972326,0.254375536388,0.193497883598
543,1521991758,876294806,0.260261715079,0.19826916596
544,1521991758,879627692,0.261223782554,0.200116856989
545,1521991758,882960734,0.264730132066,0.201155713754
546,1521991758,886294348,0.267159436365,0.205690029624
547,1521991758,889628009,0.270683967188,0.207796070883
548,1521991758,892960899,0.271799644195,0.208191747709
549,1521991758,896294736,0.276988501942,0.21408357192
550,1521991758,899628277,0.280220241908,0.21623570121
551,1521991758,902961923,0.28476172417,0.218310663484
552,1521991758,906294858,0.287663436658,0.218373131661
553,1521991758,909627673,0.288368494101,0.219426378277
554,1521991758,912961521,0.289343286564,0.220416554128
555,1521991758,916294603,0.289757880903,0.221517025094
556,1521991758,919628448,0.293219993205,0.223926371869
557,1521991758,922961141,0.293656424922,0.225043693561
558,1521991758,926294917,0.295003229865,0.225346414707
559,1521991758,929628308,0.297822854523,0.227803462843
560,1521991758,932961153,0.2982392983,0.228203433408
561,1521991758,936293950,0.30354894376,0.232081939851
562,1521991758,939628593,0.304762932142,0.232634368451
563,1521991758,942961224,0.30777959106,0.236295227715
564,1521991758,946294785,0.307691540827,0.239737696643
565,1521991758,949628157,0.305951157203,0.244669291791
566,1521991758,952961797,0.305929275415,0.249214882309
567,1521991758,956294308,0.306016821352,0.249286198629
568,1521991758,959627633,0.305951157203,0.254147155318
569,1521991758,962961251,0.307691540827,0.254479985456
570,1521991758,966294847,0.32989608501,0.254830992333
571,1521991758,969627772,0.333468315492,0.255218505933
572,1521991758,972961203,0.333796942248,0.255200251265
573,1521991758,976294302,0.341223392596,0.255569563025
574,1521991758,979628174,0.348198741931,0.258673567504
575,1521991758,982961895,0.348551169807,0.262534367019
576,1521991758,986294082,0.354014810558,0.263368174751
577,1521991758,989627978,0.355926700968,0.265674203186
578,1521991758,992961671,0.357034972345,0.270626301775
579,1521991758,996295225,0.358444784674,0.275891404922
580,1521991758,999628394,0.359201071338,0.282600959114
581,1521991759,2961767,0.36091195625,0.283964563081
582,1521991759,6294873,0.362726106386,0.285760472943
583,1521991759,9628101,0.364841127414,0.286111530035
584,1521991759,12961213,0.365193630919,0.289973158047
585,1521991759,16294396,0.369749728002,0.289952417531
586,1521991759,19628039,0.370075736389,0.290633693735
587,1521991759,22961223,0.371538694004,0.291377386416
588,1521991759,26295126,0.374604042702,0.295505520585
589,1521991759,29627997,0.377205731892,0.296313381225
590,1521991759,32961306,0.37750425042,0.297324089163
591,1521991759,36294646,0.382086468212,0.306099888725
592,1521991759,39627434,0.383551248878,0.306494765178
593,1521991759,42960964,0.388783555755,0.31101433648
594,1521991759,46294997,0.388700149671,0.310947614297
595,1521991759,49627525,0.390982321289,0.310027765338
596,1521991759,52961966,0.3921680883,0.310552242255
597,1521991759,56295061,0.392336400785,0.309983412295
598,1521991759,59628738,0.389813108997,0.309939071942
599,1521991759,62961518,0.389896765863,0.31070775164
600,1521991759,66294596,0.389868876251,0.314547154492
601,1521991759,69627839,0.388811365737,0.317355611229
602,1521991759,72970664,0.387674409315,0.321328032169
603,1521991759,76294520,0.383536253574,0.325988276609
604,1521991759,79627880,0.380649328858,0.329946463902
605,1521991759,82961606,0.380649328858,0.330648477655
606,1521991759,86295403,0.382384245947,0.334134648934
607,1521991759,89627991,0.386399120048,0.334605277878
608,1521991759,92961999,0.39856742455,0.335865538242
609,1521991759,96295299,0.401825252548,0.335937607236
610,1521991759,99628390,0.403969016441,0.3363126942
611,1521991759,102962423,0.404558270012,0.338673191644
612,1521991759,106295372,0.407523201932,0.342656232318
613,1521991759,109627929,0.410020234138,0.347596248793
614,1521991759,112961830,0.414102754827,0.35098177409
615,1521991759,116295242,0.414132371674,0.355218959009
616,1521991759,119628541,0.414544121584,0.357727176816
617,1521991759,122962514,0.41442554489,0.357624852109
618,1521991759,126294043,0.412958839613,0.35752956589
619,1521991759,129627677,0.412722559345,0.357325000268
620,1521991759,132961331,0.412722559345,0.357325000268
621,1521991759,136294953,0.41201765318,0.357325000268
622,1521991759,139627603,0.412106075311,0.364423329043
623,1521991759,142961137,0.414866949341,0.365073261783
624,1521991759,146295370,0.414395911315,0.37093468012
625,1521991759,149627508,0.415015370545,0.372929335448
626,1521991759,152963341,0.416654003196,0.374958178906
627,1521991759,156295073,0.417190697919,0.379655658867
628,1521991759,159628879,0.416569749962,0.379411297791
629,1521991759,162960979,0.417130996903,0.380303644341
630,1521991759,166294556,0.41659954325,0.38014044724
631,1521991759,169628239,0.412722559345,0.380491454116
632,1521991759,172961173,0.410666583031,0.381248001985
633,1521991759,176294564,0.40852234009,0.383326924872
634,1521991759,179628000,0.40852234009,0.385784148749
635,1521991759,182961307,0.40852234009,0.385784148749
636,1521991759,186294017,0.403645385997,0.386541507973
637,1521991759,189628178,0.39610060583,0.387807126183
638,1521991759,192961102,0.395156428823,0.389673372194
639,1521991759,196294425,0.392688904289,0.389673372194
640,1521991759,199628430,0.392576579088,0.391316692936
641,1521991759,202961657,0.392660816963,0.393857884346
642,1521991759,206295120,0.393365773547,0.393506852364
643,1521991759,209628775,0.394719221622,0.394503514077
644,1521991759,212961510,0.394860414648,0.395346844587
645,1521991759,216296557,0.39595903009,0.3953868019
646,1521991759,219630051,0.393365773547,0.397719236154
647,1521991759,222964069,0.396805411179,0.399739653142
648,1521991759,226296815,0.393422053077,0.399882631772
649,1521991759,229629754,0.394832167962,0.405148864851
650,1521991759,232962779,0.394451421813,0.406875169706
651,1521991759,236296050,0.394451421813,0.412141026087
652,1521991759,239628722,0.392364466912,0.412521591161
653,1521991759,242962673,0.394366793746,0.415211438748
654,1521991759,246295307,0.394507860706,0.415359961941
655,1521991759,249629177,0.402091451292,0.415181746855
656,1521991759,252962410,0.402206498918,0.417055825376
657,1521991759,256295467,0.407846554994,0.41951322502
658,1521991759,259629081,0.417656902497,0.419453217407
659,1521991759,262962614,0.423648604895,0.423314293048
660,1521991759,266296268,0.423618307491,0.423284019552
661,1521991759,269628671,0.423800156947,0.423465725506
662,1521991759,272962399,0.423648604895,0.423314293048
663,1521991759,276295370,0.423709212707,0.422321681757
664,1521991759,279628646,0.418039253966,0.422291474927
665,1521991759,282962124,0.417686775675,0.42264250691
666,1521991759,286296132,0.416892363609,0.422551837036
667,1521991759,289628901,0.415278833803,0.427969208192
668,1521991759,292968631,0.413715506835,0.430236405242
669,1521991759,296303480,0.414336656877,0.430882359665
670,1521991759,299629014,0.414435246828,0.435253912243
671,1521991759,302961990,0.409961576022,0.434608679979
672,1521991759,306295216,0.408904065508,0.43987453636
673,1521991759,309628189,0.405731533965,0.440576650544
674,1521991759,312961554,0.405702513757,0.440896169999
675,1521991759,316294739,0.409961576022,0.440927707636
676,1521991759,319628499,0.407406625174,0.440482126483
677,1521991759,322961050,0.411077895963,0.439937474482
678,1521991759,326294036,0.411048489146,0.437097345528
679,1521991759,329627566,0.409902934687,0.433493492466
680,1521991759,332960757,0.409932253257,0.433524498367
681,1521991759,336294565,0.409873620309,0.43591936342
682,1521991759,339627565,0.409990902982,0.436044098912
683,1521991759,342961825,0.410519759083,0.437611680331
684,1521991759,346294691,0.413163661475,0.445874400659
685,1521991759,349627382,0.413163661475,0.448331976096
686,1521991759,352961705,0.414748288791,0.448139627733
687,1521991759,356295110,0.414866949341,0.448267841631
688,1521991759,359628372,0.412752079591,0.449671969561
689,1521991759,362961423,0.41278160406,0.455321048411
690,1521991759,366295023,0.411665200098,0.455606925685
691,1521991759,369627869,0.411401017868,0.457460113432
692,1521991759,372960941,0.411371590041,0.459182676424
693,1521991759,376294607,0.411312747016,0.45911699445
694,1521991759,379630950,0.410960042073,0.459424708639
695,1521991759,382962297,0.408432782551,0.457689301866
696,1521991759,386293856,0.408021671591,0.454111717776
697,1521991759,389628010,0.40772989408,0.453786981135
698,1521991759,392961559,0.410255387769,0.459819008203
699,1521991759,396294129,0.41037278808,0.459950591837
700,1521991759,399628442,0.410167381608,0.460422233035
701,1521991759,402961859,0.410255387769,0.461925049462
702,1521991759,406294811,0.410343431704,0.462726346511
703,1521991759,409628108,0.40852234009,0.467574600668
704,1521991759,412961962,0.408463908804,0.46856066841
705,1521991759,416294453,0.40863925283,0.469112943015
706,1521991759,419628078,0.405996913669,0.468911650184
707,1521991759,422961889,0.398595928263,0.476633249214
708,1521991759,426295190,0.398652947922,0.476701432212
709,1521991759,429628025,0.398709983898,0.470099072821
710,1521991759,432961332,0.40608403747,0.470065446278
711,1521991759,436294303,0.418774163641,0.469714389186
712,1521991759,439628470,0.419711585003,0.469580031523
713,1521991759,442963557,0.420266123574,0.46976302373
714,1521991759,446295025,0.423568796583,0.472759563873
715,1521991759,449628320,0.425088819801,0.474244208335
716,1521991759,452961499,0.425471730231,0.474980245567
717,1521991759,456294362,0.426912281609,0.4753653059
718,1521991759,459628213,0.428904725638,0.479792085181
719,1521991759,462961848,0.430314437143,0.481897975825
720,1521991759,466294878,0.434315384758,0.488004265288
721,1521991759,469628483,0.43665813892,0.491023501952
722,1521991759,472961077,0.437166887645,0.491550250818
723,1521991759,476294307,0.443096905468,0.491479928894
724,1521991759,479628529,0.44610988412,0.4909532805
725,1521991759,482961131,0.446333290128,0.490848036174
726,1521991759,486294716,0.446205602161,0.487548551446
727,1521991759,489627955,0.451204486078,0.486916186697
728,1521991759,492961195,0.452582126554,0.486881359704
729,1521991759,496294438,0.451172213387,0.486530327722
730,1521991759,499628662,0.447903798941,0.486425951936
731,1521991759,502961357,0.451236763385,0.487302100878
732,1521991759,506294790,0.447999908762,0.487232391687
733,1521991759,509628341,0.44303352442,0.48719754457
734,1521991759,512960842,0.431173470637,0.49541243136
735,1521991759,516290618,0.431543947628,0.495838104365
736,1521991759,519628191,0.423486162772,0.498175065864
737,1521991759,522961701,0.417686775675,0.499167479091
738,1521991759,526294044,0.417806311133,0.49931033306
739,1521991759,529628274,0.416157798693,0.501481227902
740,1521991759,532961425,0.416306639107,0.502362698748
741,1521991759,536294846,0.416247090168,0.501588826506
742,1521991759,539624661,0.423075382834,0.502163466433
743,1521991759,542961783,0.424954975254,0.501752556155
744,1521991759,546295048,0.43319582051,0.502326766934
745,1521991759,549627436,0.43614042774,0.50387505481
746,1521991759,552961329,0.436305711043,0.503658845819
747,1521991759,556295952,0.437269180216,0.503550810888
748,1521991759,559627936,0.44040288684,0.50777384092
749,1521991759,562961451,0.440245386344,0.511102566496
750,1521991759,566294867,0.440213899762,0.511066012171
751,1521991759,569628003,0.44098188444,0.515351811155
752,1521991759,572961168,0.443801912478,0.519564496259
753,1521991759,576294818,0.443706696449,0.518049098557
754,1521991759,579627633,0.443865412537,0.518234407291
755,1521991759,582961264,0.444763980078,0.518049098557
756,1521991759,586295337,0.444732174873,0.518012052711
757,1521991759,589627863,0.444923074362,0.518234407291
758,1521991759,592961351,0.445885039011,0.513910822355
759,1521991759,596295322,0.446846590919,0.513800572608
760,1521991759,599628519,0.449089465049,0.513947582786
761,1521991759,602961464,0.450499479068,0.513596525694
762,1521991759,606295138,0.451492398395,0.513523060306
763,1521991759,609628493,0.451524691679,0.516719078215
764,1521991759,612961072,0.45303181502,0.519638836579
765,1521991759,616294053,0.452614500097,0.519564496259
766,1521991759,619628737,0.452420328282,0.519341602868
767,1521991759,622961344,0.45091649137,0.522447695155
768,1521991759,626294866,0.446910508326,0.523000245972
769,1521991759,629627712,0.445596303843,0.522410321402
770,1521991759,632961223,0.441623712091,0.524404273478
771,1521991759,636293635,0.434024952747,0.527049796007
772,1521991759,639627133,0.433869744281,0.526861321613
773,1521991759,642961575,0.433776672473,0.527801096406
774,1521991759,646294882,0.446589995595,0.529356229585
775,1521991759,649628090,0.459631692388,0.529356229585
776,1521991759,652961423,0.46421391018,0.529356229585
777,1521991759,656294514,0.466362136782,0.527989866469
778,1521991759,659628140,0.468762599427,0.530371390378
779,1521991759,662961996,0.475425205329,0.535598187261
780,1521991759,666294902,0.475561245162,0.535751445201
781,1521991759,669628123,0.47443578064,0.535674805269
782,1521991759,672961326,0.475527227905,0.537117350863
783,1521991759,676295008,0.4743679217,0.537002114357
784,1521991759,679628444,0.47443578064,0.540589253024
785,1521991759,682961427,0.477994752438,0.54343637852
786,1521991759,686294624,0.477994752438,0.54343637852
787,1521991759,689628192,0.477926379566,0.543358644808
788,1521991759,692960767,0.478415698818,0.543514134476
789,1521991759,696294766,0.48032484497,0.54117519328
790,1521991759,699628343,0.481098457306,0.541252603549
791,1521991759,702961353,0.484339815524,0.547298006533
792,1521991759,706294790,0.483600216224,0.541642348972
793,1521991759,709628684,0.488465036757,0.548233531128
794,1521991759,712961403,0.488604807853,0.550496897822
795,1521991759,716294965,0.487442612787,0.550378782338
796,1521991759,719628319,0.48677252085,0.553577436376
797,1521991759,722961156,0.486842164246,0.554709884285
798,1521991759,726294723,0.479336191895,0.553537844226
799,1521991759,729628316,0.475106754908,0.557047912991
800,1521991759,732961477,0.467419647296,0.557829719295
801,1521991759,736295182,0.466614508418,0.557008075481
802,1521991759,739627206,0.466881622269,0.55802930059
803,1521991759,742962393,0.466414373522,0.558874157433
804,1521991759,746294872,0.491812748601,0.559665071289
805,1521991759,749627332,0.494668569215,0.559705113148
806,1521991759,752961313,0.494773354613,0.55977589707
807,1521991759,756294556,0.501612487256,0.559936061847
808,1521991759,759628267,0.502209723939,0.56297476564
809,1521991759,762961426,0.504432515294,0.563095575676
810,1521991759,766294440,0.504432515294,0.563095575676
811,1521991759,769627857,0.505101392018,0.563757363868
812,1521991759,772961880,0.50534543484,0.563636420498
813,1521991759,776293920,0.506692512721,0.563959051534
814,1521991759,779628112,0.50534543484,0.563285463822
815,1521991759,782961437,0.506511305185,0.563757363868
816,1521991759,786293550,0.506692512721,0.563607893968
817,1521991759,789628232,0.505237045886,0.558603189403
818,1521991759,792961023,0.50552618648,0.558922870748
819,1521991759,796295073,0.512745890999,0.56714598725
820,1521991759,799627985,0.512929289629,0.567348843673
821,1521991759,802962362,0.514471114388,0.567456364952
822,1521991759,806294906,0.514728754808,0.573358256847
823,1521991759,809628038,0.512892599408,0.576435745174
824,1521991759,812961207,0.515360123942,0.576435745174
825,1521991759,816293911,0.512576760908,0.57647698101
826,1521991759,819627731,0.510315565097,0.576312073055
827,1521991759,822961702,0.501821408098,0.574867034107
828,1521991759,826295397,0.499426017585,0.57319422931
829,1521991759,829628024,0.499568935317,0.567740539695
830,1521991759,832961264,0.499814217643,0.57253316343
831,1521991759,836294332,0.499849969733,0.567659317873
832,1521991759,839628497,0.506050240189,0.567496943926
833,1521991759,842961302,0.515044461958,0.571210747931
834,1521991759,846294399,0.515360123942,0.572574117161
835,1521991759,849627400,0.515360123942,0.574329402622
836,1521991759,852961226,0.519126262008,0.57666305483
837,1521991759,856294810,0.515286406287,0.574247249939
838,1521991759,859628497,0.520573202521,0.574247249939
839,1521991759,862960660,0.522559710406,0.576951881488
840,1521991759,866294681,0.522260763203,0.572059380704
841,1521991759,869628536,0.522298112897,0.565431638059
842,1521991759,872961184,0.523505151271,0.566295597058
843,1521991759,876294570,0.523430263187,0.564810459816
844,1521991759,879628294,0.523392827179,0.564770064274
845,1521991759,882961849,0.524450186426,0.56617409178
846,1521991759,886293998,0.525027941157,0.572386833126
847,1521991759,889627936,0.525784789945,0.577323730834
848,1521991759,892961351,0.528012480979,0.58095793101
849,1521991759,896294741,0.52973698266,0.590393566258
850,1521991759,899628100,0.530832307313,0.592541986432
851,1521991759,902961141,0.530870278151,0.592584371409
852,1521991759,906295105,0.530756381931,0.592457234664
853,1521991759,909627812,0.524562737435,0.589467022604
854,1521991759,912960930,0.519942669503,0.588371686304
855,1521991759,916294816,0.518068978379,0.587192508052
856,1521991759,919628562,0.518068978379,0.585788580956
857,1521991759,922961433,0.51821722045,0.585956200551
858,1521991759,926294509,0.520647676513,0.58591428666
859,1521991759,929627846,0.531889742188,0.586574442729
860,1521991759,932961289,0.531889742188,0.587627538677
861,1521991759,936294408,0.531927788665,0.58766957212
862,1521991759,939628066,0.531813665561,0.589298398697
863,1521991759,942961331,0.535452823712,0.58766957212
864,1521991759,946294919,0.532166093437,0.587543489826
865,1521991759,949627433,0.535567752415,0.581124192133
866,1521991759,952961537,0.536004467498,0.578727557535
867,1521991759,956294862,0.536119481689,0.578851739115
868,1521991759,959628096,0.537529394856,0.57534141929
869,1521991759,962961872,0.537452511584,0.573153237089
870,1521991759,966294705,0.536548713963,0.573317241163
871,1521991759,969628349,0.536081138141,0.57319422931
872,1521991759,972961305,0.536548713963,0.578232392036
873,1521991759,976294944,0.536042800078,0.579119927248
874,1521991759,979628376,0.536119481689,0.581308962992
875,1521991759,982961753,0.536119481689,0.584468250835
876,1521991759,986294624,0.536196185241,0.58455187173
877,1521991759,989628528,0.534242454127,0.58574669104
878,1521991759,992961138,0.534471775541,0.58599812044
879,1521991759,996294562,0.531537263897,0.584819282817
880,1521991759,999627699,0.530165271141,0.584861115384
881,1521991760,2961154,0.527974717249,0.584777456234
882,1521991760,6294633,0.524802639508,0.584777456234
883,1521991760,9628168,0.524840176354,0.587978570659
884,1521991760,12961095,0.528050250113,0.589073800489
885,1521991760,16294728,0.534671325812,0.588989538752
886,1521991760,19628417,0.534985516449,0.589649380471
887,1521991760,22961076,0.536587099191,0.593371374202
888,1521991760,26295759,0.539803693869,0.594786497879
889,1521991760,29629467,0.539919506719,0.594914107082
890,1521991760,32971234,0.539703086433,0.595614342766
891,1521991760,36296605,0.541274337715,0.596406937147
892,1521991760,39627512,0.54038325549,0.593668675728
893,1521991760,42961694,0.550100574467,0.59171295452
894,1521991760,46294909,0.550218613357,0.591839922467
895,1521991760,49628133,0.550257970912,0.591882257225
896,1521991760,52961209,0.550257970912,0.591882257225
897,1521991760,56294770,0.547712089856,0.591446586887
898,1521991760,59627967,0.547751265315,0.591488890484
899,1521991760,62962165,0.547633755747,0.592765824546
900,1521991760,66295021,0.545009403276,0.589818104809
901,1521991760,69634553,0.544975401256,0.591442101257
902,1521991760,72976804,0.544508912575,0.590935837956
903,1521991760,76294874,0.544250517887,0.592445734506
904,1521991760,79627611,0.540465192549,0.588455871694
905,1521991760,82960959,0.535767003397,0.588329602642
906,1521991760,86294980,0.535652064824,0.586448604391
907,1521991760,89627715,0.534786070356,0.586658364962
908,1521991760,92961561,0.534633088572,0.586490544504
909,1521991760,96294543,0.535805327217,0.587318515028
910,1521991760,99628375,0.536747655831,0.587192508052
911,1521991760,102962199,0.543443785483,0.590000362245
912,1521991760,106294954,0.544695839849,0.591966944914
913,1521991760,109628208,0.547398787023,0.594297146344
914,1521991760,112961331,0.548495453388,0.59609494233
915,1521991760,116294908,0.548416996021,0.596009676282
916,1521991760,119627845,0.548847956893,0.596797056514
917,1521991760,122961573,0.550884167597,0.596711690035
918,1521991760,126294845,0.550923569941,0.599211594099
919,1521991760,129627942,0.551315481426,0.599254456159
920,1521991760,132961087,0.553430502454,0.599605513251
921,1521991760,136294442,0.556563222608,0.599562626081
922,1521991760,139628314,0.557501030626,0.601188784753
923,1521991760,142961324,0.560520667018,0.603861393019
924,1521991760,146295108,0.560360323553,0.601231779016
925,1521991760,149627817,0.562988368067,0.602457064198
926,1521991760,152960929,0.562948097083,0.602413969987
927,1521991760,156294424,0.561497918692,0.602370881941
928,1521991760,159628499,0.555739017255,0.600486871402
929,1521991760,162961789,0.555505787733,0.602370881941
930,1521991760,166294598,0.554175150033,0.600701653172
931,1521991760,169627850,0.549866135065,0.600615722029
932,1521991760,172961173,0.54246409094,0.600615722029
933,1521991760,176294252,0.541092879788,0.600658684527
934,1521991760,179632364,0.540281298439,0.599757760852
935,1521991760,182961612,0.543124495519,0.60240129935
936,1521991760,186294706,0.556250530492,0.600658684527
937,1521991760,189638866,0.556182975279,0.604287242267
938,1521991760,192961495,0.564725487745,0.608189786168
939,1521991760,196294941,0.562867572394,0.604433841318
940,1521991760,199628195,0.562948097083,0.60452031254
941,1521991760,202961303,0.56717813914,0.608381940552
942,1521991760,206295258,0.563491876088,0.605049308181
943,1521991760,209627938,0.567259292114,0.606362345116
944,1521991760,212961426,0.567449462464,0.607592903206
945,1521991760,216294937,0.567097009381,0.6061888757
946,1521991760,219627994,0.568235649654,0.606275598
947,1521991760,222961764,0.568154368628,0.6061888757
948,1521991760,226294851,0.571055677692,0.607679826368
949,1521991760,229628259,0.566744556299,0.603731827565
950,1521991760,232961399,0.571055677692,0.606977712184
951,1521991760,236294496,0.566825635635,0.603818198355
952,1521991760,239627086,0.566906738173,0.606713452439
953,1521991760,242961592,0.56411600123,0.604260973066
954,1521991760,246294791,0.564358111102,0.60452031254
955,1521991760,249627701,0.561578253182,0.602105981993
956,1521991760,252961673,0.556091419929,0.601890698103
957,1521991760,256294452,0.550297334097,0.595435420093
958,1521991760,259628097,0.544187559034,0.590042559381
959,1521991760,262961321,0.544226482398,0.590084762554
960,1521991760,266294956,0.544187559034,0.590042559381
961,1521991760,269627899,0.553822621311,0.593680009067
962,1521991760,272960924,0.557308041007,0.593637542685
963,1521991760,276294253,0.557268179191,0.596052306257
964,1521991760,279628422,0.563803960973,0.602198591378
965,1521991760,282961543,0.566825635635,0.605573483816
966,1521991760,286294936,0.566785093067,0.604126041854
967,1521991760,289627943,0.566825635635,0.604169255447
968,1521991760,292960951,0.566866184003,0.604212475224
969,1521991760,296294124,0.566785093067,0.598158498151
970,1521991760,299627567,0.566080136484,0.597807466169
971,1521991760,302961221,0.566039650135,0.595658669405
972,1521991760,306295107,0.566663500156,0.597328261324
973,1521991760,309628090,0.567923770167,0.597541913324
974,1521991760,312961661,0.569211727875,0.597413703788
975,1521991760,316295452,0.571285587723,0.597721961275
976,1521991760,319628533,0.572113188206,0.599605513251
977,1521991760,322960961,0.572941143959,0.603245536003
978,1521991760,326294889,0.572654345617,0.602943568129
979,1521991760,329628231,0.572777224026,0.607987393661
980,1521991760,332961297,0.569293160168,0.609786168921
981,1521991760,336294689,0.568899962818,0.607987393661
982,1521991760,339627892,0.567490049651,0.602370881941
983,1521991760,342961087,0.564710614606,0.605573483816
984,1521991760,346294470,0.564670223317,0.603423977889
985,1521991760,349628305,0.56458945807,0.60333766966
986,1521991760,352961476,0.573834658902,0.605530169784
987,1521991760,356293855,0.579992727269,0.609214787523
988,1521991760,359628117,0.583184722131,0.61272653878
989,1521991760,362961708,0.583309851166,0.617772102624
990,1521991760,366294633,0.583435033908,0.617904681228
991,1521991760,369628159,0.591768725141,0.620931164513
992,1521991760,372961596,0.591811051779,0.620975577013
993,1521991760,376294401,0.588370436008,0.611234119329
994,1521991760,379627497,0.588328349425,0.60803088346
995,1521991760,382961426,0.5920364927,0.609611744959
996,1521991760,386294748,0.588286268862,0.607987393661
997,1521991760,389628023,0.592205887977,0.60803088346
998,1521991760,392961040,0.592205887977,0.609786168921
999,1521991760,396294473,0.593925921529,0.612901841416
1000,1521991760,399628581,0.593756046399,0.61518305984
1001,1521991760,402964818,0.594120939533,0.616585005546
1002,1521991760,406294709,0.595226913932,0.617732797494
1003,1521991760,409627548,0.59193806803,0.617246672099
1004,1521991760,412960663,0.588991225445,0.615359065293
1005,1521991760,416294581,0.586792414287,0.614218104657
1006,1521991760,419627860,0.586876355695,0.613252873398
1007,1521991760,422984505,0.582791272744,0.608635602304
1008,1521991760,426295266,0.589826755868,0.614620927395
1009,1521991760,429628117,0.58378756263,0.608425461687
1010,1521991760,432961264,0.586918335406,0.610488283105
1011,1521991760,436294107,0.584492620073,0.612989530355
1012,1521991760,439626979,0.584492620073,0.617202516818
1013,1521991760,442961353,0.586666547188,0.616893606649
1014,1521991760,446294710,0.591811051779,0.617114225206
1015,1521991760,449627817,0.591853384472,0.617158367854
1016,1521991760,452960821,0.594363424272,0.616500352407
1017,1521991760,456294415,0.594235896717,0.610751965094
1018,1521991760,459627611,0.597803182738,0.608338425643
1019,1521991760,462961566,0.597674935487,0.607506004908
1020,1521991760,466295137,0.589654006647,0.598115717541
1021,1521991760,469628147,0.589780550894,0.598244077735
1022,1521991760,472961510,0.593573443237,0.606934297714
1023,1521991760,476294246,0.592600780665,0.607021132866
1024,1521991760,479627237,0.592600780665,0.607021132866
1025,1521991760,482965795,0.592640884803,0.608083631023
1026,1521991760,486295323,0.59319486666,0.609738280359
1027,1521991760,489627904,0.592643175913,0.60530902315
1028,1521991760,492961450,0.595293255964,0.603731827565
1029,1521991760,496294823,0.595335834696,0.602019849959
1030,1521991760,499628380,0.590006459729,0.599519745047
1031,1521991760,502962175,0.589964265175,0.599125888371
1032,1521991760,506295053,0.589780550894,0.59789299553
1033,1521991760,509627884,0.589428022172,0.59789299553
1034,1521991760,512961004,0.589385859939,0.599254456159
1035,1521991760,516294632,0.586087558534,0.601933742564
1036,1521991760,519628661,0.586045647238,0.606804091557
1037,1521991760,522961221,0.588807206407,0.609917052408
1038,1521991760,526294748,0.5885966474,0.606890889453
1039,1521991760,529628779,0.588512465958,0.601890698103
1040,1521991760,532961184,0.594801052221,0.599383079137
1041,1521991760,536295011,0.594545827568,0.59561607063
1042,1521991760,539628160,0.592868486654,0.593244050397
1043,1521991760,542962095,0.593136116063,0.58613956273
1044,1521991760,546294833,0.592953309386,0.585605118346
1045,1521991760,549628104,0.589738363444,0.584510058292
1046,1521991760,552960845,0.588722964729,0.585605118346
1047,1521991760,556294405,0.586834381989,0.584075442481
1048,1521991760,559627734,0.582294137903,0.579202771097
1049,1521991760,562961770,0.583226425844,0.579429470885
1050,1521991760,566295392,0.581547585755,0.577757318704
1051,1521991760,569628248,0.580967332859,0.573317241163
1052,1521991760,572960812,0.581714003722,0.573358256847
1053,1521991760,576299968,0.582351898537,0.571201597984
1054,1521991760,579628536,0.581716377482,0.569134934471
1055,1521991760,582967971,0.57980597887,0.567265854227
1056,1521991760,586294780,0.581301873874,0.563441349552
1057,1521991760,589628220,0.580179268152,0.562353235938
1058,1521991760,592961286,0.580220768815,0.562393461491
1059,1521991760,596294427,0.580220768815,0.568010374965
1060,1521991760,599627709,0.580179268152,0.567969747658
1061,1521991760,602961795,0.580054801776,0.567847900601
1062,1521991760,606295110,0.580179268152,0.563757363868
1063,1521991760,609628046,0.581672390301,0.563838021621
1064,1521991760,612961052,0.581630782834,0.562744518584
1065,1521991760,616294673,0.581547585755,0.562664023015
1066,1521991760,619627528,0.58625526368,0.562784775005
1067,1521991760,622960532,0.586213328396,0.562744518584
1068,1521991760,626294569,0.582521620496,0.555564416966
1069,1521991760,629628531,0.582563279769,0.555604148384
1070,1521991760,632961437,0.586565831901,0.559936061847
1071,1521991760,636294601,0.582688293349,0.555723376742
1072,1521991760,639627994,0.584056529361,0.555683628271
1073,1521991760,642960610,0.584181881313,0.552291817526
1074,1521991760,646294684,0.580759607125,0.551703893538
1075,1521991760,649627742,0.578105747787,0.551510691637
1076,1521991760,652960599,0.580967332859,0.551901226643
1077,1521991760,656294822,0.580718079802,0.55166444385
1078,1521991760,659627752,0.578147103087,0.553305555464
1079,1521991760,662960815,0.584803314377,0.555021262558
1080,1521991760,666294571,0.584677847028,0.558412002577
1081,1521991760,669627998,0.590401138612,0.560949108008
1082,1521991760,672976569,0.581395111214,0.566080498277
1083,1521991760,676294551,0.586742425594,0.571286958274
1084,1521991760,679627873,0.584056529361,0.569373875588
1085,1521991760,682960386,0.584223677255,0.569536821535
1086,1521991760,686295278,0.58341194867,0.566983806528
1087,1521991760,689628291,0.583745803863,0.56730826078
1088,1521991760,692961420,0.580925775825,0.560989233123
1089,1521991760,696294603,0.580925775825,0.559233947663
1090,1521991760,699627739,0.580925775825,0.559233947663
1091,1521991760,702961428,0.580801140387,0.558412002577
1092,1521991760,706294344,0.580967332859,0.556114213106
1093,1521991760,709627998,0.584677847028,0.555955130158
1094,1521991760,712961486,0.589696182028,0.562704267921
1095,1521991760,716294645,0.584803314377,0.557829719295
1096,1521991760,719627835,0.586171399111,0.560598076026
1097,1521991760,722960836,0.586213328396,0.560638176031
1098,1521991760,726294876,0.584283633867,0.558723027044
1099,1521991760,729627732,0.583435033908,0.558922870748
1100,1521991760,732961103,0.582646616194,0.559896012061
1101,1521991760,736294436,0.579121833277,0.558842916113
1102,1521991760,739619527,0.580575243873,0.560949259033
1103,1521991760,742961567,0.579702549938,0.558068081501
1104,1521991760,746294927,0.581236703027,0.558140852148
1105,1521991760,749627565,0.58136144978,0.556153998069
1106,1521991760,752970086,0.579661198732,0.554527468793
1107,1521991760,756294936,0.583402147069,0.557430129428
1108,1521991760,759627975,0.581983286339,0.55537231965
1109,1521991760,762961419,0.581941659611,0.555332596288
1110,1521991760,766294651,0.581589181319,0.554279500341
1111,1521991760,769628039,0.580179268152,0.548662988621
1112,1521991760,772961508,0.578023054932,0.545113679191
1113,1521991760,776292980,0.574868558226,0.54335738879
1114,1521991760,779627822,0.577816426257,0.537901186781
1115,1521991760,782961500,0.577981717375,0.537704077906
1116,1521991760,786295088,0.578023054932,0.537742534784
1117,1521991760,789627857,0.578893572189,0.535789773392
1118,1521991760,792960951,0.58057327232,0.534308894126
1119,1521991760,796294284,0.580531746444,0.533919645357
1120,1521991760,799628658,0.583495376663,0.533377862404
1121,1521991760,802961393,0.583829327372,0.53368312946
1122,1521991760,806294912,0.581195132673,0.532477431637
1123,1521991760,809627964,0.580220768815,0.532553608666
1124,1521991760,812960850,0.578499631809,0.532591705354
1125,1521991760,816294569,0.573752582858,0.53033346065
1126,1521991760,819628236,0.573793617945,0.530371390378
1127,1521991760,822961696,0.574146071027,0.534232466019
1128,1521991760,826294454,0.572547601239,0.532278700172
1129,1521991760,829628191,0.574105010734,0.535949169035
1130,1521991760,832961056,0.576384459481,0.540666596075
1131,1521991760,836294990,0.57657200587,0.541213895647
1132,1521991760,839629121,0.576489550095,0.540434633288
1133,1521991760,842961958,0.57885216053,0.541368760485
1134,1521991760,846294662,0.578893572189,0.541407490544
1135,1521991760,849627203,0.577835910364,0.540354168578
1136,1521991760,852961374,0.577587983057,0.539771366579
1137,1521991760,856295102,0.577629289499,0.53980996855
1138,1521991760,859628171,0.577753244282,0.539925807599
1139,1521991760,862961309,0.577753244282,0.537117350863
1140,1521991760,866294390,0.578105747787,0.530798323205
1141,1521991760,869627373,0.578105747787,0.530798323205
1142,1521991760,872960769,0.578064398402,0.52865416562
1143,1521991760,876293122,0.578229831442,0.528103193334
1144,1521991760,879627645,0.581381262979,0.52776335859
1145,1521991760,882960843,0.583393300358,0.529745151929
1146,1521991760,886295141,0.581422834753,0.529555754306
1147,1521991760,889627843,0.581672390301,0.530485212123
1148,1521991760,892961296,0.580884224736,0.530409325532
1149,1521991760,896294949,0.580137773426,0.530371390378
1150,1521991760,899628220,0.579826789861,0.529707261567
1151,1521991760,902961906,0.574105010734,0.527174624683
1152,1521991760,906295021,0.572818195216,0.522372952996
1153,1521991760,909628361,0.574187137193,0.525143845795
1154,1521991760,912961136,0.576031930759,0.525921143455
1155,1521991760,916295439,0.575784795143,0.524993643765
1156,1521991760,919629202,0.576260789521,0.525106287231
1157,1521991760,922971928,0.576766732263,0.523995712589
1158,1521991760,926294573,0.580284612016,0.527191725474
1159,1521991760,929627953,0.581236703027,0.525494877777
1160,1521991760,932961426,0.581900038837,0.528967362872
1161,1521991760,936294946,0.581195132673,0.531424411007
1162,1521991760,939637170,0.576538618495,0.530059645792
1163,1521991760,942962024,0.579556712374,0.532834429165
1164,1521991760,946294958,0.578105747787,0.531149380298
1165,1521991760,949628179,0.578105747787,0.531149380298
1166,1521991760,952961440,0.578064398402,0.531111389497
1167,1521991760,956294553,0.578810754796,0.531149380298
1168,1521991760,959627617,0.579163258301,0.532553608666
1169,1521991760,962960780,0.582688293349,0.534308894126
1170,1521991760,966294729,0.582521620496,0.53450701645
1171,1521991760,969627704,0.58131986158,0.534698198586
1172,1521991760,972960878,0.581236703027,0.537780997164
1173,1521991760,976294287,0.580531746444,0.544801636814
1174,1521991760,979627928,0.579432867261,0.545815692944
1175,1521991760,982961503,0.579432867261,0.547570727326
1176,1521991760,986294257,0.577089516923,0.54768824018
1177,1521991760,989627983,0.576219577993,0.547882549354
1178,1521991760,992961649,0.574146071027,0.548974754832
1179,1521991760,996294453,0.573916758431,0.548039322385
1180,1521991760,999627813,0.573834658902,0.546205764744
1181,1521991761,2960871,0.574228209235,0.544840606888
1182,1521991761,6294964,0.574063956314,0.543631890007
1183,1521991761,9628044,0.577400740777,0.540978978875
1184,1521991761,12961040,0.583040796853,0.530447266113
1185,1521991761,16294626,0.582957398084,0.525808300984
1186,1521991761,19628577,0.580801140387,0.52436677049
1187,1521991761,22961089,0.583124219488,0.525958768376
1188,1521991761,26294767,0.584014757331,0.530371390378
1189,1521991761,29627074,0.584223677255,0.531614517758
1190,1521991761,32961356,0.583889477082,0.531310412206
1191,1521991761,36294707,0.584056529361,0.53286654941
1192,1521991761,39627852,0.583393300358,0.53150043739
1193,1521991761,42961301,0.581900038837,0.53212642476
1194,1521991761,46295238,0.580448712511,0.531035424198
1195,1521991761,49627475,0.5806978856,0.532316782643
1196,1521991761,52961000,0.579432867261,0.531073404131
1197,1521991761,56294119,0.579868265311,0.532202551574
1198,1521991761,59627318,0.579868265311,0.533606779942
1199,1521991761,62961303,0.579349996428,0.533454146424
1200,1521991761,66294112,0.574974344595,0.530134129918
1201,1521991761,69627953,0.573047727105,0.533492296617
1202,1521991761,72961095,0.570350670682,0.531149380298
1203,1521991761,76293839,0.570038942495,0.530134129918
1204,1521991761,79627562,0.568154368628,0.530020383502
1205,1521991761,82960751,0.568195006234,0.531111389497
1206,1521991761,86295034,0.566270603302,0.529555754306
1207,1521991761,89627883,0.56616112656,0.528027636686
1208,1521991761,92961190,0.56647313213,0.52483035264
1209,1521991761,96294392,0.566785093067,0.52444178183
1210,1521991761,99628032,0.566039650135,0.521245211589
1211,1521991761,102961576,0.566039650135,0.524404273478
1212,1521991761,106294605,0.565415621616,0.52483035264
1213,1521991761,109628151,0.563572478559,0.52615930786
1214,1521991761,112961121,0.563340896789,0.52627222566
1215,1521991761,116294823,0.561770035059,0.526121679361
1216,1521991761,119627896,0.557308041007,0.526234581009
1217,1521991761,122961090,0.552725495445,0.519564496259
1218,1521991761,126294872,0.54873020363,0.518400080331
1219,1521991761,129627623,0.548182161769,0.517846252734
1220,1521991761,132966647,0.544701352831,0.516884881612
1221,1521991761,136294438,0.545515400831,0.518310882627
1222,1521991761,139637767,0.534865183804,0.511321676739
1223,1521991761,142961684,0.535851848982,0.514292344923
1224,1521991761,146294242,0.532003897949,0.511212260851
1225,1521991761,149627220,0.534433541635,0.512931101861
1226,1521991761,152960897,0.534280660696,0.512784371945
1227,1521991761,156294730,0.531813665561,0.511029463075
1228,1521991761,159627796,0.53157528516,0.51113912605
1229,1521991761,162961907,0.529308816688,0.504324742376
1230,1521991761,166294805,0.525972852321,0.502047553498
1231,1521991761,169628031,0.523430263187,0.499869543056
1232,1521991761,172960679,0.523190049408,0.498923504581
1233,1521991761,176294442,0.517753577863,0.493515668346
1234,1521991761,179628359,0.511336280302,0.487478821962
1235,1521991761,182961032,0.508030229917,0.485932533666
1236,1521991761,186294866,0.507143714209,0.483301902922
1237,1521991761,189627921,0.507252543332,0.483405615776
1238,1521991761,192960971,0.507957550342,0.478490816487
1239,1521991761,196294034,0.517827648475,0.477788702303
1240,1521991761,199627515,0.530479829021,0.476701432212
1241,1521991761,202960984,0.531146794989,0.477018345151
1242,1521991761,206294973,0.54199531296,0.471334814899
1243,1521991761,209628300,0.542111612648,0.471435952475
1244,1521991761,212961140,0.542189173505,0.477120716926
1245,1521991761,216294832,0.538195856635,0.477018345151
1246,1521991761,219628127,0.536119481689,0.488285487634
1247,1521991761,222961101,0.523467704551,0.49077781471
1248,1521991761,226294967,0.521593257144,0.495937246789
1249,1521991761,229627843,0.521389978943,0.499941060267
1250,1521991761,232961198,0.520257958562,0.499869543056
1251,1521991761,236294841,0.512819234711,0.495972716482
1252,1521991761,239628281,0.505065266901,0.490707613335
1253,1521991761,242961383,0.502317494266,0.483756672868
1254,1521991761,246294912,0.498368658338,0.478773379534
1255,1521991761,249627647,0.498158719551,0.475399314006
1256,1521991761,252960888,0.493469608392,0.466170472738
1257,1521991761,256294438,0.492729409021,0.46613713198
1258,1521991761,259627680,0.491742389124,0.465150646989
1259,1521991761,262961471,0.483531046487,0.465050850669
1260,1521991761,266294655,0.478313041849,0.458447769123
1261,1521991761,269627524,0.475561245162,0.456757949022
1262,1521991761,272960475,0.474503658997,0.455353620201
1263,1521991761,276293603,0.472354696362,0.454267877135
1264,1521991761,279627868,0.470423929937,0.450947080373
1265,1521991761,282961452,0.465942974768,0.448937795032
1266,1521991761,286293794,0.455884861009,0.44032008274
1267,1521991761,289628104,0.454566943534,0.439717269812
1268,1521991761,292960834,0.445948832564,0.429022454807
1269,1521991761,296294122,0.44553256072,0.426503858717
1270,1521991761,299628104,0.44053484556,0.419423220037
1271,1521991761,302960879,0.433962856037,0.41111726234
1272,1521991761,306294562,0.433133860155,0.410999657459
1273,1521991761,309627483,0.423034465674,0.406202111467
1274,1521991761,312960814,0.410637209841,0.401580587961
1275,1521991761,316294721,0.409873620309,0.400821186011
1276,1521991761,319627840,0.407846554994,0.398098742404
1277,1521991761,322961011,0.401472774256,0.392102724434
1278,1521991761,326294040,0.396594811569,0.388296918999
1279,1521991761,329627539,0.394747452149,0.380491454116
1280,1521991761,332961403,0.390137659228,0.376252461824
1281,1521991761,336294708,0.387373642588,0.372093901432
1282,1521991761,339627977,0.382086468212,0.368583581607
1283,1521991761,342961419,0.371864597753,0.36050984601
1284,1521991761,346294823,0.371133095636,0.36013305528
1285,1521991761,349629393,0.365741667256,0.356520992239
1286,1521991761,352961554,0.360009085239,0.347294833105
1287,1521991761,356294948,0.359175379251,0.345766502746
1288,1521991761,359627880,0.357438553815,0.339823265121
1289,1521991761,362961064,0.346863448672,0.325780981438
1290,1521991761,366294628,0.345756473712,0.325383374507
1291,1521991761,369628098,0.340469677478,0.319416257607
1292,1521991761,372961656,0.329543631928,0.315555181965
1293,1521991761,376296184,0.32663056411,0.314061307139
1294,1521991761,379630274,0.316457601455,0.306736134194
1295,1521991761,382963776,0.313353201329,0.30539782476
1296,1521991761,386297231,0.309101353156,0.301865913782
1297,1521991761,389631269,0.307647534599,0.300418914039
1298,1521991761,392961450,0.30129661676,0.294087221443
1299,1521991761,396294407,0.298591827021,0.286483079479
1300,1521991761,399627749,0.296786721619,0.279421458057
1301,1521991761,402961274,0.290773792877,0.277295432428
1302,1521991761,406294763,0.282667371985,0.271679322404
1303,1521991761,409628326,0.279142841162,0.271328315528
1304,1521991761,412961347,0.271094586753,0.271035462448
1305,1521991761,416294508,0.271055806324,0.269592562547
1306,1521991761,419627783,0.269665181132,0.268909732523
1307,1521991761,422961131,0.265044717871,0.262202136739
1308,1521991761,426294516,0.264358718781,0.260816762985
1309,1521991761,429628143,0.262577546295,0.254830992333
1310,1521991761,432961115,0.256622551457,0.245739964447
1311,1521991761,436294806,0.253413766156,0.241843737902
1312,1521991761,439627816,0.2523925094,0.236261422961
1313,1521991761,442961562,0.239668095947,0.221485339066
1314,1521991761,446294154,0.238326464555,0.221197612868
1315,1521991761,449628153,0.231528556967,0.2200498354
1316,1521991761,452961145,0.226659753553,0.221165968002
1317,1521991761,456294509,0.219946454026,0.219746021035
1318,1521991761,459627560,0.219609683458,0.219761739634
1319,1521991761,462961509,0.214981004634,0.218310663484
1320,1521991761,466294670,0.208667148691,0.218341893105
1321,1521991761,469628056,0.2083146704,0.213076413367
1322,1521991761,472960732,0.206244055865,0.21101550053
1323,1521991761,476293586,0.205171715852,0.20889391212
1324,1521991761,479627278,0.203703312587,0.203218447198
1325,1521991761,482961140,0.196654755058,0.190232121557
1326,1521991761,486294733,0.195611460663,0.187788678923
1327,1521991761,489628152,0.189985799231,0.184642822786
1328,1521991761,492960791,0.186501035133,0.176606982973
1329,1521991761,496294585,0.18361492363,0.173034014626
1330,1521991761,499627156,0.183328049658,0.1674781926
1331,1521991761,502961735,0.178994958541,0.167382394978
1332,1521991761,506294712,0.173079220831,0.167103175824
1333,1521991761,509627723,0.172726717327,0.166050004548
1334,1521991761,512961658,0.164583818301,0.164961433822
1335,1521991761,516295114,0.16424313634,0.164622225074
1336,1521991761,519628374,0.157216563118,0.160433091075
1337,1521991761,522961421,0.149461486013,0.158677805614
1338,1521991761,526295024,0.148382747638,0.157251080668
1339,1521991761,529628403,0.148030294556,0.153741011903
1340,1521991761,532960985,0.143147141198,0.142910904047
1341,1521991761,536294845,0.142370680387,0.137925973385
1342,1521991761,539628540,0.140276326746,0.136190668079
1343,1521991761,542961328,0.132198270523,0.131655826966
1344,1521991761,546294714,0.132179359391,0.131285961449
1345,1521991761,549628297,0.130760093524,0.130574558055
1346,1521991761,552960408,0.126937581475,0.121149360386
1347,1521991761,556294546,0.125807754699,0.117921442894
1348,1521991761,559627638,0.123376226662,0.116550954566
1349,1521991761,562961293,0.115948771352,0.116525948998
1350,1521991761,566294940,0.113489892493,0.115481262366
1351,1521991761,569627613,0.11316981527,0.113056557688
1352,1521991761,572960517,0.106808561939,0.107774527265
1353,1521991761,576250954,0.106765574952,0.107038708954
1354,1521991761,579627845,0.102992847767,0.0987585096323
1355,1521991761,582960905,0.100463498853,0.0947854148581
1356,1521991761,586294270,0.100103834845,0.094427603288
1357,1521991761,589627577,0.0958740953447,0.094427603288
1358,1521991761,592961361,0.0912788200001,0.0947650790043
1359,1521991761,596293757,0.0902602663714,0.0944546269993
1360,1521991761,599627663,0.0891578765792,0.09440734565
1361,1521991761,602960681,0.0891897665129,0.0916324555685
1362,1521991761,606294507,0.088811824865,0.0870434799743
1363,1521991761,609627558,0.0856583516538,0.0803920740834
1364,1521991761,612960746,0.0831848768432,0.0754718762339
1365,1521991761,616294836,0.0792906017009,0.0737009018085
1366,1521991761,619628110,0.0775452241759,0.0737167163215
1367,1521991761,622961166,0.0736732324923,0.0737219893341
1368,1521991761,626294671,0.0719055715086,0.074067748304
1369,1521991761,629627674,0.0715582114639,0.0751262177024
1370,1521991761,632961184,0.0711955226197,0.0751154715691
1371,1521991761,636298850,0.0707570396651,0.0750242534095
1372,1521991761,639628705,0.070218516417,0.0706332097642
1373,1521991761,642961354,0.0698056804466,0.0649548545724
1374,1521991761,646294899,0.0694332572083,0.0603731827565
1375,1521991761,649627711,0.0680380432292,0.0568753172494
1376,1521991761,652961545,0.0648467292665,0.0537002114357
1377,1521991761,656294500,0.0627456238452,0.0537117350863
1378,1521991761,659627799,0.0599213095905,0.0537078933199
1379,1521991761,662961208,0.0574539615485,0.0537078933199
1380,1521991761,666294573,0.05569157009,0.0568671811623
1381,1521991761,669627798,0.0542816569231,0.0589733730572
1382,1521991761,672960979,0.0528755257122,0.0600307627435
1383,1521991761,676294920,0.0525117535908,0.0600178833694
1384,1521991761,679627493,0.0525305373058,0.0600393520642
1385,1521991761,682961597,0.05215186639,0.0564999843892
1386,1521991761,686294861,0.051818015198,0.0516053925339
1387,1521991761,689627614,0.0514691933236,0.0470450155026
1388,1521991761,692960910,0.0504043957143,0.041421773933
1389,1521991761,696294579,0.0504007907654,0.038610756414
1390,1521991761,699627670,0.0482929801505,0.0361588804829
1391,1521991761,702960897,0.0465271345055,0.0361562941958
1392,1521991761,706294793,0.0447583403089,0.0361511227313
1393,1521991761,709627435,0.0426590269396,0.0375684834554
1394,1521991761,712960974,0.040884557544,0.0375577357845
1395,1521991761,716294475,0.0398271982971,0.037908742661
1396,1521991761,719627607,0.037717875008,0.0379141659432
1397,1521991761,722961384,0.0363000712742,0.0379060316017
1398,1521991761,726294687,0.0341903942957,0.0375604221257
1399,1521991761,729638243,0.0323285729939,0.0363953884269
1400,1521991761,732972042,0.030661225251,0.035098177409
1401,1521991761,736294773,0.0300573991599,0.0338078862027
1402,1521991761,739627135,0.0282063332411,0.0312507873715
1403,1521991761,742960765,0.0274913404175,0.0287825638723
1404,1521991761,746294977,0.0274854430974,0.0273726632445
1405,1521991761,749627918,0.0271447115474,0.0252779187775
1406,1521991761,752960611,0.026792182826,0.0231714255461
1407,1521991761,756296558,0.02641508896,0.0217468728645
1408,1521991761,759630104,0.0264339811707,0.0210604125895
1409,1521991761,762961192,0.0253966020857,0.0193205782042
1410,1521991761,766294891,0.0246699513514,0.0182510522527
1411,1521991761,769628307,0.0232635672528,0.0179026311066
1412,1521991761,772961441,0.0211502102849,0.0164996833272
1413,1521991761,776294555,0.0193876927611,0.015446512051
1414,1521991761,779628485,0.0179725363855,0.0143892236864
1415,1521991761,782961863,0.0158615231269,0.0136902473168
1416,1521991761,786294086,0.0141041757195,0.0122905148217
1417,1521991761,789628194,0.0126855891219,0.0115807421419
1418,1521991761,792970965,0.0119509248129,0.010851720582
1419,1521991761,796295406,0.0106024074793,0.00950301276331
1420,1521991761,799627925,0.0105766182495,0.00877768305033
1421,1521991761,802961605,0.00951623322144,0.00737114440631
1422,1521991761,806295122,0.00951623322144,0.00631812377684
1423,1521991761,809628137,0.0088125876187,0.00526585638101
1424,1521991761,812961306,0.00846008411395,0.00386162801274
1425,1521991761,816295180,0.00775341328186,0.00315883596681
1426,1521991761,819628151,0.00705007009496,0.0021063425524
1427,1521991761,822961459,0.00599213095905,0.00140412792993
1428,1521991761,826295028,0.00493434315186,0.00105302062947
1429,1521991761,829628299,0.00423004205698,0.000351057092067
1430,1521991761,832960711,0.00317321248962,0.0
1431,1521991761,836294842,0.00211426485365,0.0
1432,1521991761,839628795,0.00140971150579,0.0
1433,1521991761,842961603,0.000352528721395,0.0
1434,1521991761,846295024,0.0,0.0
1435,1521991761,849628779,0.0,0.0
1436,1521991761,852961509,0.0,0.0
1437,1521991761,856295050,0.0,0.0
1438,1521991761,859627815,0.0,0.0
1439,1521991761,862961100,0.0,0.0
1440,1521991761,866295334,0.0,-0.000350931580057
1441,1521991761,869628272,0.0,-0.000351082205243
1442,1521991761,872961276,0.0,-0.000351057092067
1443,1521991761,876301821,0.0,-0.000350280361651
1444,1521991761,879629384,0.0,-0.000351635605581
1445,1521991761,882960523,0.0,-0.000351258098132
1446,1521991761,886295300,0.0,-0.000350881400379
1447,1521991761,889628014,0.0,0.0
1448,1521991761,892961319,0.0,0.0
1449,1521991761,896295800,0.0,0.0
1450,1521991761,899627808,0.0,0.0
1451,1521991761,902961150,0.0,0.0
1452,1521991761,906294456,0.0,0.0
1453,1521991761,909628091,0.0,0.0
1454,1521991761,912961528,0.0,0.0
1455,1521991761,916294441,0.0,0.0
1456,1521991761,919627333,0.0,0.0
1457,1521991761,922961027,0.0,0.0
1458,1521991761,926294220,0.0,0.0
1459,1521991761,929627479,0.0,0.0
1460,1521991761,932961113,0.0,0.0
1461,1521991761,936294226,0.0,0.0
1462,1521991761,939628718,0.0,0.0
1463,1521991761,942960587,0.0,0.0
1464,1521991761,946294662,0.0,0.0
1465,1521991761,949627291,0.0,0.0
1466,1521991761,952960696,0.0,0.0
1467,1521991761,956294730,0.0,0.0
1468,1521991761,959627696,0.0,-0.000351082205243
1469,1521991761,962962574,0.0,-0.000350856315921
1470,1521991761,966294600,0.0,-0.000702365387778
1471,1521991761,969627987,0.0,-0.000702013752982
1472,1521991761,972961046,0.0,-0.00105324661573
1473,1521991761,976294785,0.0,-0.00175490887045
1474,1521991761,979628849,0.0,-0.00175478337639
1475,1521991761,982964043,0.0,-0.00210498741029
1476,1521991761,986297968,0.0,-0.00210574005167
1477,1521991761,989632663,0.0,-0.00245634541897
1478,1521991761,992965911,0.0,-0.00245722387738
1479,1521991761,996298661,0.0,-0.00245775125409
1480,1521991761,999629458,0.0,-0.00245898268053
1481,1521991762,2963340,0.0,-0.00210589064454
1482,1521991762,6296573,0.0,-0.0021061918949
1483,1521991762,9629732,0.0,-0.0021063425524
1484,1521991762,12962394,0.0,-0.00175553661007
1485,1521991762,16294439,0.0,-0.00175578783168
1486,1521991762,19627309,0.0,-0.00140432882097
1487,1521991762,22961485,0.0,-0.00105287002584
1488,1521991762,26294709,0.0,-0.00105309594745
1489,1521991762,29628092,0.0,-0.00105309594745
1490,1521991762,32961516,0.0,-0.000351006876491
