1,1521993069,826452898,0.0,0.0
2,1521993069,829784896,0.0,0.0
3,1521993069,833119644,0.0,0.0
4,1521993069,836448614,0.0,0.0
5,1521993069,839780688,0.0,0.0
6,1521993069,843114613,0.0,0.0
7,1521993069,846448153,0.0,0.0
8,1521993069,849791148,0.0,0.0
9,1521993069,853114494,0.0,0.0
10,1521993069,856447676,0.0,0.0
11,1521993069,859780684,0.0,0.0
12,1521993069,863114556,0.0,0.0
13,1521993069,866447646,0.0,0.0
14,1521993069,869781285,0.0,0.0
15,1521993069,873113837,0.0,0.0
16,1521993069,876447358,0.0,0.0
17,1521993069,879791026,0.0,0.0
18,1521993069,883120045,0.0,0.0
19,1521993069,886447988,0.0,0.0
20,1521993069,889780839,0.0,0.0
21,1521993069,893114088,0.0,0.0
22,1521993069,896447518,0.0,0.0
23,1521993069,899780571,0.0,0.0
24,1521993069,903113734,0.0,0.0
25,1521993069,906447369,0.0,0.0
26,1521993069,909780546,0.0,0.0
27,1521993069,913113821,0.0,0.0
28,1521993069,916446910,0.0,0.0
29,1521993069,919780370,0.0,0.0
30,1521993069,923114046,0.0,0.0
31,1521993069,926447306,0.0,0.0
32,1521993069,929780620,0.0,0.0
33,1521993069,933113847,0.0,0.0
34,1521993069,936447033,0.0,0.0
35,1521993069,939780551,0.0,0.0
36,1521993069,943114297,0.0,0.0
37,1521993069,946447224,0.0,0.0
38,1521993069,949780716,0.0,0.0
39,1521993069,953113740,0.0,0.0
40,1521993069,956447032,0.0,0.0
41,1521993069,959780403,0.0,0.0
42,1521993069,963113923,0.0,0.0
43,1521993069,966446882,0.0,0.0
44,1521993069,969780477,0.0,0.0
45,1521993069,973113722,0.0,0.0
46,1521993069,976447136,0.0,0.0
47,1521993069,979790946,0.0,0.0
48,1521993069,983113649,0.0,0.0
49,1521993069,986447174,0.0,0.0
50,1521993069,989780218,0.0,0.0
51,1521993069,993087718,0.0,0.0
52,1521993069,996447061,0.0,0.0
53,1521993069,999780688,0.0,0.0
54,1521993070,3112849,0.0,0.0
55,1521993070,6446961,0.0,0.0
56,1521993070,9780483,0.0,0.0
57,1521993070,13114583,0.0,0.0
58,1521993070,16447758,0.0,0.0
59,1521993070,19791455,0.0,0.0
60,1521993070,23114369,0.0,0.0
61,1521993070,26447227,0.0,0.0
62,1521993070,29779484,0.0,0.0
63,1521993070,33113413,0.0,0.0
64,1521993070,36447418,0.0,0.0
65,1521993070,39781043,0.0,0.0
66,1521993070,43114184,0.0,0.0
67,1521993070,46447140,0.0,0.0
68,1521993070,49780773,0.0,0.0
69,1521993070,53113298,0.0,0.0
70,1521993070,56447589,0.0,0.0
71,1521993070,59781038,0.0,0.0
72,1521993070,63114501,0.0,0.0
73,1521993070,66447304,0.0,0.0
74,1521993070,69792022,0.0,0.0
75,1521993070,73114232,0.0,0.0
76,1521993070,76447298,0.0,0.0
77,1521993070,79779804,0.0,0.0
78,1521993070,83124735,0.0,0.0
79,1521993070,86447411,0.0,0.0
80,1521993070,89790801,0.0,0.0
81,1521993070,93113239,0.0,0.0
82,1521993070,96447432,0.0,0.0
83,1521993070,99780698,0.0,0.0
84,1521993070,103113979,0.0,0.0
85,1521993070,106448162,0.0,0.0
86,1521993070,109791077,0.0,0.0
87,1521993070,113113276,0.0,0.0
88,1521993070,116447490,0.0,0.0
89,1521993070,119779785,0.0,0.0
90,1521993070,123113840,0.0,0.0
91,1521993070,126447264,0.0,0.0
92,1521993070,129779878,0.0,0.0
93,1521993070,133114111,0.0,0.0
94,1521993070,136447287,0.0,0.0
95,1521993070,139780873,0.0,0.0
96,1521993070,143114145,0.0,0.0
97,1521993070,146447348,0.0,0.0
98,1521993070,149780762,0.0,0.0
99,1521993070,153113974,0.0,0.0
100,1521993070,156447737,0.0,0.0
101,1521993070,159780958,0.0,0.0
102,1521993070,163114099,0.0,0.0
103,1521993070,166447349,0.0,0.0
104,1521993070,169780167,0.0,0.0
105,1521993070,173113936,0.0,0.0
106,1521993070,176447318,0.0,0.0
107,1521993070,179780498,0.0,0.0
108,1521993070,183113658,0.0,0.0
109,1521993070,186447071,0.0,0.0
110,1521993070,189780582,0.0,0.0
111,1521993070,193113933,0.0,0.0
112,1521993070,196447031,0.0,0.0
113,1521993070,199792646,0.0,0.0
114,1521993070,203114077,0.0,0.0
115,1521993070,206447333,0.0,0.0
116,1521993070,209779766,0.0,0.0
117,1521993070,213113795,0.0,0.0
118,1521993070,216446747,0.0,0.0
119,1521993070,219779855,0.0,0.0
120,1521993070,223113114,0.0,0.0
121,1521993070,226447759,0.0,0.0
122,1521993070,229780623,0.0,0.0
123,1521993070,233113326,0.0,0.0
124,1521993070,236447080,0.0,0.0
125,1521993070,239780138,0.0,0.0
126,1521993070,243113935,0.0,0.0
127,1521993070,246447058,0.0,0.0
128,1521993070,249780450,0.0,0.0
129,1521993070,253113765,0.0,0.0
130,1521993070,256447177,0.0,0.0
131,1521993070,259791377,0.0,0.0
132,1521993070,263114209,0.0,0.0
133,1521993070,266447582,0.0,0.0
134,1521993070,269780903,0.0,0.0
135,1521993070,273114128,0.0,0.0
136,1521993070,276447140,0.0,0.0
137,1521993070,279780530,0.0,0.0
138,1521993070,283113769,0.0,0.0
139,1521993070,286447047,0.0,0.0
140,1521993070,289780512,0.0,0.0
141,1521993070,293114582,0.0,0.0
142,1521993070,296446763,0.0,0.0
143,1521993070,299780925,0.0,0.0
144,1521993070,303114214,0.0,0.0
145,1521993070,306447136,0.0,0.0
146,1521993070,309780544,0.0,0.0
147,1521993070,313123857,0.0,0.0
148,1521993070,316446854,0.0,0.0
149,1521993070,319782606,0.0,0.0
150,1521993070,323125032,0.0,0.0
151,1521993070,326447211,0.0,0.0
152,1521993070,329780231,0.0,0.0
153,1521993070,333114378,0.0,0.0
154,1521993070,336447111,0.0,0.0
155,1521993070,339780533,0.0,0.0
156,1521993070,343113784,0.0,0.0
157,1521993070,346447764,0.0,0.0
158,1521993070,349780717,0.0,0.0
159,1521993070,353113290,0.0,0.0
160,1521993070,356446914,0.0,0.0
161,1521993070,359780714,0.0,0.0
162,1521993070,363113883,0.0,0.0
163,1521993070,366447487,0.0,0.0
164,1521993070,369780337,0.0,0.0
165,1521993070,373113848,0.0,0.0
166,1521993070,376447677,0.0,0.0
167,1521993070,379780372,0.0,0.0
168,1521993070,383114151,0.0,0.0
169,1521993070,386447117,0.0,0.0
170,1521993070,389780952,0.0,0.0
171,1521993070,393113565,0.0,0.0
172,1521993070,396447335,0.0,0.0
173,1521993070,399780373,0.0,0.0
174,1521993070,403114039,0.0,0.0
175,1521993070,406447332,0.0,0.0
176,1521993070,409780652,0.0,0.0
177,1521993070,413113349,0.0,0.0
178,1521993070,416447500,0.0,0.0
179,1521993070,419780523,0.0,0.0
180,1521993070,423114191,0.0,0.0
181,1521993070,426447313,0.0,0.0
182,1521993070,429780384,0.0,0.0
183,1521993070,433113330,0.0,0.0
184,1521993070,436447077,0.0,0.0
185,1521993070,439780540,0.0,0.0
186,1521993070,443113590,0.0,0.0
187,1521993070,446447853,0.0,0.0
188,1521993070,449780619,0.0,0.0
189,1521993070,453114146,0.0,0.0
190,1521993070,456447547,0.0,0.0
191,1521993070,459780181,0.0,0.0
192,1521993070,463113164,0.0,0.0
193,1521993070,466447693,0.0,0.0
194,1521993070,469780686,0.0,0.0
195,1521993070,473113556,0.0,0.0
196,1521993070,476447077,0.0,0.0
197,1521993070,479781474,0.0,0.0
198,1521993070,483113980,0.0,0.0
199,1521993070,486447997,0.0,0.0
200,1521993070,489790922,0.0,0.0
201,1521993070,493124309,0.0,0.0
202,1521993070,496447266,0.0,0.0
203,1521993070,499779744,0.0,0.0
204,1521993070,503114526,0.0,0.0
205,1521993070,506447670,0.0,0.0
206,1521993070,509780847,0.0,0.0
207,1521993070,513113449,0.0,0.0
208,1521993070,516447051,0.0,0.0
209,1521993070,519790105,0.0,0.0
210,1521993070,523113393,0.0,0.0
211,1521993070,526447414,0.0,0.0
212,1521993070,529779995,0.0,0.0
213,1521993070,533113843,0.0,0.0
214,1521993070,536447520,0.0,0.0
215,1521993070,539780881,0.0,0.0
216,1521993070,543113892,0.0,0.0
217,1521993070,546446300,0.0,0.0
218,1521993070,549780726,0.0,0.0
219,1521993070,553113770,0.0,0.0
220,1521993070,556446896,0.0,0.0
221,1521993070,559781063,0.0,0.0
222,1521993070,563113575,0.0,0.0
223,1521993070,566447639,0.0,0.0
224,1521993070,569780657,0.0,0.0
225,1521993070,573114743,0.0,0.0
226,1521993070,576447137,0.0,0.0
227,1521993070,579780686,0.0,0.0
228,1521993070,583113202,0.0,0.0
229,1521993070,586447560,0.0,0.0
230,1521993070,589780477,0.0,0.0
231,1521993070,593114519,0.0,0.0
232,1521993070,596447493,0.0,0.0
233,1521993070,599780734,0.0,0.0
234,1521993070,603128758,0.0,0.0
235,1521993070,606447485,0.0,0.0
236,1521993070,609781088,0.0,0.0
237,1521993070,613113441,0.0,0.0
238,1521993070,616447521,0.0,0.0
239,1521993070,619780286,0.0,0.0
240,1521993070,623113870,0.0,0.0
241,1521993070,626448370,0.0,0.0
242,1521993070,629791213,0.0,0.0
243,1521993070,633113919,0.0,0.0
244,1521993070,636406196,0.0,0.0
245,1521993070,639781058,0.0,0.0
246,1521993070,643114148,0.0,0.0
247,1521993070,646447285,0.0,0.0
248,1521993070,649791446,0.0,0.0
249,1521993070,653113268,0.0,0.0
250,1521993070,656446998,0.0,0.0
251,1521993070,659779691,0.0,0.0
252,1521993070,663113749,0.0,0.0
253,1521993070,666447636,0.0,0.0
254,1521993070,669780668,0.0,0.0
255,1521993070,673114111,0.0,0.0
256,1521993070,676447769,0.0,0.0
257,1521993070,679782192,0.0,0.0
258,1521993070,683114354,0.0,0.0
259,1521993070,686447471,0.0,0.0
260,1521993070,689780486,0.0,0.0
261,1521993070,693114029,0.0,0.0
262,1521993070,696448137,0.000352402674226,0.000350956675279
263,1521993070,699780364,0.000705158331026,0.000702264884753
264,1521993070,703113967,0.0014098123291,0.00105302062947
265,1521993070,706447649,0.00246717157593,0.00105302062947
266,1521993070,709781116,0.00422943698731,0.00140402750596
267,1521993070,713125043,0.00421646972952,0.00174965352838
268,1521993070,716447159,0.00424400659944,0.00211329617357
269,1521993070,719781571,0.00387587508653,0.00210543893054
270,1521993070,723115856,0.00246664232926,0.00280745264046
271,1521993070,726447729,0.00141051849628,0.00280946155111
272,1521993070,729780921,0.00141001401899,0.00280845673654
273,1521993070,733114590,0.0014098123291,0.00280805501193
274,1521993070,736448242,0.00246699513514,0.00210589064454
275,1521993070,739780880,0.0028204315332,0.00210664393208
276,1521993070,743114142,0.00387726120879,0.0021061918949
277,1521993070,746447626,0.00528717437563,0.00386135180732
278,1521993070,749780646,0.00599255958072,0.00596797056514
279,1521993070,753113541,0.0070505744279,0.00842597292584
280,1521993070,756447602,0.00704805348452,0.00982678690781
281,1521993070,759781039,0.00810642089234,0.00982819254175
282,1521993070,763113682,0.00810874065794,0.00983100501636
283,1521993070,766447446,0.00881069691121,0.00947650790043
284,1521993070,769780851,0.00951691387613,0.00877579956208
285,1521993070,773113985,0.0102226016377,0.00877642730168
286,1521993070,776446651,0.0116342800744,0.00877768305033
287,1521993070,779780874,0.0123332116463,0.00947515266154
288,1521993070,783114751,0.0130398314286,0.0108804349968
289,1521993070,786447869,0.0133951331804,0.0129891124065
290,1521993070,789780645,0.013396091413,0.0147454526202
291,1521993070,793113640,0.0137476366852,0.0164996833272
292,1521993070,796447379,0.014098123291,0.017901350701
293,1521993070,799781291,0.0151533149917,0.0193026171403
294,1521993070,803113583,0.0169237999446,0.0203656816578
295,1521993070,806447487,0.0186786774518,0.0207079246713
296,1521993070,809780559,0.0197401962659,0.020712368432
297,1521993070,813114268,0.0214996380188,0.020709405713
298,1521993070,816446923,0.0218567807265,0.0207138501094
299,1521993070,819779872,0.0229143668907,0.0210649323146
300,1521993070,823114748,0.0239582420643,0.0221055282239
301,1521993070,826447226,0.0246787759155,0.0228219759308
302,1521993070,829780914,0.0267864342529,0.0252724951074
303,1521993070,833113665,0.0289073551544,0.0266822475985
304,1521993070,836447744,0.0303066299834,0.0287784473729
305,1521993070,839780636,0.0306699987613,0.0308952340614
306,1521993070,843113665,0.0310203084178,0.0322972524702
307,1521993070,846446215,0.0313773008068,0.0337063029133
308,1521993070,849780507,0.0331234827072,0.0354440895858
309,1521993070,853114101,0.0331305897339,0.0358027014021
310,1521993070,856452989,0.0351899385631,0.0374987333433
311,1521993070,859786397,0.0366551205567,0.0389617632905
312,1521993070,863115735,0.0381139996855,0.0400663641341
313,1521993070,866447428,0.0391446893229,0.0407401077045
314,1521993070,869780888,0.0394775686714,0.0410707419505
315,1521993070,873113766,0.0408904065508,0.0414247368639
316,1521993070,876447910,0.0419359182329,0.0421148010335
317,1521993070,879780409,0.0423094998616,0.0424870255276
318,1521993070,883113960,0.0437041822022,0.0442268664379
319,1521993070,886447039,0.0451204486078,0.0456374219687
320,1521993070,889780165,0.0465271345055,0.0477403496177
321,1521993070,893115176,0.0475607566851,0.0498215968607
322,1521993070,896447183,0.0483102584976,0.0512726733078
323,1521993070,899780467,0.0504043957143,0.0533568613375
324,1521993070,903113420,0.0514691933236,0.0558220706337
325,1521993070,906446960,0.0535728685059,0.057214120868
326,1521993070,909780105,0.0553430502454,0.0589775914673
327,1521993070,913112924,0.0578147103087,0.0603861393019
328,1521993070,916446405,0.05885966474,0.0610751965094
329,1521993070,919780471,0.0599084546184,0.0624702881996
330,1521993070,923113563,0.0606306028167,0.0631902765721
331,1521993070,926447261,0.0620317424805,0.0645852652744
332,1521993070,929780663,0.0623841955628,0.0645852652744
333,1521993070,933114099,0.0627411359241,0.0645898847769
334,1521993070,936447351,0.064151049091,0.0656429807244
335,1521993070,939780329,0.065217813458,0.0674077834067
336,1521993070,943113723,0.0676709917969,0.0709033890512
337,1521993070,946447505,0.0690758637839,0.074057154333
338,1521993070,949779894,0.0715735705992,0.0776002697652
339,1521993070,953113489,0.0750725065247,0.0807315815929
340,1521993070,956446738,0.0754357500161,0.0810941882675
341,1521993070,959780262,0.0785970373475,0.0838906434814
342,1521993070,963114192,0.0803478097236,0.0838786453916
343,1521993070,966447061,0.082139192085,0.0839086470532
344,1521993070,969780449,0.0824799202598,0.0831945798485
345,1521993070,973113795,0.0831848768432,0.0831945798485
346,1521993070,976447244,0.0845887397462,0.0831886297284
347,1521993070,979780815,0.0863510051575,0.0870497053698
348,1521993070,983113606,0.0881384854124,0.0909367964014
349,1521993070,986447654,0.0895102792534,0.0958111723511
350,1521993070,989780198,0.0920165787705,0.100416694096
351,1521993070,993113552,0.0958740953447,0.104256498798
352,1521993070,996447114,0.0990393161195,0.104249042318
353,1521993070,999779955,0.101528271762,0.104271414957
354,1521993071,3113866,0.101491970177,0.104234132558
355,1521993071,6447351,0.101513748012,0.104256498798
356,1521993071,9781034,0.101499228417,0.104241586905
357,1521993071,13120155,0.101339786573,0.104077837179
358,1521993071,16452447,0.101542799668,0.108851057137
359,1521993071,19780415,0.1066238499,0.112515332216
360,1521993071,23113731,0.11138314018,0.115489522237
361,1521993071,26447339,0.117366876398,0.116885289872
362,1521993071,29780514,0.120900054056,0.117595714132
363,1521993071,33114078,0.120891407221,0.119693344883
364,1521993071,36447130,0.120917351438,0.121825525219
365,1521993071,39780872,0.121587617375,0.123896566254
366,1521993071,43113851,0.121613709138,0.12743372442
367,1521993071,46445995,0.122353724366,0.129577141978
368,1521993071,49780758,0.125780770838,0.130176999541
369,1521993071,53114196,0.130416967932,0.131285961449
370,1521993071,56448319,0.132503405509,0.131959709905
371,1521993071,59780913,0.13256028206,0.133771889687
372,1521993071,63114386,0.132522358936,0.137243688708
373,1521993071,66447242,0.133255856687,0.141135046508
374,1521993071,69781011,0.133217737297,0.143902527377
375,1521993071,73113168,0.134694878121,0.145730390029
376,1521993071,76447538,0.135665328109,0.147391263624
377,1521993071,79781313,0.135684732433,0.149518235762
378,1521993071,83113397,0.1357526913,0.153807014055
379,1521993071,86447541,0.136027432251,0.158281460551
380,1521993071,89780702,0.1360566206,0.160772647977
381,1521993071,93114050,0.13817149035,0.16252780789
382,1521993071,96447630,0.14098123291,0.162516183815
383,1521993071,99780381,0.14102157666,0.163264904736
384,1521993071,103114410,0.14096106969,0.165300594056
385,1521993071,106447539,0.140648898394,0.166050004548
386,1521993071,109780848,0.140638838392,0.16674019168
387,1521993071,113113201,0.14067908704,0.167139042571
388,1521993071,116447477,0.143065255097,0.169850884748
389,1521993071,119780542,0.143116422928,0.173422203481
390,1521993071,123114431,0.143085717838,0.17935168656
391,1521993071,126447663,0.14240122985,0.180079407014
392,1521993071,129780424,0.140306431115,0.1808073357
393,1521993071,133113857,0.1402863601,0.183940758821
394,1521993071,136447114,0.1402863601,0.186397982699
395,1521993071,139780925,0.140618722703,0.18882819446
396,1521993071,143114347,0.140638838392,0.190259334506
397,1521993071,146446127,0.140699220004,0.191043385476
398,1521993071,149780545,0.140598612768,0.195117958512
399,1521993071,153113715,0.142058912413,0.202559942123
400,1521993071,156447079,0.143800857568,0.2060410365
401,1521993071,159780411,0.146630969351,0.209566093542
402,1521993071,163116054,0.146536639206,0.209782082342
403,1521993071,166447157,0.14672542102,0.213564923664
404,1521993071,169780863,0.146609996603,0.213396918647
405,1521993071,173114134,0.146641457975,0.213442711977
406,1521993071,176447014,0.147357005543,0.213457980788
407,1521993071,179780877,0.147304317827,0.210924961843
408,1521993071,183113687,0.14736754761,0.210664393208
409,1521993071,186447432,0.146962424479,0.210589064454
410,1521993071,189780709,0.146983447642,0.209566093542
411,1521993071,193114286,0.146972935309,0.209551105265
412,1521993071,196446871,0.147014993668,0.211366607852
413,1521993071,199780463,0.151202372296,0.21306117403
414,1521993071,203113784,0.152975578602,0.213778477332
415,1521993071,206447630,0.15683040502,0.219363608806
416,1521993071,209780535,0.15934298207,0.22293720033
417,1521993071,213114152,0.164231390425,0.224628335417
418,1521993071,216446988,0.170636107758,0.22681533002
419,1521993071,219784707,0.174591964443,0.227160017094
420,1521993071,223114837,0.179591285828,0.228048114661
421,1521993071,226449142,0.181109072225,0.228089217476
422,1521993071,229782560,0.183993668272,0.229925948527
423,1521993071,233115190,0.188263804841,0.229975295919
424,1521993071,236449355,0.190297444082,0.230227578983
425,1521993071,239782019,0.19212815316,0.23101209105
426,1521993071,243115274,0.192819417097,0.232399794948
427,1521993071,246449036,0.1945401878,0.235859752188
428,1521993071,249782639,0.19666881991,0.238684676014
429,1521993071,253115359,0.198826198867,0.242948886028
430,1521993071,256448471,0.199869487192,0.247495249907
431,1521993071,259780446,0.203467293088,0.253202722294
432,1521993071,263113863,0.205127693884,0.25307595795
433,1521993071,266447692,0.20934215861,0.255163749763
434,1521993071,269780464,0.212590026815,0.256659452392
435,1521993071,273113999,0.213939020941,0.257639047344
436,1521993071,276447071,0.216437151915,0.258026962669
437,1521993071,279781068,0.219899268717,0.25795315633
438,1521993071,283113964,0.222798151922,0.258747585264
439,1521993071,286447319,0.223471236943,0.259061603073
440,1521993071,289780834,0.223455254163,0.260447102356
441,1521993071,293113502,0.222814091123,0.2615749549
442,1521993071,296447278,0.223086845792,0.261832403471
443,1521993071,299780461,0.222782215001,0.264697047419
444,1521993071,303114596,0.221645432157,0.271621042964
445,1521993071,306446924,0.221419715942,0.272478775284
446,1521993071,309780613,0.221692988751,0.275189391169
447,1521993071,313113551,0.221740565757,0.276652777732
448,1521993071,316447394,0.223775698134,0.279010556847
449,1521993071,319780302,0.223855738086,0.279110353169
450,1521993071,323114232,0.22625869668,0.27973247395
451,1521993071,326446551,0.226708403425,0.279852556574
452,1521993071,329780631,0.229061738247,0.280063426872
453,1521993071,333113707,0.231947306124,0.282249902022
454,1521993071,336447131,0.23226658122,0.284666576834
455,1521993071,339787196,0.234281342822,0.287621233405
456,1521993071,343122280,0.237451481524,0.293666736426
457,1521993071,346454450,0.240123591624,0.301293191915
458,1521993071,349787656,0.243562499571,0.30399369683
459,1521993071,353120730,0.24428492879,0.30401544173
460,1521993071,356455466,0.244514999892,0.30561769973
461,1521993071,359786924,0.24687606795,0.305923907974
462,1521993071,363116021,0.247052875275,0.304385581565
463,1521993071,366448829,0.246770104976,0.304037189741
464,1521993071,369782058,0.248162467343,0.307526012651
465,1521993071,373114232,0.248215732521,0.307592019522
466,1521993071,376447966,0.248831876087,0.309237058189
467,1521993071,379780366,0.248920890852,0.310049946619
468,1521993071,383114171,0.251633503784,0.316936542003
469,1521993071,386447241,0.253097516409,0.317355611229
470,1521993071,389781052,0.256215066178,0.320446359744
471,1521993071,393113550,0.260184808937,0.321263199642
472,1521993071,396447395,0.260444200695,0.321499305066
473,1521993071,399780465,0.261910104028,0.321919353426
474,1521993071,403113548,0.263320118047,0.321919353426
475,1521993071,406447233,0.263987358624,0.323277333248
476,1521993071,409780125,0.264749069767,0.32475103985
477,1521993071,413113263,0.267531023407,0.326108711727
478,1521993071,416447120,0.26890246973,0.329220904096
479,1521993071,419780276,0.27248520917,0.331397894911
480,1521993071,423114197,0.275578891245,0.335163624891
481,1521993071,426447005,0.276402290253,0.337063029133
482,1521993071,429780571,0.277028122669,0.338370628937
483,1521993071,433113564,0.278830272256,0.341227493489
484,1521993071,436447274,0.279122878147,0.341505266189
485,1521993071,439780199,0.279907804787,0.341602985702
486,1521993071,443113647,0.280925198492,0.341554118956
487,1521993071,446447498,0.281217334032,0.342884671747
488,1521993071,449780732,0.282707810808,0.343684893134
489,1521993071,453114968,0.287892397572,0.348825990577
490,1521993071,456447345,0.291582969879,0.349727912607
491,1521993071,459780798,0.293261938702,0.352085078431
492,1521993071,463113509,0.296829183414,0.353890862885
493,1521993071,466447602,0.297427857047,0.354115285356
494,1521993071,469780771,0.297865461512,0.354567662988
495,1521993071,473113634,0.30070699935,0.354241945091
496,1521993071,476447468,0.302009091812,0.354466242032
497,1521993071,479780206,0.303196389819,0.354969502555
498,1521993071,483113743,0.308396446991,0.359431041527
499,1521993071,486447377,0.310158712403,0.361186075909
500,1521993071,489780419,0.311965601702,0.361588804829
501,1521993071,493114110,0.313683243225,0.361537082786
502,1521993071,496447469,0.320379851789,0.365398158427
503,1521993071,499780504,0.320448607748,0.365827657864
504,1521993071,503113597,0.320425685816,0.365801489934
505,1521993071,506446940,0.322517636913,0.365775325748
506,1521993071,509780320,0.323904382611,0.365749165304
507,1521993071,513113383,0.325008231378,0.365801489934
508,1521993071,516446503,0.326770748901,0.365801489934
509,1521993071,519780762,0.329825317169,0.364617911679
510,1521993071,523114082,0.330295783949,0.36509937575
511,1521993071,526446707,0.33878010126,0.365125493453
512,1521993071,529780579,0.338683189267,0.36642497215
513,1521993071,533113458,0.339485158703,0.366529822274
514,1521993071,536447325,0.340092900773,0.366775953924
515,1521993071,539780202,0.340542744867,0.36758306889
516,1521993071,543114263,0.340068580628,0.367451639017
517,1521993071,546447341,0.340165882082,0.368961003763
518,1521993071,549780305,0.344748427644,0.368961003763
519,1521993071,553113930,0.34540402063,0.36715319281
520,1521993071,556446939,0.345805938158,0.365801489934
521,1521993071,559780499,0.347166286042,0.366802185933
522,1521993071,563113976,0.348953508792,0.365775325748
523,1521993071,566447349,0.351420856833,0.366828421695
524,1521993071,569780580,0.352125813417,0.365775325748
525,1521993071,573114668,0.354164687597,0.366749725666
526,1521993071,576447159,0.355021819241,0.364098292928
527,1521993071,579780269,0.360258581853,0.366503604118
528,1521993071,583113966,0.360207050086,0.366451179057
529,1521993071,586447304,0.361995205585,0.366477389712
530,1521993071,589780539,0.361995205585,0.3647222298
531,1521993071,593114468,0.361943429113,0.364670063279
532,1521993071,596446918,0.365950991432,0.364098292928
533,1521993071,599779908,0.369802628743,0.363019000222
534,1521993071,603114220,0.37070110434,0.357950211658
535,1521993071,606447315,0.372948708023,0.357727176816
536,1521993071,609780572,0.373626989211,0.355244366273
537,1521993071,613113191,0.377585271507,0.353565073267
538,1521993071,616446549,0.37750425042,0.353138174378
539,1521993071,619779921,0.379971598462,0.352085078431
540,1521993071,623113669,0.382384245947,0.35098177409
541,1521993071,626446591,0.384608835042,0.348273547601
542,1521993071,629780244,0.385556096835,0.347822938123
543,1521993071,633113303,0.39198389728,0.345791235686
544,1521993071,636448060,0.39178772317,0.345618179373
545,1521993071,639780927,0.393069524355,0.347922465396
546,1521993071,643114321,0.393718251839,0.349276822571
547,1521993071,646447524,0.394451421813,0.355269777172
548,1521993071,649780509,0.395861435832,0.36685466121
549,1521993071,653112680,0.399500777254,0.377845541376
550,1521993071,656447314,0.399891246221,0.384566014815
551,1521993071,659780416,0.401853995413,0.387567029642
552,1521993071,663113938,0.401825252548,0.387539308661
553,1521993071,666446910,0.401853995413,0.387567029642
554,1521993071,669780139,0.399357904506,0.378763509099
555,1521993071,673113216,0.393774581798,0.376360124021
556,1521993071,676447510,0.393253262779,0.37198747486
557,1521993071,679780659,0.393013295255,0.36753048566
558,1521993071,683113693,0.393069524355,0.36758306889
559,1521993071,686447524,0.392928981762,0.367451639017
560,1521993071,689780240,0.396975738297,0.367258258826
561,1521993071,693113727,0.401796513794,0.366802185933
562,1521993071,696447315,0.404616138452,0.36715319281
563,1521993071,699780408,0.405026526956,0.36860994667
564,1521993071,703113679,0.405350035465,0.369987709537
565,1521993071,706447082,0.405350035465,0.37033874152
566,1521993071,709780317,0.406436540975,0.372471574683
567,1521993071,713114017,0.406349341545,0.373444607632
568,1521993071,716447021,0.407141547984,0.373524745959
569,1521993071,719780864,0.40881633668,0.373444607632
570,1521993071,723113691,0.412811132753,0.369338479916
571,1521993071,726446713,0.412811132753,0.369338479916
572,1521993071,729780487,0.412693043321,0.367828899246
573,1521993071,733113525,0.414544121584,0.36860994667
574,1521993071,736446488,0.417394006131,0.368636315506
575,1521993071,739780474,0.417949571632,0.369206422393
576,1521993071,743114018,0.419419167908,0.374173330339
577,1521993071,746446985,0.420889184669,0.37528003142
578,1521993071,749780648,0.423296151813,0.375928364722
579,1521993071,753113406,0.425854695445,0.376009041816
580,1521993071,756450584,0.428475728984,0.37587612872
581,1521993071,759781776,0.431358629586,0.376197423099
582,1521993071,763113474,0.431649547128,0.375441164967
583,1521993071,766447582,0.432398081275,0.373417902497
584,1521993071,769780557,0.432874303831,0.372822631775
585,1521993071,773114291,0.438099181269,0.371365275328
586,1521993071,776447189,0.438161856402,0.371418403407
587,1521993071,779781273,0.439798537434,0.371312162445
588,1521993071,783114888,0.442328618256,0.371014268451
589,1521993071,786447230,0.443897169381,0.371498124034
590,1521993071,789780548,0.443770169261,0.370689773502
591,1521993071,793113815,0.442391898459,0.370365232131
592,1521993071,796447465,0.44053484556,0.369583808117
593,1521993071,799780354,0.440660901744,0.370391726532
594,1521993071,803113542,0.440629380935,0.370365232131
595,1521993071,806447124,0.440566352845,0.370312254698
596,1521993071,809780682,0.441623712091,0.374524337216
597,1521993071,813113285,0.443865412537,0.377089263842
598,1521993071,816447100,0.443001840696,0.376954425372
599,1521993071,819781264,0.442938486839,0.376900516981
600,1521993071,823113598,0.446012644374,0.377116243112
601,1521993071,826447423,0.448288258842,0.376954425372
602,1521993071,829769697,0.45092570119,0.376871150954
603,1521993071,833116105,0.449053200083,0.374482074348
604,1521993071,836447106,0.454316992866,0.376224350121
605,1521993071,839781430,0.456296203368,0.377926288033
606,1521993071,843113463,0.455597474298,0.378223761318
607,1521993071,846447516,0.456361463123,0.378682252626
608,1521993071,849780347,0.456524694206,0.378817699458
609,1521993071,853114646,0.455624075961,0.377953311721
610,1521993071,856447501,0.455819636763,0.378817699458
611,1521993071,859780821,0.458926735805,0.381220732977
612,1521993071,863113553,0.458992395256,0.381275274894
613,1521993071,866447620,0.460942697888,0.382191819379
614,1521993071,869780273,0.461140555678,0.382355873672
615,1521993071,873113913,0.461713537781,0.383650516005
616,1521993071,876446971,0.466009633277,0.386162801274
617,1521993071,879780189,0.465976301639,0.386135180732
618,1521993071,883113887,0.468762599427,0.389968639782
619,1521993071,886447377,0.470172411756,0.390670653535
620,1521993071,889780130,0.470306958161,0.391133556723
621,1521993071,893113152,0.470592178839,0.393886057299
622,1521993071,896447299,0.470105167418,0.394124346338
623,1521993071,899780304,0.470239675334,0.397747685312
624,1521993071,903113633,0.469501084556,0.399123364083
625,1521993071,906447054,0.469467505591,0.400849852953
626,1521993071,909780499,0.469148606264,0.404037811838
627,1521993071,913113221,0.467486526627,0.409391137467
628,1521993071,916447270,0.467285946024,0.413777920154
629,1521993071,919780214,0.467419647296,0.415651597007
630,1521993071,923113685,0.467386214806,0.418079091138
631,1521993071,926447581,0.467638348698,0.419042270283
632,1521993071,929779651,0.470021655851,0.419282134204
633,1521993071,933113982,0.471128684888,0.417959511848
634,1521993071,936447415,0.471615954306,0.413866707348
635,1521993071,939779969,0.472774835752,0.408337815501
636,1521993071,943113941,0.475038804857,0.398686783117
637,1521993071,946446856,0.475913773883,0.389350165615
638,1521993071,949780452,0.476516567237,0.382246488499
639,1521993071,953113174,0.479473360643,0.380600337062
640,1521993071,956447665,0.479903806168,0.380382633452
641,1521993071,959781037,0.480780389891,0.380518669012
642,1521993071,963114388,0.485327894294,0.388915619152
643,1521993071,966447119,0.485819331593,0.393942415299
644,1521993071,969780663,0.48638525354,0.401200859829
645,1521993071,973113838,0.488569857581,0.404066712969
646,1521993071,976447773,0.4894873145,0.40956644005
647,1521993071,979780360,0.488639763126,0.410795566755
648,1521993071,983113552,0.489627368095,0.412843140271
649,1521993071,986447066,0.488499972034,0.412784086753
650,1521993071,989780317,0.487829955725,0.4128136114
651,1521993071,993113785,0.483247737932,0.407899163646
652,1521993071,996446311,0.483351454002,0.407986708179
653,1521993071,999780408,0.483144066364,0.405354959947
654,1521993072,3114340,0.488817464634,0.405383949074
655,1521993072,6447442,0.489239868892,0.405441939768
656,1521993072,9780020,0.490437619229,0.40626023583
657,1521993072,13112965,0.4899798716,0.406173055522
658,1521993072,16446552,0.490614690528,0.4061149561
659,1521993072,19780397,0.491636887646,0.406085912622
660,1521993072,23113239,0.493540209953,0.409712933519
661,1521993072,26447052,0.493751454904,0.409595730363
662,1521993072,29780629,0.49413922135,0.412784086753
663,1521993072,33115721,0.495336473328,0.418220728577
664,1521993072,36448793,0.495972431181,0.418811110836
665,1521993072,39780719,0.496149881066,0.41896095381
666,1521993072,43113332,0.496043395901,0.419573249806
667,1521993072,46447453,0.50143314779,0.419714169748
668,1521993072,49780468,0.503411014152,0.420245399676
669,1521993072,53113000,0.505209798384,0.419573249806
670,1521993072,56447544,0.507034931774,0.420035066644
671,1521993072,59780474,0.507288830087,0.422000810703
672,1521993072,63113569,0.507605046837,0.423374853033
673,1521993072,66447706,0.507423564876,0.423925348709
674,1521993072,69781228,0.509294703888,0.424367313678
675,1521993072,73114207,0.509051473694,0.426213797166
676,1521993072,76447016,0.510109059858,0.426564879371
677,1521993072,79780601,0.509999610053,0.427526375566
678,1521993072,83114773,0.509537829729,0.43164584347
679,1521993072,86447265,0.509829473332,0.435404228547
680,1521993072,89780193,0.512224232187,0.437448427733
681,1521993072,93113101,0.511130081885,0.446544621109
682,1521993072,96446109,0.512929289629,0.44727872948
683,1521993072,99780379,0.513413981961,0.447437764573
684,1521993072,103113998,0.513171687793,0.447533767526
685,1521993072,106447195,0.514618305895,0.447565777666
686,1521993072,109779855,0.514728754808,0.447661835567
687,1521993072,113113373,0.513524140876,0.44612974002
688,1521993072,116446735,0.513560871019,0.446161649736
689,1521993072,119780498,0.513487415985,0.446097834868
690,1521993072,123113139,0.513671092983,0.446257406279
691,1521993072,126447219,0.516622320415,0.450628371058
692,1521993072,129781746,0.520424318436,0.454423902509
693,1521993072,133114053,0.521112006629,0.45506764532
694,1521993072,136447041,0.521389978943,0.455704702406
695,1521993072,139779856,0.523505151271,0.458864442253
696,1521993072,143113779,0.529308816688,0.462560898017
697,1521993072,146446359,0.530241128241,0.463812772379
698,1521993072,149780408,0.531775635407,0.463964724719
699,1521993072,153112698,0.535958677339,0.467039563226
700,1521993072,156447178,0.535927818782,0.467056536092
701,1521993072,159780097,0.536548713963,0.467641497384
702,1521993072,163114830,0.535889502645,0.468075788105
703,1521993072,166446976,0.535958677339,0.468444193491
704,1521993072,169780656,0.532166093437,0.468911650184
705,1521993072,173113958,0.531537263897,0.468978728598
706,1521993072,176447294,0.531537263897,0.470382856528
707,1521993072,179780336,0.530908254421,0.470801237231
708,1521993072,183113612,0.531537263897,0.472489048422
709,1521993072,186447409,0.530051526178,0.474176376795
710,1521993072,189780593,0.531537263897,0.475297304282
711,1521993072,193113850,0.53157528516,0.477437645211
712,1521993072,196445977,0.533843050981,0.477925447782
713,1521993072,199780032,0.531775635407,0.477301078379
714,1521993072,203114016,0.531775635407,0.477301078379
715,1521993072,206447284,0.531889742188,0.477403496177
716,1521993072,209780167,0.531965840585,0.477120716926
717,1521993072,213115063,0.531661577574,0.475795178914
718,1521993072,216447249,0.532041960759,0.476135591863
719,1521993072,219780727,0.531184785605,0.475648336265
720,1521993072,223113182,0.529536020358,0.475750421328
721,1521993072,226447139,0.531108809808,0.475580303892
722,1521993072,229780589,0.532556607318,0.475965324522
723,1521993072,233113792,0.535805327217,0.476033416843
724,1521993072,236446733,0.536196185241,0.477471799131
725,1521993072,239780311,0.53780493946,0.47803717631
726,1521993072,243114123,0.542034073978,0.479090121633
727,1521993072,246446264,0.546536809129,0.482490496144
728,1521993072,249780732,0.547594597095,0.486391169959
729,1521993072,253113231,0.546458609557,0.485932533666
730,1521993072,256447477,0.547242219619,0.486742101539
731,1521993072,259780785,0.547398787023,0.487232391687
732,1521993072,263113759,0.545714460719,0.491515087341
733,1521993072,266446839,0.54567542535,0.493586271446
734,1521993072,269763679,0.547988387536,0.495998855292
735,1521993072,273113338,0.542644632885,0.494655410085
736,1521993072,276447427,0.545832709717,0.499375638421
737,1521993072,279780407,0.547477104326,0.503100800114
738,1521993072,283113305,0.547829633048,0.50415404673
739,1521993072,286446490,0.548103743607,0.504783990811
740,1521993072,289790927,0.546306297809,0.503128607366
741,1521993072,293113969,0.549794693598,0.506341295417
742,1521993072,296447194,0.553038439691,0.507943278653
743,1521993072,299783639,0.555341890617,0.508172826579
744,1521993072,303117379,0.555818510749,0.508608964036
745,1521993072,306450965,0.555778761159,0.508572590656
746,1521993072,309785922,0.555619819639,0.508427149149
747,1521993072,313119650,0.560007895677,0.510327499527
748,1521993072,316452139,0.556722502345,0.508790909004
749,1521993072,319781367,0.561122773148,0.51277916905
750,1521993072,323114277,0.560480572549,0.512543354418
751,1521993072,326447262,0.561930781903,0.514686512887
752,1521993072,329781192,0.563844278762,0.514502485959
753,1521993072,333114916,0.564629837806,0.514576080936
754,1521993072,336448173,0.565022701609,0.51461288632
755,1521993072,339780724,0.565143968464,0.514372226749
756,1521993072,343114460,0.564982290888,0.51317205343
757,1521993072,346446368,0.563854768888,0.513077915772
758,1521993072,349781678,0.561488949266,0.511826184176
759,1521993072,353115044,0.561850396984,0.512155662443
760,1521993072,356447181,0.559583171669,0.512338889283
761,1521993072,359780572,0.557973135775,0.51461288632
762,1521993072,363114152,0.55758077616,0.51913917033
763,1521993072,366447507,0.555505787733,0.519176302093
764,1521993072,369780682,0.555505787733,0.52163352597
765,1521993072,373114141,0.554800831149,0.523388685882
766,1521993072,376447412,0.554800831149,0.523739717865
767,1521993072,379780553,0.554840516473,0.523777181364
768,1521993072,383113894,0.554800831149,0.523388685882
769,1521993072,386447646,0.55472147753,0.523664806942
770,1521993072,389780913,0.554800831149,0.52163352597
771,1521993072,393113869,0.554880207475,0.520654910376
772,1521993072,396447255,0.554800831149,0.516719078215
773,1521993072,399779830,0.557387781748,0.516829978003
774,1521993072,403113995,0.551470749327,0.513061970043
775,1521993072,406447002,0.557347908525,0.516793006118
776,1521993072,409780202,0.558325614066,0.521282493988
777,1521993072,413113700,0.558678092358,0.521984557953
778,1521993072,416446722,0.558718055026,0.52307506718
779,1521993072,419790740,0.557588364983,0.524158823924
780,1521993072,423113447,0.561542939599,0.527543890955
781,1521993072,426447578,0.559575431266,0.527099233246
782,1521993072,429780247,0.55985565934,0.527363197664
783,1521993072,433113446,0.55977556554,0.526234581009
784,1521993072,436446541,0.55977556554,0.525883523917
785,1521993072,439780072,0.557933229242,0.525106287231
786,1521993072,443113416,0.557620657483,0.52444178183
787,1521993072,446446810,0.557228323078,0.524404273478
788,1521993072,449779732,0.557347908525,0.525218979044
789,1521993072,453114188,0.557068955618,0.531272423474
790,1521993072,456448090,0.557188472665,0.532790333068
791,1521993072,459780731,0.558797997515,0.540003061256
792,1521993072,463114552,0.558598184171,0.541213895647
793,1521993072,466448120,0.558990588489,0.543007637932
794,1521993072,469781135,0.559423062035,0.544489549796
795,1521993072,473113685,0.559503105398,0.544567456442
796,1521993072,476448057,0.558518298839,0.544294880669
797,1521993072,479781758,0.561065179306,0.540862913872
798,1521993072,483114325,0.560953452331,0.54074396126
799,1521993072,486447530,0.560792962108,0.538483061129
800,1521993072,489780857,0.56326031015,0.536376869234
801,1521993072,493115524,0.563411296669,0.536185114312
802,1521993072,496447455,0.563814424385,0.53656876136
803,1521993072,499781148,0.563572478559,0.539497569167
804,1521993072,503116817,0.562857722551,0.53985208837
805,1521993072,506448695,0.561033731895,0.540821348589
806,1521993072,509782350,0.559695494654,0.545464686067
807,1521993072,513115322,0.55977556554,0.546946949441
808,1521993072,516448879,0.560752853901,0.549676768585
809,1521993072,519780540,0.561073880295,0.549991454011
810,1521993072,523113624,0.560833076054,0.546946949441
811,1521993072,526447197,0.560752853901,0.546517706697
812,1521993072,529780091,0.560873195739,0.542773089306
813,1521993072,533114096,0.558205835974,0.54117519328
814,1521993072,536447087,0.560873195739,0.542773089306
815,1521993072,539780696,0.560047947736,0.545815692944
816,1521993072,543113769,0.558365551521,0.545893778164
817,1521993072,546445993,0.558485398173,0.547766610108
818,1521993072,549780359,0.556756411461,0.548506059629
819,1521993072,553113823,0.556523416913,0.55213381672
820,1521993072,556447678,0.556483616912,0.554902184836
821,1521993072,559779582,0.556802176406,0.555571021732
822,1521993072,563112763,0.555898026988,0.55537231965
823,1521993072,566446959,0.558870676314,0.55517375965
824,1521993072,569781239,0.558870676314,0.55096258069
825,1521993072,573113932,0.55985565934,0.550536280916
826,1521993072,576447056,0.558718055026,0.544840606888
827,1521993072,579780517,0.558638135407,0.544060658561
828,1521993072,583113397,0.558758023411,0.54101767828
829,1521993072,586447335,0.558598184171,0.540862913872
830,1521993072,589780454,0.558678092358,0.540940285007
831,1521993072,593113780,0.556250530492,0.544489549796
832,1521993072,596447705,0.556091419929,0.548545283461
833,1521993072,599779531,0.558565324527,0.552761560181
834,1521993072,603113398,0.558245756294,0.554200221288
835,1521993072,606447035,0.558990588489,0.554590864856
836,1521993072,609780480,0.558990588489,0.554590864856
837,1521993072,613113475,0.559110552132,0.554709884285
838,1521993072,616447041,0.558990588489,0.554590864856
839,1521993072,619779966,0.559423062035,0.553968091282
840,1521993072,623113400,0.558678092358,0.553226404394
841,1521993072,626447581,0.55922305379,0.55377003333
842,1521993072,629780079,0.558837977338,0.55408699407
843,1521993072,633113540,0.559695494654,0.557047912991
844,1521993072,636447237,0.558638135407,0.56020697488
845,1521993072,639779990,0.558758023411,0.560327199569
846,1521993072,643113577,0.557228323078,0.564419057398
847,1521993072,646446511,0.557347908525,0.564540186031
848,1521993072,649781155,0.556676800906,0.564217291809
849,1521993072,653113007,0.557194676848,0.564742182663
850,1521993072,656446626,0.556836044788,0.561921820318
851,1521993072,659780328,0.556875869996,0.558451940497
852,1521993072,663113831,0.556170963831,0.557047912991
853,1521993072,666447092,0.556210744316,0.553577436376
854,1521993072,669780192,0.556250530492,0.551510691637
855,1521993072,673113450,0.556250530492,0.551510691637
856,1521993072,676447366,0.555034211906,0.551001980188
857,1521993072,679779615,0.554646710168,0.551668536712
858,1521993072,683114196,0.551744221658,0.552638205597
859,1521993072,686447045,0.552059977704,0.554709884285
860,1521993072,689780391,0.550571091649,0.554981564306
861,1521993072,693113591,0.550610474416,0.555021262558
862,1521993072,696447139,0.550531714515,0.555994892362
863,1521993072,699780178,0.550610474416,0.558882890571
864,1521993072,703113896,0.550531714515,0.558451940497
865,1521993072,706447306,0.550531714515,0.559504961127
866,1521993072,709780470,0.551315481426,0.560638176031
867,1521993072,713113297,0.550649862819,0.5624336928
868,1521993072,716446438,0.551315481426,0.563095575676
869,1521993072,719780466,0.55115778249,0.563987377173
870,1521993072,723113234,0.551354920261,0.568753172494
871,1521993072,726447176,0.552254482395,0.5689414558
872,1521993072,729790360,0.550679200408,0.572568284151
873,1521993072,733113534,0.55403748223,0.576060055148
874,1521993072,736447378,0.555778761159,0.575961091281
875,1521993072,739780478,0.562595593578,0.576435745174
876,1521993072,743113909,0.562515119312,0.576353291198
877,1521993072,746446975,0.562595593578,0.576435745174
878,1521993072,749781268,0.56239445107,0.576229654454
879,1521993072,753113122,0.562131844871,0.570361507864
880,1521993072,756449390,0.561328455068,0.569546356359
881,1521993072,759781661,0.56205140242,0.570279887728
882,1521993072,763115832,0.561689696119,0.569912886013
883,1521993072,766449517,0.561810213147,0.571439194927
884,1521993072,769783349,0.557893328418,0.573153237089
885,1521993072,773114758,0.557234553373,0.571807258533
886,1521993072,776447802,0.556955537502,0.575031516806
887,1521993072,779781016,0.556563222608,0.574990387308
888,1521993072,783114433,0.554800831149,0.57534141929
889,1521993072,786447896,0.554761151502,0.575300270569
890,1521993072,789780908,0.554880207475,0.575423734394
891,1521993072,793114590,0.5536641939,0.575259127733
892,1521993072,796446954,0.553901869021,0.575506073055
893,1521993072,799780730,0.552959338148,0.573855200637
894,1521993072,803114034,0.552725495445,0.573276231346
895,1521993072,806447156,0.553038439691,0.57393729136
896,1521993072,809780317,0.552725495445,0.576084688082
897,1521993072,813113349,0.55237299194,0.576084688082
898,1521993072,816447258,0.552254482395,0.576312073055
899,1521993072,819780113,0.552412506426,0.57647698101
900,1521993072,823113055,0.552412506426,0.57647698101
901,1521993072,826447524,0.555659546496,0.576539360481
902,1521993072,829780484,0.556603033997,0.577137859358
903,1521993072,833113881,0.556563222608,0.57674554722
904,1521993072,836447047,0.557660544511,0.577137859358
905,1521993072,839780167,0.557660544511,0.576786802266
906,1521993072,843113578,0.55758077616,0.576002284322
907,1521993072,846446066,0.557780239842,0.573399278401
908,1521993072,849780660,0.556716603337,0.571977576131
909,1521993072,853113479,0.554527678754,0.570859665726
910,1521993072,856447804,0.553937391656,0.570614749173
911,1521993072,859780792,0.553783005959,0.572223060069
912,1521993072,863114256,0.551941526844,0.574247249939
913,1521993072,866447571,0.551981004816,0.574990387308
914,1521993072,869780380,0.551746918682,0.576167115423
915,1521993072,873113619,0.551628526524,0.579904835062
916,1521993072,876446605,0.552020488435,0.583105829923
917,1521993072,879780351,0.553703792255,0.585479469987
918,1521993072,883113463,0.554135509464,0.58591428666
919,1521993072,886446810,0.554095874566,0.585872378765
920,1521993072,889780415,0.554016621777,0.585437599182
921,1521993072,893113732,0.55307799895,0.583807944108
922,1521993072,896447095,0.55299888609,0.582320408099
923,1521993072,899780078,0.553117563868,0.582445378499
924,1521993072,903113808,0.552959338148,0.582278763215
925,1521993072,906447362,0.553351339173,0.582320408099
926,1521993072,909780015,0.55350968839,0.583189261864
927,1521993072,913113298,0.553390917983,0.58376618687
928,1521993072,916446740,0.553390917983,0.5851703148
929,1521993072,919780963,0.553937391656,0.585002943955
930,1521993072,923113794,0.557347908525,0.585254036141
931,1521993072,926446987,0.557660544511,0.585212172476
932,1521993072,929790188,0.557356229641,0.583417683179
933,1521993072,933113776,0.55926071824,0.586539339531
934,1521993072,936446802,0.557660544511,0.583807944108
935,1521993072,939780257,0.557620657483,0.58376618687
936,1521993072,943113403,0.555193019978,0.582052658647
937,1521993072,946446049,0.555272458098,0.582135939898
938,1521993072,949780585,0.55491516546,0.591586041039
939,1521993072,953113336,0.550689256857,0.59302026688
940,1521993072,956446928,0.550531714515,0.594254641899
941,1521993072,959780471,0.553351339173,0.595658669405
942,1521993072,963113372,0.55347009259,0.598244077735
943,1521993072,966447454,0.553272198535,0.598030174675
944,1521993072,969780622,0.553390917983,0.598158498151
945,1521993072,973114379,0.553311766024,0.597019997727
946,1521993072,976446992,0.55350968839,0.59477580349
947,1521993072,979780088,0.553430502454,0.592233314317
948,1521993072,983113704,0.555113604584,0.591095580011
949,1521993072,986447178,0.555153309441,0.591137858502
950,1521993072,989780504,0.555505787733,0.592190954449
951,1521993072,993113580,0.555193019978,0.592233314317
952,1521993072,996425350,0.559104918169,0.59708768761
953,1521993072,999780290,0.55335359351,0.589798368754
954,1521993073,3113869,0.556836044788,0.594212143534
955,1521993073,6447255,0.559735527233,0.594297146344
956,1521993073,9780414,0.560128069045,0.59433965687
957,1521993073,13114153,0.560007895677,0.591755271115
958,1521993073,16446293,0.560288380455,0.592051656841
959,1521993073,19784341,0.558935962163,0.589241844531
960,1521993073,23114470,0.560296585254,0.589622089986
961,1521993073,26446881,0.559895714835,0.589200238308
962,1521993073,29780345,0.559695494654,0.595307662529
963,1521993073,33113370,0.558365551521,0.595392828146
964,1521993073,36447045,0.558285682325,0.598817731294
965,1521993073,39780185,0.558013048016,0.599605513251
966,1521993073,43113991,0.556483616912,0.600529815468
967,1521993073,46434307,0.558721218876,0.603649311839
968,1521993073,49781121,0.554342837877,0.599268486438
969,1521993073,53113838,0.558052965968,0.601754899787
970,1521993073,56448640,0.558086109263,0.601410720249
971,1521993073,59782001,0.55903057065,0.600264690046
972,1521993073,63116096,0.559263043997,0.598030174675
973,1521993073,66448297,0.559230567276,0.597319020336
974,1521993073,69782086,0.558950612047,0.597019997727
975,1521993073,73115223,0.55907055853,0.596445999422
976,1521993073,76447017,0.558917954151,0.593147569978
977,1521993073,79780386,0.5569157009,0.592541986432
978,1521993073,83113724,0.556563222608,0.592190954449
979,1521993073,86447962,0.556051656509,0.588512259756
980,1521993073,89789948,0.55478222275,0.58646845947
981,1521993073,93113326,0.557139628285,0.586187275102
982,1521993073,96446730,0.555153309441,0.58095793101
983,1521993073,99779838,0.554840516473,0.579244201911
984,1521993073,103114053,0.554289769131,0.577282449194
985,1521993073,106446814,0.554567350215,0.577571544711
986,1521993073,109779908,0.554135509464,0.57748891645
987,1521993073,113113969,0.552567393187,0.586448604391
988,1521993073,116447207,0.552333483107,0.586574442729
989,1521993073,119780186,0.55237299194,0.586616400844
990,1521993073,123112780,0.551433814863,0.586742311211
991,1521993073,126446953,0.550061239424,0.586406670275
992,1521993073,129779968,0.549552963902,0.586265343752
993,1521993073,133113501,0.549161178482,0.585521346782
994,1521993073,136447431,0.549395769119,0.586097647716
995,1521993073,139780329,0.550297334097,0.586307282757
996,1521993073,143113239,0.551707448983,0.583147542909
997,1521993073,146446565,0.551981004816,0.583064122905
998,1521993073,149780511,0.552919795861,0.586097647716
999,1521993073,153113737,0.558678092358,0.588680634624
1000,1521993073,156447443,0.558638135407,0.590042559381
1001,1521993073,159780714,0.560440483817,0.591137858502
1002,1521993073,163114060,0.563965266734,0.593595082379
1003,1521993073,166446934,0.564398482953,0.594031091272
1004,1521993073,169780279,0.565022701609,0.594648178327
1005,1521993073,173114272,0.564196681436,0.594520607922
1006,1521993073,176447443,0.56647313213,0.594690713962
1007,1521993073,179780679,0.566432614776,0.592190954449
1008,1521993073,183113409,0.564086306639,0.590211408304
1009,1521993073,186447071,0.563884602317,0.590000362245
1010,1521993073,189780573,0.565727658192,0.592190954449
1011,1521993073,193113567,0.565768125121,0.596797056514
1012,1521993073,196447721,0.565958694807,0.597328261324
1013,1521993073,199780295,0.566906738173,0.599340198676
1014,1521993073,203114141,0.565999169576,0.597370979501
1015,1521993073,206447068,0.568588153159,0.601009741619
1016,1521993073,209780141,0.568588153159,0.601009741619
1017,1521993073,213113859,0.565687197052,0.598466724417
1018,1521993073,216446257,0.565536981483,0.596574019598
1019,1521993073,219779985,0.565294313823,0.594563125308
1020,1521993073,223112978,0.564005607597,0.592584371409
1021,1521993073,226447111,0.559615446671,0.592063911195
1022,1521993073,229779422,0.559190556504,0.58955137075
1023,1521993073,233113635,0.558205835974,0.588905301118
1024,1521993073,236446689,0.558365551521,0.589424857581
1025,1521993073,239779883,0.55903057065,0.591839922467
1026,1521993073,243113861,0.558598184171,0.589298398697
1027,1521993073,246446858,0.563653104092,0.591882257225
1028,1521993073,249780494,0.56533474397,0.591797593764
1029,1521993073,253113358,0.565456069117,0.589115940398
1030,1521993073,256446622,0.565375179901,0.588680634624
1031,1521993073,259779920,0.565375179901,0.588680634624
1032,1521993073,263113452,0.563572478559,0.587936518123
1033,1521993073,266447015,0.563572478559,0.587936518123
1034,1521993073,269780248,0.562243090073,0.588722743397
1035,1521993073,273113691,0.561810213147,0.590393566258
1036,1521993073,276446943,0.561850396984,0.590435794537
1037,1521993073,279780119,0.561890586568,0.590829085949
1038,1521993073,283124195,0.564615313502,0.592740352287
1039,1521993073,286447309,0.568533676724,0.598947526777
1040,1521993073,289780617,0.569604919401,0.599562626081
1041,1521993073,293113513,0.570038942495,0.599648406556
1042,1521993073,296447186,0.57058073197,0.600880797242
1043,1521993073,299780136,0.57109652866,0.599648406556
1044,1521993073,303114018,0.570933159846,0.598423924823
1045,1521993073,306447351,0.57136731086,0.598509530134
1046,1521993073,309780579,0.57136731086,0.598509530134
1047,1521993073,313113549,0.570391471217,0.59789299553
1048,1521993073,316446582,0.570350670682,0.598552341974
1049,1521993073,319780564,0.571244734921,0.600837828077
1050,1521993073,323114366,0.574809866487,0.600880797242
1051,1521993073,326447089,0.575720586714,0.602500164574
1052,1521993073,329780515,0.578727961097,0.604082834441
1053,1521993073,333113838,0.582294137903,0.606583265731
1054,1521993073,336447011,0.583040796853,0.606977712184
1055,1521993073,339780437,0.582999094486,0.606934297714
1056,1521993073,343113293,0.583082505187,0.609127626097
1057,1521993073,346447309,0.58287402317,0.609611744959
1058,1521993073,349780481,0.582999094486,0.609742553573
1059,1521993073,353113297,0.578499631809,0.609127626097
1060,1521993073,356446607,0.578458251292,0.609786168921
1061,1521993073,359781428,0.576718212544,0.604876288647
1062,1521993073,363115288,0.57657200587,0.605092578531
1063,1521993073,366449610,0.576489550095,0.608866291399
1064,1521993073,369782980,0.576654485235,0.609040489608
1065,1521993073,373116014,0.576695733768,0.608732997644
1066,1521993073,376449312,0.577006963527,0.608689457626
1067,1521993073,379781485,0.577213391319,0.608556062459
1068,1521993073,383114024,0.576778248539,0.606713452439
1069,1521993073,386447885,0.574457438611,0.606145523853
1070,1521993073,389781242,0.572072267443,0.605881201766
1071,1521993073,393114721,0.572031352533,0.605486861947
1072,1521993073,396447743,0.572154114824,0.604212475224
1073,1521993073,399779627,0.569849472497,0.599468858468
1074,1521993073,403112981,0.569604919401,0.597456434186
1075,1521993073,406447187,0.572965775339,0.597285549257
1076,1521993073,409780188,0.575638223254,0.602765027079
1077,1521993073,413113596,0.579474311569,0.600966754011
1078,1521993073,416446081,0.579992727269,0.602894403561
1079,1521993073,419779917,0.580759607125,0.603294524804
1080,1521993073,423113094,0.580925775825,0.60803088346
1081,1521993073,426446669,0.582252491919,0.607943910083
1082,1521993073,429780110,0.582294137903,0.607987393661
1083,1521993073,433113809,0.580801140387,0.607198469175
1084,1521993073,436446893,0.578105747787,0.605222426724
1085,1521993073,439779949,0.577753244282,0.602765027079
1086,1521993073,443113630,0.575555883356,0.601976793182
1087,1521993073,446447194,0.575555883356,0.602678806935
1088,1521993073,449780260,0.577400740777,0.604871369632
1089,1521993073,453113203,0.574933216244,0.602765027079
1090,1521993073,456446865,0.577318148767,0.604784848194
1091,1521993073,459780614,0.579039001005,0.608953378046
1092,1521993073,463113409,0.580303787955,0.609171203693
1093,1521993073,466447291,0.578997593753,0.608558874933
1094,1521993073,469780257,0.579204689252,0.608776543892
1095,1521993073,473113781,0.578375508014,0.604082834441
1096,1521993073,476446677,0.578499631809,0.603510310813
1097,1521993073,479780428,0.577629289499,0.599476870145
1098,1521993073,483113543,0.577400740777,0.598903399066
1099,1521993073,486446840,0.57771192011,0.598860562116
1100,1521993073,489780445,0.580137773426,0.603380820688
1101,1521993073,493113636,0.58127827933,0.604169255447
1102,1521993073,496446795,0.581941659611,0.604477073836
1103,1521993073,499780396,0.582252491919,0.60724189633
1104,1521993073,503114026,0.584719663495,0.611804985724
1105,1521993073,506447309,0.585466442528,0.611848745468
1106,1521993073,509780499,0.585508321387,0.611892511473
1107,1521993073,513113422,0.584803314377,0.611892511473
1108,1521993073,516446895,0.582999094486,0.606934297714
1109,1521993073,519779517,0.57924612613,0.606362345116
1110,1521993073,523114209,0.578873407525,0.605270415653
1111,1521993073,526446244,0.574745160568,0.60363985653
1112,1521993073,529779612,0.572424745735,0.601317785994
1113,1521993073,533113442,0.571285587723,0.601231779016
1114,1521993073,536447320,0.569171020464,0.602986687886
1115,1521993073,539779358,0.569456094673,0.60363985653
1116,1521993073,543114209,0.569008249028,0.603866890052
1117,1521993073,546447162,0.573523202225,0.60452031254
1118,1521993073,549780233,0.573564229709,0.604563557429
1119,1521993073,553113944,0.573400154982,0.604039633209
1120,1521993073,556447197,0.57348218061,0.600264690046
1121,1521993073,559780248,0.572465691711,0.599956570343
1122,1521993073,563112846,0.572235985628,0.599031946695
1123,1521993073,566446993,0.572261020387,0.598689275577
1124,1521993073,569780609,0.572383805616,0.59916873817
1125,1521993073,573113682,0.571760684701,0.599254456159
1126,1521993073,576446527,0.571801586102,0.600701653172
1127,1521993073,579780281,0.573400154982,0.606847487401
1128,1521993073,583113319,0.573523202225,0.612243568565
1129,1521993073,586446731,0.574187137193,0.612199777451
1130,1521993073,589780118,0.574187137193,0.613252873398
1131,1521993073,593113221,0.575638223254,0.613296739841
1132,1521993073,596446864,0.575908336438,0.6121559926
1133,1521993073,599779665,0.577089516923,0.611936283739
1134,1521993073,603113496,0.576924433746,0.607198469175
1135,1521993073,606447044,0.578375508014,0.60724189633
1136,1521993073,609780318,0.577006963527,0.607285329696
1137,1521993073,613114370,0.576883177708,0.609611744959
1138,1521993073,616446811,0.577172093945,0.610970449735
1139,1521993073,619780181,0.577006963527,0.614305969346
1140,1521993073,623113481,0.577006963527,0.614305969346
1141,1521993073,626447056,0.576965695685,0.614262033859
1142,1521993073,629780389,0.57771192011,0.615710097276
1143,1521993073,633113308,0.578458251292,0.617860482038
1144,1521993073,636447330,0.58040720445,0.617683748491
1145,1521993073,639780228,0.580614804137,0.617904681228
1146,1521993073,643113893,0.580490226508,0.614262033859
1147,1521993073,646446866,0.580925775825,0.611541454381
1148,1521993073,649780079,0.58057327232,0.611541454381
1149,1521993073,653114613,0.581381262979,0.611279102835
1150,1521993073,656447287,0.581714003722,0.611628954947
1151,1521993073,659780595,0.579474311569,0.609742553573
1152,1521993073,663113991,0.575203430274,0.609698944465
1153,1521993073,666446947,0.575326873316,0.609829790508
1154,1521993073,669780187,0.574892093777,0.609742553573
1155,1521993073,673113518,0.575244572068,0.609742553573
1156,1521993073,676446338,0.575326873316,0.609829790508
1157,1521993073,679779699,0.575244572068,0.607987393661
1158,1521993073,683113175,0.57348218061,0.606583265731
1159,1521993073,686447069,0.573359150966,0.601188784753
1160,1521993073,689780341,0.573523202225,0.599254456159
1161,1521993073,693114063,0.570228304094,0.598774906597
1162,1521993073,696446951,0.567218712724,0.59859515994
1163,1521993073,699781000,0.565958694807,0.598030174675
1164,1521993073,703114188,0.562202875275,0.596754370221
1165,1521993073,706447066,0.561578253182,0.594382173477
1166,1521993073,709780356,0.557620657483,0.593946114362
1167,1521993073,713113328,0.557347908525,0.59122243363
1168,1521993073,716446949,0.552646433008,0.588989538752
1169,1521993073,719780354,0.547712089856,0.584075442481
1170,1521993073,723113744,0.547046308732,0.583415154887
1171,1521993073,726447339,0.541015481293,0.577406311828
1172,1521993073,729780141,0.538663886291,0.574721569984
1173,1521993073,733113555,0.53647195998,0.57253316343
1174,1521993073,736446991,0.536081138141,0.571088188051
1175,1521993073,739779879,0.536196185241,0.568051008084
1176,1521993073,743113559,0.53431887273,0.560557981756
1177,1521993073,746446964,0.532594698772,0.556034660253
1178,1521993073,749780268,0.53012735073,0.554630532324
1179,1521993073,753113597,0.529774872438,0.553577436376
1180,1521993073,756450561,0.529169285672,0.55294464085
1181,1521993073,759782823,0.520796688441,0.542538439988
1182,1521993073,763117101,0.516585379241,0.542189291188
1183,1521993073,766450058,0.514302613427,0.542383207244
1184,1521993073,769782854,0.511203215392,0.54246081251
1185,1521993073,773116316,0.5110569693,0.555643885485
1186,1521993073,776449986,0.5110569693,0.561962009262
1187,1521993073,779780780,0.517455767496,0.571537831603
1188,1521993073,783113583,0.518254294225,0.571953827559
1189,1521993073,786446871,0.526250089521,0.571831099465
1190,1521993073,789780094,0.528012480979,0.5711290355
1191,1521993073,793113471,0.528012480979,0.570075939553
1192,1521993073,796446949,0.527974717249,0.564068050521
1193,1521993073,799780204,0.522410194037,0.556425490926
1194,1521993073,803113919,0.518421406256,0.55349825774
1195,1521993073,806446905,0.511871703465,0.544879582538
1196,1521993073,809780276,0.508237344641,0.537742534784
1197,1521993073,813112701,0.50841915667,0.53337017997
1198,1521993073,816446943,0.505309300022,0.529555754306
1199,1521993073,819780002,0.503022501275,0.529394094837
1200,1521993073,823113399,0.501929087393,0.52865416562
1201,1521993073,826446973,0.501188282996,0.529318369749
1202,1521993073,829780046,0.499849969733,0.529043037745
1203,1521993073,833112889,0.497418025888,0.529080883302
1204,1521993073,836447053,0.495830562636,0.528189796295
1205,1521993073,839780093,0.495267424171,0.528340923561
1206,1521993073,843113510,0.483952694516,0.52022939804
1207,1521993073,846447196,0.480006767723,0.51664517146
1208,1521993073,849780672,0.47655065039,0.51461288632
1209,1521993073,853113159,0.47242228181,0.511212260851
1210,1521993073,856446991,0.469433931429,0.503658845819
1211,1521993073,859779992,0.467772150801,0.498852127827
1212,1521993073,863113367,0.466681258222,0.498465415126
1213,1521993073,866446436,0.461427087715,0.492182043078
1214,1521993073,869780647,0.457418671145,0.489584562014
1215,1521993073,873113659,0.450499479068,0.484107729961
1216,1521993073,876447228,0.446205602161,0.481932441422
1217,1521993073,879780676,0.441623712091,0.475965324522
1218,1521993073,883113987,0.440245386344,0.473191112387
1219,1521993073,886446589,0.434730111078,0.465952751034
1220,1521993073,889779958,0.430345213459,0.461574042586
1221,1521993073,893113626,0.426115776471,0.45911699445
1222,1521993073,896447096,0.417304449414,0.455606925685
1223,1521993073,899779451,0.410402148657,0.451556320896
1224,1521993073,903113333,0.406349341545,0.448554707287
1225,1521993073,906446911,0.401444060712,0.439460609367
1226,1521993073,909779757,0.396947340291,0.433937605681
1227,1521993073,913116204,0.395113253818,0.42961470846
1228,1521993073,916447126,0.390472757068,0.425404003732
1229,1521993073,919780562,0.383143903087,0.414919803295
1230,1521993073,923113475,0.378588764099,0.411789968995
1231,1521993073,926447530,0.371784821309,0.404302089921
1232,1521993073,929780386,0.362046996872,0.395318563104
1233,1521993073,933113807,0.358117944376,0.388943436591
1234,1521993073,936446825,0.352856008253,0.382652230353
1235,1521993073,939780262,0.348248552208,0.374902157292
1236,1521993073,943113465,0.345076247583,0.37033874152
1237,1521993073,946446271,0.340567107634,0.364098292928
1238,1521993073,949779572,0.335206855415,0.356999526185
1239,1521993073,953113252,0.331282203861,0.356597482475
1240,1521993073,956447084,0.323176362703,0.35273668296
1241,1521993073,959779850,0.320824086901,0.350405107369
1242,1521993073,963113328,0.303814556922,0.335211567049
1243,1521993073,966446985,0.299937573017,0.331350491408
1244,1521993073,969780106,0.293966895285,0.326108711727
1245,1521993073,973113818,0.290421339795,0.32011827136
1246,1521993073,976446410,0.282748261203,0.313538838558
1247,1521993073,979780363,0.276636099267,0.308841874245
1248,1521993073,983113585,0.271075195151,0.306472841375
1249,1521993073,986447322,0.267845186101,0.303599234588
1250,1521993073,989780210,0.259108610225,0.300877449894
1251,1521993073,993113493,0.255546761489,0.295919961233
1252,1521993073,996446788,0.249907108821,0.294866865286
1253,1521993073,999779782,0.249590334748,0.294909052404
1254,1521993074,3113318,0.24777451684,0.288527652476
1255,1521993074,6445916,0.246435205213,0.284748038153
1256,1521993074,9780164,0.245959477974,0.281798058786
1257,1521993074,13113352,0.2449899358,0.272420303444
1258,1521993074,16451574,0.241789409407,0.270940759013
1259,1521993074,19784992,0.241095151529,0.267837402635
1260,1521993074,23118774,0.239298528108,0.263587312341
1261,1521993074,26451693,0.236546772056,0.260502996291
1262,1521993074,29787582,0.235622593523,0.259559450318
1263,1521993074,33119195,0.229225658197,0.254274465328
1264,1521993074,36451361,0.224608998332,0.250024187231
1265,1521993074,39783670,0.22000939928,0.245792709664
1266,1521993074,43117659,0.216375241975,0.240054365891
1267,1521993074,46450658,0.21222229028,0.233469666487
1268,1521993074,49783581,0.208697003066,0.230661008845
1269,1521993074,53116610,0.204452032754,0.227133938567
1270,1521993074,56438970,0.20263677251,0.225049891352
1271,1521993074,59780816,0.197232463221,0.220932297269
1272,1521993074,63113688,0.195653440374,0.220479624893
1273,1521993074,66446852,0.193171920602,0.220463853818
1274,1521993074,69779872,0.190704396069,0.215900111621
1275,1521993074,73113355,0.189267305182,0.212359160277
1276,1521993074,76446240,0.185430107454,0.210298240941
1277,1521993074,79779532,0.178001537313,0.205353709753
1278,1521993074,83113739,0.175848934439,0.200045304909
1279,1521993074,86446903,0.175181710979,0.197279974156
1280,1521993074,89780559,0.169177479492,0.190596733935
1281,1521993074,93113851,0.166369753686,0.188855206576
1282,1521993074,96447539,0.162128417847,0.183225589528
1283,1521993074,99779937,0.160423520309,0.175215088746
1284,1521993074,103113798,0.158581203402,0.170564944185
1285,1521993074,106446824,0.156522752299,0.170274869543
1286,1521993074,109780512,0.152248842626,0.170226160434
1287,1521993074,113113505,0.148414591707,0.169923787338
1288,1521993074,116447036,0.144153310651,0.16602625258
1289,1521993074,119780410,0.140638838392,0.16112367996
1290,1521993074,123113755,0.138514061334,0.160761149433
1291,1521993074,126447254,0.134294229141,0.15971955203
1292,1521993074,129780489,0.131121924516,0.157262328152
1293,1521993074,133113518,0.128311275728,0.151656663773
1294,1521993074,136447180,0.126178203455,0.144263826238
1295,1521993074,139780510,0.12583475014,0.140061761011
1296,1521993074,143113430,0.125500224817,0.139730717687
1297,1521993074,146447304,0.12510294935,0.138627886735
1298,1521993074,149780427,0.123023723157,0.137965437182
1299,1521993074,153113265,0.119859765274,0.133762320198
1300,1521993074,156446926,0.117014423316,0.128468516796
1301,1521993074,159780394,0.112784986328,0.123554420525
1302,1521993074,163114233,0.111719636834,0.122141657383
1303,1521993074,166447302,0.107866072453,0.121114696763
1304,1521993074,169780010,0.107528952203,0.119727596806
1305,1521993074,173113137,0.106456058434,0.119710468395
1306,1521993074,176447358,0.102894222878,0.114052763519
1307,1521993074,179780225,0.100118156876,0.108835483625
1308,1521993074,183118044,0.096799980286,0.103764452253
1309,1521993074,186456147,0.0950331925592,0.103757041036
1310,1521993074,189785148,0.0949388906414,0.10403941356
1311,1521993074,193119230,0.0944439166926,0.104936045908
1312,1521993074,196452809,0.0937525198853,0.104951056071
1313,1521993074,199783762,0.0938263354833,0.105033688783
1314,1521993074,203115196,0.0906387849473,0.0993989276196
1315,1521993074,206448483,0.0877670946354,0.0954806992354
1316,1521993074,209781777,0.0849472683018,0.0909172834632
1317,1521993074,213115246,0.0824799202598,0.0891621235507
1318,1521993074,216448868,0.0803593027588,0.0891557466287
1319,1521993074,219780074,0.0804168172899,0.0892195569255
1320,1521993074,223123781,0.0801129248609,0.0906320527699
1321,1521993074,226447142,0.0820213621608,0.0911912289331
1322,1521993074,229780365,0.0817749636764,0.0909172834632
1323,1521993074,233112883,0.0817983663991,0.0881342430365
1324,1521993074,236447878,0.0799725316112,0.0835038031891
1325,1521993074,239780353,0.0789720829295,0.080754684063
1326,1521993074,243126808,0.0754858780437,0.076574765903
1327,1521993074,246447045,0.0728972995299,0.0757699484149
1328,1521993074,249779821,0.0708582730004,0.0754826741273
1329,1521993074,253113476,0.0687283510437,0.0754664784456
1330,1521993074,256446695,0.0687381834259,0.0779346744389
1331,1521993074,259780445,0.0687234359074,0.0779179538479
1332,1521993074,263113687,0.0697907017583,0.0779291001113
1333,1521993074,266447117,0.07014318005,0.0779291001113
1334,1521993074,269779823,0.0701532155576,0.0740783453064
1335,1521993074,273113294,0.07014318005,0.0705574284791
1336,1521993074,276447106,0.0680185801545,0.0652826099807
1337,1521993074,279779787,0.0655750331468,0.0614437813523
1338,1521993074,283113896,0.0634279456094,0.0596583686097
1339,1521993074,286446877,0.0609874688013,0.0596839748914
1340,1521993074,289779403,0.0585239543138,0.0596882447422
1341,1521993074,293113868,0.0574334217367,0.0628122614279
1342,1521993074,296446998,0.0556955537502,0.0649455620324
1343,1521993074,299779793,0.0546419518162,0.06495020797
1344,1521993074,303113426,0.0546302277527,0.0649362721508
1345,1521993074,306447120,0.0542777746704,0.0645852652744
1346,1521993074,309780326,0.0539291786314,0.061781628917
1347,1521993074,313113370,0.0539330362265,0.0544138492704
1348,1521993074,316452455,0.0531330130991,0.0501115512342
1349,1521993074,319780103,0.0533157446767,0.04536099312
1350,1521993074,323113735,0.0521630561768,0.0428228389319
1351,1521993074,326447343,0.0500483376831,0.0417698183024
1352,1521993074,329780106,0.0486489635525,0.041778782424
1353,1521993074,333112804,0.047242228181,0.0417817713195
1354,1521993074,336446771,0.0451075423009,0.0424657577087
1355,1521993074,339779977,0.0437073081719,0.0442300297929
1356,1521993074,343113375,0.0419449167133,0.0456341577228
1357,1521993074,346446883,0.0401796513794,0.0466839145733
1358,1521993074,349780543,0.0391222921326,0.0466839145733
1359,1521993074,353117266,0.0373253228736,0.0466405497366
1360,1521993074,356446842,0.0356410954983,0.0460378759234
1361,1521993074,359780765,0.0345354620742,0.0449224544357
1362,1521993074,363113171,0.0331424415582,0.0428381579699
1363,1521993074,366447173,0.0324210460288,0.0407109743323
1364,1521993074,369780062,0.0324326423683,0.0396722891925
1365,1521993074,373113458,0.0324280028372,0.0354542302308
1366,1521993074,376446661,0.0327804811289,0.0333480383359
1367,1521993074,379780534,0.0334806482626,0.0308863961199
1368,1521993074,383113997,0.0334830428162,0.0287825638723
1369,1521993074,386447194,0.0334878329511,0.0273824531812
1370,1521993074,389780063,0.0334902285325,0.0270333298037
1371,1521993074,393113159,0.0331353294463,0.0270313960892
1372,1521993074,396446187,0.0317253154273,0.0270313960892
1373,1521993074,399780523,0.0303044629023,0.0273726632445
1374,1521993074,403113374,0.028554826433,0.02878874083
1375,1521993074,406447514,0.026430200567,0.0287784473729
1376,1521993074,409779659,0.024682307509,0.0287949204395
1377,1521993074,413112805,0.0232635672528,0.0287846225636
1378,1521993074,416447894,0.021842717885,0.0280685052737
1379,1521993074,419780275,0.0200970124343,0.027037198063
1380,1521993074,423112980,0.0197430207324,0.025981941829
1381,1521993074,426446771,0.0193835332047,0.0252706877345
1382,1521993074,429780097,0.0190338277523,0.0235191428264
1383,1521993074,433112333,0.0190392749377,0.0231747411969
1384,1521993074,436447107,0.0190256628158,0.0228072910246
1385,1521993074,439779323,0.0190406372213,0.0217717691128
1386,1521993074,443113705,0.019027023152,0.0210543893054
1387,1521993074,446447844,0.0190297444082,0.0207064438414
1388,1521993074,449779832,0.0186893700757,0.0203685962456
1389,1521993074,453115401,0.0183157706963,0.0199945217915
1390,1521993074,456447647,0.0172776152563,0.0189625085821
1391,1521993074,459780369,0.0162163211842,0.0189584390831
1392,1521993074,463113261,0.0155112637414,0.0189584390831
1393,1521993074,466447260,0.014096106969,0.0186007037898
1394,1521993074,469779565,0.0133989669335,0.0182601934494
1395,1521993074,473113509,0.0123340935979,0.0182497471145
1396,1521993074,476446881,0.0116317836264,0.0179026311066
1397,1521993074,479779909,0.0112801121519,0.0175528546034
1398,1521993074,483113824,0.0109252641699,0.0164961433822
1399,1521993074,486447114,0.0102218704595,0.0154454072293
1400,1521993074,489779938,0.0102233329204,0.014394370415
1401,1521993074,493113739,0.00986798054056,0.0129863256413
1402,1521993074,496446478,0.00951895642454,0.0119376489484
1403,1521993074,499779172,0.00881321803487,0.0105324661573
1404,1521993074,503113336,0.00881006685565,0.00912487355725
1405,1521993074,506447103,0.00810584115831,0.00842356257816
1406,1521993074,509779893,0.00775563187069,0.00772380851536
1407,1521993074,513113646,0.00704855752897,0.0070196354818
1408,1521993074,516446839,0.00669756659021,0.00631902765721
1409,1521993074,519780138,0.00634460925075,0.00596754370221
1410,1521993074,523115322,0.00598870419175,0.00526246852573
1411,1521993074,526447342,0.00493681473698,0.00421419232667
1412,1521993074,529779682,0.00493610831718,0.00386245686614
1413,1521993074,533112448,0.00387781593534,0.0024575754367
1414,1521993074,536446605,0.00352402674226,0.00210574005167
1415,1521993074,539780216,0.00246717157593,0.000702013752982
1416,1521993074,543113487,0.00176239145854,0.0
1417,1521993074,546447077,0.00105735924683,0.0
1418,1521993074,549780099,0.000352503504748,0.0
1419,1521993074,553113592,0.0,0.0
1420,1521993074,556446690,0.0,0.0
1421,1521993074,559783164,0.0,0.0
1422,1521993074,563117403,0.0,0.0
1423,1521993074,566450390,0.0,0.0
1424,1521993074,569783518,0.0,0.0
1425,1521993074,573113350,0.0,0.0
1426,1521993074,576446992,0.0,0.0
1427,1521993074,579780610,0.0,0.0
1428,1521993074,583113724,0.0,0.0
1429,1521993074,586446978,0.0,0.0
1430,1521993074,589780395,0.0,0.0
1431,1521993074,593114271,0.0,0.0
1432,1521993074,596446740,0.0,0.0
1433,1521993074,599779156,0.0,0.0
1434,1521993074,603113808,0.0,0.0
1435,1521993074,606446964,0.0,0.0
1436,1521993074,609779968,0.0,0.0
1437,1521993074,613113851,0.0,0.0
1438,1521993074,616446906,0.0,0.0
1439,1521993074,619779651,0.0,0.0
1440,1521993074,623113932,0.0,0.0
1441,1521993074,626447016,0.0,0.0
1442,1521993074,629780265,0.0,0.0
1443,1521993074,633112849,0.0,0.0
1444,1521993074,636447173,0.0,0.0
1445,1521993074,639782826,0.0,0.0
1446,1521993074,643113588,0.0,0.0
1447,1521993074,646447656,0.0,0.0
1448,1521993074,649780646,0.0,0.0
1449,1521993074,653113219,0.0,0.0
1450,1521993074,656446390,0.0,0.0
1451,1521993074,659805778,0.0,-0.000348316405046
1452,1521993074,663113552,0.0,-0.000353739235051
1453,1521993074,666447039,0.0,-0.000351031982483
1454,1521993074,669780599,0.0,-0.000351006876491
1455,1521993074,673113066,0.0,-0.000351107322013
1456,1521993074,676446989,0.0,-0.00035098177409
1457,1521993074,679779975,0.0,0.0
1458,1521993074,683125852,0.0,0.0
1459,1521993074,686446669,0.0,0.0
1460,1521993074,689779617,0.0,0.0
1461,1521993074,693113248,0.0,0.0
1462,1521993074,696447018,0.0,0.0
1463,1521993074,699779870,0.0,0.0
1464,1521993074,703113607,0.0,0.0
1465,1521993074,706446606,0.0,0.0
1466,1521993074,709780136,0.0,0.0
1467,1521993074,713113698,0.0,0.0
1468,1521993074,716446521,0.0,0.0
1469,1521993074,719779602,0.0,0.0
1470,1521993074,723113236,0.0,0.0
1471,1521993074,726447050,0.0,0.0
1472,1521993074,729779911,0.0,0.0
1473,1521993074,733112901,0.0,0.0
1474,1521993074,736445863,0.0,0.0
1475,1521993074,739798270,0.0,0.0
1476,1521993074,743113083,0.0,0.0
1477,1521993074,746446969,0.0,0.0
1478,1521993074,749780097,0.0,0.0
1479,1521993074,753113613,0.0,0.0
1480,1521993074,756446896,0.0,0.0
1481,1521993074,759809083,0.0,0.0
1482,1521993074,763113457,0.0,0.0
1483,1521993074,766447227,0.0,0.0
1484,1521993074,769780531,0.0,0.0
1485,1521993074,773114158,0.0,0.0
1486,1521993074,776447205,0.0,0.0
1487,1521993074,779780134,0.0,0.0
1488,1521993074,783112934,0.0,0.0
1489,1521993074,786446919,0.0,0.0
1490,1521993074,789779999,0.0,0.0
1491,1521993074,793113779,0.0,-0.00070196354818
1492,1521993074,796446953,0.0,-0.000702063964966
1493,1521993074,799779275,0.0,-0.00105347269901
1494,1521993074,803113575,0.0,-0.00140372632023
1495,1521993074,806447360,0.0,-0.00140392709636
1496,1521993074,809780846,0.0,-0.00140402750596
1497,1521993074,813113153,0.0,-0.00105339732713
1498,1521993074,816447057,0.0,-0.00070196354818
1499,1521993074,819780312,0.0,-0.000702063964966
1500,1521993074,823113555,0.0,-0.000351057092067
1501,1521993074,826446359,0.0,0.0
1502,1521993074,829780043,0.0,0.0
1503,1521993074,833112684,0.0,0.0
1504,1521993074,836447250,0.0,0.0
1505,1521993074,839780783,0.0,0.0
1506,1521993074,843113358,0.0,0.0
1507,1521993074,846446816,0.0,0.0
1508,1521993074,849780290,0.0,0.0
1509,1521993074,853113102,0.0,0.0
1510,1521993074,856447321,0.0,0.0
1511,1521993074,859780560,0.0,0.0
1512,1521993074,863113064,0.0,0.0
1513,1521993074,866447090,0.0,0.0
1514,1521993074,869789975,0.0,0.0
1515,1521993074,873113090,0.0,0.0
1516,1521993074,876446501,0.0,0.0
1517,1521993074,879780103,0.0,0.0
1518,1521993074,883112785,0.0,0.0
1519,1521993074,886446540,0.0,0.0
1520,1521993074,889780033,0.0,0.0
