1,1521991839,60157812,0.0,0.0
2,1521991839,63473104,0.0,0.0
3,1521991839,66820166,0.0,0.0
4,1521991839,70152968,0.0,0.0
5,1521991839,73486424,0.0,0.0
6,1521991839,76820180,0.0,0.0
7,1521991839,80153091,0.0,0.0
8,1521991839,83485825,0.0,0.0
9,1521991839,86820959,0.0,0.0
10,1521991839,90152946,0.0,0.0
11,1521991839,93486798,0.0,0.0
12,1521991839,96820710,0.0,0.0
13,1521991839,100152767,0.0,0.0
14,1521991839,103486515,0.0,0.0
15,1521991839,106821296,0.0,0.0
16,1521991839,110153321,0.0,0.0
17,1521991839,113516213,0.0,0.0
18,1521991839,116820121,0.0,0.0
19,1521991839,120153387,0.0,0.0
20,1521991839,123502358,0.0,0.0
21,1521991839,126822065,0.0,0.0
22,1521991839,130155023,0.0,0.0
23,1521991839,133495429,0.0,0.0
24,1521991839,136830222,0.0,0.0
25,1521991839,140155035,0.0,0.0
26,1521991839,143449083,0.0,0.0
27,1521991839,146819322,0.0,0.0
28,1521991839,150153710,0.0,0.0
29,1521991839,153486267,0.0,0.0
30,1521991839,156820389,0.0,0.0
31,1521991839,160152600,0.0,0.0
32,1521991839,163486076,0.0,0.0
33,1521991839,166819089,0.0,0.0
34,1521991839,170153190,0.0,0.0
35,1521991839,173486205,0.0,0.0
36,1521991839,176819364,0.0,0.0
37,1521991839,180152619,0.0,0.0
38,1521991839,183494515,0.0,0.0
39,1521991839,186821147,0.0,0.0
40,1521991839,190153912,0.0,0.0
41,1521991839,193486712,0.0,0.0
42,1521991839,196819218,0.0,0.0
43,1521991839,200153566,0.0,0.0
44,1521991839,203486451,0.0,0.0
45,1521991839,206819399,0.0,0.0
46,1521991839,210152946,0.0,0.0
47,1521991839,213485880,0.0,0.0
48,1521991839,216819209,0.0,0.0
49,1521991839,220152634,0.0,0.0
50,1521991839,223486118,0.0,0.0
51,1521991839,226820378,0.0,0.0
52,1521991839,230153218,0.0,0.0
53,1521991839,233496095,0.0,0.0
54,1521991839,236819304,0.0,0.0
55,1521991839,240152499,0.0,0.0
56,1521991839,243486265,0.0,0.0
57,1521991839,246819750,0.0,0.0
58,1521991839,250153172,0.0,0.0
59,1521991839,253485621,0.0,0.0
60,1521991839,256819108,0.0,0.0
61,1521991839,260154532,0.0,0.0
62,1521991839,263492045,0.0,0.0
63,1521991839,266819210,0.0,0.0
64,1521991839,270152987,0.0,0.0
65,1521991839,273486231,0.0,0.0
66,1521991839,276819560,0.0,0.0
67,1521991839,280152846,0.0,0.0
68,1521991839,283485232,0.0,0.0
69,1521991839,286819945,0.0,0.0
70,1521991839,290152812,0.0,0.0
71,1521991839,293486974,0.0,0.0
72,1521991839,296821502,0.0,0.0
73,1521991839,300152724,0.0,0.0
74,1521991839,303486324,0.0,0.0
75,1521991839,306819972,0.0,0.0
76,1521991839,310152388,0.0,0.0
77,1521991839,313490772,0.0,0.0
78,1521991839,316818985,0.0,0.0
79,1521991839,320152692,0.0,0.0
80,1521991839,323487375,0.0,0.0
81,1521991839,326819999,0.0,0.0
82,1521991839,330152487,0.0,0.0
83,1521991839,333485906,0.0,0.0
84,1521991839,336819341,0.0,0.0
85,1521991839,340153203,0.0,0.0
86,1521991839,343485787,0.0,0.0
87,1521991839,346819061,0.0,0.0
88,1521991839,350152243,0.0,0.0
89,1521991839,353492833,0.0,0.0
90,1521991839,356819322,0.0,0.0
91,1521991839,360151382,0.0,0.0
92,1521991839,363485977,0.0,0.0
93,1521991839,366819901,0.0,0.0
94,1521991839,370152283,0.0,0.0
95,1521991839,373486928,0.0,0.0
96,1521991839,376819427,0.0,0.0
97,1521991839,380153203,0.0,0.0
98,1521991839,383486559,0.0,0.0
99,1521991839,386819316,0.0,0.0
100,1521991839,390152523,0.0,0.0
101,1521991839,393485864,0.0,0.0
102,1521991839,396819656,0.0,0.0
103,1521991839,400152621,0.0,0.0
104,1521991839,403485610,0.0,0.0
105,1521991839,406819653,0.0,0.0
106,1521991839,410152584,0.0,0.0
107,1521991839,413485803,0.0,0.0
108,1521991839,416819335,0.0,0.0
109,1521991839,420152654,0.0,0.0
110,1521991839,423485039,0.0,0.0
111,1521991839,426819980,0.0,0.0
112,1521991839,430152071,0.0,0.0
113,1521991839,433485805,0.0,0.0
114,1521991839,436819724,0.0,0.0
115,1521991839,440151806,0.0,0.0
116,1521991839,443504002,0.0,0.0
117,1521991839,446819535,0.0,0.0
118,1521991839,450152838,0.0,0.0
119,1521991839,453485923,0.0,0.0
120,1521991839,456819433,0.0,0.0
121,1521991839,460152300,0.0,0.0
122,1521991839,463485562,0.0,0.0
123,1521991839,466819464,0.0,0.0
124,1521991839,470152600,0.0,0.0
125,1521991839,473485994,0.0,0.0
126,1521991839,476819222,0.0,0.0
127,1521991839,480152289,0.0,0.0
128,1521991839,483495883,0.0,0.0
129,1521991839,486820148,0.0,0.0
130,1521991839,490152830,0.0,0.0
131,1521991839,493485928,0.0,0.0
132,1521991839,496818862,0.0,0.0
133,1521991839,500152662,0.0,0.0
134,1521991839,503501279,0.0,0.0
135,1521991839,506820525,0.0,0.0
136,1521991839,510152412,0.0,0.0
137,1521991839,513484936,0.0,0.0
138,1521991839,516819418,0.0,0.0
139,1521991839,520152233,0.0,0.0
140,1521991839,523485628,0.0,0.0
141,1521991839,526819671,0.0,0.0
142,1521991839,530151869,0.0,0.0
143,1521991839,533485672,0.0,0.0
144,1521991839,536830050,0.0,0.0
145,1521991839,540143061,0.0,0.0
146,1521991839,543499295,0.0,0.0
147,1521991839,546825050,0.0,0.0
148,1521991839,550158571,0.0,0.0
149,1521991839,553492059,0.0,0.0
150,1521991839,556824260,0.0,0.0
151,1521991839,560152973,0.0,0.0
152,1521991839,563485721,0.0,0.0
153,1521991839,566820313,0.0,0.0
154,1521991839,570152079,0.0,0.0
155,1521991839,573497216,0.0,0.0
156,1521991839,576820036,0.0,0.0
157,1521991839,580152671,0.0,0.0
158,1521991839,583485942,0.0,0.0
159,1521991839,586819888,0.0,0.0
160,1521991839,590163367,0.0,0.0
161,1521991839,593500124,0.0,0.0
162,1521991839,596819457,0.0,0.0
163,1521991839,600163005,0.0,0.0
164,1521991839,603485924,0.0,0.0
165,1521991839,606821009,0.0,0.0
166,1521991839,610152742,0.0,0.0
167,1521991839,613485384,0.0,0.0
168,1521991839,616819146,0.0,0.0
169,1521991839,620152953,0.0,0.0
170,1521991839,623485603,0.0,0.0
171,1521991839,626820013,0.0,0.0
172,1521991839,630111079,0.0,0.0
173,1521991839,633485654,0.0,0.0
174,1521991839,636819759,0.0,0.0
175,1521991839,640152838,0.0,0.0
176,1521991839,643502328,0.0,0.0
177,1521991839,646820289,0.0,0.0
178,1521991839,650152587,0.0,0.0
179,1521991839,653485888,0.0,0.0
180,1521991839,656818323,0.0,0.0
181,1521991839,660151426,0.0,0.0
182,1521991839,663485679,0.0,0.0
183,1521991839,666819611,0.0,0.0
184,1521991839,670152812,0.0,0.0
185,1521991839,673502327,0.0,0.0
186,1521991839,676796826,0.0,0.0
187,1521991839,680163233,0.0,0.0
188,1521991839,683514715,0.0,0.0
189,1521991839,686820204,0.0,0.0
190,1521991839,690152791,0.0,0.0
191,1521991839,693486269,0.0,0.0
192,1521991839,696819078,0.0,0.0
193,1521991839,700152045,0.0,0.0
194,1521991839,703485632,0.0,0.0
195,1521991839,706819398,0.0,0.0
196,1521991839,710152767,0.0,0.0
197,1521991839,713486053,0.0,0.0
198,1521991839,716818573,0.0,0.0
199,1521991839,720152239,0.0,0.0
200,1521991839,723486111,0.0,0.0
201,1521991839,726820141,0.0,0.0
202,1521991839,730152627,0.0,0.0
203,1521991839,733485158,0.0,0.0
204,1521991839,736819229,0.0,0.0
205,1521991839,740152749,0.0,0.0
206,1521991839,743485883,0.0,0.0
207,1521991839,746819345,0.0,0.0
208,1521991839,750153143,0.0,0.0
209,1521991839,753485358,0.0,0.0
210,1521991839,756819007,0.0,0.0
211,1521991839,760152007,0.0,0.0
212,1521991839,763485577,0.0,0.0
213,1521991839,766820288,0.0,0.0
214,1521991839,770152525,0.0,0.0
215,1521991839,773485926,0.0,0.0
216,1521991839,776818934,0.0,0.0
217,1521991839,780152716,0.0,0.0
218,1521991839,783486581,0.0,0.0
219,1521991839,786819961,0.0,0.0
220,1521991839,790152277,0.0,0.0
221,1521991839,793485488,0.0,0.0
222,1521991839,796818759,0.0,0.0
223,1521991839,800152408,0.0,0.0
224,1521991839,803495298,0.0,0.0
225,1521991839,806819775,0.0,0.0
226,1521991839,810152507,0.0,0.0
227,1521991839,813495842,0.0,0.0
228,1521991839,816819380,0.0,0.0
229,1521991839,820152423,0.0,0.0
230,1521991839,823500871,0.0,0.0
231,1521991839,826819662,0.0,0.0
232,1521991839,830152350,0.0,0.0
233,1521991839,833485676,0.0,0.0
234,1521991839,836819143,0.0,0.0
235,1521991839,840152528,0.0,0.0
236,1521991839,843485332,0.0,0.0
237,1521991839,846818354,0.0,0.0
238,1521991839,850152196,0.0,0.0
239,1521991839,853485172,0.0,0.0
240,1521991839,856819238,0.0,0.000350956675279
241,1521991839,860151994,0.00070505744279,0.00175541102622
242,1521991839,863486341,0.000704754951216,0.00315838422051
243,1521991839,866819204,0.00105758616418,0.00491515087341
244,1521991839,870152154,0.00246752453324,0.00667008474927
245,1521991839,873485687,0.00387698390503,0.0077221512828
246,1521991839,876819197,0.00563965266734,0.0105309594745
247,1521991839,880152472,0.00634460925075,0.0126371513694
248,1521991839,883485950,0.00634415548096,0.0147422888126
249,1521991839,886819822,0.00669612965252,0.0171981069304
250,1521991839,890170301,0.0066627752744,0.0185093746386
251,1521991839,893486309,0.00708656743799,0.0211724682791
252,1521991839,896819493,0.00704956583417,0.021061918949
253,1521991839,900127905,0.00710291005532,0.0212212949572
254,1521991839,903486322,0.00699701689107,0.0191628424031
255,1521991839,906820345,0.00493363743917,0.015091137037
256,1521991839,910152056,0.00317389372888,0.00948261127606
257,1521991839,913485287,0.00246734804196,0.00280825585987
258,1521991839,916819355,0.00246681871958,0.00140382670112
259,1521991839,920152577,0.00246734804196,0.00140412792993
260,1521991839,923486128,0.00422943698731,0.00140402750596
261,1521991839,926819537,0.00634460925075,0.00386135180732
262,1521991839,930152372,0.00846068931348,0.00667056189963
263,1521991839,933485734,0.0112793053347,0.00912683154456
264,1521991839,936819490,0.013392259305,0.011582398545
265,1521991839,940152149,0.0144547116076,0.0133420782365
266,1521991839,943485971,0.0151543986873,0.0147412345118
267,1521991839,946819940,0.0158581203402,0.0147401803617
268,1521991839,950153193,0.0165676647232,0.0147443978668
269,1521991839,953485668,0.0165700352575,0.0143954002025
270,1521991839,956818461,0.0169225891992,0.0143954002025
271,1521991839,960151798,0.0169177479492,0.0143912819361
272,1521991839,963485876,0.0183249390598,0.0147401803617
273,1521991839,966820741,0.0204349711725,0.0168423072182
274,1521991839,970152767,0.0229192855441,0.0179090358831
275,1521991839,973485507,0.0250313298571,0.0196620100327
276,1521991839,976819201,0.0271369464865,0.0210589064454
277,1521991839,980152052,0.0278497689902,0.0224692611356
278,1521991839,983485876,0.0278418022394,0.0231647970899
279,1521991839,986820359,0.0278358301669,0.023159828236
280,1521991839,990152267,0.0278577403015,0.0242316058783
281,1521991839,993485644,0.027845785045,0.0259763667038
282,1521991839,996793797,0.0287688590059,0.0279433854862
283,1521991840,152520,0.0297331001343,0.0285660000044
284,1521991840,3485611,0.0320778189321,0.0291377386416
285,1521991840,6819435,0.0341855040155,0.0319393414422
286,1521991840,10152617,0.0345453434653,0.0319461953781
287,1521991840,13485780,0.0345453434653,0.0326483095622
288,1521991840,16819468,0.0345379318919,0.0336942503126
289,1521991840,20152051,0.0345502862817,0.0340574102353
290,1521991840,23486230,0.0355926700968,0.0343937541773
291,1521991840,26820083,0.0359450727711,0.0357975808784
292,1521991840,30134327,0.0379322273658,0.0370704773358
293,1521991840,33485781,0.0392641308668,0.0370082153797
294,1521991840,36818617,0.0408962572314,0.0379195907774
295,1521991840,40152287,0.0437010566796,0.0396609404722
296,1521991840,43486289,0.0451075423009,0.0400090609818
297,1521991840,46830323,0.0470805550773,0.0409389735641
298,1521991840,50156630,0.048040130708,0.0418626334675
299,1521991840,53485605,0.049410575055,0.0432325941483
300,1521991840,56819248,0.05110569693,0.0452798870673
301,1521991840,60151941,0.0521742507664,0.0470450155026
302,1521991840,63486146,0.0532128038081,0.0480810645132
303,1521991840,66818789,0.054293307014,0.0498572397258
304,1521991840,70152985,0.0546185087192,0.0508850791083
305,1521991840,73485523,0.0546458609557,0.053017205624
306,1521991840,76819391,0.0549787487259,0.0551041385321
307,1521991840,80152456,0.0553430502454,0.0565201918228
308,1521991840,83485513,0.0556955537502,0.0582754772831
309,1521991840,86819458,0.0570933159846,0.0596669015953
310,1521991840,90152612,0.0585155817882,0.0600307627435
311,1521991840,93485510,0.0609831063214,0.0603818198355
312,1521991840,96819207,0.0662611794678,0.060724189633
313,1521991840,100152371,0.0690906869306,0.0610839340197
314,1521991840,103485372,0.0729682254828,0.0621371052959
315,1521991840,106819161,0.0771817049422,0.0656335917548
316,1521991840,110152544,0.0775452241759,0.0670471086543
317,1521991840,113486185,0.0796487000773,0.0712493001402
318,1521991840,116819382,0.0796657920731,0.0726688180579
319,1521991840,120152712,0.0796600939261,0.074067748304
320,1521991840,123486273,0.079301943512,0.0765194990751
321,1521991840,126819766,0.0782445842652,0.078625540334
322,1521991840,130170228,0.0778492689957,0.0792760008106
323,1521991840,133485825,0.0786722117932,0.0801140255567
324,1521991840,136819350,0.0821215681702,0.0796785609635
325,1521991840,140152580,0.0860047031769,0.0800352920062
326,1521991840,143485750,0.0920034147392,0.0807431311754
327,1521991840,146820162,0.096199050841,0.0838726476336
328,1521991840,150152630,0.0983625497202,0.0867235085372
329,1521991840,153486009,0.0983414433867,0.0902152194982
330,1521991840,156819085,0.0983484778247,0.094434357766
331,1521991840,160152325,0.100103834845,0.0947786352705
332,1521991840,163485327,0.10117574304,0.0947921954157
333,1521991840,166818983,0.101146800541,0.0961690061006
334,1521991840,170152845,0.101499228417,0.0965199878747
335,1521991840,173485708,0.106816202583,0.0979519352629
336,1521991840,176819541,0.112072064711,0.0979239149711
337,1521991840,180152927,0.112793053347,0.0989910190603
338,1521991840,183486026,0.114916142548,0.103210785068
339,1521991840,186819722,0.114891487722,0.107751404646
340,1521991840,190152639,0.115629420617,0.111293059062
341,1521991840,193486006,0.115965357972,0.111979202412
342,1521991840,196819305,0.118432706014,0.11303229836
343,1521991840,200152627,0.120900054056,0.113734362325
344,1521991840,203486043,0.123367402098,0.11443642629
345,1521991840,206819578,0.124768391126,0.115130255489
346,1521991840,210152079,0.125509203227,0.115865416264
347,1521991840,213495618,0.12580031665,0.117585101071
348,1521991840,216819323,0.129032972287,0.122166357033
349,1521991840,220152307,0.130073793252,0.122518925131
350,1521991840,223485847,0.135694436676,0.125309454907
351,1521991840,226820389,0.141293264518,0.127379055298
352,1521991840,230151992,0.142482759217,0.129604962161
353,1521991840,233496645,0.141914006311,0.131536430487
354,1521991840,236819004,0.142871302084,0.13805877529
355,1521991840,240152625,0.142391045239,0.137945702461
356,1521991840,243485984,0.14240122985,0.140412792993
357,1521991840,246818397,0.144910037026,0.14185750672
358,1521991840,250152624,0.144827142475,0.142478221503
359,1521991840,253485829,0.144868577892,0.143221048853
360,1521991840,256819227,0.144868577892,0.14708240066
361,1521991840,260151959,0.144899670018,0.148518397212
362,1521991840,263486370,0.145521491885,0.149486164069
363,1521991840,266818097,0.154462828139,0.151019364767
364,1521991840,270152562,0.165957924159,0.151240696511
365,1521991840,273486057,0.167062760999,0.153390005027
366,1521991840,276818730,0.169930999875,0.157998294906
367,1521991840,280152610,0.170927520077,0.159696707211
368,1521991840,283486057,0.173759369562,0.161814170062
369,1521991840,286820585,0.175119083455,0.164926049559
370,1521991840,290152683,0.177712614065,0.16574637131
371,1521991840,293486537,0.179385789112,0.168822233337
372,1521991840,296819323,0.186501035133,0.171691480464
373,1521991840,300151928,0.187206143016,0.174149231718
374,1521991840,303486106,0.19415998906,0.175465790029
375,1521991840,306819792,0.196316366828,0.178662500134
376,1521991840,310152811,0.197049459154,0.182198630783
377,1521991840,313485771,0.199516983687,0.18676237298
378,1521991840,316819247,0.200560147982,0.190610366488
379,1521991840,320152509,0.201970061149,0.191312430453
380,1521991840,323485775,0.201970061149,0.192365526401
381,1521991840,326820195,0.206845578182,0.195117958512
382,1521991840,330184244,0.206060907715,0.194085060672
383,1521991840,333485166,0.215700064414,0.200281303944
384,1521991840,336819402,0.21741690245,0.201083795373
385,1521991840,340152988,0.217463551764,0.201477947106
386,1521991840,343484977,0.222509292788,0.206846606701
387,1521991840,346818448,0.22310280108,0.207796070883
388,1521991840,350152705,0.230454869048,0.213015469095
389,1521991840,353485278,0.231980493605,0.213473251784
390,1521991840,356821118,0.236696113613,0.218185834286
391,1521991840,360152397,0.23841174562,0.218818133947
392,1521991840,363485497,0.239702383229,0.220463853818
393,1521991840,366819003,0.242857542987,0.227117692667
394,1521991840,370152014,0.242874914771,0.23099556658
395,1521991840,373485605,0.24319262677,0.231313531608
396,1521991840,376818743,0.252040005895,0.233452966225
397,1521991840,380152572,0.252338359537,0.235859752188
398,1521991840,383485634,0.254860033933,0.237665651329
399,1521991840,386819485,0.259015965556,0.239001495865
400,1521991840,390152983,0.260481457573,0.239052780071
401,1521991840,393485785,0.263691483603,0.241544557207
402,1521991840,396819193,0.266826066823,0.245722387738
403,1521991840,400152096,0.269665181132,0.247144192815
404,1521991840,403485441,0.274580589241,0.250987867476
405,1521991840,406819331,0.278418022394,0.255514731537
406,1521991840,410152297,0.279907804787,0.256641092033
407,1521991840,413484950,0.282022977116,0.260502996291
408,1521991840,416819293,0.286482887669,0.267409864003
409,1521991840,420152425,0.28658534936,0.268558675431
410,1521991840,423485968,0.289363980548,0.270626301775
411,1521991840,426820076,0.290027400888,0.273044293367
412,1521991840,430152317,0.29228812821,0.27634123215
413,1521991840,433485254,0.2933038962,0.276301695527
414,1521991840,436818883,0.293240964453,0.280454494316
415,1521991840,440152683,0.295334560464,0.280785419272
416,1521991840,443485877,0.295376808452,0.281527649952
417,1521991840,446820227,0.299873231742,0.283903648266
418,1521991840,450152076,0.300087810084,0.287618626295
419,1521991840,453486107,0.299894675766,0.288837343754
420,1521991840,456819047,0.2982392983,0.294909052404
421,1521991840,460152690,0.298175307605,0.296600810635
422,1521991840,463486033,0.298196634785,0.304344728813
423,1521991840,466819317,0.309828418412,0.306099888725
424,1521991840,470152354,0.323245713854,0.306823898467
425,1521991840,473485528,0.323598217359,0.306823898467
426,1521991840,476819117,0.328133819599,0.306780010053
427,1521991840,480152771,0.33339677112,0.308863961199
428,1521991840,483485327,0.335655365569,0.311103343946
429,1521991840,486820312,0.340323636724,0.310858695906
430,1521991840,490152270,0.344141887555,0.314988337003
431,1521991840,493485827,0.344346661383,0.315906188842
432,1521991840,496819478,0.346813832959,0.326787402013
433,1521991840,500152889,0.351773335125,0.328214903622
434,1521991840,503485968,0.352151001243,0.333855294556
435,1521991840,506820057,0.355574298294,0.337269364943
436,1521991840,510152948,0.355676036291,0.338419036753
437,1521991840,513485777,0.357137142891,0.338467458421
438,1521991840,516819046,0.358117944376,0.338394831114
439,1521991840,520152459,0.362674221662,0.342582711455
440,1521991840,523485789,0.36516751021,0.344713406799
441,1521991840,526819523,0.365846299402,0.345039759591
442,1521991840,530152528,0.366603644938,0.347897578238
443,1521991840,533485814,0.367634858252,0.351734046448
444,1521991840,536818960,0.373301211528,0.355269777172
445,1521991840,540152350,0.373626989211,0.355595398256
446,1521991840,543486049,0.373925976912,0.357299446023
447,1521991840,546818333,0.379402326853,0.357829560095
448,1521991840,550152877,0.380540463041,0.359679150635
449,1521991840,553486302,0.382411594269,0.360484062156
450,1521991840,556819241,0.382846191435,0.361614671401
451,1521991840,560152023,0.38425630632,0.361965753606
452,1521991840,563485195,0.384228820175,0.361588804829
453,1521991840,566818882,0.385203668958,0.363968099731
454,1521991840,570152704,0.387670664093,0.371338716987
455,1521991840,573485979,0.387726120879,0.372093901432
456,1521991840,576819440,0.384553816254,0.372093901432
457,1521991840,580153522,0.384471317581,0.372014075795
458,1521991840,583485219,0.382277866901,0.372280294542
459,1521991840,586820219,0.380838355382,0.371907694876
460,1521991840,590163398,0.379887821086,0.375879179204
461,1521991840,593486202,0.382231966355,0.379607149499
462,1521991840,596819210,0.396947340291,0.384786096947
463,1521991840,600152509,0.400062861089,0.384731052802
464,1521991840,603485840,0.400767817673,0.389294468574
465,1521991840,606819974,0.407377491405,0.392018606286
466,1521991840,610152444,0.408610018372,0.392537986011
467,1521991840,613485048,0.411077895963,0.392537986011
468,1521991840,616819068,0.410901518148,0.392720519637
469,1521991840,620152084,0.415278833803,0.393212069873
470,1521991840,623486100,0.422178403723,0.401143479844
471,1521991840,626820219,0.422500593254,0.401114796005
472,1521991840,630152254,0.425271326628,0.402455367197
473,1521991840,633486374,0.426407235814,0.40289826322
474,1521991840,636819688,0.43108095076,0.407899163646
475,1521991840,640152417,0.431142626266,0.408308604698
476,1521991840,643485297,0.431142626266,0.408308604698
477,1521991840,646818073,0.431142626266,0.409010769109
478,1521991840,650152251,0.435922108018,0.416936530231
479,1521991840,653486216,0.436274510692,0.416936530231
480,1521991840,656818689,0.436493006905,0.417847606428
481,1521991840,660124062,0.443249765471,0.424085272665
482,1521991840,663485570,0.435861745406,0.417712871588
483,1521991840,666819195,0.439508993598,0.421208251789
484,1521991840,670152313,0.439892908052,0.42264250691
485,1521991840,673486300,0.439829989808,0.423985983101
486,1521991840,676819662,0.440597864636,0.42825901863
487,1521991840,680152454,0.440660901744,0.428320290397
488,1521991840,683484915,0.439634765237,0.428350932856
489,1521991840,686820363,0.437879959432,0.427663275525
490,1521991840,690152792,0.433288794287,0.428350932856
491,1521991840,693485792,0.428322396495,0.427969208192
492,1521991840,696818446,0.425532607571,0.426244288924
493,1521991840,700152107,0.425380446873,0.426091873745
494,1521991840,703485265,0.425471730231,0.42969388069
495,1521991840,706820207,0.448128018544,0.430851555951
496,1521991840,710152384,0.453449249381,0.432274964158
497,1521991840,713485058,0.458320124144,0.439937474482
498,1521991840,716819192,0.458443095766,0.440419132972
499,1521991840,720152305,0.460722080706,0.445140392741
500,1521991840,723485629,0.46421391018,0.446863713701
501,1521991840,726819141,0.46421391018,0.449671969561
502,1521991840,730151762,0.467133972686,0.451875123431
503,1521991840,733485145,0.467352787097,0.45314987755
504,1521991840,736819207,0.468343154047,0.453085067785
505,1521991840,740152446,0.469887171829,0.454267877135
506,1521991840,743485607,0.470558519431,0.453182289386
507,1521991840,746819806,0.471867180789,0.453786981135
508,1521991840,750152186,0.476687031774,0.454014247993
509,1521991840,753485558,0.47655065039,0.453884353351
510,1521991840,756818148,0.477710590935,0.453981767363
511,1521991840,760154421,0.477164401893,0.454865532141
512,1521991840,763485319,0.477949942029,0.455965645618
513,1521991840,766818576,0.477642248934,0.455672105503
514,1521991840,770152474,0.48279166369,0.461858984667
515,1521991840,773485804,0.482895259641,0.463011184895
516,1521991840,776819139,0.477255606973,0.465819440755
517,1521991840,780152789,0.477221473401,0.471402235127
518,1521991840,783485620,0.476618831326,0.471503401642
519,1521991840,786819990,0.470776307412,0.470248317276
520,1521991840,790152551,0.470306958161,0.471537133463
521,1521991840,793485758,0.463894612248,0.47041650337
522,1521991840,796819423,0.463795085406,0.469262631958
523,1521991840,800152591,0.463894612248,0.469363332094
524,1521991840,803486003,0.464180709357,0.467541159486
525,1521991840,806819738,0.484975441211,0.467541159486
526,1521991840,810152711,0.492447396133,0.472873903014
527,1521991840,813471935,0.495560881693,0.475196447514
528,1521991840,816819131,0.495643178495,0.476130339508
529,1521991840,820152471,0.497699347893,0.479509688072
530,1521991840,823486303,0.498333017298,0.482248957599
531,1521991840,826819599,0.498756782768,0.489338583582
532,1521991840,830152695,0.501612487256,0.489724643434
533,1521991840,833485134,0.501720152525,0.49193655177
534,1521991840,836818933,0.501504868186,0.495235283241
535,1521991840,840124518,0.508260985562,0.500511958168
536,1521991840,843486290,0.50503252126,0.500175687757
537,1521991840,846790726,0.510577673795,0.500692518037
538,1521991840,850152594,0.50503252126,0.49739113278
539,1521991840,853485839,0.508273696644,0.496359223231
540,1521991840,856819282,0.515638859369,0.501588826506
541,1521991840,860152391,0.508310053847,0.491830985986
542,1521991840,863486172,0.517364122626,0.499798046304
543,1521991840,866818916,0.513318539042,0.499976826547
544,1521991840,870152104,0.516417634456,0.50095847038
545,1521991840,873485194,0.513245102913,0.50095847038
546,1521991840,876819704,0.513024920544,0.50776168875
547,1521991840,880152975,0.509331131519,0.509698438566
548,1521991840,883485899,0.504468600316,0.509771362013
549,1521991840,886820495,0.503827737529,0.514743014356
550,1521991840,890152743,0.504224281971,0.51549930738
551,1521991840,893496126,0.502885728005,0.513771541035
552,1521991840,896820235,0.511072692302,0.516367391651
553,1521991840,900152182,0.522597102872,0.512726733078
554,1521991840,903485819,0.523392827179,0.510715005294
555,1521991840,906819959,0.52469006118,0.510605448983
556,1521991840,910152386,0.526753273277,0.510897703658
557,1521991840,913485887,0.527974717249,0.512470039677
558,1521991840,916819407,0.526602567813,0.512506694426
559,1521991840,920152410,0.530517774646,0.516053925339
560,1521991840,923485677,0.530479829021,0.51882527011
561,1521991840,926819483,0.527584531043,0.521909898072
562,1521991840,930152214,0.527773250649,0.524203231765
563,1521991840,933486443,0.527509080985,0.524291780605
564,1521991840,936819155,0.527773250649,0.524554339087
565,1521991840,940152129,0.528050250113,0.524479295548
566,1521991840,943486041,0.530403954055,0.520856952749
567,1521991840,946819829,0.530403954055,0.520856952749
568,1521991840,950152940,0.530517774646,0.520617667536
569,1521991840,953485632,0.530555725699,0.517495170529
570,1521991840,956819374,0.52973698266,0.517033129071
571,1521991840,960155339,0.529358382758,0.516663608539
572,1521991840,963485938,0.528075483005,0.517477252017
573,1521991840,966819452,0.527622264167,0.521947225342
574,1521991840,970152105,0.522132387583,0.523501017121
575,1521991840,973485427,0.521667871729,0.526899005707
576,1521991840,976819007,0.512114328546,0.527563335366
577,1521991840,980152567,0.512114328546,0.531775417884
578,1521991840,983485953,0.512150957853,0.532515517427
579,1521991840,986819598,0.532556607318,0.532828438513
580,1521991840,990152568,0.533337802684,0.534308894126
581,1521991840,993485490,0.535491127799,0.534347116381
582,1521991840,996818949,0.535728685059,0.534232466019
583,1521991841,152338,0.543169047523,0.537429965182
584,1521991841,3485508,0.544617914836,0.537819465047
585,1521991841,6819076,0.544540012116,0.537391527908
586,1521991841,10152548,0.544540012116,0.54019958292
587,1521991841,13485554,0.544617914836,0.540627921783
588,1521991841,16819186,0.54524491828,0.541603610426
589,1521991841,20144488,0.54661321054,0.546129754377
590,1521991841,23495886,0.543036952791,0.543252671045
591,1521991841,26819943,0.548576563074,0.54773366783
592,1521991841,30152142,0.547242017915,0.546752330784
593,1521991841,33485635,0.547007183692,0.546517706697
594,1521991841,36819028,0.548456221899,0.543748540867
595,1521991841,40152590,0.548416996021,0.543709651685
596,1521991841,43485498,0.54853469049,0.541719842691
597,1521991841,46819562,0.54622414505,0.541526149955
598,1521991841,50152309,0.546419518162,0.541719842691
599,1521991841,53485971,0.54524491828,0.541603610426
600,1521991841,56818154,0.538035806573,0.541797358587
601,1521991841,60153479,0.530528736046,0.542735920621
602,1521991841,63485580,0.525733149943,0.546401173217
603,1521991841,66818292,0.525657927,0.546322993052
604,1521991841,70153172,0.525282134944,0.549440990732
605,1521991841,73485770,0.545753501674,0.552994032171
606,1521991841,76819520,0.552293979926,0.55318683735
607,1521991841,80152088,0.553157134448,0.554047354137
608,1521991841,83485086,0.55307799895,0.553968091282
609,1521991841,86820132,0.553466287054,0.553651266523
610,1521991841,90152039,0.556096917158,0.55802930059
611,1521991841,93485408,0.558325614066,0.557789820166
612,1521991841,96819467,0.558205835974,0.556617286992
613,1521991841,100137804,0.561206955688,0.56031466272
614,1521991841,103485991,0.556171917492,0.555287630001
615,1521991841,106819979,0.558598184171,0.557710039029
616,1521991841,110152181,0.559190556504,0.560407378033
617,1521991841,113485488,0.55903057065,0.560247044043
618,1521991841,116819035,0.564277384723,0.563717043645
619,1521991841,120152338,0.564710614606,0.564850861136
620,1521991841,123485721,0.566744556299,0.565472078027
621,1521991841,126820159,0.564508715924,0.565350775472
622,1521991841,130152705,0.566201630289,0.566687217729
623,1521991841,133485696,0.566120628625,0.566606146596
624,1521991841,136818993,0.563653104092,0.566606146596
625,1521991841,140153016,0.557148627951,0.5664440739
626,1521991841,143485720,0.552765035147,0.568753172494
627,1521991841,146819241,0.551589073761,0.566525098657
628,1521991841,150152895,0.551589073761,0.568631139916
629,1521991841,153485583,0.551746918682,0.568793861661
630,1521991841,156820376,0.560552398887,0.569831394215
631,1521991841,160152287,0.567733694753,0.57523725259
632,1521991841,163485701,0.56991663404,0.577406311828
633,1521991841,166818617,0.572859172267,0.578583474241
634,1521991841,170152634,0.575473567011,0.581886167612
635,1521991841,173485949,0.57559705036,0.582011026957
636,1521991841,176818786,0.577442045645,0.584902953936
637,1521991841,180152410,0.581547585755,0.586883497493
638,1521991841,183485590,0.581630782834,0.586967457936
639,1521991841,186819984,0.575743626489,0.583557490249
640,1521991841,190152121,0.581797248428,0.587135450912
641,1521991841,193485895,0.575867150117,0.583682690311
642,1521991841,196819269,0.575949528652,0.58376618687
643,1521991841,200152218,0.576031930759,0.585605118346
644,1521991841,203486255,0.577235580382,0.588203387767
645,1521991841,206819871,0.576613242603,0.588287524999
646,1521991841,210152496,0.577483356422,0.588806979016
647,1521991841,213485414,0.577400740777,0.589073800489
648,1521991841,216819209,0.57657200587,0.588947416923
649,1521991841,220152635,0.575949528652,0.588680634624
650,1521991841,223485127,0.570079723647,0.581784832576
651,1521991841,226820267,0.561921532687,0.575053501794
652,1521991841,230170435,0.559362254428,0.571386638817
653,1521991841,233485928,0.569133207837,0.577385664364
654,1521991841,236818804,0.56616112656,0.572263994547
655,1521991841,240152093,0.566080136484,0.572182131448
656,1521991841,243485455,0.571014832568,0.574288323343
657,1521991841,246776118,0.576635152815,0.587070114538
658,1521991841,250153123,0.563637275779,0.57275891536
659,1521991841,253485572,0.573605263064,0.581082617932
660,1521991841,256819014,0.574539615485,0.580255867045
661,1521991841,260152090,0.582688293349,0.5841590012
662,1521991841,263486221,0.582521620496,0.583991907664
663,1521991841,266818972,0.578499631809,0.578934556446
664,1521991841,270151597,0.578541018247,0.578975973999
665,1521991841,273485751,0.578292788405,0.578727557535
666,1521991841,276818671,0.577753244282,0.578191030635
667,1521991841,280152419,0.57767060185,0.578108325581
668,1521991841,283485668,0.574539615485,0.584819282817
669,1521991841,286819171,0.574498524109,0.585479469987
670,1521991841,290151970,0.574621815874,0.587360529372
671,1521991841,293485887,0.574457438611,0.590351344019
672,1521991841,296820438,0.574334217367,0.590224713529
673,1521991841,300152770,0.574704039787,0.592360430289
674,1521991841,303485870,0.571760684701,0.592233314317
675,1521991841,306819277,0.570662354276,0.590786826519
676,1521991841,310152354,0.571760684701,0.590829085949
677,1521991841,313485168,0.574621815874,0.590169187014
678,1521991841,316818797,0.576260789521,0.587585511246
679,1521991841,320152518,0.577629289499,0.587543489826
680,1521991841,323485482,0.577794574366,0.590169187014
681,1521991841,326819845,0.577505387892,0.591628339483
682,1521991841,330183569,0.572511366251,0.58755580454
683,1521991841,333485781,0.583134095377,0.603063923642
684,1521991841,336819315,0.57767060185,0.597413703788
685,1521991841,340152521,0.577753244282,0.598552341974
686,1521991841,343485980,0.578375508014,0.598466724417
687,1521991841,346820210,0.577587983057,0.595573477948
688,1521991841,350153761,0.578375508014,0.593903635023
689,1521991841,353485318,0.578706623233,0.593892432141
690,1521991841,356819212,0.575867150117,0.587543489826
691,1521991841,360153965,0.575702463722,0.580708717627
692,1521991841,363486999,0.574933216244,0.577839973542
693,1521991841,366819248,0.574392556175,0.578005354187
694,1521991841,370152853,0.574457438611,0.580874836119
695,1521991841,373486131,0.574228209235,0.58591428666
696,1521991841,376819501,0.570621540204,0.585830476864
697,1521991841,380152364,0.570743999938,0.587009447167
698,1521991841,383485939,0.56991663404,0.587936518123
699,1521991841,386820763,0.56795126776,0.586673701433
700,1521991841,390153353,0.568316953939,0.588104764372
701,1521991841,393486480,0.569998167178,0.588020629212
702,1521991841,396819526,0.569998167178,0.584510058292
703,1521991841,400153366,0.573047727105,0.58438465386
704,1521991841,403486506,0.574228209235,0.588371686304
705,1521991841,406819943,0.574146071027,0.588989538752
706,1521991841,410152913,0.574269287152,0.589818104809
707,1521991841,413486663,0.574457438611,0.597721961275
708,1521991841,416819517,0.574621815874,0.601754899787
709,1521991841,420151958,0.577877252276,0.60429893333
710,1521991841,423485758,0.577629289499,0.604039633209
711,1521991841,426819973,0.581422834753,0.602198591378
712,1521991841,430153345,0.581941659611,0.606583265731
713,1521991841,433485512,0.581797248428,0.602586383831
714,1521991841,436819221,0.58150599614,0.59561607063
715,1521991841,440152514,0.584803314377,0.595041771054
716,1521991841,443485749,0.584761485945,0.593595082379
717,1521991841,446819997,0.583537099607,0.593425301876
718,1521991841,450152508,0.584928835586,0.595169489828
719,1521991841,453485633,0.583704051069,0.595701274274
720,1521991841,456818851,0.580925775825,0.597148113606
721,1521991841,460151818,0.577400740777,0.599956570343
722,1521991841,463485475,0.575908336438,0.600572765676
723,1521991841,466819752,0.575080040192,0.599742070318
724,1521991841,470152869,0.570350670682,0.600658684527
725,1521991841,473485823,0.567923770167,0.600701653172
726,1521991841,476818697,0.567883146149,0.598903399066
727,1521991841,480152694,0.567761308958,0.598774906597
728,1521991841,483485627,0.576343230263,0.59785022779
729,1521991841,486818657,0.582729976466,0.59789299553
730,1521991841,490152739,0.58247996718,0.602549522958
731,1521991841,493485431,0.579598680072,0.602851271896
732,1521991841,496819249,0.576219577993,0.601231779016
733,1521991841,500152381,0.575990726758,0.602413969987
734,1521991841,503485830,0.575908336438,0.602327800059
735,1521991841,506820008,0.575825969685,0.602241654778
736,1521991841,510152343,0.578934989773,0.602543271118
737,1521991841,513485428,0.579163258301,0.602413969987
738,1521991841,516819400,0.579349996428,0.601539741428
739,1521991841,520152187,0.579598680072,0.596882447422
740,1521991841,523485684,0.579432867261,0.596360683158
741,1521991841,526818567,0.579557217973,0.595084337888
742,1521991841,530152261,0.582210851893,0.594914107082
743,1521991841,533485081,0.582377447744,0.595084337888
744,1521991841,536819051,0.576219577993,0.590702325793
745,1521991841,540152329,0.572072267443,0.594999210309
746,1521991841,543485793,0.571678899451,0.590744573134
747,1521991841,546818085,0.571924325424,0.590998184142
748,1521991841,550151881,0.571285587723,0.590702325793
749,1521991841,553486310,0.571163046842,0.597593749786
750,1521991841,556818672,0.571530827297,0.591307032962
751,1521991841,560152411,0.573793617945,0.597413703788
752,1521991841,563485664,0.573834658902,0.597456434186
753,1521991841,566818580,0.580262275416,0.597541913324
754,1521991841,570152596,0.582169217822,0.597328261324
755,1521991841,573485286,0.584845148794,0.597541913324
756,1521991841,576818749,0.58581892082,0.598860562116
757,1521991841,580176304,0.582975667682,0.596614087043
758,1521991841,583484934,0.591629770697,0.607946287732
759,1521991841,586819843,0.585525760079,0.603122007068
760,1521991841,590152201,0.584576256421,0.603596668445
761,1521991841,593485593,0.584409007653,0.603775009871
762,1521991841,596818001,0.584576256421,0.601138741349
763,1521991841,600152722,0.584510640952,0.600708957448
764,1521991841,603486037,0.584761485945,0.599913658064
765,1521991841,606820185,0.588160063283,0.599784958051
766,1521991841,610152258,0.588496731894,0.600128280867
767,1521991841,613485287,0.588328349425,0.599254456159
768,1521991841,616817845,0.58559209708,0.599340198676
769,1521991841,620151572,0.58542456966,0.599870751923
770,1521991841,623486114,0.585257138065,0.601453721159
771,1521991841,626820024,0.583578828518,0.601539741428
772,1521991841,630152547,0.585633993917,0.601841006234
773,1521991841,633485433,0.579909746694,0.601754899787
774,1521991841,636818788,0.579785320343,0.601625786306
775,1521991841,640152168,0.579826789861,0.601668817976
776,1521991841,643485501,0.581941659611,0.605881201766
777,1521991841,646819225,0.581900038837,0.603380820688
778,1521991841,650152660,0.583309851166,0.605837868824
779,1521991841,653487329,0.583805986773,0.605621297054
780,1521991841,656820672,0.585466442528,0.605881201766
781,1521991841,660152361,0.591402198148,0.606887121668
782,1521991841,663486122,0.591063818976,0.606539882577
783,1521991841,666818240,0.588496731894,0.60363985653
784,1521991841,670151865,0.588906981545,0.605443560305
785,1521991841,673485414,0.588949100483,0.605486861947
786,1521991841,676818802,0.588286268862,0.605530169784
787,1521991841,680152323,0.588949100483,0.605837868824
788,1521991841,683484839,0.589159785573,0.606054595542
789,1521991841,686820076,0.590768054681,0.605534711694
790,1521991841,690151800,0.593165472442,0.604428666892
791,1521991841,693485355,0.592826084388,0.604082834441
792,1521991841,696818731,0.592826084388,0.604082834441
793,1521991841,700152776,0.593798506071,0.607155048232
794,1521991841,703485695,0.5964785966,0.609829790508
795,1521991841,706820533,0.596137434895,0.609480992458
796,1521991841,710152423,0.596296694302,0.611760252755
797,1521991841,713486629,0.595870311253,0.611322812459
798,1521991841,716818998,0.595858789717,0.61167271462
799,1521991841,720152635,0.595645709046,0.614262033859
800,1521991841,723485101,0.594448473055,0.614481774159
801,1521991841,726819952,0.593981005712,0.612945983913
802,1521991841,730152266,0.596563948048,0.618344231025
803,1521991841,733485126,0.600356412535,0.615447105792
804,1521991841,736819063,0.604061380233,0.613165159335
805,1521991841,740152123,0.604896014148,0.615403082394
806,1521991841,743485668,0.605866848432,0.615666061365
807,1521991841,746819226,0.607276660761,0.615666061365
808,1521991841,750153439,0.610317787753,0.61623585458
809,1521991841,753484704,0.610885647132,0.61680922032
810,1521991841,756819982,0.60697278367,0.618866298626
811,1521991841,760151906,0.607228212649,0.618432723938
812,1521991841,763484731,0.603881699749,0.618255763434
813,1521991841,766819362,0.603536303767,0.617902146067
814,1521991841,770152769,0.604852748572,0.618518353135
815,1521991841,773485872,0.604896014148,0.618562596222
816,1521991841,776819112,0.604852748572,0.618518353135
817,1521991841,780152200,0.604939285913,0.618957927844
818,1521991841,783486131,0.603313378275,0.618736618516
819,1521991841,786820025,0.600537101468,0.618429885946
820,1521991841,790152328,0.600794898034,0.618695363468
821,1521991841,793485915,0.600580052198,0.618474116377
822,1521991841,796819485,0.591416272059,0.618474116377
823,1521991841,800152276,0.5915431945,0.624575243128
824,1521991841,803485617,0.593573443237,0.624485896838
825,1521991841,806819727,0.593446103397,0.618385661841
826,1521991841,810152749,0.595730923024,0.620668938775
827,1521991841,813485539,0.5964785966,0.618255763434
828,1521991841,816818911,0.60027053078,0.616412161241
829,1521991841,820152089,0.600313468586,0.613296739841
830,1521991841,823485957,0.60229924085,0.613165159335
831,1521991841,826819154,0.602032922238,0.613252873398
832,1521991841,830152198,0.60207598611,0.620317881683
833,1521991841,833484939,0.600751916571,0.620757745319
834,1521991841,836818905,0.600494156881,0.620491401893
835,1521991841,840151550,0.600751916571,0.621108852641
836,1521991841,843486670,0.59957497261,0.620620454801
837,1521991841,846818841,0.600132676863,0.620144262148
838,1521991841,850152406,0.599875146033,0.619878143883
839,1521991841,853485876,0.599918052488,0.619922481065
840,1521991841,856832624,0.597482140749,0.61355967005
841,1521991841,860152860,0.605472230562,0.622370832096
842,1521991841,863486083,0.604543510643,0.619615767498
843,1521991841,866818463,0.603262952193,0.619748760795
844,1521991841,870152786,0.604327370668,0.620797965121
845,1521991841,873485541,0.604586757192,0.622468749897
846,1521991841,876818904,0.601680443947,0.622379704943
847,1521991841,880152192,0.599213095905,0.622379704943
848,1521991841,883486142,0.599127389962,0.622290685461
849,1521991841,886818757,0.598989146863,0.622513281929
850,1521991841,890152720,0.599084546184,0.622246185269
851,1521991841,893485853,0.599608461576,0.622424224235
852,1521991841,896819202,0.602737878822,0.619922481065
853,1521991841,900152329,0.602737878822,0.619922481065
854,1521991841,903486013,0.603752129938,0.621633178266
855,1521991841,906819147,0.602780993119,0.621371052959
856,1521991841,910152560,0.603752129938,0.621633178266
857,1521991841,913485509,0.603881699749,0.621766585486
858,1521991841,916817986,0.602910373028,0.621855555449
859,1521991841,920152484,0.602522399815,0.624262642906
860,1521991841,923485793,0.602737878822,0.624485896838
861,1521991841,926819754,0.596617727465,0.616279921789
862,1521991841,930151932,0.596959237326,0.616632686484
863,1521991841,933485309,0.596745747863,0.616412161241
864,1521991841,936818430,0.596788433538,0.61645625367
865,1521991841,940152180,0.598774962086,0.61702595885
866,1521991841,943485458,0.598860617613,0.622379704943
867,1521991841,946818853,0.598860617613,0.626592088733
868,1521991841,950152423,0.600227599115,0.631110363931
869,1521991841,953486049,0.597055521375,0.631110363931
870,1521991841,956819104,0.596083426529,0.62663690934
871,1521991841,960152448,0.597098226154,0.629751376575
872,1521991841,963485600,0.596040791279,0.625187960803
873,1521991841,966819544,0.594545827568,0.62474755788
874,1521991841,970152614,0.59467341251,0.623126338419
875,1521991841,973485754,0.595025916015,0.621722110051
876,1521991841,976819727,0.594855714094,0.621544271919
877,1521991841,980151958,0.595196215361,0.621197734847
878,1521991841,983485290,0.594983356404,0.62202867296
879,1521991841,986819196,0.594855714094,0.621895228594
880,1521991841,990152657,0.598860617613,0.622379704943
881,1521991841,993486027,0.601680443947,0.62624105675
882,1521991841,996819316,0.601680443947,0.62624105675
883,1521991842,152218,0.601766527421,0.626330654154
884,1521991842,3485798,0.601637411445,0.62619626766
885,1521991842,6819816,0.599436948859,0.624351925321
886,1521991842,10152028,0.596563948048,0.621855555449
887,1521991842,13485623,0.594235896717,0.620580157636
888,1521991842,16819184,0.591416272059,0.620580157636
889,1521991842,20152288,0.591148377463,0.620668938775
890,1521991842,23485598,0.590753616904,0.620975577013
891,1521991842,26819977,0.587060874363,0.620447033541
892,1521991842,30151461,0.586154321333,0.620979872903
893,1521991842,33488518,0.585149269985,0.620265738531
894,1521991842,36819180,0.58628019556,0.616194908376
895,1521991842,40151838,0.584534435255,0.613735598879
896,1521991842,43484860,0.585860824891,0.612594625657
897,1521991842,46818073,0.585860824891,0.612243568565
898,1521991842,50152353,0.585651364461,0.606409770339
899,1521991842,53485580,0.583704051069,0.605179137801
900,1521991842,56819199,0.583662304248,0.600923772553
901,1521991842,60152191,0.583745803863,0.601009741619
902,1521991842,63484823,0.583829327372,0.601095735286
903,1521991842,66817769,0.58378756263,0.601052735377
904,1521991842,70151923,0.581464412473,0.599784958051
905,1521991842,73485654,0.589964265175,0.607198469175
906,1521991842,76818599,0.586213328396,0.604169255447
907,1521991842,80152012,0.59004866032,0.607285329696
908,1521991842,83485812,0.586087558534,0.604039633209
909,1521991842,86820186,0.586003741936,0.604304180858
910,1521991842,90152489,0.586339152248,0.604650065773
911,1521991842,93485266,0.581672390301,0.61263844815
912,1521991842,96819146,0.58150599614,0.612463195787
913,1521991842,100152636,0.58542456966,0.618825123254
914,1521991842,103486154,0.585466442528,0.618869385118
915,1521991842,106818710,0.58559209708,0.619002208709
916,1521991842,110152331,0.58542456966,0.621282171389
917,1521991842,113485656,0.588638747153,0.622379704943
918,1521991842,116819314,0.592078832433,0.621237740139
919,1521991842,120152783,0.593573443237,0.624134864855
920,1521991842,123485626,0.595068481714,0.624224160923
921,1521991842,126820222,0.597546743251,0.623165367073
922,1521991842,130167165,0.596077952404,0.620901409691
923,1521991842,133484775,0.601346913105,0.626389794412
924,1521991842,136819121,0.598336953582,0.621850759861
925,1521991842,140152286,0.598550951062,0.621371052959
926,1521991842,143485735,0.601637411445,0.621282171389
927,1521991842,146819238,0.601637411445,0.621282171389
928,1521991842,150152617,0.601680443947,0.621326608995
929,1521991842,153485712,0.598550951062,0.621371052959
930,1521991842,156818966,0.598550951062,0.621371052959
931,1521991842,160151578,0.596521269271,0.619353316031
932,1521991842,163485904,0.596180058764,0.61899904558
933,1521991842,166819059,0.596435930034,0.619264710406
934,1521991842,170152492,0.593925921529,0.6192204171
935,1521991842,173485383,0.592953309386,0.616851434613
936,1521991842,176819264,0.58956967398,0.616630878465
937,1521991842,180152445,0.589385859939,0.613998854025
938,1521991842,183486240,0.589259409422,0.613867122883
939,1521991842,186819646,0.588991225445,0.613954937363
940,1521991842,190152365,0.586607792401,0.609478708303
941,1521991842,193485672,0.588991225445,0.613954937363
942,1521991842,196819844,0.588864868632,0.612770355037
943,1521991842,200152311,0.589117636496,0.615140028167
944,1521991842,203485194,0.5915431945,0.615096023587
945,1521991842,206818709,0.592826084388,0.616719081995
946,1521991842,210152466,0.591416272059,0.614964047612
947,1521991842,213485585,0.591500880967,0.615052025302
948,1521991842,216818934,0.592826084388,0.616719081995
949,1521991842,220152459,0.59004866032,0.609040489608
950,1521991842,223517941,0.584405661656,0.603215860386
951,1521991842,226818550,0.595887772316,0.615067544439
952,1521991842,230151232,0.583829327372,0.612682276913
953,1521991842,233484944,0.583620563399,0.612463195787
954,1521991842,236818600,0.589301553565,0.614262033859
955,1521991842,240152274,0.588554553669,0.619131849494
956,1521991842,243495071,0.587704302564,0.617497906668
957,1521991842,246818422,0.593594254604,0.628128001609
958,1521991842,250152141,0.589259409422,0.619833813043
959,1521991842,253485367,0.591811051779,0.62624105675
960,1521991842,256818903,0.591768725141,0.62619626766
961,1521991842,260152830,0.591726404557,0.621939703687
962,1521991842,263485446,0.588412528613,0.620055530675
963,1521991842,266820111,0.588033911843,0.616147739065
964,1521991842,270152305,0.587791523108,0.615228056219
965,1521991842,273485316,0.588328349425,0.61645625367
966,1521991842,276819043,0.588244194318,0.616368075118
967,1521991842,280152157,0.591148377463,0.623828452603
968,1521991842,283485940,0.592078832433,0.62474755788
969,1521991842,286819107,0.597098226154,0.62483692882
970,1521991842,290152897,0.597055521375,0.624792240154
971,1521991842,293485108,0.597269106379,0.623962350103
972,1521991842,296818510,0.601680443947,0.624485896838
973,1521991842,300110473,0.604579251149,0.630532910845
974,1521991842,303486266,0.594116412657,0.616635166586
975,1521991842,306820328,0.594855714094,0.617683748491
976,1521991842,310152707,0.599737160538,0.623962350103
977,1521991842,313485117,0.595858789717,0.621855555449
978,1521991842,316818900,0.595603111198,0.623694612558
979,1521991842,320175593,0.591541892455,0.619441847247
980,1521991842,323485373,0.599936486377,0.629292976649
981,1521991842,326819849,0.5937135928,0.624613549395
982,1521991842,330151807,0.593828286934,0.625105195122
983,1521991842,333485525,0.593488543939,0.62650246675
984,1521991842,336818626,0.593615901996,0.624530566787
985,1521991842,340151963,0.593573443237,0.61781628917
986,1521991842,343484785,0.595421010436,0.617904681228
987,1521991842,346818183,0.595335834696,0.61781628917
988,1521991842,350152066,0.589259409422,0.616674977076
989,1521991842,353485655,0.589301553565,0.616719081995
990,1521991842,356818263,0.589470190438,0.620757745319
991,1521991842,360152308,0.589217271306,0.62365001197
992,1521991842,363485651,0.593573443237,0.623783832873
993,1521991842,366820020,0.595123001922,0.623560829929
994,1521991842,370152084,0.595591435054,0.624051647041
995,1521991842,373485352,0.595335834696,0.623783832873
996,1521991842,376819057,0.599832245715,0.623694612558
997,1521991842,380152359,0.602032922238,0.623783832873
998,1521991842,383486162,0.601946812974,0.623694612558
999,1521991842,386819165,0.602119056142,0.622117667691
1000,1521991842,390152398,0.600623009071,0.62202867296
1001,1521991842,393485853,0.600623009071,0.622379704943
1002,1521991842,396818632,0.599298826371,0.622468749897
1003,1521991842,400178503,0.594493208476,0.626880546748
1004,1521991842,403485532,0.599346428296,0.636868334278
1005,1521991842,406819741,0.592346536497,0.631676844103
1006,1521991842,410152532,0.586649758905,0.622162174607
1007,1521991842,413485493,0.586565831901,0.622073167143
1008,1521991842,416818103,0.586297204963,0.621459959963
1009,1521991842,420152132,0.586045647238,0.616630878465
1010,1521991842,423484676,0.588102048076,0.613428376832
1011,1521991842,426818089,0.587891741236,0.612506999477
1012,1521991842,430152238,0.584988439215,0.611366528336
1013,1521991842,433485477,0.58793379057,0.612550809433
1014,1521991842,436819119,0.581900038837,0.611453978847
1015,1521991842,440153047,0.581464412473,0.611366528336
1016,1521991842,443484939,0.580780990843,0.611409070061
1017,1521991842,446819586,0.570458342281,0.60566459902
1018,1521991842,450152247,0.570784831531,0.606011237794
1019,1521991842,453485057,0.570743999938,0.60596788625
1020,1521991842,456818692,0.568506821711,0.604433841318
1021,1521991842,460156125,0.565704292248,0.600194027276
1022,1521991842,463485750,0.564611413835,0.599195255339
1023,1521991842,466819729,0.557501030626,0.593116781221
1024,1521991842,470152956,0.555898026988,0.595041771054
1025,1521991842,473485820,0.553822621311,0.593328926861
1026,1521991842,476818961,0.551276048232,0.592893018414
1027,1521991842,480152644,0.548416996021,0.589691552505
1028,1521991842,483485949,0.548456221899,0.58236205894
1029,1521991842,486819852,0.548025347877,0.578066981926
1030,1521991842,490151879,0.548652435487,0.576951881488
1031,1521991842,493486005,0.548338561096,0.575568947457
1032,1521991842,496819220,0.547751265315,0.573235227395
1033,1521991842,500151894,0.547868825323,0.573358256847
1034,1521991842,503485359,0.544892465198,0.565121071151
1035,1521991842,506819815,0.54477557729,0.564999843892
1036,1521991842,510152374,0.536587099191,0.557558427357
1037,1521991842,513485176,0.531613311863,0.5557631309
1038,1521991842,516819004,0.530051526178,0.555604148384
1039,1521991842,520151765,0.530203196978,0.557518541927
1040,1521991842,523485617,0.528994242549,0.560166911447
1041,1521991842,526819531,0.528994242549,0.565431638059
1042,1521991842,530151714,0.529259193873,0.580112299585
1043,1521991842,533485337,0.531108809808,0.583331708537
1044,1521991842,536818981,0.535376231977,0.585830476864
1045,1521991842,540152230,0.546341352148,0.587627538677
1046,1521991842,543485181,0.549944805376,0.587711611578
1047,1521991842,546818886,0.552254482395,0.587543489826
1048,1521991842,550152690,0.549787487259,0.5784179637
1049,1521991842,553485897,0.549905467407,0.577839973542
1050,1521991842,556818767,0.546419518162,0.564540186031
1051,1521991842,560151074,0.544029652387,0.564269834899
1052,1521991842,563485836,0.540469754804,0.558252308003
1053,1521991842,566818253,0.538035806573,0.558651715821
1054,1521991842,570152345,0.534594856801,0.55451154694
1055,1521991842,573485774,0.527974717249,0.554239857979
1056,1521991842,576819540,0.526174819537,0.554200221288
1057,1521991842,580137581,0.528708141822,0.556868474725
1058,1521991842,583484734,0.51986370209,0.549542506392
1059,1521991842,586819145,0.515139034227,0.551624999803
1060,1521991842,590152139,0.515396990679,0.551901226643
1061,1521991842,593485193,0.508662557351,0.54343637852
1062,1521991842,596793562,0.51101755104,0.545347978873
1063,1521991842,600152224,0.499901367631,0.534431154799
1064,1521991842,603496004,0.489461861102,0.524896058513
1065,1521991842,606818972,0.48972365717,0.52574533785
1066,1521991842,610152442,0.487442612787,0.521596218466
1067,1521991842,613485554,0.473764710381,0.515351811155
1068,1521991842,616819152,0.469115052509,0.511417019047
1069,1521991842,620152033,0.467805613291,0.511175690834
1070,1521991842,623485844,0.460270806642,0.503658845819
1071,1521991842,626819762,0.459533087191,0.502219002324
1072,1521991842,630152321,0.459058073498,0.501417127714
1073,1521991842,633484743,0.45091649137,0.493305787428
1074,1521991842,636818593,0.445468835831,0.487864665985
1075,1521991842,640152429,0.44053484556,0.480143066955
1076,1521991842,643485964,0.437041822022,0.474912303892
1077,1521991842,646819473,0.433164838117,0.466839145733
1078,1521991842,650151921,0.42908884443,0.461388029283
1079,1521991842,653504126,0.420947851682,0.454126555432
1080,1521991842,656821867,0.423178988263,0.454241035748
1081,1521991842,660152332,0.415928900904,0.449004257427
1082,1521991842,663487026,0.400624543035,0.440036736484
1083,1521991842,666820317,0.399357904506,0.439492042069
1084,1521991842,670153110,0.384961363763,0.427969208192
1085,1521991842,673486254,0.378588764099,0.424076967217
1086,1521991842,676820099,0.375335688418,0.423635001326
1087,1521991842,680152974,0.366982398972,0.416383495419
1088,1521991842,683498280,0.361030713247,0.414810781247
1089,1521991842,686820060,0.361853500811,0.414265511125
1090,1521991842,690153178,0.353561015262,0.40933256935
1091,1521991842,693487551,0.341429359895,0.393366173523
1092,1521991842,696819512,0.338171809483,0.393324617156
1093,1521991842,700152733,0.328533266425,0.383003287445
1094,1521991842,703501036,0.321070854577,0.374967669598
1095,1521991842,706819068,0.317272910883,0.374862985583
1096,1521991842,710139162,0.315298513986,0.372153793145
1097,1521991842,713485897,0.306485938864,0.366413870354
1098,1521991842,716819610,0.307339087744,0.364696144674
1099,1521991842,720152180,0.301786174052,0.360938327029
1100,1521991842,723485245,0.301743000064,0.351408149159
1101,1521991842,726819100,0.30167826224,0.34326017506
1102,1521991842,730151830,0.2982392983,0.341251903497
1103,1521991842,733485471,0.293593417536,0.332754518914
1104,1521991842,736818755,0.29290946041,0.332427287412
1105,1521991842,740152455,0.287601715137,0.328191429519
1106,1521991842,743485646,0.286564851159,0.326108711727
1107,1521991842,746819527,0.285114152047,0.322903232163
1108,1521991842,750152494,0.285175335341,0.318408782505
1109,1521991842,753484553,0.285277365873,0.312552597561
1110,1521991842,756819484,0.283603030604,0.305595851167
1111,1521991842,760151354,0.28069318076,0.302017116744
1112,1521991842,763499395,0.275824767582,0.288672274407
1113,1521991842,766818993,0.272184962164,0.287987843581
1114,1521991842,770152603,0.264692264789,0.280454494316
1115,1521991842,773496078,0.257222993821,0.278914659387
1116,1521991842,776819078,0.249635308276,0.27995146925
1117,1521991842,780151908,0.246770104976,0.278057106553
1118,1521991842,783495528,0.242464297454,0.272265501886
1119,1521991842,786819553,0.240002246345,0.271050722512
1120,1521991842,790152333,0.239014473106,0.268577887011
1121,1521991842,793485821,0.236496018207,0.259394081727
1122,1521991842,796819362,0.233323940466,0.25412897858
1123,1521991842,800151931,0.230586774246,0.248952901645
1124,1521991842,803485940,0.22765212755,0.239703409215
1125,1521991842,806819170,0.22065141061,0.233085236369
1126,1521991842,810152318,0.216437151915,0.232048737856
1127,1521991842,813485621,0.214659279651,0.228170788614
1128,1521991842,816818611,0.202337011725,0.22924028112
1129,1521991842,820151975,0.200912626274,0.228170788614
1130,1521991842,823485714,0.197373726074,0.224293394078
1131,1521991842,826819353,0.191720764788,0.224277353643
1132,1521991842,830152081,0.190379128491,0.2233042568
1133,1521991842,833485614,0.189972211347,0.221134332189
1134,1521991842,836819237,0.189267305182,0.215869229042
1135,1521991842,840152293,0.187884368031,0.210985312332
1136,1521991842,843485206,0.182962406404,0.199765774784
1137,1521991842,846818980,0.179385789112,0.194443902846
1138,1521991842,850152485,0.179398618878,0.192000761441
1139,1521991842,853485099,0.176982078708,0.183980236735
1140,1521991842,856820500,0.171194246765,0.174701466566
1141,1521991842,860151014,0.170040483661,0.174964100312
1142,1521991842,863484534,0.163890683258,0.174801424493
1143,1521991842,866819311,0.163832096469,0.172633648986
1144,1521991842,870151891,0.160764597392,0.17274480243
1145,1521991842,873485317,0.157910274685,0.168144319609
1146,1521991842,876819128,0.148019708108,0.166014379144
1147,1521991842,880151965,0.147357005543,0.162199978822
1148,1521991842,883485950,0.140256264342,0.160738157278
1149,1521991842,886819200,0.137123863347,0.15797569143
1150,1521991842,890152866,0.134627448803,0.152326089955
1151,1521991842,893485841,0.130083098195,0.144996950766
1152,1521991842,896818843,0.127958772224,0.14428446484
1153,1521991842,900152744,0.12299732888,0.142147618506
1154,1521991842,903485609,0.121622408881,0.139379635482
1155,1521991842,906820728,0.121183190704,0.135070025494
1156,1521991842,910152039,0.121330636613,0.12785794772
1157,1521991842,913485453,0.120538954138,0.122501399895
1158,1521991842,916818526,0.118088674091,0.122518925131
1159,1521991842,920151932,0.117375271139,0.119701906027
1160,1521991842,923485092,0.109628589977,0.119008354211
1161,1521991842,926820113,0.105690570411,0.116484296886
1162,1521991842,930151383,0.105098668927,0.113097013051
1163,1521991842,933485619,0.102901580874,0.105287002584
1164,1521991842,936819242,0.102908939923,0.102837659808
1165,1521991842,940151977,0.101182981253,0.101821123384
1166,1521991842,943485228,0.0962265736364,0.10179927492
1167,1521991842,946819833,0.0933733543572,0.101762881643
1168,1521991842,950151943,0.0920297465695,0.101484536671
1169,1521991842,953485302,0.0845947900101,0.101448242938
1170,1521991842,956819073,0.0824681230889,0.0993278420674
1171,1521991842,960151870,0.0824917208064,0.0961965242367
1172,1521991842,963484610,0.082497622346,0.0905856890794
1173,1521991842,966817735,0.0817808131016,0.0853068733723
1174,1521991842,970153218,0.0817165154142,0.0852398034268
1175,1521991842,973484722,0.0811164223264,0.0853496092281
1176,1521991842,976818782,0.0803478097236,0.0859843854433
1177,1521991842,980152100,0.0764877893008,0.0860028357084
1178,1521991842,983484827,0.0733312198631,0.0860212938932
1179,1521991842,986819272,0.0701181038381,0.0842175572218
1180,1521991842,990152299,0.0687381834259,0.0824984166358
1181,1521991842,993498596,0.066713203371,0.0769299032677
1182,1521991842,996819151,0.0672257186467,0.0747019649041
1183,1521991843,152398,0.0669756659021,0.07301987515
1184,1521991843,3485643,0.0673233537163,0.0730146523565
1185,1521991843,6819061,0.0673233537163,0.0730146523565
1186,1521991843,10151805,0.0673329857864,0.0747805097169
1187,1521991843,13485676,0.0655515850194,0.0747591178811
1188,1521991843,16818912,0.0634460925075,0.0747698122689
1189,1521991843,20151820,0.0595773539157,0.0747805097169
1190,1521991843,23485715,0.0560360323553,0.0733551907848
1191,1521991843,26819795,0.0525079984597,0.0687875083546
1192,1521991843,30151379,0.0514876093796,0.0653246554573
1193,1521991843,33485782,0.0514434329666,0.0607068224974
1194,1521991843,36818091,0.051480241376,0.0565363681799
1195,1521991843,40152300,0.0517994889144,0.055447189649
1196,1521991843,43485653,0.0518143088812,0.0554630532324
1197,1521991843,46820004,0.05215186639,0.055447189649
1198,1521991843,50152090,0.052185450162,0.0561852106136
1199,1521991843,53485040,0.0521705187027,0.0568712489149
1200,1521991843,56818895,0.051102042085,0.0568590474026
1201,1521991843,60150751,0.0511312954901,0.05689159641
1202,1521991843,63485594,0.0479164841286,0.0557901426602
1203,1521991843,66818530,0.0447711476171,0.0530134129918
1204,1521991843,70152220,0.0422913451738,0.0505413754689
1205,1521991843,73485630,0.0387726120879,0.0463362216878
1206,1521991843,76818878,0.0359527857543,0.0424748698805
1207,1521991843,80152063,0.0348978469701,0.0393183943115
1208,1521991843,83485786,0.0334806482626,0.0358001409572
1209,1521991843,86819679,0.0331282203861,0.0340452320867
1210,1521991843,90152530,0.0327851710897,0.0337038917034
1211,1521991843,93485726,0.0317230462538,0.0329970063534
1212,1521991843,96819008,0.0313728119226,0.0329993666543
1213,1521991843,100165436,0.0305454483247,0.0325180512739
1214,1521991843,103485345,0.0290194554903,0.0320723742467
1215,1521991843,106818500,0.0285527838846,0.031595138286
1216,1521991843,110152408,0.0271350059154,0.0298313173987
1217,1521991843,113486036,0.0264339811707,0.0291335707488
1218,1521991843,116818573,0.0250313298571,0.027737478439
1219,1521991843,120152407,0.0246699513514,0.0270255966049
1220,1521991843,123485096,0.0236211140905,0.025981941829
1221,1521991843,126820277,0.0225457098984,0.0238565239833
1222,1521991843,130151987,0.0222172561022,0.0235309242776
1223,1521991843,133485002,0.0211502102849,0.0221165968002
1224,1521991843,136818771,0.0207932447105,0.0214098882195
1225,1521991843,140151961,0.0207977067801,0.0203613113399
1226,1521991843,143485196,0.0204437409191,0.0196577910191
1227,1521991843,146819172,0.0197359610811,0.0193039975749
1228,1521991843,150152018,0.0190365509553,0.0189584390831
1229,1521991843,153495025,0.0182752779783,0.0189003009516
1230,1521991843,156818929,0.0173209920969,0.018658076307
1231,1521991843,160152594,0.0162116823166,0.0182510522527
1232,1521991843,163497885,0.0154537777664,0.0174890533358
1233,1521991843,166819538,0.0152098734456,0.0176133295546
1234,1521991843,170151433,0.0141051849628,0.0168567693067
1235,1521991843,173485528,0.014096106969,0.0161440070628
1236,1521991843,176818854,0.0137466533766,0.0147433432643
1237,1521991843,180152909,0.0137437042948,0.0143892236864
1238,1521991843,183486115,0.0137466533766,0.0133392153344
1239,1521991843,186820279,0.0133913016206,0.0119325269595
1240,1521991843,190152700,0.0126928499585,0.0112362381561
1241,1521991843,193486013,0.0123367402098,0.0105309594745
1242,1521991843,196818126,0.0116359449686,0.00948125429105
1243,1521991843,200152186,0.0112768855752,0.00912487355725
1244,1521991843,203485195,0.0105751051424,0.00807431311754
1245,1521991843,206818970,0.00916312478766,0.00807258080407
1246,1521991843,210152355,0.00881195729271,0.00737167163215
1247,1521991843,213485339,0.00810816059208,0.00702164410487
1248,1521991843,216818965,0.00704855752897,0.00666865370771
1249,1521991843,220151958,0.0066980457065,0.00596839748914
1250,1521991843,223485517,0.00599170239869,0.00491409627087
1251,1521991843,226819664,0.00528566213412,0.00456211054074
1252,1521991843,230152306,0.00458320124144,0.00386218054214
1253,1521991843,233484637,0.00423094998616,0.00280905953901
1254,1521991843,236819025,0.00352377475608,0.00210558948034
1255,1521991843,240151906,0.00282022977116,0.00105324661573
1256,1521991843,243493015,0.0021098896802,0.000700410753118
1257,1521991843,246818574,0.00176656115442,0.0
1258,1521991843,250152179,0.00105735924683,0.0
1259,1521991843,253484743,0.000705107883299,0.0
1260,1521991843,256818877,0.0,0.0
1261,1521991843,260152534,0.0,0.0
1262,1521991843,263484302,0.0,0.0
1263,1521991843,266818428,0.0,0.0
1264,1521991843,270152119,0.0,0.0
1265,1521991843,273485351,0.0,0.0
1266,1521991843,276819021,-0.000352453082276,-0.000351006876491
1267,1521991843,280151970,-0.000352503504748,-0.000351057092067
1268,1521991843,283484990,-0.000352528721395,-0.000351082205243
1269,1521991843,286818894,-0.000352402674226,-0.000350956675279
1270,1521991843,290152613,0.0,-0.000351006876491
1271,1521991843,293485614,0.0,-0.000351057092067
1272,1521991843,296819110,0.0,0.0
1273,1521991843,300151887,0.0,0.0
1274,1521991843,303484931,0.0,0.0
1275,1521991843,306819292,0.0,0.0
1276,1521991843,310152023,0.0,0.0
1277,1521991843,313485309,0.0,0.0
1278,1521991843,316818822,0.0,0.0
1279,1521991843,320151514,0.0,0.0
1280,1521991843,323485875,0.0,0.0
1281,1521991843,326818538,0.0,0.0
1282,1521991843,330151707,0.0,0.0
1283,1521991843,333484801,0.0,0.0
1284,1521991843,336818517,0.0,0.0
1285,1521991843,340152099,0.0,0.0
1286,1521991843,343486251,0.0,0.0
1287,1521991843,346819071,0.0,0.0
1288,1521991843,350151728,0.0,0.0
1289,1521991843,353485099,0.0,0.0
1290,1521991843,356818587,0.0,0.0
1291,1521991843,360152388,0.0,0.0
1292,1521991843,363484224,0.0,0.0
1293,1521991843,366818704,0.0,0.0
1294,1521991843,370151588,0.0,-0.000351082205243
1295,1521991843,373485226,0.0,-0.00035098177409
1296,1521991843,376819421,0.0,-0.000701913350558
1297,1521991843,380152531,0.0,-0.000351057092067
1298,1521991843,383485343,0.0,-0.000351082205243
1299,1521991843,386819906,0.0,-0.000350906488424
1300,1521991843,390152415,0.0,-0.000351107322013
1301,1521991843,393485533,0.0,-0.000351057092067
