490,1521991588,489616613,0.0,0.0,0.0,0.0,0.0,0.0
491,1521991588,499589716,0.0,0.0,0.0,0.0,0.0,0.0
492,1521991588,509604881,0.0,0.0,0.0,0.0,0.0,0.0
493,1521991588,519603830,0.0,0.0,0.0,0.0,0.0,0.0
494,1521991588,529606283,0.0,0.0,0.0,0.0,0.0,0.0
495,1521991588,539605214,0.0,0.0,0.0,0.0,0.0,0.0
496,1521991588,549604705,0.0,0.0,0.0,0.0,0.0,0.0
497,1521991588,559604823,0.0,0.0,0.0,0.0,0.0,0.0
498,1521991588,569604667,0.0,0.0,0.0,0.0,0.0,0.0
499,1521991588,579604188,0.0,0.0,0.0,0.0,0.0,0.0
500,1521991588,589600568,0.0,0.0,0.0,0.0,0.0,0.0
501,1521991588,599606129,0.0,0.0,0.0,0.0,0.0,0.0
502,1521991588,609603208,0.0,0.0,0.0,0.0,0.0,0.0
503,1521991588,619605552,0.0,0.0,0.0,0.0,0.0,0.0
504,1521991588,629616175,0.0,0.0,0.0,0.0,0.0,0.0
505,1521991588,639609070,0.0,0.0,0.0,0.0,0.0,0.0
506,1521991588,649603163,0.0,0.0,0.0,0.0,0.0,0.0
507,1521991588,659609301,0.0,0.0,0.0,0.0,0.0,0.0
508,1521991588,669611703,0.0,0.0,0.0,0.0,0.0,0.0
509,1521991588,679609941,0.0,0.0,0.0,0.0,0.0,0.0
510,1521991588,689610001,0.0,0.0,0.0,0.0,0.0,0.0
511,1521991588,699613498,0.0,0.0,0.0,0.0,0.0,0.0
512,1521991588,709612750,0.0,0.0,0.0,0.0,0.0,0.0
513,1521991588,719612233,0.0,0.0,0.0,0.0,0.0,0.0
514,1521991588,729614620,0.0,0.0,0.0,0.0,0.0,0.0
515,1521991588,739613958,0.0,0.0,0.0,0.0,0.0,0.0
516,1521991588,749613744,0.0,0.0,0.0,0.0,0.0,0.0
517,1521991588,759604031,0.0,0.0,0.0,0.0,0.0,0.0
518,1521991588,769613098,0.0,0.0,0.0,0.0,0.0,0.0
519,1521991588,779614441,0.0,0.0,0.0,0.0,0.0,0.0
520,1521991588,789611860,0.0,0.0,0.0,0.0,0.0,0.0
521,1521991588,799613832,0.0,0.0,0.0,0.0,0.0,0.0
522,1521991588,809613040,0.0,0.0,0.0,0.0,0.0,0.0
523,1521991588,819609493,0.0,0.0,0.0,0.0,0.0,0.0
524,1521991588,829612289,0.0,0.0,0.0,0.0,0.0,0.0
525,1521991588,839611784,0.0,0.0,0.0,0.0,0.0,0.0
526,1521991588,849611137,0.0,0.0,0.0,0.0,0.0,0.0
527,1521991588,859603901,0.0,0.0,0.0,0.0,0.0,0.0
528,1521991588,869613229,0.0,0.0,0.0,0.0,0.0,0.0
529,1521991588,879603612,0.0,0.0,0.0,0.0,0.0,0.0
530,1521991588,889637837,0.0,0.0,0.0,0.0,0.0,0.0
531,1521991588,899627972,0.0,0.0,0.0,0.0,0.0,0.0
532,1521991588,909604573,0.0,0.0,0.0,0.0,0.0,0.0
533,1521991588,919604361,0.0,0.0,0.0,0.0,0.0,0.0
534,1521991588,929603749,0.0,0.0,0.0,0.0,0.0,0.0
535,1521991588,939602190,0.0,0.0,0.0,0.0,0.0,0.0
536,1521991588,949603097,0.0,0.0,0.0,0.0,0.0,0.0
537,1521991588,959632198,0.0,0.0,0.0,0.0,0.0,0.0
538,1521991588,969635408,0.0,0.0,0.0,0.0,0.0,0.0
539,1521991588,979611237,0.0,0.0,0.0,0.0,0.0,0.0
540,1521991588,989615405,0.0,0.0,0.0,0.0,0.0,0.0
541,1521991588,999606561,0.0,0.0,0.0,0.0,0.0,0.0
542,1521991589,9604684,0.0,0.0,0.0,0.0,0.0,0.0
543,1521991589,19603002,0.0,0.0,0.0,0.0,0.0,0.0
544,1521991589,29604503,0.0,0.0,0.0,0.0,0.0,0.0
545,1521991589,39603515,0.0,0.0,0.0,0.0,0.0,0.0
546,1521991589,49603328,0.0,0.0,0.0,0.0,0.0,0.0
547,1521991589,59604802,0.0,0.0,0.0,0.0,0.0,0.0
548,1521991589,69604952,0.0,0.0,0.0,0.0,0.0,0.0
549,1521991589,79604298,0.0,0.0,0.0,0.0,0.0,0.0
550,1521991589,89604263,0.0,0.0,0.0,0.0,0.0,0.0
551,1521991589,99604262,0.0,0.0,0.0,0.0,0.0,0.0
552,1521991589,109604944,0.0,0.0,0.0,0.0,0.0,0.0
553,1521991589,119606461,0.0,0.0,0.0,0.0,0.0,0.0
554,1521991589,129605215,0.0,0.0,0.0,0.0,0.0,0.0
555,1521991589,139604428,0.0,0.0,0.0,0.0,0.0,0.0
556,1521991589,149631036,0.0,0.0,0.0,0.0,0.0,0.0
557,1521991589,159627995,0.0,0.0,0.0,0.0,0.0,0.0
558,1521991589,169632683,0.0,0.0,0.0,0.0,0.0,0.0
559,1521991589,179618616,0.0,0.0,0.0,0.0,0.0,0.0
560,1521991589,189618146,0.0,0.0,0.0,0.0,0.0,0.0
561,1521991589,199612820,0.0,0.0,0.0,0.0,0.0,0.0
562,1521991589,209615861,0.0,0.0,0.0,0.0,0.0,0.0
563,1521991589,219606404,0.0,0.0,0.0,0.0,0.0,0.0
564,1521991589,229606491,0.0,0.0,0.0,0.0,0.0,0.0
565,1521991589,239601345,0.0,0.0,0.0,0.0,0.0,0.0
566,1521991589,249604418,0.0,0.0,0.0,0.0,0.0,0.0
567,1521991589,259606314,0.0,0.0,0.0,0.0,0.0,0.0
568,1521991589,269604245,0.0,0.0,0.0,0.0,0.0,0.0
569,1521991589,279618148,0.0,0.0,0.0,0.0,0.0,0.0
570,1521991589,289605012,0.0,0.0,0.0,0.0,0.0,0.0
571,1521991589,299605301,0.0,0.0,0.0,0.0,0.0,0.0
572,1521991589,309604331,0.0,0.0,0.0,0.0,0.0,0.0
573,1521991589,319605302,0.0,0.0,0.0,0.0,0.0,0.0
574,1521991589,329602300,0.0,0.0,0.0,0.0,0.0,0.0
575,1521991589,339614111,0.0,0.0,0.0,0.0,0.0,0.0
576,1521991589,349606638,0.0,0.0,0.0,0.0,0.0,0.0
577,1521991589,359605012,0.0,0.0,0.0,0.0,0.0,0.0
578,1521991589,369603920,0.0,0.0,0.0,0.0,0.0,0.0
579,1521991589,379615642,0.0,0.0,0.0,0.0,0.0,0.0
580,1521991589,389605401,0.0,0.0,0.0,0.0,0.0,0.0
581,1521991589,399597850,0.0,0.0,0.0,0.0,0.0,0.0
582,1521991589,409605804,0.0,0.0,0.0,0.0,0.0,0.0
583,1521991589,419618682,0.0,0.0,0.0,0.0,0.0,0.0
584,1521991589,429622012,0.0,0.0,0.0,0.0,0.0,0.0
585,1521991589,439604541,0.0,0.0,0.0,0.0,0.0,0.0
586,1521991589,449603488,0.0,0.0,0.0,0.0,0.0,0.0
587,1521991589,459618421,0.0,0.0,0.0,0.0,0.0,0.0
588,1521991589,469604939,0.0,0.0,0.0,0.0,0.0,0.0
589,1521991589,479597589,0.0,0.0,0.0,0.0,0.0,0.0
590,1521991589,489604122,0.0,0.0,0.0,0.0,0.0,0.0
591,1521991589,499603215,0.0,0.0,0.0,0.0,0.0,0.0
592,1521991589,509605748,0.0,0.0,0.0,0.0,0.0,0.0
593,1521991589,519605617,0.0,0.0,0.0,0.0,0.0,0.0
594,1521991589,529604617,0.0,0.0,0.0,0.0,0.0,0.0
595,1521991589,539604146,0.0,0.0,0.0,0.0,0.0,0.0
596,1521991589,549603824,0.0,0.0,0.0,0.0,0.0,0.0
597,1521991589,559603027,0.0,0.0,0.0,0.0,0.0,0.0
598,1521991589,569603251,0.0,0.0,0.0,0.0,0.0,0.0
599,1521991589,579613468,0.0,0.0,0.0,0.0,0.0,0.0
600,1521991589,589596787,0.0,0.0,0.0,0.0,0.0,0.0
601,1521991589,599603899,0.0,0.0,0.0,0.0,0.0,0.0
602,1521991589,609604420,0.0,0.0,0.0,0.0,0.0,0.0
603,1521991589,619603020,0.0,0.0,0.0,0.0,0.0,0.0
604,1521991589,629598068,0.0,0.0,0.0,0.0,0.0,0.0
605,1521991589,639604996,0.0,0.0,0.0,0.0,0.0,0.0
606,1521991589,649604631,0.0,0.0,0.0,0.0,0.0,0.0
607,1521991589,659605352,0.0,0.0,0.0,0.0,0.0,0.0
608,1521991589,669605314,0.0,0.0,0.0,0.0,0.0,0.0
609,1521991589,679602887,0.0,0.0,0.0,0.0,0.0,0.0
610,1521991589,689604845,0.0,0.0,0.0,0.0,0.0,0.0
611,1521991589,699638417,0.0,0.0,0.0,0.0,0.0,0.0
612,1521991589,709599369,0.0,0.0,0.0,0.0,0.0,0.0
613,1521991589,719598778,0.0,0.0,0.0,0.0,0.0,0.0
614,1521991589,729605701,0.0,0.0,0.0,0.0,0.0,0.0
615,1521991589,739603130,0.0,0.0,0.0,0.0,0.0,0.0
616,1521991589,749606173,0.0,0.0,0.0,0.0,0.0,0.0
617,1521991589,759621720,0.0,0.0,0.0,0.0,0.0,0.0
618,1521991589,769619467,0.0,0.0,0.0,0.0,0.0,0.0
619,1521991589,779598450,0.0,0.0,0.0,0.0,0.0,0.0
620,1521991589,789602818,0.0,0.0,0.0,0.0,0.0,0.0
621,1521991589,799605488,0.0,0.0,0.0,0.0,0.0,0.0
622,1521991589,809604662,0.0,0.0,0.0,0.0,0.0,0.0
623,1521991589,819604413,0.0,0.0,0.0,0.0,0.0,0.0
624,1521991589,829620988,0.0,0.0,0.0,0.0,0.0,0.0
625,1521991589,839619309,0.0,0.0,0.0,0.0,0.0,0.0
626,1521991589,849618634,0.0,0.0,0.0,0.0,0.0,0.0
627,1521991589,859621159,0.0,0.0,0.0,0.0,0.0,0.0
628,1521991589,869604882,0.0,0.0,0.0,0.0,0.0,0.0
629,1521991589,879605297,0.0,0.0,0.0,0.0,0.0,0.0
630,1521991589,889603386,0.0,0.0,0.0,0.0,0.0,0.0
631,1521991589,899605866,0.0,0.0,0.0,0.0,0.0,0.0
632,1521991589,909618901,0.0,0.0,0.0,0.0,0.0,0.0
633,1521991589,919605076,0.0,0.0,0.0,0.0,0.0,0.0
634,1521991589,929604153,0.0,0.0,0.0,0.0,0.0,0.0
635,1521991589,939605154,0.0,0.0,0.0,0.0,0.0,0.0
636,1521991589,949601925,0.0,0.0,0.0,0.0,0.0,0.0
637,1521991589,959606894,0.0,0.0,0.0,0.0,0.0,0.0
638,1521991589,969606616,0.0,0.0,0.0,0.0,0.0,0.0
639,1521991589,979605986,0.0,0.0,0.0,0.0,0.0,0.0
640,1521991589,989605607,0.0,0.0,0.0,0.0,0.0,0.0
641,1521991589,999603537,0.0,0.0,0.0,0.0,0.0,0.0
642,1521991590,9605233,0.0,0.0,0.0,0.0,0.0,0.0
643,1521991590,19605116,0.0,0.0,0.0,0.0,0.0,0.0
644,1521991590,29606853,0.0,0.0,0.0,0.0,0.0,0.0
645,1521991590,39604550,0.0,0.0,0.0,0.0,0.0,0.0
646,1521991590,49603951,0.0,0.0,0.0,0.0,0.0,0.0
647,1521991590,59605534,0.0,0.0,0.0,0.0,0.0,0.0
648,1521991590,69605794,0.0,0.0,0.0,0.0,0.0,0.0
649,1521991590,79600938,0.0,0.0,0.0,0.0,0.0,0.0
650,1521991590,89557602,0.0,0.0,0.0,0.0,0.0,0.0
651,1521991590,99604484,0.0,0.0,0.0,0.0,0.0,0.0
652,1521991590,109613635,0.0,0.0,0.0,0.0,0.0,0.0
653,1521991590,119603415,0.0,0.0,0.0,0.0,0.0,0.0
654,1521991590,129603798,0.0,0.0,0.0,0.0,0.0,0.0
655,1521991590,139604251,0.0,0.0,0.0,0.0,0.0,0.0
656,1521991590,149604584,0.0,0.0,0.0,0.0,0.0,0.0
657,1521991590,159604391,0.0,0.0,0.0,0.0,0.0,0.0
658,1521991590,169613757,0.0,0.0,0.0,0.0,0.0,0.0
659,1521991590,179613243,0.0,0.0,0.0,0.0,0.0,0.0
660,1521991590,189611984,0.0,0.0,0.0,0.0,0.0,0.0
661,1521991590,199605185,0.0,0.0,0.0,0.0,0.0,0.0
662,1521991590,209603997,0.0,0.0,0.0,0.0,0.0,0.0
663,1521991590,219609235,0.0,0.0,0.0,0.0,0.0,0.0
664,1521991590,229604702,0.0,0.0,0.0,0.0,0.0,0.0
665,1521991590,239608758,0.0,0.0,0.0,0.0,0.0,0.0
666,1521991590,249603541,0.0,0.0,0.0,0.0,0.0,0.0
667,1521991590,259605225,0.0,0.0,0.0,0.0,0.0,0.0
668,1521991590,269605319,0.0,0.0,0.0,0.0,0.0,0.0
669,1521991590,279603937,0.0,0.0,0.0,0.0,0.0,0.0
670,1521991590,289603584,0.0,0.0,0.0,0.0,0.0,0.0
671,1521991590,299603836,0.0,0.0,0.0,0.0,0.0,0.0
672,1521991590,309612086,0.0,0.0,0.0,0.0,0.0,0.0
673,1521991590,319603953,0.0,0.0,0.0,0.0,0.0,0.0
674,1521991590,329604791,0.0,0.0,0.0,0.0,0.0,0.0
675,1521991590,339604126,0.0,0.0,0.0,0.0,0.0,0.0
676,1521991590,349607510,0.0,0.0,0.0,0.0,0.0,0.0
677,1521991590,359602617,0.0,0.0,0.0,0.0,0.0,0.0
678,1521991590,369605104,0.0,0.0,0.0,0.0,0.0,0.0
679,1521991590,379606361,0.0,0.0,0.0,0.0,0.0,0.0
680,1521991590,389610406,0.0,0.0,0.0,0.0,0.0,0.0
681,1521991590,399603100,0.0,0.0,0.0,0.0,0.0,0.0
682,1521991590,409602863,0.0,0.0,0.0,0.0,0.0,0.0
683,1521991590,419603326,0.0,0.0,0.0,0.0,0.0,0.0
684,1521991590,429615030,0.0,0.0,0.0,0.0,0.0,0.0
685,1521991590,439615381,0.0,0.0,0.0,0.0,0.0,0.0
686,1521991590,449613973,0.0,0.0,0.0,0.0,0.0,0.0
687,1521991590,459605069,0.0,0.0,0.0,0.0,0.0,0.0
688,1521991590,469602890,0.0,0.0,0.0,0.0,0.0,0.0
689,1521991590,479603464,0.0,0.0,0.0,0.0,0.0,0.0
690,1521991590,489602733,0.0,0.0,0.0,0.0,0.0,0.0
691,1521991590,499604955,0.0,0.0,0.0,0.0,0.0,0.0
692,1521991590,509601007,0.0,0.0,0.0,0.0,0.0,0.0
693,1521991590,519604238,0.0,0.0,0.0,0.0,0.0,0.0
694,1521991590,529605297,0.0,0.0,0.0,0.0,0.0,0.0
695,1521991590,539605205,0.0,0.0,0.0,0.0,0.0,0.0
696,1521991590,549604369,0.0,0.0,0.0,0.0,0.0,0.0
697,1521991590,559604021,0.0,0.0,0.0,0.0,0.0,0.0
698,1521991590,569604393,0.0,0.0,0.0,0.0,0.0,0.0
699,1521991590,579605326,0.0,0.0,0.0,0.0,0.0,0.0
700,1521991590,589605052,0.0,0.0,0.0,0.0,0.0,0.0
701,1521991590,599605362,0.0,0.0,0.0,0.0,0.0,0.0
702,1521991590,609606271,0.0,0.0,0.0,0.0,0.0,0.0
703,1521991590,619601528,0.0,0.0,0.0,0.0,0.0,0.0
704,1521991590,629606999,0.0,0.0,0.0,0.0,0.0,0.0
705,1521991590,639598171,0.0,0.0,0.0,0.0,0.0,0.0
706,1521991590,649605247,0.0,0.0,0.0,0.0,0.0,0.0
707,1521991590,659605064,0.0,0.0,0.0,0.0,0.0,0.0
708,1521991590,669605437,0.0,0.0,0.0,0.0,0.0,0.0
709,1521991590,679603194,0.0,0.0,0.0,0.0,0.0,0.0
710,1521991590,689604283,0.0,0.0,0.0,0.0,0.0,0.0
711,1521991590,699605526,0.0,0.0,0.0,0.0,0.0,0.0
712,1521991590,709605027,0.0,0.0,0.0,0.0,0.0,0.0
713,1521991590,719604436,0.0,0.0,0.0,0.0,0.0,0.0
714,1521991590,729604191,0.0,0.0,0.0,0.0,0.0,0.0
715,1521991590,739605081,0.0,0.0,0.0,0.0,0.0,0.0
716,1521991590,749604887,0.0,0.0,0.0,0.0,0.0,0.0
717,1521991590,759598112,0.0,0.0,0.0,0.0,0.0,0.0
718,1521991590,769602754,0.0,0.0,0.0,0.0,0.0,0.0
719,1521991590,779606264,0.0,0.0,0.0,0.0,0.0,0.0
720,1521991590,789604823,0.0,0.0,0.0,0.0,0.0,0.0
721,1521991590,799603835,0.0,0.0,0.0,0.0,0.0,0.0
722,1521991590,809605401,0.0,0.0,0.0,0.0,0.0,0.0
723,1521991590,819603956,0.0,0.0,0.0,0.0,0.0,0.0
724,1521991590,829605017,0.0,0.0,0.0,0.0,0.0,0.0
725,1521991590,839604482,0.0,0.0,0.0,0.0,0.0,0.0
726,1521991590,849603779,0.0,0.0,0.0,0.0,0.0,0.0
727,1521991590,859604891,0.0,0.0,0.0,0.0,0.0,0.0
728,1521991590,869598679,0.0,0.0,0.0,0.0,0.0,0.0
729,1521991590,879603676,0.0,0.0,0.0,0.0,0.0,0.0
730,1521991590,889604783,0.0,0.0,0.0,0.0,0.0,0.0
731,1521991590,899605972,0.0,0.0,0.0,0.0,0.0,0.0
732,1521991590,909603688,0.0,0.0,0.0,0.0,0.0,0.0
733,1521991590,919603588,0.0,0.0,0.0,0.0,0.0,0.0
734,1521991590,929607152,0.0,0.0,0.0,0.0,0.0,0.0
735,1521991590,939606532,0.0,0.0,0.0,0.0,0.0,0.0
736,1521991590,949605971,0.0,0.0,0.0,0.0,0.0,0.0
737,1521991590,959604447,0.0,0.0,0.0,0.0,0.0,0.0
738,1521991590,969603614,0.0,0.0,0.0,0.0,0.0,0.0
739,1521991590,979603430,0.0,0.0,0.0,0.0,0.0,0.0
740,1521991590,989604442,0.0,0.0,0.0,0.0,0.0,0.0
741,1521991590,999605368,0.0,0.0,0.0,0.0,0.0,0.0
742,1521991591,9606662,0.0,0.0,0.0,0.0,0.0,0.0
743,1521991591,19605695,0.0,0.0,0.0,0.0,0.0,0.0
744,1521991591,29607150,0.0,0.0,0.0,0.0,0.0,0.0
745,1521991591,39606543,0.0,0.0,0.0,0.0,0.0,0.0
746,1521991591,49605746,0.0,0.0,0.0,0.0,0.0,0.0
747,1521991591,59604647,0.0,0.0,0.0,0.0,0.0,0.0
748,1521991591,69605765,0.0,0.0,0.0,0.0,0.0,0.0
749,1521991591,79604373,0.0,0.0,0.0,0.0,0.0,0.0
750,1521991591,89604129,0.0,0.0,0.0,0.0,0.0,0.0
751,1521991591,99606600,0.0,0.0,0.0,0.0,0.0,0.0
752,1521991591,109605425,0.0,0.0,0.0,0.0,0.0,0.0
753,1521991591,119606082,0.0,0.0,0.0,0.0,0.0,0.0
754,1521991591,129603939,0.0,0.0,0.0,0.0,0.0,0.0
755,1521991591,139603645,0.0,0.0,0.0,0.0,0.0,0.0
756,1521991591,149605637,0.0,0.0,0.0,0.0,0.0,0.0
757,1521991591,159607809,49.0,49.0,0.0,0.0,0.0,0.0
758,1521991591,169607125,49.0,49.0,0.0,0.0,0.0,0.0
759,1521991591,179609136,60.0,60.0,0.0,0.0,0.0,0.0
760,1521991591,189606694,60.0,60.0,0.0,0.0,0.0,0.0
761,1521991591,199606752,72.0,72.0,0.0,0.0,0.0,0.0
762,1521991591,209601341,72.0,72.0,0.0,0.0,0.0,0.0
763,1521991591,219609831,87.0,87.0,0.0,0.0,0.0,0.0
764,1521991591,229606927,87.0,87.0,0.0,0.0,0.0,0.0
765,1521991591,239603515,103.0,103.0,0.0,0.0,0.0,0.0
766,1521991591,249603043,103.0,103.0,0.0,0.0,0.0,0.0
767,1521991591,259603190,122.0,122.0,0.0,0.0,0.0,0.0
768,1521991591,269603045,122.0,122.0,0.0,0.0,0.0,0.0
769,1521991591,279602885,141.0,141.0,0.0,0.0,0.0,0.0
770,1521991591,289604167,141.0,141.0,0.0,0.0,0.0,0.0
771,1521991591,299603650,162.0,162.0,0.0,0.0,0.0,0.0
772,1521991591,309604585,162.0,162.0,0.0,0.0,0.0,0.0
773,1521991591,319603351,183.0,183.0,0.0,0.0,0.0,0.0
774,1521991591,329602860,183.0,183.0,0.0,0.0,0.0,0.0
775,1521991591,339605610,206.0,206.0,0.0,0.0,0.0,0.0
776,1521991591,349603129,206.0,206.0,0.0,0.0,0.0,0.0
777,1521991591,359604843,227.0,227.0,0.0,0.0,0.0,0.0
778,1521991591,369602319,227.0,227.0,0.0,0.0,0.0,0.0
779,1521991591,379602712,246.0,246.0,0.0,0.0,0.0,0.0
780,1521991591,389602729,246.0,246.0,0.0,0.0,0.0,0.0
781,1521991591,399603465,262.0,262.0,0.0,0.0,0.0,0.0
782,1521991591,409602440,262.0,262.0,0.0,0.0,0.0,0.0
783,1521991591,419604275,274.0,274.0,0.0,0.0,0.0,0.0
784,1521991591,429606350,274.0,274.0,0.0,0.0,0.0,0.0
785,1521991591,439603222,283.0,283.0,0.0,0.0,0.0,0.0
786,1521991591,449603217,283.0,283.0,0.0,0.0,0.0,0.0
787,1521991591,459604940,294.0,294.0,0.0,0.0,0.0,0.0
788,1521991591,469604322,294.0,294.0,0.0,0.0,0.0,0.0
789,1521991591,479603593,307.0,307.0,0.0,0.0,0.0,0.0
790,1521991591,489604178,307.0,307.0,0.0,0.0,0.0,0.0
791,1521991591,499603305,322.0,318.0,0.0,0.0,0.0,0.0
792,1521991591,509603825,322.0,318.0,0.0,0.0,0.0,0.0
793,1521991591,519604206,338.0,318.0,0.0,0.0,0.0,0.0
794,1521991591,529604868,338.0,318.0,0.0,0.0,0.0,0.0
795,1521991591,539605506,353.0,320.0,0.0,0.0,0.0,0.0
796,1521991591,549603345,353.0,320.0,0.0,0.0,0.0,0.0
797,1521991591,559604310,363.0,327.0,0.0,0.0,0.0,0.0
798,1521991591,569605159,363.0,327.0,0.0,0.0,0.0,0.0
799,1521991591,579604041,367.0,327.0,0.0,0.0,0.0,0.0
800,1521991591,589605437,367.0,327.0,0.0,0.0,0.0,0.0
801,1521991591,599604628,374.0,331.0,0.0,0.0,0.0,0.0
802,1521991591,609607725,374.0,331.0,0.0,0.0,0.0,0.0
803,1521991591,619627628,375.0,329.0,0.0,0.0,0.0,0.0
804,1521991591,629610804,375.0,329.0,0.0,0.0,0.0,0.0
805,1521991591,639613035,376.0,325.0,0.0,0.0,0.0,0.0
806,1521991591,649606959,376.0,325.0,0.0,0.0,0.0,0.0
807,1521991591,659609286,378.0,315.0,0.0,0.0,0.0,0.0
808,1521991591,669605861,378.0,315.0,0.0,0.0,0.0,0.0
809,1521991591,679605903,380.0,308.0,0.0,0.0,0.0,0.0
810,1521991591,689605086,380.0,308.0,0.0,0.0,0.0,0.0
811,1521991591,699604654,381.0,305.0,0.0,0.0,0.0,0.0
812,1521991591,709604714,381.0,305.0,0.0,0.0,0.0,0.0
813,1521991591,719606224,383.0,297.0,0.0,0.0,0.0,0.0
814,1521991591,729606133,383.0,297.0,0.0,0.0,0.0,0.0
815,1521991591,739605655,383.0,296.0,0.0,0.0,0.0,0.0
816,1521991591,749604180,383.0,296.0,0.0,0.0,0.0,0.0
817,1521991591,759603596,384.0,293.0,0.0,0.0,0.0,0.0
818,1521991591,769604019,384.0,293.0,0.0,0.0,0.0,0.0
819,1521991591,779604541,386.0,286.0,0.0,0.0,0.0,0.0
820,1521991591,789604373,386.0,286.0,0.0,0.0,0.0,0.0
821,1521991591,799605215,387.0,283.0,0.0,0.0,0.0,0.0
822,1521991591,809606434,387.0,283.0,0.0,0.0,0.0,0.0
823,1521991591,819605379,389.0,272.0,0.0,0.0,0.0,0.0
824,1521991591,829605736,389.0,272.0,0.0,0.0,0.0,0.0
825,1521991591,839605218,389.0,268.0,0.0,0.0,0.0,0.0
826,1521991591,849605523,389.0,268.0,0.0,0.0,0.0,0.0
827,1521991591,859604728,389.0,264.0,0.0,0.0,0.0,0.0
828,1521991591,869605811,389.0,264.0,0.0,0.0,0.0,0.0
829,1521991591,879603388,389.0,262.0,0.0,0.0,0.0,0.0
830,1521991591,889604309,389.0,262.0,0.0,0.0,0.0,0.0
831,1521991591,899615527,389.0,261.0,0.0,0.0,0.0,0.0
832,1521991591,909605160,389.0,261.0,0.0,0.0,0.0,0.0
833,1521991591,919604096,388.0,265.0,0.0,0.0,0.0,0.0
834,1521991591,929605450,388.0,265.0,0.0,0.0,0.0,0.0
835,1521991591,939603746,384.0,279.0,0.0,0.0,0.0,0.0
836,1521991591,949604620,384.0,279.0,0.0,0.0,0.0,0.0
837,1521991591,959605158,382.0,293.0,0.0,0.0,0.0,0.0
838,1521991591,969605659,382.0,293.0,0.0,0.0,0.0,0.0
839,1521991591,979605340,379.0,311.0,0.0,0.0,0.0,0.0
840,1521991591,989603513,379.0,311.0,0.0,0.0,0.0,0.0
841,1521991591,999603411,378.0,331.0,0.0,0.0,0.0,0.0
842,1521991592,9603843,378.0,331.0,0.0,0.0,0.0,0.0
843,1521991592,19605275,378.0,352.0,0.0,0.0,0.0,0.0
844,1521991592,29604043,378.0,352.0,0.0,0.0,0.0,0.0
845,1521991592,39604325,379.0,373.0,0.0,0.0,0.0,0.0
846,1521991592,49604360,379.0,373.0,0.0,0.0,0.0,0.0
847,1521991592,59602983,382.0,382.0,0.0,0.0,0.0,0.0
848,1521991592,69605761,382.0,382.0,0.0,0.0,0.0,0.0
849,1521991592,79605113,384.0,384.0,0.0,0.0,0.0,0.0
850,1521991592,89604515,384.0,384.0,0.0,0.0,0.0,0.0
851,1521991592,99603860,387.0,387.0,0.0,0.0,0.0,0.0
852,1521991592,109605994,387.0,387.0,0.0,0.0,0.0,0.0
853,1521991592,119602360,389.0,389.0,0.0,0.0,0.0,0.0
854,1521991592,129605674,389.0,389.0,0.0,0.0,0.0,0.0
855,1521991592,139602622,397.0,397.0,0.0,0.0,0.0,0.0
856,1521991592,149605346,397.0,397.0,0.0,0.0,0.0,0.0
857,1521991592,159604356,400.0,400.0,0.0,0.0,0.0,0.0
858,1521991592,169603827,400.0,400.0,0.0,0.0,0.0,0.0
859,1521991592,179604125,400.0,400.0,0.0,0.0,0.0,0.0
860,1521991592,189624367,400.0,400.0,0.0,0.0,0.0,0.0
861,1521991592,199603774,400.0,400.0,0.0,0.0,0.0,0.0
862,1521991592,209605690,400.0,400.0,0.0,0.0,0.0,0.0
863,1521991592,219605886,400.0,400.0,0.0,0.0,0.0,0.0
864,1521991592,229604977,400.0,400.0,0.0,0.0,0.0,0.0
865,1521991592,239609353,400.0,400.0,0.0,0.0,0.0,0.0
866,1521991592,249605814,400.0,400.0,0.0,0.0,0.0,0.0
867,1521991592,259605451,400.0,400.0,0.0,0.0,0.0,0.0
868,1521991592,269604596,400.0,400.0,0.0,0.0,0.0,0.0
869,1521991592,279606403,400.0,400.0,0.0,0.0,0.0,0.0
870,1521991592,289605658,400.0,400.0,0.0,0.0,0.0,0.0
871,1521991592,299604973,400.0,400.0,0.0,0.0,0.0,0.0
872,1521991592,309603950,400.0,400.0,0.0,0.0,0.0,0.0
873,1521991592,319605350,400.0,400.0,0.0,0.0,0.0,0.0
874,1521991592,329604359,400.0,400.0,0.0,0.0,0.0,0.0
875,1521991592,339604376,400.0,400.0,0.0,0.0,0.0,0.0
876,1521991592,349605051,400.0,400.0,0.0,0.0,0.0,0.0
877,1521991592,359604895,400.0,400.0,0.0,0.0,0.0,0.0
878,1521991592,369604683,400.0,400.0,0.0,0.0,0.0,0.0
879,1521991592,379604455,400.0,400.0,0.0,0.0,0.0,0.0
880,1521991592,389604765,400.0,400.0,0.0,0.0,0.0,0.0
881,1521991592,399603976,400.0,400.0,0.0,0.0,0.0,0.0
882,1521991592,409606013,400.0,400.0,0.0,0.0,0.0,0.0
883,1521991592,419604616,400.0,400.0,0.0,0.0,0.0,0.0
884,1521991592,429604418,400.0,400.0,0.0,0.0,0.0,0.0
885,1521991592,439604351,400.0,400.0,0.0,0.0,0.0,0.0
886,1521991592,449603978,400.0,400.0,0.0,0.0,0.0,0.0
887,1521991592,459605794,400.0,400.0,0.0,0.0,0.0,0.0
888,1521991592,469604896,400.0,400.0,0.0,0.0,0.0,0.0
889,1521991592,479604727,400.0,400.0,0.0,0.0,0.0,0.0
890,1521991592,489605042,400.0,400.0,0.0,0.0,0.0,0.0
891,1521991592,499604727,400.0,400.0,0.0,0.0,0.0,0.0
892,1521991592,509604538,400.0,400.0,0.0,0.0,0.0,0.0
893,1521991592,519604126,400.0,400.0,0.0,0.0,0.0,0.0
894,1521991592,529604189,400.0,400.0,0.0,0.0,0.0,0.0
895,1521991592,539604440,400.0,400.0,0.0,0.0,0.0,0.0
896,1521991592,549602785,400.0,400.0,0.0,0.0,0.0,0.0
897,1521991592,559603581,369.0,400.0,0.0,0.0,0.0,0.0
898,1521991592,569604575,369.0,400.0,0.0,0.0,0.0,0.0
899,1521991592,579605608,344.0,400.0,0.0,0.0,0.0,0.0
900,1521991592,589605303,344.0,400.0,0.0,0.0,0.0,0.0
901,1521991592,599604632,329.0,400.0,0.0,0.0,0.0,0.0
902,1521991592,609604355,329.0,400.0,0.0,0.0,0.0,0.0
903,1521991592,619603206,316.0,400.0,0.0,0.0,0.0,0.0
904,1521991592,629604948,316.0,400.0,0.0,0.0,0.0,0.0
905,1521991592,639606675,300.0,400.0,0.0,0.0,0.0,0.0
906,1521991592,649608128,300.0,400.0,0.0,0.0,0.0,0.0
907,1521991592,659604814,280.0,400.0,0.0,0.0,0.0,0.0
908,1521991592,669603643,280.0,400.0,0.0,0.0,0.0,0.0
909,1521991592,679603765,258.0,400.0,0.0,0.0,0.0,0.0
910,1521991592,689602960,258.0,400.0,0.0,0.0,0.0,0.0
911,1521991592,699604098,234.0,400.0,0.0,0.0,0.0,0.0
912,1521991592,709604694,234.0,400.0,0.0,0.0,0.0,0.0
913,1521991592,719603955,207.0,400.0,0.0,0.0,0.0,0.0
914,1521991592,729603857,207.0,400.0,0.0,0.0,0.0,0.0
915,1521991592,739606164,181.0,400.0,0.0,0.0,0.0,0.0
916,1521991592,749615091,181.0,400.0,0.0,0.0,0.0,0.0
917,1521991592,759600127,162.0,400.0,0.0,0.0,0.0,0.0
918,1521991592,769603257,162.0,400.0,0.0,0.0,0.0,0.0
919,1521991592,779603704,150.0,400.0,0.0,0.0,0.0,0.0
920,1521991592,789604963,150.0,400.0,0.0,0.0,0.0,0.0
921,1521991592,799604401,143.0,400.0,0.0,0.0,0.0,0.0
922,1521991592,809606733,143.0,400.0,0.0,0.0,0.0,0.0
923,1521991592,819604379,141.0,400.0,0.0,0.0,0.0,0.0
924,1521991592,829606171,141.0,400.0,0.0,0.0,0.0,0.0
925,1521991592,839609302,141.0,400.0,0.0,0.0,0.0,0.0
926,1521991592,849607291,141.0,400.0,0.0,0.0,0.0,0.0
927,1521991592,859604272,155.0,400.0,0.0,0.0,0.0,0.0
928,1521991592,869605948,155.0,400.0,0.0,0.0,0.0,0.0
929,1521991592,879604581,175.0,400.0,0.0,0.0,0.0,0.0
930,1521991592,889614667,175.0,400.0,0.0,0.0,0.0,0.0
931,1521991592,899605144,199.0,400.0,0.0,0.0,0.0,0.0
932,1521991592,909602594,199.0,400.0,0.0,0.0,0.0,0.0
933,1521991592,919603085,222.0,400.0,0.0,0.0,0.0,0.0
934,1521991592,929603688,222.0,400.0,0.0,0.0,0.0,0.0
935,1521991592,939602775,242.0,400.0,0.0,0.0,0.0,0.0
936,1521991592,949604014,242.0,400.0,0.0,0.0,0.0,0.0
937,1521991592,959608880,258.0,400.0,0.0,0.0,0.0,0.0
938,1521991592,969610497,258.0,400.0,0.0,0.0,0.0,0.0
939,1521991592,979606695,272.0,400.0,0.0,0.0,0.0,0.0
940,1521991592,989606698,272.0,400.0,0.0,0.0,0.0,0.0
941,1521991592,999606679,287.0,400.0,0.0,0.0,0.0,0.0
942,1521991593,9604405,287.0,400.0,0.0,0.0,0.0,0.0
943,1521991593,19614738,307.0,400.0,0.0,0.0,0.0,0.0
944,1521991593,29602121,307.0,400.0,0.0,0.0,0.0,0.0
945,1521991593,39602874,335.0,400.0,0.0,0.0,0.0,0.0
946,1521991593,49603389,335.0,400.0,0.0,0.0,0.0,0.0
947,1521991593,59604175,371.0,400.0,0.0,0.0,0.0,0.0
948,1521991593,69604430,371.0,400.0,0.0,0.0,0.0,0.0
949,1521991593,79602618,400.0,400.0,0.0,0.0,0.0,0.0
950,1521991593,89603687,400.0,400.0,0.0,0.0,0.0,0.0
951,1521991593,99604187,400.0,400.0,0.0,0.0,0.0,0.0
952,1521991593,109603635,400.0,400.0,0.0,0.0,0.0,0.0
953,1521991593,119603574,400.0,400.0,0.0,0.0,0.0,0.0
954,1521991593,129603098,400.0,400.0,0.0,0.0,0.0,0.0
955,1521991593,139603709,400.0,400.0,0.0,0.0,0.0,0.0
956,1521991593,149603338,400.0,400.0,0.0,0.0,0.0,0.0
957,1521991593,159604330,400.0,400.0,0.0,0.0,0.0,0.0
958,1521991593,169604468,400.0,400.0,0.0,0.0,0.0,0.0
959,1521991593,179605739,400.0,400.0,0.0,0.0,0.0,0.0
960,1521991593,189605112,400.0,400.0,0.0,0.0,0.0,0.0
961,1521991593,199602930,400.0,400.0,0.0,0.0,0.0,0.0
962,1521991593,209604998,400.0,400.0,0.0,0.0,0.0,0.0
963,1521991593,219605027,400.0,400.0,0.0,0.0,0.0,0.0
964,1521991593,229604968,400.0,400.0,0.0,0.0,0.0,0.0
965,1521991593,239604374,400.0,400.0,0.0,0.0,0.0,0.0
966,1521991593,249605833,400.0,400.0,0.0,0.0,0.0,0.0
967,1521991593,259605803,400.0,400.0,0.0,0.0,0.0,0.0
968,1521991593,269604808,400.0,400.0,0.0,0.0,0.0,0.0
969,1521991593,279604193,400.0,400.0,0.0,0.0,0.0,0.0
970,1521991593,289604723,400.0,400.0,0.0,0.0,0.0,0.0
971,1521991593,299603876,400.0,394.0,0.0,0.0,0.0,0.0
972,1521991593,309614328,400.0,394.0,0.0,0.0,0.0,0.0
973,1521991593,319602749,400.0,390.0,0.0,0.0,0.0,0.0
974,1521991593,329604758,400.0,390.0,0.0,0.0,0.0,0.0
975,1521991593,339605171,400.0,381.0,0.0,0.0,0.0,0.0
976,1521991593,349604068,400.0,381.0,0.0,0.0,0.0,0.0
977,1521991593,359606145,400.0,378.0,0.0,0.0,0.0,0.0
978,1521991593,369602175,400.0,378.0,0.0,0.0,0.0,0.0
979,1521991593,379605048,400.0,368.0,0.0,0.0,0.0,0.0
980,1521991593,389604394,400.0,368.0,0.0,0.0,0.0,0.0
981,1521991593,399604635,400.0,365.0,0.0,0.0,0.0,0.0
982,1521991593,409603596,400.0,365.0,0.0,0.0,0.0,0.0
983,1521991593,419604554,400.0,361.0,0.0,0.0,0.0,0.0
984,1521991593,429603389,400.0,361.0,0.0,0.0,0.0,0.0
985,1521991593,439608537,400.0,358.0,0.0,0.0,0.0,0.0
986,1521991593,449604238,400.0,358.0,0.0,0.0,0.0,0.0
987,1521991593,459604807,400.0,358.0,0.0,0.0,0.0,0.0
988,1521991593,469603919,400.0,358.0,0.0,0.0,0.0,0.0
989,1521991593,479603570,400.0,358.0,0.0,0.0,0.0,0.0
990,1521991593,489605145,400.0,358.0,0.0,0.0,0.0,0.0
991,1521991593,499602773,400.0,358.0,0.0,0.0,0.0,0.0
992,1521991593,509634538,400.0,358.0,0.0,0.0,0.0,0.0
993,1521991593,519603768,400.0,361.0,0.0,0.0,0.0,0.0
994,1521991593,529603157,400.0,361.0,0.0,0.0,0.0,0.0
995,1521991593,539603213,400.0,364.0,0.0,0.0,0.0,0.0
996,1521991593,549602833,400.0,364.0,0.0,0.0,0.0,0.0
997,1521991593,559605323,400.0,367.0,0.0,0.0,0.0,0.0
998,1521991593,569605252,400.0,367.0,0.0,0.0,0.0,0.0
999,1521991593,579604130,400.0,370.0,0.0,0.0,0.0,0.0
1000,1521991593,589603598,400.0,370.0,0.0,0.0,0.0,0.0
1001,1521991593,599605926,400.0,371.0,0.0,0.0,0.0,0.0
1002,1521991593,609604674,400.0,371.0,0.0,0.0,0.0,0.0
1003,1521991593,619604847,392.0,363.0,0.0,0.0,0.0,0.0
1004,1521991593,629604616,392.0,363.0,0.0,0.0,0.0,0.0
1005,1521991593,639604619,378.0,350.0,0.0,0.0,0.0,0.0
1006,1521991593,649603021,378.0,350.0,0.0,0.0,0.0,0.0
1007,1521991593,659606122,364.0,336.0,0.0,0.0,0.0,0.0
1008,1521991593,669605524,364.0,336.0,0.0,0.0,0.0,0.0
1009,1521991593,679605471,350.0,321.0,0.0,0.0,0.0,0.0
1010,1521991593,689603847,350.0,321.0,0.0,0.0,0.0,0.0
1011,1521991593,699606380,337.0,309.0,0.0,0.0,0.0,0.0
1012,1521991593,709602089,337.0,309.0,0.0,0.0,0.0,0.0
1013,1521991593,719602904,326.0,299.0,0.0,0.0,0.0,0.0
1014,1521991593,729604743,326.0,299.0,0.0,0.0,0.0,0.0
1015,1521991593,739603760,317.0,290.0,0.0,0.0,0.0,0.0
1016,1521991593,749602332,317.0,290.0,0.0,0.0,0.0,0.0
1017,1521991593,759604968,308.0,281.0,0.0,0.0,0.0,0.0
1018,1521991593,769604567,308.0,281.0,0.0,0.0,0.0,0.0
1019,1521991593,779603053,299.0,274.0,0.0,0.0,0.0,0.0
1020,1521991593,789604972,299.0,274.0,0.0,0.0,0.0,0.0
1021,1521991593,799602427,289.0,268.0,0.0,0.0,0.0,0.0
1022,1521991593,809603837,289.0,268.0,0.0,0.0,0.0,0.0
1023,1521991593,819601752,280.0,273.0,0.0,0.0,0.0,0.0
1024,1521991593,829601864,280.0,273.0,0.0,0.0,0.0,0.0
1025,1521991593,839601992,272.0,272.0,0.0,0.0,0.0,0.0
1026,1521991593,849604099,272.0,272.0,0.0,0.0,0.0,0.0
1027,1521991593,859602430,269.0,269.0,0.0,0.0,0.0,0.0
1028,1521991593,869602849,269.0,269.0,0.0,0.0,0.0,0.0
1029,1521991593,879601595,261.0,261.0,0.0,0.0,0.0,0.0
1030,1521991593,889604211,261.0,261.0,0.0,0.0,0.0,0.0
1031,1521991593,899601386,258.0,258.0,0.0,0.0,0.0,0.0
1032,1521991593,909601601,258.0,258.0,0.0,0.0,0.0,0.0
1033,1521991593,919602291,249.0,249.0,0.0,0.0,0.0,0.0
1034,1521991593,929601051,249.0,249.0,0.0,0.0,0.0,0.0
1035,1521991593,939604046,242.0,242.0,0.0,0.0,0.0,0.0
1036,1521991593,949603606,242.0,242.0,0.0,0.0,0.0,0.0
1037,1521991593,959603749,235.0,235.0,0.0,0.0,0.0,0.0
1038,1521991593,969601694,235.0,235.0,0.0,0.0,0.0,0.0
1039,1521991593,979601763,232.0,232.0,0.0,0.0,0.0,0.0
1040,1521991593,989602098,232.0,232.0,0.0,0.0,0.0,0.0
1041,1521991593,999602976,225.0,225.0,0.0,0.0,0.0,0.0
1042,1521991594,9602197,225.0,225.0,0.0,0.0,0.0,0.0
1043,1521991594,19612958,224.0,224.0,0.0,0.0,0.0,0.0
1044,1521991594,29603265,224.0,224.0,0.0,0.0,0.0,0.0
1045,1521991594,39607771,222.0,222.0,0.0,0.0,0.0,0.0
1046,1521991594,49603955,222.0,222.0,0.0,0.0,0.0,0.0
1047,1521991594,59604064,220.0,220.0,0.0,0.0,0.0,0.0
1048,1521991594,69603611,220.0,220.0,0.0,0.0,0.0,0.0
1049,1521991594,79602518,213.0,213.0,0.0,0.0,0.0,0.0
1050,1521991594,89601868,213.0,213.0,0.0,0.0,0.0,0.0
1051,1521991594,99605220,201.0,201.0,0.0,0.0,0.0,0.0
1052,1521991594,109602278,201.0,201.0,0.0,0.0,0.0,0.0
1053,1521991594,119604052,176.0,176.0,0.0,0.0,0.0,0.0
1054,1521991594,129601438,176.0,176.0,0.0,0.0,0.0,0.0
1055,1521991594,139605489,134.0,134.0,0.0,0.0,0.0,0.0
1056,1521991594,149603897,134.0,134.0,0.0,0.0,0.0,0.0
1057,1521991594,159608273,83.0,83.0,0.0,0.0,0.0,0.0
1058,1521991594,169608062,83.0,83.0,0.0,0.0,0.0,0.0
1059,1521991594,179605230,0.0,0.0,0.0,0.0,0.0,0.0
1060,1521991594,189606209,0.0,0.0,0.0,0.0,0.0,0.0
1061,1521991594,199607125,0.0,0.0,0.0,0.0,0.0,0.0
1062,1521991594,209607776,0.0,0.0,0.0,0.0,0.0,0.0
1063,1521991594,219604801,0.0,0.0,0.0,0.0,0.0,0.0
1064,1521991594,229605747,0.0,0.0,0.0,0.0,0.0,0.0
1065,1521991594,239606870,0.0,0.0,0.0,0.0,0.0,0.0
1066,1521991594,249606697,0.0,0.0,0.0,0.0,0.0,0.0
1067,1521991594,259606904,0.0,0.0,0.0,0.0,0.0,0.0
1068,1521991594,269607180,0.0,0.0,0.0,0.0,0.0,0.0
1069,1521991594,279605042,0.0,0.0,0.0,0.0,0.0,0.0
1070,1521991594,289604867,0.0,0.0,0.0,0.0,0.0,0.0
1071,1521991594,299606745,0.0,0.0,0.0,0.0,0.0,0.0
1072,1521991594,309604641,0.0,0.0,0.0,0.0,0.0,0.0
1073,1521991594,319604023,0.0,0.0,0.0,0.0,0.0,0.0
1074,1521991594,329603713,0.0,0.0,0.0,0.0,0.0,0.0
1075,1521991594,339603085,0.0,0.0,0.0,0.0,0.0,0.0
1076,1521991594,349605360,0.0,0.0,0.0,0.0,0.0,0.0
1077,1521991594,359614072,0.0,0.0,0.0,0.0,0.0,0.0
1078,1521991594,369618412,0.0,0.0,0.0,0.0,0.0,0.0
1079,1521991594,379598696,0.0,0.0,0.0,0.0,0.0,0.0
1080,1521991594,389603241,0.0,0.0,0.0,0.0,0.0,0.0
1081,1521991594,399610594,0.0,0.0,0.0,0.0,0.0,0.0
1082,1521991594,409598489,0.0,0.0,0.0,0.0,0.0,0.0
1083,1521991594,419602905,0.0,0.0,0.0,0.0,0.0,0.0
1084,1521991594,429624353,0.0,0.0,0.0,0.0,0.0,0.0
1085,1521991594,439607688,0.0,0.0,0.0,0.0,0.0,0.0
1086,1521991594,449599444,0.0,0.0,0.0,0.0,0.0,0.0
1087,1521991594,459604369,0.0,0.0,0.0,0.0,0.0,0.0
1088,1521991594,469604435,0.0,0.0,0.0,0.0,0.0,0.0
1089,1521991594,479597923,0.0,0.0,0.0,0.0,0.0,0.0
1090,1521991594,489604243,0.0,0.0,0.0,0.0,0.0,0.0
1091,1521991594,499606371,0.0,0.0,0.0,0.0,0.0,0.0
1092,1521991594,509607341,0.0,0.0,0.0,0.0,0.0,0.0
1093,1521991594,519604858,0.0,0.0,0.0,0.0,0.0,0.0
1094,1521991594,529615223,0.0,0.0,0.0,0.0,0.0,0.0
1095,1521991594,539605331,0.0,0.0,0.0,0.0,0.0,0.0
1096,1521991594,549605582,0.0,0.0,0.0,0.0,0.0,0.0
1097,1521991594,559605611,0.0,0.0,0.0,0.0,0.0,0.0
1098,1521991594,569604675,0.0,0.0,0.0,0.0,0.0,0.0
1099,1521991594,579605368,0.0,0.0,0.0,0.0,0.0,0.0
1100,1521991594,589607127,0.0,0.0,0.0,0.0,0.0,0.0
1101,1521991594,599604737,0.0,0.0,0.0,0.0,0.0,0.0
1102,1521991594,609604313,0.0,0.0,0.0,0.0,0.0,0.0
1103,1521991594,619604121,0.0,0.0,0.0,0.0,0.0,0.0
1104,1521991594,629610331,0.0,0.0,0.0,0.0,0.0,0.0
1105,1521991594,639609593,0.0,0.0,0.0,0.0,0.0,0.0
1106,1521991594,649607175,0.0,0.0,0.0,0.0,0.0,0.0
1107,1521991594,659606396,0.0,0.0,0.0,0.0,0.0,0.0
1108,1521991594,669599668,0.0,0.0,0.0,0.0,0.0,0.0
1109,1521991594,679606169,0.0,0.0,0.0,0.0,0.0,0.0
1110,1521991594,689605244,0.0,0.0,0.0,0.0,0.0,0.0
1111,1521991594,699610148,0.0,0.0,0.0,0.0,0.0,0.0
1112,1521991594,709606330,0.0,0.0,0.0,0.0,0.0,0.0
1113,1521991594,719600260,0.0,0.0,0.0,0.0,0.0,0.0
1114,1521991594,729599472,0.0,0.0,0.0,0.0,0.0,0.0
1115,1521991594,739605263,0.0,0.0,0.0,0.0,0.0,0.0
1116,1521991594,749605628,0.0,0.0,0.0,0.0,0.0,0.0
1117,1521991594,759605886,0.0,0.0,0.0,0.0,0.0,0.0
1118,1521991594,769608925,0.0,0.0,0.0,0.0,0.0,0.0
1119,1521991594,779615994,0.0,0.0,0.0,0.0,0.0,0.0
1120,1521991594,789622294,0.0,0.0,0.0,0.0,0.0,0.0
1121,1521991594,799620171,0.0,0.0,0.0,0.0,0.0,0.0
1122,1521991594,809621665,0.0,0.0,0.0,0.0,0.0,0.0
1123,1521991594,819599000,0.0,0.0,0.0,0.0,0.0,0.0
1124,1521991594,829605617,0.0,0.0,0.0,0.0,0.0,0.0
1125,1521991594,839603490,0.0,0.0,0.0,0.0,0.0,0.0
1126,1521991594,849604052,0.0,0.0,0.0,0.0,0.0,0.0
1127,1521991594,859605026,0.0,0.0,0.0,0.0,0.0,0.0
1128,1521991594,869609187,0.0,0.0,0.0,0.0,0.0,0.0
1129,1521991594,879600508,0.0,0.0,0.0,0.0,0.0,0.0
1130,1521991594,889603426,0.0,0.0,0.0,0.0,0.0,0.0
1131,1521991594,899604071,0.0,0.0,0.0,0.0,0.0,0.0
1132,1521991594,909604054,0.0,0.0,0.0,0.0,0.0,0.0
1133,1521991594,919597379,0.0,0.0,0.0,0.0,0.0,0.0
1134,1521991594,929609862,0.0,0.0,0.0,0.0,0.0,0.0
1135,1521991594,939604469,0.0,0.0,0.0,0.0,0.0,0.0
1136,1521991594,949608232,0.0,0.0,0.0,0.0,0.0,0.0
1137,1521991594,959604378,0.0,0.0,0.0,0.0,0.0,0.0
1138,1521991594,969605924,0.0,0.0,0.0,0.0,0.0,0.0
1139,1521991594,979604053,0.0,0.0,0.0,0.0,0.0,0.0
1140,1521991594,989604978,0.0,0.0,0.0,0.0,0.0,0.0
1141,1521991594,999603623,0.0,0.0,0.0,0.0,0.0,0.0
1142,1521991595,9600328,0.0,0.0,0.0,0.0,0.0,0.0
1143,1521991595,19598363,0.0,0.0,0.0,0.0,0.0,0.0
1144,1521991595,29604839,0.0,0.0,0.0,0.0,0.0,0.0
1145,1521991595,39604470,0.0,0.0,0.0,0.0,0.0,0.0
1146,1521991595,49605166,0.0,0.0,0.0,0.0,0.0,0.0
1147,1521991595,59604362,0.0,0.0,0.0,0.0,0.0,0.0
1148,1521991595,69608609,0.0,0.0,0.0,0.0,0.0,0.0
1149,1521991595,79598574,0.0,0.0,0.0,0.0,0.0,0.0
1150,1521991595,89604729,0.0,0.0,0.0,0.0,0.0,0.0
1151,1521991595,99605660,0.0,0.0,0.0,0.0,0.0,0.0
1152,1521991595,109604684,0.0,0.0,0.0,0.0,0.0,0.0
1153,1521991595,119604955,0.0,0.0,0.0,0.0,0.0,0.0
1154,1521991595,129603699,0.0,0.0,0.0,0.0,0.0,0.0
1155,1521991595,139605128,0.0,0.0,0.0,0.0,0.0,0.0
1156,1521991595,149604330,0.0,0.0,0.0,0.0,0.0,0.0
1157,1521991595,159604682,0.0,0.0,0.0,0.0,0.0,0.0
1158,1521991595,169604512,0.0,0.0,0.0,0.0,0.0,0.0
1159,1521991595,179604887,0.0,0.0,0.0,0.0,0.0,0.0
1160,1521991595,189606316,0.0,0.0,0.0,0.0,0.0,0.0
1161,1521991595,199604856,0.0,0.0,0.0,0.0,0.0,0.0
1162,1521991595,209606465,0.0,0.0,0.0,0.0,0.0,0.0
1163,1521991595,219605149,0.0,0.0,0.0,0.0,0.0,0.0
1164,1521991595,229604517,0.0,0.0,0.0,0.0,0.0,0.0
1165,1521991595,239613539,0.0,0.0,0.0,0.0,0.0,0.0
1166,1521991595,249607484,0.0,0.0,0.0,0.0,0.0,0.0
1167,1521991595,259605383,0.0,0.0,0.0,0.0,0.0,0.0
1168,1521991595,269605119,0.0,0.0,0.0,0.0,0.0,0.0
1169,1521991595,279605693,0.0,0.0,0.0,0.0,0.0,0.0
1170,1521991595,289604082,0.0,0.0,0.0,0.0,0.0,0.0
1171,1521991595,299599494,0.0,0.0,0.0,0.0,0.0,0.0
1172,1521991595,309606813,0.0,0.0,0.0,0.0,0.0,0.0
1173,1521991595,319604607,0.0,0.0,0.0,0.0,0.0,0.0
1174,1521991595,329604910,0.0,0.0,0.0,0.0,0.0,0.0
1175,1521991595,339605260,0.0,0.0,0.0,0.0,0.0,0.0
1176,1521991595,349606993,0.0,0.0,0.0,0.0,0.0,0.0
1177,1521991595,359604565,0.0,0.0,0.0,0.0,0.0,0.0
1178,1521991595,369605146,0.0,0.0,0.0,0.0,0.0,0.0
1179,1521991595,379605947,0.0,0.0,0.0,0.0,0.0,0.0
1180,1521991595,389605961,0.0,0.0,0.0,0.0,0.0,0.0
1181,1521991595,399605184,0.0,0.0,0.0,0.0,0.0,0.0
1182,1521991595,409605451,0.0,0.0,0.0,0.0,0.0,0.0
1183,1521991595,419604857,0.0,0.0,0.0,0.0,0.0,0.0
1184,1521991595,429643692,0.0,0.0,0.0,0.0,0.0,0.0
1185,1521991595,439604575,0.0,0.0,0.0,0.0,0.0,0.0
1186,1521991595,449605582,0.0,0.0,0.0,0.0,0.0,0.0
1187,1521991595,459605119,0.0,0.0,0.0,0.0,0.0,0.0
1188,1521991595,469604178,0.0,0.0,0.0,0.0,0.0,0.0
1189,1521991595,479605609,0.0,0.0,0.0,0.0,0.0,0.0
1190,1521991595,489603844,0.0,0.0,0.0,0.0,0.0,0.0
1191,1521991595,499605772,0.0,0.0,0.0,0.0,0.0,0.0
1192,1521991595,509605109,0.0,0.0,0.0,0.0,0.0,0.0
1193,1521991595,519623944,0.0,0.0,0.0,0.0,0.0,0.0
1194,1521991595,529623749,0.0,0.0,0.0,0.0,0.0,0.0
1195,1521991595,539607664,0.0,0.0,0.0,0.0,0.0,0.0
1196,1521991595,549611052,0.0,0.0,0.0,0.0,0.0,0.0
1197,1521991595,559611015,0.0,0.0,0.0,0.0,0.0,0.0
1198,1521991595,569611039,0.0,0.0,0.0,0.0,0.0,0.0
1199,1521991595,579603882,0.0,0.0,0.0,0.0,0.0,0.0
1200,1521991595,589604033,0.0,0.0,0.0,0.0,0.0,0.0
1201,1521991595,599605827,0.0,0.0,0.0,0.0,0.0,0.0
1202,1521991595,609605956,0.0,0.0,0.0,0.0,0.0,0.0
1203,1521991595,619605282,0.0,0.0,0.0,0.0,0.0,0.0
1204,1521991595,629604035,0.0,0.0,0.0,0.0,0.0,0.0
1205,1521991595,639605515,0.0,0.0,0.0,0.0,0.0,0.0
1206,1521991595,649606794,0.0,0.0,0.0,0.0,0.0,0.0
1207,1521991595,659605102,0.0,0.0,0.0,0.0,0.0,0.0
1208,1521991595,669605474,0.0,0.0,0.0,0.0,0.0,0.0
1209,1521991595,679605204,0.0,0.0,0.0,0.0,0.0,0.0
1210,1521991595,689605178,0.0,0.0,0.0,0.0,0.0,0.0
1211,1521991595,699604372,0.0,0.0,0.0,0.0,0.0,0.0
1212,1521991595,709603845,0.0,0.0,0.0,0.0,0.0,0.0
1213,1521991595,719605825,0.0,0.0,0.0,0.0,0.0,0.0
1214,1521991595,729604960,0.0,0.0,0.0,0.0,0.0,0.0
1215,1521991595,739605967,0.0,0.0,0.0,0.0,0.0,0.0
1216,1521991595,749604814,0.0,0.0,0.0,0.0,0.0,0.0
1217,1521991595,759607870,0.0,0.0,0.0,0.0,0.0,0.0
1218,1521991595,769605870,0.0,0.0,0.0,0.0,0.0,0.0
1219,1521991595,779604601,0.0,0.0,0.0,0.0,0.0,0.0
1220,1521991595,789604872,0.0,0.0,0.0,0.0,0.0,0.0
1221,1521991595,799605559,0.0,0.0,0.0,0.0,0.0,0.0
1222,1521991595,809606752,0.0,0.0,0.0,0.0,0.0,0.0
1223,1521991595,819604292,0.0,0.0,0.0,0.0,0.0,0.0
1224,1521991595,829606653,0.0,0.0,0.0,0.0,0.0,0.0
1225,1521991595,839609544,0.0,0.0,0.0,0.0,0.0,0.0
1226,1521991595,849607090,0.0,0.0,0.0,0.0,0.0,0.0
1227,1521991595,859619270,0.0,0.0,0.0,0.0,0.0,0.0
1228,1521991595,869605614,0.0,0.0,0.0,0.0,0.0,0.0
1229,1521991595,879603893,0.0,0.0,0.0,0.0,0.0,0.0
1230,1521991595,889606842,0.0,0.0,0.0,0.0,0.0,0.0
1231,1521991595,899605300,0.0,0.0,0.0,0.0,0.0,0.0
1232,1521991595,909604203,0.0,0.0,0.0,0.0,0.0,0.0
1233,1521991595,919606376,0.0,0.0,0.0,0.0,0.0,0.0
1234,1521991595,929603758,0.0,0.0,0.0,0.0,0.0,0.0
1235,1521991595,939606784,0.0,0.0,0.0,0.0,0.0,0.0
1236,1521991595,949606278,0.0,0.0,0.0,0.0,0.0,0.0
1237,1521991595,959564620,0.0,0.0,0.0,0.0,0.0,0.0
1238,1521991595,969604535,0.0,0.0,0.0,0.0,0.0,0.0
1239,1521991595,979613400,0.0,0.0,0.0,0.0,0.0,0.0
1240,1521991595,989601520,0.0,0.0,0.0,0.0,0.0,0.0
1241,1521991595,999612878,0.0,0.0,0.0,0.0,0.0,0.0
1242,1521991596,9605671,0.0,0.0,0.0,0.0,0.0,0.0
1243,1521991596,19609610,0.0,0.0,0.0,0.0,0.0,0.0
1244,1521991596,29600381,0.0,0.0,0.0,0.0,0.0,0.0
1245,1521991596,39609961,0.0,0.0,0.0,0.0,0.0,0.0
1246,1521991596,49605797,0.0,0.0,0.0,0.0,0.0,0.0
1247,1521991596,59610583,0.0,0.0,0.0,0.0,0.0,0.0
1248,1521991596,69606317,0.0,0.0,0.0,0.0,0.0,0.0
1249,1521991596,79608927,0.0,0.0,0.0,0.0,0.0,0.0
1250,1521991596,89604053,0.0,0.0,0.0,0.0,0.0,0.0
1251,1521991596,99604144,0.0,0.0,0.0,0.0,0.0,0.0
1252,1521991596,109605996,0.0,0.0,0.0,0.0,0.0,0.0
1253,1521991596,119604872,0.0,0.0,0.0,0.0,0.0,0.0
1254,1521991596,129605676,0.0,0.0,0.0,0.0,0.0,0.0
1255,1521991596,139599520,0.0,0.0,0.0,0.0,0.0,0.0
1256,1521991596,149605266,0.0,0.0,0.0,0.0,0.0,0.0
1257,1521991596,159609991,0.0,0.0,0.0,0.0,0.0,0.0
1258,1521991596,169605932,0.0,0.0,0.0,0.0,0.0,0.0
1259,1521991596,179601333,0.0,0.0,0.0,0.0,0.0,0.0
1260,1521991596,189600415,0.0,0.0,0.0,0.0,0.0,0.0
1261,1521991596,199620846,0.0,0.0,0.0,0.0,0.0,0.0
1262,1521991596,209604395,0.0,0.0,0.0,0.0,0.0,0.0
1263,1521991596,219610655,0.0,0.0,0.0,0.0,0.0,0.0
