921,1521991703,170806117,0.0,0.0
922,1521991703,170806117,0.0,0.0
923,1521991703,170806117,0.0,0.0
924,1521991703,170806117,0.0,0.0
925,1521991703,170806117,0.0,0.0
926,1521991703,170806117,0.0,0.0
927,1521991703,170806117,0.0,0.0
928,1521991703,170806117,0.0,0.0
929,1521991703,170806117,0.0,0.0
930,1521991703,170806117,0.0,0.0
931,1521991703,170806117,0.0,0.0
932,1521991703,170806117,0.0,0.0
933,1521991703,170806117,0.0,0.0
934,1521991703,170806117,0.0,0.0
935,1521991703,170806117,0.0,0.0
936,1521991703,170806117,0.0,0.0
937,1521991703,170806117,0.0,0.0
938,1521991703,170806117,0.0,0.0
939,1521991703,170806117,0.0,0.0
940,1521991703,170806117,0.0,0.0
941,1521991703,170806117,0.0,0.0
942,1521991703,170806117,0.0,0.0
943,1521991703,170806117,0.0,0.0
944,1521991703,170806117,0.0,0.0
945,1521991703,170806117,0.0,0.0
946,1521991703,170806117,0.0,0.0
947,1521991703,170806117,0.0,0.0
948,1521991703,170806117,0.0,0.0
949,1521991703,170806117,0.0,0.0
950,1521991703,170806117,0.0,0.0
951,1521991703,170806117,0.0,0.0
952,1521991703,170806117,0.0,0.0
953,1521991703,170806117,0.0,0.0
954,1521991703,170806117,0.0,0.0
955,1521991703,170806117,0.0,0.0
956,1521991703,170806117,0.0,0.0
957,1521991703,170806117,0.0,0.0
958,1521991703,170806117,0.0,0.0
959,1521991703,170806117,0.0,0.0
960,1521991703,170806117,0.0,0.0
961,1521991703,170806117,0.0,0.0
962,1521991703,170806117,0.0,0.0
963,1521991703,170806117,0.0,0.0
964,1521991703,170806117,0.0,0.0
965,1521991703,170806117,0.0,0.0
966,1521991703,170806117,0.0,0.0
967,1521991703,170806117,0.0,0.0
968,1521991703,170806117,0.0,0.0
969,1521991703,170806117,0.0,0.0
970,1521991703,170806117,0.0,0.0
971,1521991703,170806117,0.0,0.0
972,1521991703,170806117,0.0,0.0
973,1521991703,170806117,0.0,0.0
974,1521991703,170806117,0.0,0.0
975,1521991703,170806117,0.0,0.0
976,1521991703,170806117,0.0,0.0
977,1521991703,170806117,0.0,0.0
978,1521991703,170806117,0.0,0.0
979,1521991703,170806117,0.0,0.0
980,1521991703,170806117,0.0,0.0
981,1521991703,170806117,0.0,0.0
982,1521991703,170806117,0.0,0.0
983,1521991703,170806117,0.0,0.0
984,1521991703,170806117,0.0,0.0
985,1521991703,170806117,0.0,0.0
986,1521991703,170806117,0.0,0.0
987,1521991703,170806117,0.0,0.0
988,1521991703,170806117,0.0,0.0
989,1521991703,170806117,0.0,0.0
990,1521991703,170806117,0.0,0.0
991,1521991703,170806117,0.0,0.0
992,1521991703,170806117,0.0,0.0
993,1521991703,170806117,0.0,0.0
994,1521991703,170806117,0.0,0.0
995,1521991703,170806117,0.0,0.0
996,1521991703,170806117,0.0,0.0
997,1521991703,170806117,0.0,0.0
998,1521991703,170806117,0.0,0.0
999,1521991703,170806117,0.0,0.0
1000,1521991703,170806117,0.0,0.0
1001,1521991703,170806117,0.0,0.0
1002,1521991703,170806117,0.0,0.0
1003,1521991703,170806117,0.0,0.0
1004,1521991703,170806117,0.0,0.0
1005,1521991703,170806117,0.0,0.0
1006,1521991703,170806117,0.0,0.0
1007,1521991703,170806117,0.0,0.0
1008,1521991703,170806117,0.0,0.0
1009,1521991703,170806117,0.0,0.0
1010,1521991703,170806117,0.0,0.0
1011,1521991703,170806117,0.0,0.0
1012,1521991703,170806117,0.0,0.0
1013,1521991703,170806117,0.0,0.0
1014,1521991703,170806117,0.0,0.0
1015,1521991703,170806117,0.0,0.0
1016,1521991703,170806117,0.0,0.0
1017,1521991703,170806117,0.0,0.0
1018,1521991703,170806117,0.0,0.0
1019,1521991703,170806117,0.0,0.0
1020,1521991703,170806117,0.0,0.0
1021,1521991703,170806117,0.0,0.0
1022,1521991703,170806117,0.0,0.0
1023,1521991703,170806117,0.0,0.0
1024,1521991703,170806117,0.0,0.0
1025,1521991703,170806117,0.0,0.0
1026,1521991703,170806117,0.0,0.0
1027,1521991703,170806117,0.0,0.0
1028,1521991703,170806117,0.0,0.0
1029,1521991703,170806117,0.0,0.0
1030,1521991703,170806117,0.0,0.0
1031,1521991703,170806117,0.0,0.0
1032,1521991703,170806117,0.0,0.0
1033,1521991703,170806117,0.0,0.0
1034,1521991703,170806117,0.0,0.0
1035,1521991703,170806117,0.0,0.0
1036,1521991703,170806117,0.0,0.0
1037,1521991703,170806117,0.0,0.0
1038,1521991703,170806117,0.0,0.0
1039,1521991703,170806117,0.0,0.0
1040,1521991703,170806117,0.0,0.0
1041,1521991703,170806117,0.0,0.0
1042,1521991703,170806117,0.0,0.0
1043,1521991703,170806117,0.0,0.0
1044,1521991703,170806117,0.0,0.0
1045,1521991703,170806117,0.0,0.0
1046,1521991703,170806117,0.0,0.0
1047,1521991703,170806117,0.0,0.0
1048,1521991703,170806117,0.0,0.0
1049,1521991703,170806117,0.0,0.0
1050,1521991703,170806117,0.0,0.0
1051,1521991703,170806117,0.0,0.0
1052,1521991703,170806117,0.0,0.0
1053,1521991703,170806117,0.0,0.0
1054,1521991703,170806117,0.0,0.0
1055,1521991703,170806117,0.0,0.0
1056,1521991703,170806117,0.0,0.0
1057,1521991703,170806117,0.0,0.0
1058,1521991703,170806117,0.0,0.0
1059,1521991703,170806117,0.0,0.0
1060,1521991703,170806117,0.0,0.0
1061,1521991703,170806117,0.0,0.0
1062,1521991703,170806117,0.0,0.0
1063,1521991703,170806117,0.0,0.0
1064,1521991703,170806117,0.0,0.0
1065,1521991703,170806117,0.0,0.0
1066,1521991703,170806117,0.0,0.0
1067,1521991703,170806117,0.0,0.0
1068,1521991703,170806117,0.0,0.0
1069,1521991703,170806117,0.0,0.0
1070,1521991703,170806117,0.0,0.0
1071,1521991703,170806117,0.0,0.0
1072,1521991703,170806117,0.0,0.0
1073,1521991703,170806117,0.0,0.0
1074,1521991703,170806117,0.0,0.0
1075,1521991703,170806117,0.0,0.0
1076,1521991703,170806117,0.0,0.0
1077,1521991703,170806117,0.0,0.0
1078,1521991703,170806117,0.0,0.0
1079,1521991703,170806117,0.0,0.0
1080,1521991703,170806117,0.0,0.0
1081,1521991703,170806117,0.0,0.0
1082,1521991703,170806117,0.0,0.0
1083,1521991703,170806117,0.0,0.0
1084,1521991703,170806117,0.0,0.0
1085,1521991703,170806117,0.0,0.0
1086,1521991703,170806117,0.0,0.0
1087,1521991703,170806117,0.0,0.0
1088,1521991703,170806117,0.0,0.0
1089,1521991703,170806117,0.0,0.0
1090,1521991703,170806117,0.0,0.0
1091,1521991703,170806117,0.0,0.0
1092,1521991703,170806117,0.0,0.0
1093,1521991703,170806117,0.0,0.0
1094,1521991703,170806117,0.0,0.0
1095,1521991703,170806117,0.0,0.0
1096,1521991703,170806117,0.0,0.0
1097,1521991703,170806117,0.0,0.0
1098,1521991703,170806117,0.0,0.0
1099,1521991703,170806117,0.0,0.0
1100,1521991703,170806117,0.0,0.0
1101,1521991703,170806117,0.0,0.0
1102,1521991703,170806117,0.0,0.0
1103,1521991703,170806117,0.0,0.0
1104,1521991703,170806117,0.0,0.0
1105,1521991703,170806117,0.0,0.0
1106,1521991703,170806117,0.0,0.0
1107,1521991703,170806117,0.0,0.0
1108,1521991703,170806117,0.0,0.0
1109,1521991703,170806117,0.0,0.0
1110,1521991703,170806117,0.0,0.0
1111,1521991703,170806117,0.0,0.0
1112,1521991703,170806117,0.0,0.0
1113,1521991703,170806117,0.0,0.0
1114,1521991703,170806117,0.0,0.0
1115,1521991703,170806117,0.0,0.0
1116,1521991703,170806117,0.0,0.0
1117,1521991703,170806117,0.0,0.0
1118,1521991703,170806117,0.0,0.0
1119,1521991703,170806117,0.0,0.0
1120,1521991703,170806117,0.0,0.0
1121,1521991703,170806117,0.0,0.0
1122,1521991703,170806117,0.0,0.0
1123,1521991703,170806117,0.0,0.0
1124,1521991703,170806117,0.0,0.0
1125,1521991703,170806117,0.0,0.0
1126,1521991703,170806117,0.0,0.0
1127,1521991703,170806117,0.0,0.0
1128,1521991703,170806117,0.0,0.0
1129,1521991703,170806117,0.0,0.0
1130,1521991703,170806117,0.0,0.0
1131,1521991703,170806117,0.0,0.0
1132,1521991703,170806117,0.0,0.0
1133,1521991703,170806117,0.0,0.0
1134,1521991703,170806117,0.0,0.0
1135,1521991703,170806117,0.0,0.0
1136,1521991703,170806117,0.0,0.0
1137,1521991703,170806117,0.0,0.0
1138,1521991703,170806117,0.0,0.0
1139,1521991703,170806117,0.0,0.0
1140,1521991703,170806117,0.0,0.0
1141,1521991703,170806117,0.0,0.0
1142,1521991703,170806117,0.0,0.0
1143,1521991703,170806117,0.0,0.0
1144,1521991703,170806117,0.0,0.0
1145,1521991703,170806117,0.0,0.0
1146,1521991703,170806117,0.0,0.0
1147,1521991703,170806117,0.0,0.0
1148,1521991703,170806117,0.0,0.0
1149,1521991703,170806117,0.0,0.0
1150,1521991703,170806117,0.0,0.0
1151,1521991703,170806117,0.0,0.0
1152,1521991703,170806117,0.0,0.0
1153,1521991703,170806117,0.0,0.0
1154,1521991703,170806117,0.0,0.0
1155,1521991703,170806117,0.0,0.0
1156,1521991703,170806117,0.0,0.0
1157,1521991703,170806117,0.0,0.0
1158,1521991703,170806117,0.0,0.0
1159,1521991703,170806117,0.0,0.0
1160,1521991703,170806117,0.0,0.0
1161,1521991703,170806117,0.0,0.0
1162,1521991703,170806117,0.0,0.0
1163,1521991703,170806117,0.0,0.0
1164,1521991703,170806117,0.0,0.0
1165,1521991703,170806117,0.0,0.0
1166,1521991703,170806117,0.0,0.0
1167,1521991703,170806117,0.0,0.0
1168,1521991703,170806117,0.0,0.0
1169,1521991703,170806117,0.0,0.0
1170,1521991703,170806117,0.0,0.0
1171,1521991703,170806117,0.0,0.0
1172,1521991703,170806117,0.0,0.0
1173,1521991703,170806117,0.0,0.0
1174,1521991703,170806117,0.0,0.0
1175,1521991703,170806117,0.0,0.0
1176,1521991703,170806117,0.0,0.0
1177,1521991703,170806117,0.0,0.0
1178,1521991703,170806117,0.0,0.0
1179,1521991703,170806117,0.0,0.0
1180,1521991703,170806117,0.0,0.0
1181,1521991703,170806117,0.0,0.0
1182,1521991703,170806117,0.0,0.0
1183,1521991703,170806117,0.0,0.0
1184,1521991703,170806117,0.0,0.0
1185,1521991703,170806117,0.0,0.0
1186,1521991703,170806117,0.0,0.0
1187,1521991703,170806117,0.0,0.0
1188,1521991703,170806117,0.0,0.0
1189,1521991703,170806117,0.0,0.0
1190,1521991703,170806117,0.0,0.0
1191,1521991703,170806117,0.0,0.0
1192,1521991703,170806117,0.0,0.0
1193,1521991703,170806117,0.0,0.0
1194,1521991703,170806117,0.0,0.0
1195,1521991703,170806117,0.0,0.0
1196,1521991703,170806117,0.0,0.0
1197,1521991703,170806117,0.0,0.0
1198,1521991703,170806117,0.0,0.0
1199,1521991703,170806117,0.0,0.0
1200,1521991703,170806117,0.0,0.0
1201,1521991703,170806117,0.0,0.0
1202,1521991703,170806117,0.0,0.0
1203,1521991703,170806117,0.0,0.0
1204,1521991703,170806117,0.0,0.0
1205,1521991703,170806117,0.0,0.0
1206,1521991703,170806117,0.0,0.0
1207,1521991703,170806117,0.0,0.0
1208,1521991703,170806117,0.0,0.0
1209,1521991703,170806117,0.0,0.0
1210,1521991703,170806117,0.0,0.0
1211,1521991703,170806117,0.0,0.0
1212,1521991703,170806117,0.0,0.0
1213,1521991703,170806117,0.0,0.0
1214,1521991703,170806117,0.0,0.0
1215,1521991703,170806117,0.0,0.0
1216,1521991703,170806117,0.0,0.0
1217,1521991703,170806117,0.0,0.0
1218,1521991703,170806117,0.0,0.0
1219,1521991703,170806117,0.0,0.0
1220,1521991703,170806117,0.0,0.0
1221,1521991703,170806117,0.0,0.0
1222,1521991703,170806117,0.0,0.0
1223,1521991703,170806117,0.0,0.0
1224,1521991703,170806117,0.0,0.0
1225,1521991703,170806117,0.0,0.0
1226,1521991703,170806117,0.0,0.0
1227,1521991703,170806117,0.0,0.0
1228,1521991703,170806117,0.0,0.0
1229,1521991703,170806117,0.0,0.0
1230,1521991703,170806117,0.0,0.0
1231,1521991703,170806117,0.0,0.0
1232,1521991703,170806117,0.0,0.0
1233,1521991703,170806117,0.0,0.0
1234,1521991703,170806117,0.0,0.0
1235,1521991703,170806117,0.0,0.0
1236,1521991703,170806117,0.0,0.0
1237,1521991703,170806117,0.0,0.0
1238,1521991703,170806117,0.0,0.0
1239,1521991703,170806117,0.0,0.0
1240,1521991703,170806117,0.0,0.0
1241,1521991703,170806117,0.0,0.0
1242,1521991703,170806117,0.0,0.0
1243,1521991703,170806117,0.0,0.0
1244,1521991703,170806117,0.0,0.0
1245,1521991703,170806117,0.0,0.0
1246,1521991703,170806117,0.0,0.0
1247,1521991703,170806117,0.0,0.0
1248,1521991703,170806117,0.0,0.0
1249,1521991703,170806117,0.0,0.0
1250,1521991703,170806117,0.0,0.0
1251,1521991703,170806117,0.0,0.0
1252,1521991703,170806117,0.0,0.0
1253,1521991703,170806117,0.0,0.0
1254,1521991703,170806117,0.0,0.0
1255,1521991703,170806117,0.0,0.0
1256,1521991703,170806117,0.0,0.0
1257,1521991703,170806117,0.0,0.0
1258,1521991703,170806117,0.0,0.0
1259,1521991703,170806117,0.0,0.0
1260,1521991703,170806117,0.0,0.0
1261,1521991703,170806117,0.0,0.0
1262,1521991703,170806117,0.0,0.0
1263,1521991703,170806117,0.0,0.0
1264,1521991703,170806117,0.0,0.0
1265,1521991703,170806117,0.0,0.0
1266,1521991703,170806117,0.0,0.0
1267,1521991703,170806117,0.0,0.0
1268,1521991703,170806117,0.0,0.0
1269,1521991703,170806117,0.0,0.0
1270,1521991703,170806117,0.0,0.0
1271,1521991703,170806117,0.0,0.0
1272,1521991703,170806117,0.0,0.0
1273,1521991703,170806117,0.0,0.0
1274,1521991703,170806117,0.0,0.0
1275,1521991703,170806117,0.0,0.0
1276,1521991703,170806117,0.0,0.0
1277,1521991703,170806117,0.0,0.0
1278,1521991703,170806117,0.0,0.0
1279,1521991703,170806117,0.0,0.0
1280,1521991703,170806117,0.0,0.0
1281,1521991703,170806117,0.0,0.0
1282,1521991703,170806117,0.0,0.0
1283,1521991703,170806117,0.0,0.0
1284,1521991703,170806117,0.0,0.0
1285,1521991703,170806117,0.0,0.0
1286,1521991703,170806117,0.0,0.0
1287,1521991703,170806117,0.0,0.0
1288,1521991703,170806117,0.0,0.0
1289,1521991703,170806117,0.0,0.0
1290,1521991708,418827663,-0.0299081392586,0.0
1291,1521991708,418827663,-0.0299081392586,0.0
1292,1521991708,418827663,-0.0299081392586,0.0
1293,1521991708,418827663,-0.0299081392586,0.0
1294,1521991708,418827663,-0.0299081392586,0.0
1295,1521991708,418827663,-0.0299081392586,0.0
1296,1521991708,442861541,-0.0949736014009,0.0
1297,1521991708,442861541,-0.0949736014009,0.0
1298,1521991708,442861541,-0.0949736014009,0.0
1299,1521991708,442861541,-0.0949736014009,0.0
1300,1521991708,458826251,-0.166539505124,0.0
1301,1521991708,458826251,-0.166539505124,0.0
1302,1521991708,458826251,-0.166539505124,0.0
1303,1521991708,458826251,-0.166539505124,0.0
1304,1521991708,458826251,-0.166539505124,0.0
1305,1521991708,458826251,-0.166539505124,0.0
1306,1521991708,482875331,-0.245277255774,0.0
1307,1521991708,482875331,-0.245277255774,0.0
1308,1521991708,482875331,-0.245277255774,0.0
1309,1521991708,482875331,-0.245277255774,0.0
1310,1521991708,498828066,-0.337656795979,0.0
1311,1521991708,498828066,-0.337656795979,0.0
1312,1521991708,498828066,-0.337656795979,0.0
1313,1521991708,498828066,-0.337656795979,0.0
1314,1521991708,498828066,-0.337656795979,0.0
1315,1521991708,498828066,-0.337656795979,0.0
1316,1521991708,522855044,-0.450880467892,0.0
1317,1521991708,522855044,-0.450880467892,0.0
1318,1521991708,522855044,-0.450880467892,0.0
1319,1521991708,522855044,-0.450880467892,0.0
1320,1521991708,538826374,-0.588152706623,0.0
1321,1521991708,538826374,-0.588152706623,0.0
1322,1521991708,538826374,-0.588152706623,0.0
1323,1521991708,538826374,-0.588152706623,0.0
1324,1521991708,538826374,-0.588152706623,0.0
1325,1521991708,538826374,-0.588152706623,0.0
1326,1521991708,562855716,-0.756035029888,0.0
1327,1521991708,562855716,-0.756035029888,0.0
1328,1521991708,562855716,-0.756035029888,0.0
1329,1521991708,562855716,-0.756035029888,0.0
1330,1521991708,578827100,-0.923245966434,0.0
1331,1521991708,578827100,-0.923245966434,0.0
1332,1521991708,578827100,-0.923245966434,0.0
1333,1521991708,578827100,-0.923245966434,0.0
1334,1521991708,578827100,-0.923245966434,0.0
1335,1521991708,578827100,-0.923245966434,0.0
1336,1521991708,602860938,-1.0,0.0
1337,1521991708,602860938,-1.0,0.0
1338,1521991708,602860938,-1.0,0.0
1339,1521991708,602860938,-1.0,0.0
1340,1521991708,602860938,-1.0,0.0
1341,1521991708,602860938,-1.0,0.0
1342,1521991708,602860938,-1.0,0.0
1343,1521991708,602860938,-1.0,0.0
1344,1521991708,602860938,-1.0,0.0
1345,1521991708,602860938,-1.0,0.0
1346,1521991708,602860938,-1.0,0.0
1347,1521991708,602860938,-1.0,0.0
1348,1521991708,602860938,-1.0,0.0
1349,1521991708,602860938,-1.0,0.0
1350,1521991708,602860938,-1.0,0.0
1351,1521991708,602860938,-1.0,0.0
1352,1521991708,602860938,-1.0,0.0
1353,1521991708,602860938,-1.0,0.0
1354,1521991708,602860938,-1.0,0.0
1355,1521991708,602860938,-1.0,0.0
1356,1521991708,602860938,-1.0,0.0
1357,1521991708,602860938,-1.0,0.0
1358,1521991708,602860938,-1.0,0.0
1359,1521991708,602860938,-1.0,0.0
1360,1521991708,602860938,-1.0,0.0
1361,1521991708,602860938,-1.0,0.0
1362,1521991708,602860938,-1.0,0.0
1363,1521991708,602860938,-1.0,0.0
1364,1521991708,602860938,-1.0,0.0
1365,1521991708,602860938,-1.0,0.0
1366,1521991708,602860938,-1.0,0.0
1367,1521991708,602860938,-1.0,0.0
1368,1521991708,602860938,-1.0,0.0
1369,1521991708,602860938,-1.0,0.0
1370,1521991708,602860938,-1.0,0.0
1371,1521991708,602860938,-1.0,0.0
1372,1521991708,602860938,-1.0,0.0
1373,1521991708,602860938,-1.0,0.0
1374,1521991708,602860938,-1.0,0.0
1375,1521991708,602860938,-1.0,0.0
1376,1521991708,602860938,-1.0,0.0
1377,1521991708,602860938,-1.0,0.0
1378,1521991708,602860938,-1.0,0.0
1379,1521991708,602860938,-1.0,0.0
1380,1521991708,602860938,-1.0,0.0
1381,1521991708,602860938,-1.0,0.0
1382,1521991708,602860938,-1.0,0.0
1383,1521991708,602860938,-1.0,0.0
1384,1521991708,602860938,-1.0,0.0
1385,1521991708,602860938,-1.0,0.0
1386,1521991708,602860938,-1.0,0.0
1387,1521991708,602860938,-1.0,0.0
1388,1521991708,602860938,-1.0,0.0
1389,1521991708,602860938,-1.0,0.0
1390,1521991708,602860938,-1.0,0.0
1391,1521991708,602860938,-1.0,0.0
1392,1521991708,602860938,-1.0,0.0
1393,1521991708,602860938,-1.0,0.0
1394,1521991708,602860938,-1.0,0.0
1395,1521991708,602860938,-1.0,0.0
1396,1521991708,602860938,-1.0,0.0
1397,1521991708,602860938,-1.0,0.0
1398,1521991708,602860938,-1.0,0.0
1399,1521991708,858829581,-1.0,0.0201727356762
1400,1521991708,858829581,-1.0,0.0201727356762
1401,1521991708,858829581,-1.0,0.0201727356762
1402,1521991708,858829581,-1.0,0.0201727356762
1403,1521991708,858829581,-1.0,0.0201727356762
1404,1521991708,858829581,-1.0,0.0201727356762
1405,1521991708,882856658,-1.0,0.0481582097709
1406,1521991708,882856658,-1.0,0.0481582097709
1407,1521991708,882856658,-1.0,0.0481582097709
1408,1521991708,882856658,-1.0,0.0481582097709
1409,1521991708,898827141,-1.0,0.073549605906
1410,1521991708,898827141,-1.0,0.073549605906
1411,1521991708,898827141,-1.0,0.073549605906
1412,1521991708,898827141,-1.0,0.073549605906
1413,1521991708,898827141,-1.0,0.073549605906
1414,1521991708,898827141,-1.0,0.073549605906
1415,1521991708,922838163,-1.0,0.0989104881883
1416,1521991708,922838163,-1.0,0.0989104881883
1417,1521991708,922838163,-1.0,0.0989104881883
1418,1521991708,922838163,-1.0,0.0989104881883
1419,1521991708,938827419,-1.0,0.122989594936
1420,1521991708,938827419,-1.0,0.122989594936
1421,1521991708,938827419,-1.0,0.122989594936
1422,1521991708,938827419,-1.0,0.122989594936
1423,1521991708,938827419,-1.0,0.122989594936
1424,1521991708,938827419,-1.0,0.122989594936
1425,1521991708,962861093,-1.0,0.13275551796
1426,1521991708,962861093,-1.0,0.13275551796
1427,1521991708,962861093,-1.0,0.13275551796
1428,1521991708,962861093,-1.0,0.13275551796
1429,1521991708,978826274,-1.0,0.152256846428
1430,1521991708,978826274,-1.0,0.152256846428
1431,1521991708,978826274,-1.0,0.152256846428
1432,1521991708,978826274,-1.0,0.152256846428
1433,1521991708,978826274,-1.0,0.152256846428
1434,1521991708,978826274,-1.0,0.152256846428
1435,1521991708,978826274,-1.0,0.152256846428
1436,1521991708,978826274,-1.0,0.152256846428
1437,1521991708,978826274,-1.0,0.152256846428
1438,1521991708,978826274,-1.0,0.152256846428
1439,1521991708,978826274,-1.0,0.152256846428
1440,1521991708,978826274,-1.0,0.152256846428
1441,1521991708,978826274,-1.0,0.152256846428
1442,1521991708,978826274,-1.0,0.152256846428
1443,1521991708,978826274,-1.0,0.152256846428
1444,1521991708,978826274,-1.0,0.152256846428
1445,1521991708,978826274,-1.0,0.152256846428
1446,1521991708,978826274,-1.0,0.152256846428
1447,1521991708,978826274,-1.0,0.152256846428
1448,1521991708,978826274,-1.0,0.152256846428
1449,1521991708,978826274,-1.0,0.152256846428
1450,1521991708,978826274,-1.0,0.152256846428
1451,1521991708,978826274,-1.0,0.152256846428
1452,1521991708,978826274,-1.0,0.152256846428
1453,1521991708,978826274,-1.0,0.152256846428
1454,1521991708,978826274,-1.0,0.152256846428
1455,1521991708,978826274,-1.0,0.152256846428
1456,1521991708,978826274,-1.0,0.152256846428
1457,1521991708,978826274,-1.0,0.152256846428
1458,1521991708,978826274,-1.0,0.152256846428
1459,1521991708,978826274,-1.0,0.152256846428
1460,1521991708,978826274,-1.0,0.152256846428
1461,1521991708,978826274,-1.0,0.152256846428
1462,1521991708,978826274,-1.0,0.152256846428
1463,1521991708,978826274,-1.0,0.152256846428
1464,1521991708,978826274,-1.0,0.152256846428
1465,1521991708,978826274,-1.0,0.152256846428
1466,1521991708,978826274,-1.0,0.152256846428
1467,1521991708,978826274,-1.0,0.152256846428
1468,1521991708,978826274,-1.0,0.152256846428
1469,1521991708,978826274,-1.0,0.152256846428
1470,1521991708,978826274,-1.0,0.152256846428
1471,1521991708,978826274,-1.0,0.152256846428
1472,1521991708,978826274,-1.0,0.152256846428
1473,1521991708,978826274,-1.0,0.152256846428
1474,1521991708,978826274,-1.0,0.152256846428
1475,1521991708,978826274,-1.0,0.152256846428
1476,1521991708,978826274,-1.0,0.152256846428
1477,1521991708,978826274,-1.0,0.152256846428
1478,1521991708,978826274,-1.0,0.152256846428
1479,1521991708,978826274,-1.0,0.152256846428
1480,1521991708,978826274,-1.0,0.152256846428
1481,1521991708,978826274,-1.0,0.152256846428
1482,1521991708,978826274,-1.0,0.152256846428
1483,1521991708,978826274,-1.0,0.152256846428
1484,1521991708,978826274,-1.0,0.152256846428
1485,1521991708,978826274,-1.0,0.152256846428
1486,1521991708,978826274,-1.0,0.152256846428
1487,1521991708,978826274,-1.0,0.152256846428
1488,1521991709,218826886,-1.0,0.154210031033
1489,1521991709,218826886,-1.0,0.154210031033
1490,1521991709,218826886,-1.0,0.154210031033
1491,1521991709,218826886,-1.0,0.154210031033
1492,1521991709,218826886,-1.0,0.154210031033
1493,1521991709,218826886,-1.0,0.154210031033
1494,1521991709,242857465,-1.0,0.162022769451
1495,1521991709,242857465,-1.0,0.162022769451
1496,1521991709,242857465,-1.0,0.162022769451
1497,1521991709,242857465,-1.0,0.162022769451
1498,1521991709,258827807,-1.0,0.181554615498
1499,1521991709,258827807,-1.0,0.181554615498
1500,1521991709,258827807,-1.0,0.181554615498
1501,1521991709,258827807,-1.0,0.181554615498
1502,1521991709,258827807,-1.0,0.181554615498
1503,1521991709,258827807,-1.0,0.181554615498
1504,1521991709,282856928,-1.0,0.190008237958
1505,1521991709,282856928,-1.0,0.190008237958
1506,1521991709,282856928,-1.0,0.190008237958
1507,1521991709,282856928,-1.0,0.190008237958
1508,1521991709,298827744,-1.0,0.21536912024
1509,1521991709,298827744,-1.0,0.21536912024
1510,1521991709,298827744,-1.0,0.21536912024
1511,1521991709,298827744,-1.0,0.21536912024
1512,1521991709,298827744,-1.0,0.21536912024
1513,1521991709,298827744,-1.0,0.21536912024
1514,1521991709,322861019,-1.0,0.223181858659
1515,1521991709,322861019,-1.0,0.223181858659
1516,1521991709,322861019,-1.0,0.223181858659
1517,1521991709,322861019,-1.0,0.223181858659
1518,1521991709,338830025,-1.0,0.231635481119
1519,1521991709,338830025,-1.0,0.231635481119
1520,1521991709,338830025,-1.0,0.231635481119
1521,1521991709,338830025,-1.0,0.231635481119
1522,1521991709,338830025,-1.0,0.231635481119
1523,1521991709,338830025,-1.0,0.231635481119
1524,1521991709,362861745,-1.0,0.238135933876
1525,1521991709,362861745,-1.0,0.238135933876
1526,1521991709,362861745,-1.0,0.238135933876
1527,1521991709,362861745,-1.0,0.238135933876
1528,1521991709,378827291,-1.0,0.240089118481
1529,1521991709,378827291,-1.0,0.240089118481
1530,1521991709,378827291,-1.0,0.240089118481
1531,1521991709,378827291,-1.0,0.240089118481
1532,1521991709,378827291,-1.0,0.240089118481
1533,1521991709,378827291,-1.0,0.240089118481
1534,1521991709,378827291,-1.0,0.240089118481
1535,1521991709,378827291,-1.0,0.240089118481
1536,1521991709,378827291,-1.0,0.240089118481
1537,1521991709,378827291,-1.0,0.240089118481
1538,1521991709,378827291,-1.0,0.240089118481
1539,1521991709,378827291,-1.0,0.240089118481
1540,1521991709,378827291,-1.0,0.240089118481
1541,1521991709,378827291,-1.0,0.240089118481
1542,1521991709,378827291,-1.0,0.240089118481
1543,1521991709,378827291,-1.0,0.240089118481
1544,1521991709,378827291,-1.0,0.240089118481
1545,1521991709,378827291,-1.0,0.240089118481
1546,1521991709,378827291,-1.0,0.240089118481
1547,1521991709,378827291,-1.0,0.240089118481
1548,1521991709,378827291,-1.0,0.240089118481
1549,1521991709,378827291,-1.0,0.240089118481
1550,1521991709,378827291,-1.0,0.240089118481
1551,1521991709,378827291,-1.0,0.240089118481
1552,1521991709,378827291,-1.0,0.240089118481
1553,1521991709,378827291,-1.0,0.240089118481
1554,1521991709,482856901,-1.0,0.238807335496
1555,1521991709,482856901,-1.0,0.238807335496
1556,1521991709,482856901,-1.0,0.238807335496
1557,1521991709,482856901,-1.0,0.238807335496
1558,1521991709,498841498,-1.0,0.231635481119
1559,1521991709,498841498,-1.0,0.231635481119
1560,1521991709,498841498,-1.0,0.231635481119
1561,1521991709,498841498,-1.0,0.231635481119
1562,1521991709,498841498,-1.0,0.231635481119
1563,1521991709,498841498,-1.0,0.231635481119
1564,1521991709,522863842,-1.0,0.203650012612
1565,1521991709,522863842,-1.0,0.203650012612
1566,1521991709,522863842,-1.0,0.203650012612
1567,1521991709,522863842,-1.0,0.203650012612
1568,1521991709,538829486,-1.0,0.169194623828
1569,1521991709,538829486,-1.0,0.169194623828
1570,1521991709,538829486,-1.0,0.169194623828
1571,1521991709,538829486,-1.0,0.169194623828
1572,1521991709,538829486,-1.0,0.169194623828
1573,1521991709,538829486,-1.0,0.169194623828
1574,1521991709,562858551,-1.0,0.122348703444
1575,1521991709,562858551,-1.0,0.122348703444
1576,1521991709,562858551,-1.0,0.122348703444
1577,1521991709,562858551,-1.0,0.122348703444
1578,1521991709,578857033,-1.0,0.0650654658675
1579,1521991709,578857033,-1.0,0.0650654658675
1580,1521991709,578857033,-1.0,0.0650654658675
1581,1521991709,578857033,-1.0,0.0650654658675
1582,1521991709,578857033,-1.0,0.0650654658675
1583,1521991709,578857033,-1.0,0.0650654658675
1584,1521991709,602858037,-1.0,0.00262459181249
1585,1521991709,602858037,-1.0,0.00262459181249
1586,1521991709,602858037,-1.0,0.00262459181249
1587,1521991709,602858037,-1.0,0.00262459181249
1588,1521991709,618828882,-1.0,-0.0
1589,1521991709,618828882,-1.0,-0.0
1590,1521991709,618828882,-1.0,-0.0
1591,1521991709,618828882,-1.0,-0.0
1592,1521991709,618828882,-1.0,-0.0
1593,1521991709,618828882,-1.0,-0.0
1594,1521991709,618828882,-1.0,-0.0
1595,1521991709,618828882,-1.0,-0.0
1596,1521991709,618828882,-1.0,-0.0
1597,1521991709,618828882,-1.0,-0.0
1598,1521991709,618828882,-1.0,-0.0
1599,1521991709,618828882,-1.0,-0.0
1600,1521991709,618828882,-1.0,-0.0
1601,1521991709,618828882,-1.0,-0.0
1602,1521991709,618828882,-1.0,-0.0
1603,1521991709,618828882,-1.0,-0.0
1604,1521991709,618828882,-1.0,-0.0
1605,1521991709,618828882,-1.0,-0.0
1606,1521991709,618828882,-1.0,-0.0
1607,1521991709,618828882,-1.0,-0.0
1608,1521991709,618828882,-1.0,-0.0
1609,1521991709,618828882,-1.0,-0.0
1610,1521991709,618828882,-1.0,-0.0
1611,1521991709,618828882,-1.0,-0.0
1612,1521991709,618828882,-1.0,-0.0
1613,1521991709,618828882,-1.0,-0.0
1614,1521991709,722857597,-1.0,-0.0123599963263
1615,1521991709,722857597,-1.0,-0.0123599963263
1616,1521991709,722857597,-1.0,-0.0123599963263
1617,1521991709,722857597,-1.0,-0.0123599963263
1618,1521991709,738828413,-1.0,-0.034455396235
1619,1521991709,738828413,-1.0,-0.034455396235
1620,1521991709,738828413,-1.0,-0.034455396235
1621,1521991709,738828413,-1.0,-0.034455396235
1622,1521991709,738828413,-1.0,-0.034455396235
1623,1521991709,738828413,-1.0,-0.034455396235
1624,1521991709,762826032,-1.0,-0.0598467960954
1625,1521991709,762826032,-1.0,-0.0598467960954
1626,1521991709,762826032,-1.0,-0.0598467960954
1627,1521991709,762826032,-1.0,-0.0598467960954
1628,1521991709,778841998,-1.0,-0.0956144928932
1629,1521991709,778841998,-1.0,-0.0956144928932
1630,1521991709,778841998,-1.0,-0.0956144928932
1631,1521991709,778841998,-1.0,-0.0956144928932
1632,1521991709,778841998,-1.0,-0.0956144928932
1633,1521991709,778841998,-1.0,-0.0956144928932
1634,1521991709,802857612,-1.0,-0.137272253633
1635,1521991709,802857612,-1.0,-0.137272253633
1636,1521991709,802857612,-1.0,-0.137272253633
1637,1521991709,802857612,-1.0,-0.137272253633
1638,1521991709,818827646,-1.0,-0.174352243543
1639,1521991709,818827646,-1.0,-0.174352243543
1640,1521991709,818827646,-1.0,-0.174352243543
1641,1521991709,818827646,-1.0,-0.174352243543
1642,1521991709,818827646,-1.0,-0.174352243543
1643,1521991709,818827646,-1.0,-0.174352243543
1644,1521991709,842859175,-1.0,-0.199072241783
1645,1521991709,842859175,-1.0,-0.199072241783
1646,1521991709,842859175,-1.0,-0.199072241783
1647,1521991709,842859175,-1.0,-0.199072241783
1648,1521991709,858832412,-1.0,-0.205572679639
1649,1521991709,858832412,-1.0,-0.205572679639
1650,1521991709,858832412,-1.0,-0.205572679639
1651,1521991709,858832412,-1.0,-0.205572679639
1652,1521991709,858832412,-1.0,-0.205572679639
1653,1521991709,858832412,-1.0,-0.205572679639
1654,1521991709,882857115,-1.0,-0.211432233453
1655,1521991709,882857115,-1.0,-0.211432233453
1656,1521991709,882857115,-1.0,-0.211432233453
1657,1521991709,882857115,-1.0,-0.211432233453
1658,1521991709,898827573,-1.0,-0.213385418057
1659,1521991709,898827573,-1.0,-0.213385418057
1660,1521991709,898827573,-1.0,-0.213385418057
1661,1521991709,898827573,-1.0,-0.213385418057
1662,1521991709,898827573,-1.0,-0.213385418057
1663,1521991709,898827573,-1.0,-0.213385418057
1664,1521991709,898827573,-1.0,-0.213385418057
1665,1521991709,898827573,-1.0,-0.213385418057
1666,1521991709,898827573,-1.0,-0.213385418057
1667,1521991709,898827573,-1.0,-0.213385418057
1668,1521991709,898827573,-1.0,-0.213385418057
1669,1521991709,898827573,-1.0,-0.213385418057
1670,1521991709,898827573,-1.0,-0.213385418057
1671,1521991709,898827573,-1.0,-0.213385418057
1672,1521991709,898827573,-1.0,-0.213385418057
1673,1521991709,898827573,-1.0,-0.213385418057
1674,1521991709,962857352,-1.0,-0.215338602662
1675,1521991709,962857352,-1.0,-0.215338602662
1676,1521991709,962857352,-1.0,-0.215338602662
1677,1521991709,962857352,-1.0,-0.215338602662
1678,1521991709,978854899,-1.0,-0.217291787267
1679,1521991709,978854899,-1.0,-0.217291787267
1680,1521991709,978854899,-1.0,-0.217291787267
1681,1521991709,978854899,-1.0,-0.217291787267
1682,1521991709,978854899,-1.0,-0.217291787267
1683,1521991709,978854899,-1.0,-0.217291787267
1684,1521991710,2862221,-1.0,-0.222510457039
1685,1521991710,2862221,-1.0,-0.222510457039
1686,1521991710,2862221,-1.0,-0.222510457039
1687,1521991710,2862221,-1.0,-0.222510457039
1688,1521991710,18830545,-1.0,-0.227698594332
1689,1521991710,18830545,-1.0,-0.227698594332
1690,1521991710,18830545,-1.0,-0.227698594332
1691,1521991710,18830545,-1.0,-0.227698594332
1692,1521991710,18830545,-1.0,-0.227698594332
1693,1521991710,18830545,-1.0,-0.227698594332
1694,1521991710,42861347,-1.0,-0.229651778936
1695,1521991710,42861347,-1.0,-0.229651778936
1696,1521991710,42861347,-1.0,-0.229651778936
1697,1521991710,42861347,-1.0,-0.229651778936
1698,1521991710,58832188,-1.0,-0.231604963541
1699,1521991710,58832188,-1.0,-0.231604963541
1700,1521991710,58832188,-1.0,-0.231604963541
1701,1521991710,58832188,-1.0,-0.231604963541
1702,1521991710,58832188,-1.0,-0.231604963541
1703,1521991710,58832188,-1.0,-0.231604963541
1704,1521991710,58832188,-1.0,-0.231604963541
1705,1521991710,58832188,-1.0,-0.231604963541
1706,1521991710,58832188,-1.0,-0.231604963541
1707,1521991710,58832188,-1.0,-0.231604963541
1708,1521991710,98828535,-1.0,-0.232917264104
1709,1521991710,98828535,-1.0,-0.232917264104
1710,1521991710,98828535,-1.0,-0.232917264104
1711,1521991710,98828535,-1.0,-0.232917264104
1712,1521991710,98828535,-1.0,-0.232917264104
1713,1521991710,98828535,-1.0,-0.232917264104
1714,1521991710,98828535,-1.0,-0.232917264104
1715,1521991710,98828535,-1.0,-0.232917264104
1716,1521991710,98828535,-1.0,-0.232917264104
1717,1521991710,98828535,-1.0,-0.232917264104
1718,1521991710,98828535,-1.0,-0.232917264104
1719,1521991710,98828535,-1.0,-0.232917264104
1720,1521991710,98828535,-1.0,-0.232917264104
1721,1521991710,98828535,-1.0,-0.232917264104
1722,1521991710,98828535,-1.0,-0.232917264104
1723,1521991710,98828535,-1.0,-0.232917264104
1724,1521991710,98828535,-1.0,-0.232917264104
1725,1521991710,98828535,-1.0,-0.232917264104
1726,1521991710,98828535,-1.0,-0.232917264104
1727,1521991710,98828535,-1.0,-0.232917264104
1728,1521991710,98828535,-1.0,-0.232917264104
1729,1521991710,98828535,-1.0,-0.232917264104
1730,1521991710,98828535,-1.0,-0.232917264104
1731,1521991710,98828535,-1.0,-0.232917264104
1732,1521991710,98828535,-1.0,-0.232917264104
1733,1521991710,98828535,-1.0,-0.232917264104
1734,1521991710,98828535,-1.0,-0.232917264104
1735,1521991710,98828535,-1.0,-0.232917264104
1736,1521991710,98828535,-1.0,-0.232917264104
1737,1521991710,98828535,-1.0,-0.232917264104
1738,1521991710,98828535,-1.0,-0.232917264104
1739,1521991710,98828535,-1.0,-0.232917264104
1740,1521991710,98828535,-1.0,-0.232917264104
1741,1521991710,98828535,-1.0,-0.232917264104
1742,1521991710,98828535,-1.0,-0.232917264104
1743,1521991710,98828535,-1.0,-0.232917264104
1744,1521991710,242854647,-1.0,-0.231604963541
1745,1521991710,242854647,-1.0,-0.231604963541
1746,1521991710,242854647,-1.0,-0.231604963541
1747,1521991710,242854647,-1.0,-0.231604963541
1748,1521991710,258826822,-1.0,-0.229651778936
1749,1521991710,258826822,-1.0,-0.229651778936
1750,1521991710,258826822,-1.0,-0.229651778936
1751,1521991710,258826822,-1.0,-0.229651778936
1752,1521991710,258826822,-1.0,-0.229651778936
1753,1521991710,258826822,-1.0,-0.229651778936
1754,1521991710,282858488,-1.0,-0.223151341081
1755,1521991710,282858488,-1.0,-0.223151341081
1756,1521991710,282858488,-1.0,-0.223151341081
1757,1521991710,282858488,-1.0,-0.223151341081
1758,1521991710,298828072,-1.0,-0.215338602662
1759,1521991710,298828072,-1.0,-0.215338602662
1760,1521991710,298828072,-1.0,-0.215338602662
1761,1521991710,298828072,-1.0,-0.215338602662
1762,1521991710,298828072,-1.0,-0.215338602662
1763,1521991710,298828072,-1.0,-0.215338602662
1764,1521991710,322861620,-1.0,-0.205572679639
1765,1521991710,322861620,-1.0,-0.205572679639
1766,1521991710,322861620,-1.0,-0.205572679639
1767,1521991710,322861620,-1.0,-0.205572679639
1768,1521991710,338829464,-1.0,-0.195837274194
1769,1521991710,338829464,-1.0,-0.195837274194
1770,1521991710,338829464,-1.0,-0.195837274194
1771,1521991710,338829464,-1.0,-0.195837274194
1772,1521991710,338829464,-1.0,-0.195837274194
1773,1521991710,338829464,-1.0,-0.195837274194
1774,1521991710,362857806,-1.0,-0.186712235212
1775,1521991710,362857806,-1.0,-0.186712235212
1776,1521991710,362857806,-1.0,-0.186712235212
1777,1521991710,362857806,-1.0,-0.186712235212
1778,1521991710,378828393,-1.0,-0.17761772871
1779,1521991710,378828393,-1.0,-0.17761772871
1780,1521991710,378828393,-1.0,-0.17761772871
1781,1521991710,378828393,-1.0,-0.17761772871
1782,1521991710,378828393,-1.0,-0.17761772871
1783,1521991710,378828393,-1.0,-0.17761772871
1784,1521991710,402858605,-1.0,-0.169164091349
1785,1521991710,402858605,-1.0,-0.169164091349
1786,1521991710,402858605,-1.0,-0.169164091349
1787,1521991710,402858605,-1.0,-0.169164091349
1788,1521991710,418828304,-1.0,-0.16135135293
1789,1521991710,418828304,-1.0,-0.16135135293
1790,1521991710,418828304,-1.0,-0.16135135293
1791,1521991710,418828304,-1.0,-0.16135135293
1792,1521991710,418828304,-1.0,-0.16135135293
1793,1521991710,418828304,-1.0,-0.16135135293
1794,1521991710,442827705,-1.0,-0.154179513454
1795,1521991710,442827705,-1.0,-0.154179513454
1796,1521991710,442827705,-1.0,-0.154179513454
1797,1521991710,442827705,-1.0,-0.154179513454
1798,1521991710,458828094,-1.0,-0.14899136126
1799,1521991710,458828094,-1.0,-0.14899136126
1800,1521991710,458828094,-1.0,-0.14899136126
1801,1521991710,458828094,-1.0,-0.14899136126
1802,1521991710,458828094,-1.0,-0.14899136126
1803,1521991710,458828094,-1.0,-0.14899136126
1804,1521991710,482858269,-1.0,-0.147038176656
1805,1521991710,482858269,-1.0,-0.147038176656
1806,1521991710,482858269,-1.0,-0.147038176656
1807,1521991710,482858269,-1.0,-0.147038176656
1808,1521991710,498829210,-1.0,-0.145084992051
1809,1521991710,498829210,-1.0,-0.145084992051
1810,1521991710,498829210,-1.0,-0.145084992051
1811,1521991710,498829210,-1.0,-0.145084992051
1812,1521991710,498829210,-1.0,-0.145084992051
1813,1521991710,498829210,-1.0,-0.145084992051
1814,1521991710,522861682,-1.0,-0.143131807446
1815,1521991710,522861682,-1.0,-0.143131807446
1816,1521991710,522861682,-1.0,-0.143131807446
1817,1521991710,522861682,-1.0,-0.143131807446
1818,1521991710,538856242,-1.0,-0.141819506884
1819,1521991710,538856242,-1.0,-0.141819506884
1820,1521991710,538856242,-1.0,-0.141819506884
1821,1521991710,538856242,-1.0,-0.141819506884
1822,1521991710,538856242,-1.0,-0.141819506884
1823,1521991710,538856242,-1.0,-0.141819506884
1824,1521991710,562858336,-1.0,-0.140507221222
1825,1521991710,562858336,-1.0,-0.140507221222
1826,1521991710,562858336,-1.0,-0.140507221222
1827,1521991710,562858336,-1.0,-0.140507221222
1828,1521991710,562858336,-1.0,-0.140507221222
1829,1521991710,562858336,-1.0,-0.140507221222
1830,1521991710,562858336,-1.0,-0.140507221222
1831,1521991710,562858336,-1.0,-0.140507221222
1832,1521991710,562858336,-1.0,-0.140507221222
1833,1521991710,562858336,-1.0,-0.140507221222
1834,1521991710,602857985,-1.0,-0.138584554195
1835,1521991710,602857985,-1.0,-0.138584554195
1836,1521991710,602857985,-1.0,-0.138584554195
1837,1521991710,602857985,-1.0,-0.138584554195
1838,1521991710,618828686,-1.0,-0.133365884423
1839,1521991710,618828686,-1.0,-0.133365884423
1840,1521991710,618828686,-1.0,-0.133365884423
1841,1521991710,618828686,-1.0,-0.133365884423
1842,1521991710,618828686,-1.0,-0.133365884423
1843,1521991710,618828686,-1.0,-0.133365884423
1844,1521991710,642857925,-1.0,-0.124912261963
1845,1521991710,642857925,-1.0,-0.124912261963
1846,1521991710,642857925,-1.0,-0.124912261963
1847,1521991710,642857925,-1.0,-0.124912261963
1848,1521991710,658831308,-1.0,-0.0936613082886
1849,1521991710,658831308,-1.0,-0.0936613082886
1850,1521991710,658831308,-1.0,-0.0936613082886
1851,1521991710,658831308,-1.0,-0.0936613082886
1852,1521991710,658831308,-1.0,-0.0936613082886
1853,1521991710,658831308,-1.0,-0.0936613082886
1854,1521991710,682857479,-1.0,-0.0578936114907
1855,1521991710,682857479,-1.0,-0.0578936114907
1856,1521991710,682857479,-1.0,-0.0578936114907
1857,1521991710,682857479,-1.0,-0.0578936114907
1858,1521991710,698839057,-1.0,-0.0136417737231
1859,1521991710,698839057,-1.0,-0.0136417737231
1860,1521991710,698839057,-1.0,-0.0136417737231
1861,1521991710,698839057,-1.0,-0.0136417737231
1862,1521991710,698839057,-1.0,-0.0136417737231
1863,1521991710,698839057,-1.0,-0.0136417737231
1864,1521991710,722836105,-1.0,-0.0
1865,1521991710,722836105,-1.0,-0.0
1866,1521991710,722836105,-1.0,-0.0
1867,1521991710,722836105,-1.0,-0.0
1868,1521991710,722836105,-1.0,-0.0
1869,1521991710,722836105,-1.0,-0.0
1870,1521991710,722836105,-1.0,-0.0
1871,1521991710,722836105,-1.0,-0.0
1872,1521991710,722836105,-1.0,-0.0
1873,1521991710,722836105,-1.0,-0.0
1874,1521991710,722836105,-1.0,-0.0
1875,1521991710,722836105,-1.0,-0.0
1876,1521991710,722836105,-1.0,-0.0
1877,1521991710,722836105,-1.0,-0.0
1878,1521991710,722836105,-1.0,-0.0
1879,1521991710,722836105,-1.0,-0.0
1880,1521991710,722836105,-1.0,-0.0
1881,1521991710,722836105,-1.0,-0.0
1882,1521991710,722836105,-1.0,-0.0
1883,1521991710,722836105,-1.0,-0.0
1884,1521991710,722836105,-1.0,-0.0
1885,1521991710,722836105,-1.0,-0.0
1886,1521991710,722836105,-1.0,-0.0
1887,1521991710,722836105,-1.0,-0.0
1888,1521991710,722836105,-1.0,-0.0
1889,1521991710,722836105,-1.0,-0.0
1890,1521991710,722836105,-1.0,-0.0
1891,1521991710,722836105,-1.0,-0.0
1892,1521991710,722836105,-1.0,-0.0
1893,1521991710,722836105,-1.0,-0.0
1894,1521991710,722836105,-1.0,-0.0
1895,1521991710,722836105,-1.0,-0.0
1896,1521991710,722836105,-1.0,-0.0
1897,1521991710,722836105,-1.0,-0.0
1898,1521991710,722836105,-1.0,-0.0
1899,1521991710,722836105,-1.0,-0.0
1900,1521991710,722836105,-1.0,-0.0
1901,1521991710,722836105,-1.0,-0.0
1902,1521991710,722836105,-1.0,-0.0
1903,1521991710,722836105,-1.0,-0.0
1904,1521991710,722836105,-1.0,-0.0
1905,1521991710,722836105,-1.0,-0.0
1906,1521991710,722836105,-1.0,-0.0
1907,1521991710,722836105,-1.0,-0.0
1908,1521991710,722836105,-1.0,-0.0
1909,1521991710,722836105,-1.0,-0.0
1910,1521991710,722836105,-1.0,-0.0
1911,1521991710,722836105,-1.0,-0.0
1912,1521991710,722836105,-1.0,-0.0
1913,1521991710,722836105,-1.0,-0.0
1914,1521991710,722836105,-1.0,-0.0
1915,1521991710,722836105,-1.0,-0.0
1916,1521991710,722836105,-1.0,-0.0
1917,1521991710,722836105,-1.0,-0.0
1918,1521991710,722836105,-1.0,-0.0
1919,1521991710,722836105,-1.0,-0.0
1920,1521991710,722836105,-1.0,-0.0
1921,1521991710,722836105,-1.0,-0.0
1922,1521991710,722836105,-1.0,-0.0
1923,1521991710,722836105,-1.0,-0.0
1924,1521991710,722836105,-1.0,-0.0
1925,1521991710,722836105,-1.0,-0.0
1926,1521991710,722836105,-1.0,-0.0
1927,1521991710,722836105,-1.0,-0.0
1928,1521991710,722836105,-1.0,-0.0
1929,1521991710,722836105,-1.0,-0.0
1930,1521991710,722836105,-1.0,-0.0
1931,1521991710,722836105,-1.0,-0.0
1932,1521991710,722836105,-1.0,-0.0
1933,1521991710,722836105,-1.0,-0.0
1934,1521991710,722836105,-1.0,-0.0
1935,1521991710,722836105,-1.0,-0.0
1936,1521991710,722836105,-1.0,-0.0
1937,1521991710,722836105,-1.0,-0.0
1938,1521991710,722836105,-1.0,-0.0
1939,1521991710,722836105,-1.0,-0.0
1940,1521991710,722836105,-1.0,-0.0
1941,1521991710,722836105,-1.0,-0.0
1942,1521991710,722836105,-1.0,-0.0
1943,1521991710,722836105,-1.0,-0.0
1944,1521991710,722836105,-1.0,-0.0
1945,1521991710,722836105,-1.0,-0.0
1946,1521991710,722836105,-1.0,-0.0
1947,1521991711,58829407,-0.951872289181,-0.0
1948,1521991711,58829407,-0.951872289181,-0.0
1949,1521991711,58829407,-0.951872289181,-0.0
1950,1521991711,58829407,-0.951872289181,-0.0
1951,1521991711,58829407,-0.951872289181,-0.0
1952,1521991711,58829407,-0.951872289181,-0.0
1953,1521991711,82858961,-0.899807751179,-0.0
1954,1521991711,82858961,-0.899807751179,-0.0
1955,1521991711,82858961,-0.899807751179,-0.0
1956,1521991711,82858961,-0.899807751179,-0.0
1957,1521991711,98829421,-0.843195915222,-0.0
1958,1521991711,98829421,-0.843195915222,-0.0
1959,1521991711,98829421,-0.843195915222,-0.0
1960,1521991711,98829421,-0.843195915222,-0.0
1961,1521991711,98829421,-0.843195915222,-0.0
1962,1521991711,98829421,-0.843195915222,-0.0
1963,1521991711,122863372,-0.775536358356,-0.0
1964,1521991711,122863372,-0.775536358356,-0.0
1965,1521991711,122863372,-0.775536358356,-0.0
1966,1521991711,122863372,-0.775536358356,-0.0
1967,1521991711,138832316,-0.692922770977,-0.0
1968,1521991711,138832316,-0.692922770977,-0.0
1969,1521991711,138832316,-0.692922770977,-0.0
1970,1521991711,138832316,-0.692922770977,-0.0
1971,1521991711,138832316,-0.692922770977,-0.0
1972,1521991711,138832316,-0.692922770977,-0.0
1973,1521991711,162862529,-0.597918629646,-0.0
1974,1521991711,162862529,-0.597918629646,-0.0
1975,1521991711,162862529,-0.597918629646,-0.0
1976,1521991711,162862529,-0.597918629646,-0.0
1977,1521991711,178834281,-0.497085481882,-0.0
1978,1521991711,178834281,-0.497085481882,-0.0
1979,1521991711,178834281,-0.497085481882,-0.0
1980,1521991711,178834281,-0.497085481882,-0.0
1981,1521991711,178834281,-0.497085481882,-0.0
1982,1521991711,178834281,-0.497085481882,-0.0
1983,1521991711,202859677,-0.385814994574,-0.0
1984,1521991711,202859677,-0.385814994574,-0.0
1985,1521991711,202859677,-0.385814994574,-0.0
1986,1521991711,202859677,-0.385814994574,-0.0
1987,1521991711,218831790,-0.257637262344,-0.0
1988,1521991711,218831790,-0.257637262344,-0.0
1989,1521991711,218831790,-0.257637262344,-0.0
1990,1521991711,218831790,-0.257637262344,-0.0
1991,1521991711,218831790,-0.257637262344,-0.0
1992,1521991711,218831790,-0.257637262344,-0.0
1993,1521991711,242863291,-0.116458632052,-0.0
1994,1521991711,242863291,-0.116458632052,-0.0
1995,1521991711,242863291,-0.116458632052,-0.0
1996,1521991711,242863291,-0.116458632052,-0.0
1997,1521991711,258831069,-0.0,-0.0
1998,1521991711,258831069,-0.0,-0.0
1999,1521991711,258831069,-0.0,-0.0
2000,1521991711,258831069,-0.0,-0.0
2001,1521991711,258831069,-0.0,-0.0
2002,1521991711,258831069,-0.0,-0.0
2003,1521991711,258831069,-0.0,-0.0
2004,1521991711,258831069,-0.0,-0.0
2005,1521991711,258831069,-0.0,-0.0
2006,1521991711,258831069,-0.0,-0.0
2007,1521991711,258831069,-0.0,-0.0
2008,1521991711,258831069,-0.0,-0.0
2009,1521991711,258831069,-0.0,-0.0
2010,1521991711,258831069,-0.0,-0.0
2011,1521991711,258831069,-0.0,-0.0
2012,1521991711,258831069,-0.0,-0.0
2013,1521991711,258831069,-0.0,-0.0
2014,1521991711,258831069,-0.0,-0.0
2015,1521991711,258831069,-0.0,-0.0
2016,1521991711,258831069,-0.0,-0.0
2017,1521991711,258831069,-0.0,-0.0
2018,1521991711,258831069,-0.0,-0.0
2019,1521991711,258831069,-0.0,-0.0
2020,1521991711,258831069,-0.0,-0.0
2021,1521991711,258831069,-0.0,-0.0
2022,1521991711,258831069,-0.0,-0.0
2023,1521991711,258831069,-0.0,-0.0
2024,1521991711,258831069,-0.0,-0.0
2025,1521991711,258831069,-0.0,-0.0
2026,1521991711,258831069,-0.0,-0.0
2027,1521991711,258831069,-0.0,-0.0
2028,1521991711,258831069,-0.0,-0.0
2029,1521991711,258831069,-0.0,-0.0
2030,1521991711,258831069,-0.0,-0.0
2031,1521991711,258831069,-0.0,-0.0
2032,1521991711,258831069,-0.0,-0.0
2033,1521991711,258831069,-0.0,-0.0
2034,1521991711,258831069,-0.0,-0.0
2035,1521991711,258831069,-0.0,-0.0
2036,1521991711,258831069,-0.0,-0.0
2037,1521991711,258831069,-0.0,-0.0
2038,1521991711,258831069,-0.0,-0.0
2039,1521991711,258831069,-0.0,-0.0
2040,1521991711,258831069,-0.0,-0.0
2041,1521991711,258831069,-0.0,-0.0
2042,1521991711,258831069,-0.0,-0.0
2043,1521991711,258831069,-0.0,-0.0
2044,1521991711,258831069,-0.0,-0.0
2045,1521991711,258831069,-0.0,-0.0
2046,1521991711,258831069,-0.0,-0.0
2047,1521991711,258831069,-0.0,-0.0
2048,1521991711,258831069,-0.0,-0.0
2049,1521991711,258831069,-0.0,-0.0
2050,1521991711,258831069,-0.0,-0.0
2051,1521991711,258831069,-0.0,-0.0
2052,1521991711,258831069,-0.0,-0.0
2053,1521991711,258831069,-0.0,-0.0
2054,1521991711,258831069,-0.0,-0.0
2055,1521991711,258831069,-0.0,-0.0
2056,1521991711,258831069,-0.0,-0.0
2057,1521991711,258831069,-0.0,-0.0
2058,1521991711,258831069,-0.0,-0.0
2059,1521991711,258831069,-0.0,-0.0
2060,1521991711,258831069,-0.0,-0.0
2061,1521991711,258831069,-0.0,-0.0
2062,1521991711,258831069,-0.0,-0.0
2063,1521991711,258831069,-0.0,-0.0
2064,1521991711,258831069,-0.0,-0.0
2065,1521991711,258831069,-0.0,-0.0
2066,1521991711,258831069,-0.0,-0.0
2067,1521991711,258831069,-0.0,-0.0
2068,1521991711,258831069,-0.0,-0.0
2069,1521991711,258831069,-0.0,-0.0
2070,1521991711,258831069,-0.0,-0.0
2071,1521991711,258831069,-0.0,-0.0
2072,1521991711,258831069,-0.0,-0.0
2073,1521991711,258831069,-0.0,-0.0
2074,1521991711,258831069,-0.0,-0.0
2075,1521991711,258831069,-0.0,-0.0
2076,1521991711,258831069,-0.0,-0.0
2077,1521991711,258831069,-0.0,-0.0
2078,1521991711,258831069,-0.0,-0.0
2079,1521991711,258831069,-0.0,-0.0
2080,1521991711,258831069,-0.0,-0.0
2081,1521991711,258831069,-0.0,-0.0
2082,1521991711,258831069,-0.0,-0.0
2083,1521991711,258831069,-0.0,-0.0
2084,1521991711,258831069,-0.0,-0.0
2085,1521991711,258831069,-0.0,-0.0
2086,1521991711,258831069,-0.0,-0.0
2087,1521991711,258831069,-0.0,-0.0
2088,1521991711,258831069,-0.0,-0.0
2089,1521991711,258831069,-0.0,-0.0
2090,1521991711,258831069,-0.0,-0.0
2091,1521991711,258831069,-0.0,-0.0
2092,1521991711,258831069,-0.0,-0.0
2093,1521991711,258831069,-0.0,-0.0
2094,1521991711,258831069,-0.0,-0.0
2095,1521991711,258831069,-0.0,-0.0
2096,1521991711,258831069,-0.0,-0.0
2097,1521991711,258831069,-0.0,-0.0
2098,1521991711,258831069,-0.0,-0.0
2099,1521991711,258831069,-0.0,-0.0
2100,1521991711,258831069,-0.0,-0.0
2101,1521991711,258831069,-0.0,-0.0
2102,1521991711,258831069,-0.0,-0.0
2103,1521991711,258831069,-0.0,-0.0
2104,1521991711,258831069,-0.0,-0.0
2105,1521991711,258831069,-0.0,-0.0
2106,1521991711,258831069,-0.0,-0.0
2107,1521991711,258831069,-0.0,-0.0
2108,1521991711,258831069,-0.0,-0.0
2109,1521991711,258831069,-0.0,-0.0
2110,1521991711,258831069,-0.0,-0.0
2111,1521991711,258831069,-0.0,-0.0
2112,1521991711,258831069,-0.0,-0.0
2113,1521991711,258831069,-0.0,-0.0
2114,1521991711,258831069,-0.0,-0.0
2115,1521991711,258831069,-0.0,-0.0
2116,1521991711,258831069,-0.0,-0.0
2117,1521991711,258831069,-0.0,-0.0
2118,1521991711,258831069,-0.0,-0.0
2119,1521991711,258831069,-0.0,-0.0
2120,1521991711,258831069,-0.0,-0.0
2121,1521991711,258831069,-0.0,-0.0
2122,1521991711,258831069,-0.0,-0.0
2123,1521991711,258831069,-0.0,-0.0
2124,1521991711,258831069,-0.0,-0.0
2125,1521991711,258831069,-0.0,-0.0
2126,1521991711,258831069,-0.0,-0.0
2127,1521991711,258831069,-0.0,-0.0
2128,1521991711,258831069,-0.0,-0.0
2129,1521991711,258831069,-0.0,-0.0
2130,1521991711,258831069,-0.0,-0.0
2131,1521991711,258831069,-0.0,-0.0
2132,1521991711,258831069,-0.0,-0.0
2133,1521991711,258831069,-0.0,-0.0
2134,1521991711,258831069,-0.0,-0.0
2135,1521991711,258831069,-0.0,-0.0
2136,1521991711,258831069,-0.0,-0.0
2137,1521991711,258831069,-0.0,-0.0
2138,1521991711,258831069,-0.0,-0.0
2139,1521991711,258831069,-0.0,-0.0
2140,1521991711,258831069,-0.0,-0.0
2141,1521991711,258831069,-0.0,-0.0
2142,1521991711,258831069,-0.0,-0.0
2143,1521991711,258831069,-0.0,-0.0
2144,1521991711,258831069,-0.0,-0.0
2145,1521991711,258831069,-0.0,-0.0
2146,1521991711,258831069,-0.0,-0.0
2147,1521991711,258831069,-0.0,-0.0
2148,1521991711,258831069,-0.0,-0.0
2149,1521991711,258831069,-0.0,-0.0
2150,1521991711,258831069,-0.0,-0.0
2151,1521991711,258831069,-0.0,-0.0
2152,1521991711,258831069,-0.0,-0.0
2153,1521991711,258831069,-0.0,-0.0
2154,1521991711,258831069,-0.0,-0.0
2155,1521991711,258831069,-0.0,-0.0
2156,1521991711,258831069,-0.0,-0.0
2157,1521991711,258831069,-0.0,-0.0
2158,1521991711,258831069,-0.0,-0.0
2159,1521991711,258831069,-0.0,-0.0
2160,1521991711,258831069,-0.0,-0.0
2161,1521991711,258831069,-0.0,-0.0
2162,1521991711,258831069,-0.0,-0.0
2163,1521991711,258831069,-0.0,-0.0
2164,1521991711,258831069,-0.0,-0.0
2165,1521991711,258831069,-0.0,-0.0
2166,1521991711,258831069,-0.0,-0.0
2167,1521991711,258831069,-0.0,-0.0
2168,1521991711,258831069,-0.0,-0.0
2169,1521991711,258831069,-0.0,-0.0
2170,1521991711,258831069,-0.0,-0.0
2171,1521991711,258831069,-0.0,-0.0
2172,1521991711,258831069,-0.0,-0.0
2173,1521991711,258831069,-0.0,-0.0
2174,1521991711,258831069,-0.0,-0.0
2175,1521991711,258831069,-0.0,-0.0
2176,1521991711,258831069,-0.0,-0.0
2177,1521991711,258831069,-0.0,-0.0
2178,1521991711,258831069,-0.0,-0.0
2179,1521991711,258831069,-0.0,-0.0
2180,1521991711,258831069,-0.0,-0.0
2181,1521991711,258831069,-0.0,-0.0
2182,1521991711,258831069,-0.0,-0.0
2183,1521991711,258831069,-0.0,-0.0
2184,1521991711,258831069,-0.0,-0.0
2185,1521991711,258831069,-0.0,-0.0
2186,1521991711,258831069,-0.0,-0.0
2187,1521991711,258831069,-0.0,-0.0
2188,1521991711,258831069,-0.0,-0.0
2189,1521991711,258831069,-0.0,-0.0
2190,1521991711,258831069,-0.0,-0.0
2191,1521991711,258831069,-0.0,-0.0
2192,1521991711,258831069,-0.0,-0.0
2193,1521991711,258831069,-0.0,-0.0
2194,1521991711,258831069,-0.0,-0.0
2195,1521991711,258831069,-0.0,-0.0
2196,1521991711,258831069,-0.0,-0.0
2197,1521991711,258831069,-0.0,-0.0
2198,1521991711,258831069,-0.0,-0.0
2199,1521991711,258831069,-0.0,-0.0
2200,1521991711,258831069,-0.0,-0.0
2201,1521991711,258831069,-0.0,-0.0
2202,1521991711,258831069,-0.0,-0.0
2203,1521991711,258831069,-0.0,-0.0
2204,1521991711,258831069,-0.0,-0.0
2205,1521991711,258831069,-0.0,-0.0
2206,1521991711,258831069,-0.0,-0.0
2207,1521991711,258831069,-0.0,-0.0
2208,1521991711,258831069,-0.0,-0.0
2209,1521991711,258831069,-0.0,-0.0
2210,1521991711,258831069,-0.0,-0.0
2211,1521991711,258831069,-0.0,-0.0
2212,1521991711,258831069,-0.0,-0.0
2213,1521991711,258831069,-0.0,-0.0
2214,1521991711,258831069,-0.0,-0.0
2215,1521991711,258831069,-0.0,-0.0
2216,1521991711,258831069,-0.0,-0.0
2217,1521991711,258831069,-0.0,-0.0
2218,1521991711,258831069,-0.0,-0.0
2219,1521991711,258831069,-0.0,-0.0
2220,1521991711,258831069,-0.0,-0.0
2221,1521991711,258831069,-0.0,-0.0
2222,1521991711,258831069,-0.0,-0.0
2223,1521991711,258831069,-0.0,-0.0
2224,1521991711,258831069,-0.0,-0.0
2225,1521991711,258831069,-0.0,-0.0
2226,1521991711,258831069,-0.0,-0.0
2227,1521991711,258831069,-0.0,-0.0
2228,1521991711,258831069,-0.0,-0.0
2229,1521991711,258831069,-0.0,-0.0
2230,1521991711,258831069,-0.0,-0.0
2231,1521991711,258831069,-0.0,-0.0
2232,1521991711,258831069,-0.0,-0.0
2233,1521991711,258831069,-0.0,-0.0
2234,1521991711,258831069,-0.0,-0.0
2235,1521991711,258831069,-0.0,-0.0
2236,1521991711,258831069,-0.0,-0.0
2237,1521991711,258831069,-0.0,-0.0
2238,1521991711,258831069,-0.0,-0.0
2239,1521991711,258831069,-0.0,-0.0
2240,1521991711,258831069,-0.0,-0.0
2241,1521991711,258831069,-0.0,-0.0
2242,1521991711,258831069,-0.0,-0.0
2243,1521991711,258831069,-0.0,-0.0
2244,1521991711,258831069,-0.0,-0.0
2245,1521991711,258831069,-0.0,-0.0
2246,1521991711,258831069,-0.0,-0.0
2247,1521991711,258831069,-0.0,-0.0
2248,1521991711,258831069,-0.0,-0.0
2249,1521991711,258831069,-0.0,-0.0
2250,1521991711,258831069,-0.0,-0.0
2251,1521991711,258831069,-0.0,-0.0
2252,1521991711,258831069,-0.0,-0.0
2253,1521991711,258831069,-0.0,-0.0
2254,1521991711,258831069,-0.0,-0.0
2255,1521991711,258831069,-0.0,-0.0
2256,1521991711,258831069,-0.0,-0.0
2257,1521991711,258831069,-0.0,-0.0
2258,1521991711,258831069,-0.0,-0.0
2259,1521991711,258831069,-0.0,-0.0
2260,1521991711,258831069,-0.0,-0.0
2261,1521991711,258831069,-0.0,-0.0
2262,1521991711,258831069,-0.0,-0.0
2263,1521991711,258831069,-0.0,-0.0
2264,1521991711,258831069,-0.0,-0.0
2265,1521991711,258831069,-0.0,-0.0
2266,1521991711,258831069,-0.0,-0.0
2267,1521991711,258831069,-0.0,-0.0
2268,1521991711,258831069,-0.0,-0.0
2269,1521991711,258831069,-0.0,-0.0
2270,1521991711,258831069,-0.0,-0.0
2271,1521991711,258831069,-0.0,-0.0
2272,1521991711,258831069,-0.0,-0.0
2273,1521991711,258831069,-0.0,-0.0
2274,1521991711,258831069,-0.0,-0.0
2275,1521991711,258831069,-0.0,-0.0
2276,1521991711,258831069,-0.0,-0.0
2277,1521991711,258831069,-0.0,-0.0
2278,1521991711,258831069,-0.0,-0.0
2279,1521991711,258831069,-0.0,-0.0
2280,1521991711,258831069,-0.0,-0.0
2281,1521991711,258831069,-0.0,-0.0
2282,1521991711,258831069,-0.0,-0.0
2283,1521991711,258831069,-0.0,-0.0
2284,1521991711,258831069,-0.0,-0.0
2285,1521991711,258831069,-0.0,-0.0
2286,1521991711,258831069,-0.0,-0.0
2287,1521991711,258831069,-0.0,-0.0
2288,1521991711,258831069,-0.0,-0.0
2289,1521991711,258831069,-0.0,-0.0
2290,1521991711,258831069,-0.0,-0.0
2291,1521991711,258831069,-0.0,-0.0
2292,1521991711,258831069,-0.0,-0.0
2293,1521991711,258831069,-0.0,-0.0
2294,1521991711,258831069,-0.0,-0.0
2295,1521991711,258831069,-0.0,-0.0
2296,1521991711,258831069,-0.0,-0.0
2297,1521991711,258831069,-0.0,-0.0
2298,1521991711,258831069,-0.0,-0.0
2299,1521991711,258831069,-0.0,-0.0
2300,1521991711,258831069,-0.0,-0.0
2301,1521991711,258831069,-0.0,-0.0
2302,1521991711,258831069,-0.0,-0.0
2303,1521991711,258831069,-0.0,-0.0
2304,1521991711,258831069,-0.0,-0.0
2305,1521991711,258831069,-0.0,-0.0
2306,1521991711,258831069,-0.0,-0.0
2307,1521991711,258831069,-0.0,-0.0
2308,1521991711,258831069,-0.0,-0.0
2309,1521991711,258831069,-0.0,-0.0
2310,1521991711,258831069,-0.0,-0.0
2311,1521991711,258831069,-0.0,-0.0
2312,1521991711,258831069,-0.0,-0.0
2313,1521991711,258831069,-0.0,-0.0
2314,1521991711,258831069,-0.0,-0.0
2315,1521991711,258831069,-0.0,-0.0
2316,1521991711,258831069,-0.0,-0.0
2317,1521991711,258831069,-0.0,-0.0
2318,1521991711,258831069,-0.0,-0.0
2319,1521991711,258831069,-0.0,-0.0
2320,1521991711,258831069,-0.0,-0.0
2321,1521991711,258831069,-0.0,-0.0
2322,1521991711,258831069,-0.0,-0.0
2323,1521991711,258831069,-0.0,-0.0
2324,1521991711,258831069,-0.0,-0.0
2325,1521991711,258831069,-0.0,-0.0
2326,1521991711,258831069,-0.0,-0.0
2327,1521991711,258831069,-0.0,-0.0
2328,1521991711,258831069,-0.0,-0.0
2329,1521991711,258831069,-0.0,-0.0
2330,1521991711,258831069,-0.0,-0.0
2331,1521991711,258831069,-0.0,-0.0
2332,1521991711,258831069,-0.0,-0.0
2333,1521991711,258831069,-0.0,-0.0
2334,1521991711,258831069,-0.0,-0.0
2335,1521991711,258831069,-0.0,-0.0
2336,1521991711,258831069,-0.0,-0.0
2337,1521991711,258831069,-0.0,-0.0
2338,1521991711,258831069,-0.0,-0.0
2339,1521991711,258831069,-0.0,-0.0
2340,1521991711,258831069,-0.0,-0.0
2341,1521991711,258831069,-0.0,-0.0
