410,1521990750,423181152,0.0,0.0,0.0,0.0,0.0,0.0
411,1521990750,433156844,0.0,0.0,0.0,0.0,0.0,0.0
412,1521990750,443189047,0.0,0.0,0.0,0.0,0.0,0.0
413,1521990750,453186208,0.0,0.0,0.0,0.0,0.0,0.0
414,1521990750,463185043,0.0,0.0,0.0,0.0,0.0,0.0
415,1521990750,473185280,0.0,0.0,0.0,0.0,0.0,0.0
416,1521990750,483187553,0.0,0.0,0.0,0.0,0.0,0.0
417,1521990750,493187175,0.0,0.0,0.0,0.0,0.0,0.0
418,1521990750,503186706,0.0,0.0,0.0,0.0,0.0,0.0
419,1521990750,513187659,0.0,0.0,0.0,0.0,0.0,0.0
420,1521990750,523186283,0.0,0.0,0.0,0.0,0.0,0.0
421,1521990750,533187561,0.0,0.0,0.0,0.0,0.0,0.0
422,1521990750,543187676,0.0,0.0,0.0,0.0,0.0,0.0
423,1521990750,553187201,0.0,0.0,0.0,0.0,0.0,0.0
424,1521990750,563186142,0.0,0.0,0.0,0.0,0.0,0.0
425,1521990750,573185357,0.0,0.0,0.0,0.0,0.0,0.0
426,1521990750,583187924,0.0,0.0,0.0,0.0,0.0,0.0
427,1521990750,593186590,0.0,0.0,0.0,0.0,0.0,0.0
428,1521990750,603189426,0.0,0.0,0.0,0.0,0.0,0.0
429,1521990750,613186910,0.0,0.0,0.0,0.0,0.0,0.0
430,1521990750,623186037,0.0,0.0,0.0,0.0,0.0,0.0
431,1521990750,633187884,0.0,0.0,0.0,0.0,0.0,0.0
432,1521990750,643185136,0.0,0.0,0.0,0.0,0.0,0.0
433,1521990750,653188755,0.0,0.0,0.0,0.0,0.0,0.0
434,1521990750,663186344,0.0,0.0,0.0,0.0,0.0,0.0
435,1521990750,673186538,0.0,0.0,0.0,0.0,0.0,0.0
436,1521990750,683185294,0.0,0.0,0.0,0.0,0.0,0.0
437,1521990750,693188238,0.0,0.0,0.0,0.0,0.0,0.0
438,1521990750,703225203,0.0,0.0,0.0,0.0,0.0,0.0
439,1521990750,713211673,0.0,0.0,0.0,0.0,0.0,0.0
440,1521990750,723212439,0.0,0.0,0.0,0.0,0.0,0.0
441,1521990750,733208418,0.0,0.0,0.0,0.0,0.0,0.0
442,1521990750,743185582,0.0,0.0,0.0,0.0,0.0,0.0
443,1521990750,753185374,0.0,0.0,0.0,0.0,0.0,0.0
444,1521990750,763186998,0.0,0.0,0.0,0.0,0.0,0.0
445,1521990750,773186953,0.0,0.0,0.0,0.0,0.0,0.0
446,1521990750,783186260,0.0,0.0,0.0,0.0,0.0,0.0
447,1521990750,793221106,0.0,0.0,0.0,0.0,0.0,0.0
448,1521990750,803220162,0.0,0.0,0.0,0.0,0.0,0.0
449,1521990750,813244810,0.0,0.0,0.0,0.0,0.0,0.0
450,1521990750,823212977,0.0,0.0,0.0,0.0,0.0,0.0
451,1521990750,833214123,0.0,0.0,0.0,0.0,0.0,0.0
452,1521990750,843210054,0.0,0.0,0.0,0.0,0.0,0.0
453,1521990750,853187789,0.0,0.0,0.0,0.0,0.0,0.0
454,1521990750,863188459,0.0,0.0,0.0,0.0,0.0,0.0
455,1521990750,873190099,0.0,0.0,0.0,0.0,0.0,0.0
456,1521990750,883188051,0.0,0.0,0.0,0.0,0.0,0.0
457,1521990750,893190352,0.0,0.0,0.0,0.0,0.0,0.0
458,1521990750,903186922,0.0,0.0,0.0,0.0,0.0,0.0
459,1521990750,913188424,0.0,0.0,0.0,0.0,0.0,0.0
460,1521990750,923186349,0.0,0.0,0.0,0.0,0.0,0.0
461,1521990750,933189488,0.0,0.0,0.0,0.0,0.0,0.0
462,1521990750,943188139,0.0,0.0,0.0,0.0,0.0,0.0
463,1521990750,953248157,0.0,0.0,0.0,0.0,0.0,0.0
464,1521990750,963244367,0.0,0.0,0.0,0.0,0.0,0.0
465,1521990750,973242151,0.0,0.0,0.0,0.0,0.0,0.0
466,1521990750,983216683,0.0,0.0,0.0,0.0,0.0,0.0
467,1521990750,993206232,0.0,0.0,0.0,0.0,0.0,0.0
468,1521990751,3215979,0.0,0.0,0.0,0.0,0.0,0.0
469,1521990751,13199412,0.0,0.0,0.0,0.0,0.0,0.0
470,1521990751,23188623,0.0,0.0,0.0,0.0,0.0,0.0
471,1521990751,33189455,0.0,0.0,0.0,0.0,0.0,0.0
472,1521990751,43187824,0.0,0.0,0.0,0.0,0.0,0.0
473,1521990751,53186076,0.0,0.0,0.0,0.0,0.0,0.0
474,1521990751,63186993,0.0,0.0,0.0,0.0,0.0,0.0
475,1521990751,73187570,0.0,0.0,0.0,0.0,0.0,0.0
476,1521990751,83189278,0.0,0.0,0.0,0.0,0.0,0.0
477,1521990751,93187737,0.0,0.0,0.0,0.0,0.0,0.0
478,1521990751,103185551,0.0,0.0,0.0,0.0,0.0,0.0
479,1521990751,113187938,0.0,0.0,0.0,0.0,0.0,0.0
480,1521990751,123186478,0.0,0.0,0.0,0.0,0.0,0.0
481,1521990751,133181600,0.0,0.0,0.0,0.0,0.0,0.0
482,1521990751,143187302,0.0,0.0,0.0,0.0,0.0,0.0
483,1521990751,153186941,0.0,0.0,0.0,0.0,0.0,0.0
484,1521990751,163186840,0.0,0.0,0.0,0.0,0.0,0.0
485,1521990751,173187698,0.0,0.0,0.0,0.0,0.0,0.0
486,1521990751,183187475,0.0,0.0,0.0,0.0,0.0,0.0
487,1521990751,193193701,0.0,0.0,0.0,0.0,0.0,0.0
488,1521990751,203192500,0.0,0.0,0.0,0.0,0.0,0.0
489,1521990751,213188831,0.0,0.0,0.0,0.0,0.0,0.0
490,1521990751,223186223,0.0,0.0,0.0,0.0,0.0,0.0
491,1521990751,233187766,0.0,0.0,0.0,0.0,0.0,0.0
492,1521990751,243198803,0.0,0.0,0.0,0.0,0.0,0.0
493,1521990751,253189707,0.0,0.0,0.0,0.0,0.0,0.0
494,1521990751,263189145,0.0,0.0,0.0,0.0,0.0,0.0
495,1521990751,273188092,0.0,0.0,0.0,0.0,0.0,0.0
496,1521990751,283218040,0.0,0.0,0.0,0.0,0.0,0.0
497,1521990751,293212456,0.0,0.0,0.0,0.0,0.0,0.0
498,1521990751,303195069,0.0,0.0,0.0,0.0,0.0,0.0
499,1521990751,313188870,0.0,0.0,0.0,0.0,0.0,0.0
500,1521990751,323188931,0.0,0.0,0.0,0.0,0.0,0.0
501,1521990751,333188744,0.0,0.0,0.0,0.0,0.0,0.0
502,1521990751,343182947,0.0,0.0,0.0,0.0,0.0,0.0
503,1521990751,353202790,0.0,0.0,0.0,0.0,0.0,0.0
504,1521990751,363190082,0.0,0.0,0.0,0.0,0.0,0.0
505,1521990751,373190331,0.0,0.0,0.0,0.0,0.0,0.0
506,1521990751,383189247,0.0,0.0,0.0,0.0,0.0,0.0
507,1521990751,393188738,0.0,0.0,0.0,0.0,0.0,0.0
508,1521990751,403190064,0.0,0.0,0.0,0.0,0.0,0.0
509,1521990751,413189778,0.0,0.0,0.0,0.0,0.0,0.0
510,1521990751,423183158,0.0,0.0,0.0,0.0,0.0,0.0
511,1521990751,433189565,0.0,0.0,0.0,0.0,0.0,0.0
512,1521990751,443203583,0.0,0.0,0.0,0.0,0.0,0.0
513,1521990751,453184616,0.0,0.0,0.0,0.0,0.0,0.0
514,1521990751,463187852,0.0,0.0,0.0,0.0,0.0,0.0
515,1521990751,473191157,0.0,0.0,0.0,0.0,0.0,0.0
516,1521990751,483188854,0.0,0.0,0.0,0.0,0.0,0.0
517,1521990751,493186891,0.0,0.0,0.0,0.0,0.0,0.0
518,1521990751,503186782,0.0,0.0,0.0,0.0,0.0,0.0
519,1521990751,513188100,0.0,0.0,0.0,0.0,0.0,0.0
520,1521990751,523187398,0.0,0.0,0.0,0.0,0.0,0.0
521,1521990751,533189530,0.0,0.0,0.0,0.0,0.0,0.0
522,1521990751,543188817,0.0,0.0,0.0,0.0,0.0,0.0
523,1521990751,553188352,0.0,0.0,0.0,0.0,0.0,0.0
524,1521990751,563188037,0.0,0.0,0.0,0.0,0.0,0.0
525,1521990751,573187808,0.0,0.0,0.0,0.0,0.0,0.0
526,1521990751,583187568,0.0,0.0,0.0,0.0,0.0,0.0
527,1521990751,593187227,0.0,0.0,0.0,0.0,0.0,0.0
528,1521990751,603184395,0.0,0.0,0.0,0.0,0.0,0.0
529,1521990751,613188021,0.0,0.0,0.0,0.0,0.0,0.0
530,1521990751,623188231,0.0,0.0,0.0,0.0,0.0,0.0
531,1521990751,633187869,0.0,0.0,0.0,0.0,0.0,0.0
532,1521990751,643186967,0.0,0.0,0.0,0.0,0.0,0.0
533,1521990751,653190128,0.0,0.0,0.0,0.0,0.0,0.0
534,1521990751,663186821,0.0,0.0,0.0,0.0,0.0,0.0
535,1521990751,673189464,0.0,0.0,0.0,0.0,0.0,0.0
536,1521990751,683188193,0.0,0.0,0.0,0.0,0.0,0.0
537,1521990751,693187655,0.0,0.0,0.0,0.0,0.0,0.0
538,1521990751,703187644,0.0,0.0,0.0,0.0,0.0,0.0
539,1521990751,713188155,0.0,0.0,0.0,0.0,0.0,0.0
540,1521990751,723186829,0.0,0.0,0.0,0.0,0.0,0.0
541,1521990751,733186379,0.0,0.0,0.0,0.0,0.0,0.0
542,1521990751,743199026,0.0,0.0,0.0,0.0,0.0,0.0
543,1521990751,753190211,0.0,0.0,0.0,0.0,0.0,0.0
544,1521990751,763189673,0.0,0.0,0.0,0.0,0.0,0.0
545,1521990751,773188811,0.0,0.0,0.0,0.0,0.0,0.0
546,1521990751,783187943,0.0,0.0,0.0,0.0,0.0,0.0
547,1521990751,793185562,0.0,0.0,0.0,0.0,0.0,0.0
548,1521990751,803186783,0.0,0.0,0.0,0.0,0.0,0.0
549,1521990751,813190328,0.0,0.0,0.0,0.0,0.0,0.0
550,1521990751,823198023,0.0,0.0,0.0,0.0,0.0,0.0
551,1521990751,833184178,0.0,0.0,0.0,0.0,0.0,0.0
552,1521990751,843188454,0.0,0.0,0.0,0.0,0.0,0.0
553,1521990751,853190675,0.0,0.0,0.0,0.0,0.0,0.0
554,1521990751,863187070,0.0,0.0,0.0,0.0,0.0,0.0
555,1521990751,873192873,0.0,0.0,0.0,0.0,0.0,0.0
556,1521990751,883187546,0.0,0.0,0.0,0.0,0.0,0.0
557,1521990751,893192475,0.0,0.0,0.0,0.0,0.0,0.0
558,1521990751,903193249,0.0,0.0,0.0,0.0,0.0,0.0
559,1521990751,913190035,0.0,0.0,0.0,0.0,0.0,0.0
560,1521990751,923192991,0.0,0.0,0.0,0.0,0.0,0.0
561,1521990751,933186953,0.0,0.0,0.0,0.0,0.0,0.0
562,1521990751,943185670,0.0,0.0,0.0,0.0,0.0,0.0
563,1521990751,953192579,0.0,0.0,0.0,0.0,0.0,0.0
564,1521990751,963189377,0.0,0.0,0.0,0.0,0.0,0.0
565,1521990751,973187003,0.0,0.0,0.0,0.0,0.0,0.0
566,1521990751,983189713,0.0,0.0,0.0,0.0,0.0,0.0
567,1521990751,993192105,0.0,0.0,0.0,0.0,0.0,0.0
568,1521990752,3192841,0.0,0.0,0.0,0.0,0.0,0.0
569,1521990752,13193877,0.0,0.0,0.0,0.0,0.0,0.0
570,1521990752,23187247,0.0,0.0,0.0,0.0,0.0,0.0
571,1521990752,33190335,0.0,0.0,0.0,0.0,0.0,0.0
572,1521990752,43192927,0.0,0.0,0.0,0.0,0.0,0.0
573,1521990752,53190452,0.0,0.0,0.0,0.0,0.0,0.0
574,1521990752,63195415,0.0,0.0,0.0,0.0,0.0,0.0
575,1521990752,73194431,0.0,0.0,0.0,0.0,0.0,0.0
576,1521990752,83190510,0.0,0.0,0.0,0.0,0.0,0.0
577,1521990752,93190860,0.0,0.0,0.0,0.0,0.0,0.0
578,1521990752,103193500,0.0,0.0,0.0,0.0,0.0,0.0
579,1521990752,113184753,0.0,0.0,0.0,0.0,0.0,0.0
580,1521990752,123191900,0.0,0.0,0.0,0.0,0.0,0.0
581,1521990752,133155454,0.0,0.0,0.0,0.0,0.0,0.0
582,1521990752,143187873,0.0,0.0,0.0,0.0,0.0,0.0
583,1521990752,153189850,0.0,0.0,0.0,0.0,0.0,0.0
584,1521990752,163189196,0.0,0.0,0.0,0.0,0.0,0.0
585,1521990752,173189471,0.0,0.0,0.0,0.0,0.0,0.0
586,1521990752,183188169,0.0,0.0,0.0,0.0,0.0,0.0
587,1521990752,193188219,0.0,0.0,0.0,0.0,0.0,0.0
588,1521990752,203190657,0.0,0.0,0.0,0.0,0.0,0.0
589,1521990752,213189745,0.0,0.0,0.0,0.0,0.0,0.0
590,1521990752,223196601,0.0,0.0,0.0,0.0,0.0,0.0
591,1521990752,233190298,0.0,0.0,0.0,0.0,0.0,0.0
592,1521990752,243190492,0.0,0.0,0.0,0.0,0.0,0.0
593,1521990752,253187132,0.0,0.0,0.0,0.0,0.0,0.0
594,1521990752,263187779,0.0,0.0,0.0,0.0,0.0,0.0
595,1521990752,273184221,0.0,0.0,0.0,0.0,0.0,0.0
596,1521990752,283189055,0.0,0.0,0.0,0.0,0.0,0.0
597,1521990752,293188169,0.0,0.0,0.0,0.0,0.0,0.0
598,1521990752,303188686,0.0,0.0,0.0,0.0,0.0,0.0
599,1521990752,313188097,0.0,0.0,0.0,0.0,0.0,0.0
600,1521990752,323186210,0.0,0.0,0.0,0.0,0.0,0.0
601,1521990752,333189003,0.0,0.0,0.0,0.0,0.0,0.0
602,1521990752,343188427,0.0,0.0,0.0,0.0,0.0,0.0
603,1521990752,353188469,0.0,0.0,0.0,0.0,0.0,0.0
604,1521990752,363188388,0.0,0.0,0.0,0.0,0.0,0.0
605,1521990752,373187683,0.0,0.0,0.0,0.0,0.0,0.0
606,1521990752,383190232,0.0,0.0,0.0,0.0,0.0,0.0
607,1521990752,393184693,0.0,0.0,0.0,0.0,0.0,0.0
608,1521990752,403190064,0.0,0.0,0.0,0.0,0.0,0.0
609,1521990752,413195775,0.0,0.0,0.0,0.0,0.0,0.0
610,1521990752,423196222,0.0,0.0,0.0,0.0,0.0,0.0
611,1521990752,433195041,0.0,0.0,0.0,0.0,0.0,0.0
612,1521990752,443194413,0.0,0.0,0.0,0.0,0.0,0.0
613,1521990752,453194798,0.0,0.0,0.0,0.0,0.0,0.0
614,1521990752,463193359,0.0,0.0,0.0,0.0,0.0,0.0
615,1521990752,473195740,0.0,0.0,0.0,0.0,0.0,0.0
616,1521990752,483195560,0.0,0.0,0.0,0.0,0.0,0.0
617,1521990752,493200251,0.0,0.0,0.0,0.0,0.0,0.0
618,1521990752,503191965,0.0,0.0,0.0,0.0,0.0,0.0
619,1521990752,513200720,0.0,0.0,0.0,0.0,0.0,0.0
620,1521990752,523192025,0.0,0.0,0.0,0.0,0.0,0.0
621,1521990752,533205892,0.0,0.0,0.0,0.0,0.0,0.0
622,1521990752,543188080,0.0,0.0,0.0,0.0,0.0,0.0
623,1521990752,553187516,0.0,0.0,0.0,0.0,0.0,0.0
624,1521990752,563187260,0.0,0.0,0.0,0.0,0.0,0.0
625,1521990752,573188607,0.0,0.0,0.0,0.0,0.0,0.0
626,1521990752,583187976,0.0,0.0,0.0,0.0,0.0,0.0
627,1521990752,593190415,0.0,0.0,0.0,0.0,0.0,0.0
628,1521990752,603189269,0.0,0.0,0.0,0.0,0.0,0.0
629,1521990752,613189640,0.0,0.0,0.0,0.0,0.0,0.0
630,1521990752,623189161,0.0,0.0,0.0,0.0,0.0,0.0
631,1521990752,633188628,0.0,0.0,0.0,0.0,0.0,0.0
632,1521990752,643208021,0.0,0.0,0.0,0.0,0.0,0.0
633,1521990752,653198313,0.0,0.0,0.0,0.0,0.0,0.0
634,1521990752,663189707,0.0,0.0,0.0,0.0,0.0,0.0
635,1521990752,673189181,0.0,0.0,0.0,0.0,0.0,0.0
636,1521990752,683188694,0.0,0.0,0.0,0.0,0.0,0.0
637,1521990752,693188648,0.0,0.0,0.0,0.0,0.0,0.0
638,1521990752,703188466,0.0,0.0,0.0,0.0,0.0,0.0
639,1521990752,713189159,0.0,0.0,0.0,0.0,0.0,0.0
640,1521990752,723186816,0.0,0.0,0.0,0.0,0.0,0.0
641,1521990752,733271852,0.0,0.0,0.0,0.0,0.0,0.0
642,1521990752,743197958,0.0,0.0,0.0,0.0,0.0,0.0
643,1521990752,753192441,0.0,0.0,0.0,0.0,0.0,0.0
644,1521990752,763197758,0.0,0.0,0.0,0.0,0.0,0.0
645,1521990752,773198401,0.0,0.0,0.0,0.0,0.0,0.0
646,1521990752,783192447,0.0,0.0,0.0,0.0,0.0,0.0
647,1521990752,793197137,0.0,0.0,0.0,0.0,0.0,0.0
648,1521990752,803196124,0.0,0.0,0.0,0.0,0.0,0.0
649,1521990752,813199129,0.0,0.0,0.0,0.0,0.0,0.0
650,1521990752,823202732,0.0,0.0,0.0,0.0,0.0,0.0
651,1521990752,833195758,0.0,0.0,0.0,0.0,0.0,0.0
652,1521990752,843197667,0.0,0.0,0.0,0.0,0.0,0.0
653,1521990752,853196404,0.0,0.0,0.0,0.0,0.0,0.0
654,1521990752,863192317,0.0,0.0,0.0,0.0,0.0,0.0
655,1521990752,873191263,0.0,0.0,0.0,0.0,0.0,0.0
656,1521990752,883189968,0.0,0.0,0.0,0.0,0.0,0.0
657,1521990752,893190297,0.0,0.0,0.0,0.0,0.0,0.0
658,1521990752,903189461,0.0,0.0,0.0,0.0,0.0,0.0
659,1521990752,913188223,0.0,0.0,0.0,0.0,0.0,0.0
660,1521990752,923184669,0.0,0.0,0.0,0.0,0.0,0.0
661,1521990752,933187089,0.0,0.0,0.0,0.0,0.0,0.0
662,1521990752,943190775,0.0,0.0,0.0,0.0,0.0,0.0
663,1521990752,953187822,0.0,0.0,0.0,0.0,0.0,0.0
664,1521990752,963188869,0.0,0.0,0.0,0.0,0.0,0.0
665,1521990752,973185308,52.0,52.0,0.0,0.0,0.0,0.0
666,1521990752,983192539,52.0,52.0,0.0,0.0,0.0,0.0
667,1521990752,993193354,52.0,52.0,0.0,0.0,0.0,0.0
668,1521990753,3191557,66.0,66.0,0.0,0.0,0.0,0.0
669,1521990753,13189061,81.0,81.0,0.0,0.0,0.0,0.0
670,1521990753,23186676,81.0,81.0,0.0,0.0,0.0,0.0
671,1521990753,33196448,81.0,81.0,0.0,0.0,0.0,0.0
672,1521990753,43186336,96.0,96.0,0.0,0.0,0.0,0.0
673,1521990753,53190802,112.0,112.0,0.0,0.0,0.0,0.0
674,1521990753,63187378,112.0,112.0,0.0,0.0,0.0,0.0
675,1521990753,73187536,112.0,112.0,0.0,0.0,0.0,0.0
676,1521990753,83188442,131.0,131.0,0.0,0.0,0.0,0.0
677,1521990753,93186650,150.0,150.0,0.0,0.0,0.0,0.0
678,1521990753,103186114,150.0,150.0,0.0,0.0,0.0,0.0
679,1521990753,113190854,150.0,150.0,0.0,0.0,0.0,0.0
680,1521990753,123188948,171.0,171.0,0.0,0.0,0.0,0.0
681,1521990753,133193731,194.0,194.0,0.0,0.0,0.0,0.0
682,1521990753,143190496,194.0,194.0,0.0,0.0,0.0,0.0
683,1521990753,153191765,194.0,194.0,0.0,0.0,0.0,0.0
684,1521990753,163198376,217.0,217.0,0.0,0.0,0.0,0.0
685,1521990753,173195975,242.0,242.0,0.0,0.0,0.0,0.0
686,1521990753,183194503,242.0,242.0,0.0,0.0,0.0,0.0
687,1521990753,193196396,242.0,242.0,0.0,0.0,0.0,0.0
688,1521990753,203201481,267.0,264.0,0.0,0.0,0.0,0.0
689,1521990753,213189731,293.0,286.0,0.0,0.0,0.0,0.0
690,1521990753,223188153,293.0,286.0,0.0,0.0,0.0,0.0
691,1521990753,233191301,293.0,286.0,0.0,0.0,0.0,0.0
692,1521990753,243190002,319.0,311.0,0.0,0.0,0.0,0.0
693,1521990753,253191414,345.0,335.0,0.0,0.0,0.0,0.0
694,1521990753,263189197,345.0,335.0,0.0,0.0,0.0,0.0
695,1521990753,273191423,345.0,335.0,0.0,0.0,0.0,0.0
696,1521990753,283190327,369.0,350.0,0.0,0.0,0.0,0.0
697,1521990753,293189465,390.0,366.0,0.0,0.0,0.0,0.0
698,1521990753,303192074,390.0,366.0,0.0,0.0,0.0,0.0
699,1521990753,313188772,390.0,366.0,0.0,0.0,0.0,0.0
700,1521990753,323188331,400.0,367.0,0.0,0.0,0.0,0.0
701,1521990753,333192313,400.0,367.0,0.0,0.0,0.0,0.0
702,1521990753,343189518,400.0,367.0,0.0,0.0,0.0,0.0
703,1521990753,353189383,400.0,367.0,0.0,0.0,0.0,0.0
704,1521990753,363189242,400.0,367.0,0.0,0.0,0.0,0.0
705,1521990753,373191832,400.0,369.0,0.0,0.0,0.0,0.0
706,1521990753,383190732,400.0,369.0,0.0,0.0,0.0,0.0
707,1521990753,393188530,400.0,369.0,0.0,0.0,0.0,0.0
708,1521990753,403189709,400.0,379.0,0.0,0.0,0.0,0.0
709,1521990753,413189756,400.0,383.0,0.0,0.0,0.0,0.0
710,1521990753,423151207,400.0,383.0,0.0,0.0,0.0,0.0
711,1521990753,433188950,400.0,391.0,0.0,0.0,0.0,0.0
712,1521990753,443188232,400.0,391.0,0.0,0.0,0.0,0.0
713,1521990753,453188104,400.0,391.0,0.0,0.0,0.0,0.0
714,1521990753,463188193,400.0,392.0,0.0,0.0,0.0,0.0
715,1521990753,473189071,400.0,392.0,0.0,0.0,0.0,0.0
716,1521990753,483189465,400.0,392.0,0.0,0.0,0.0,0.0
717,1521990753,493189175,400.0,391.0,0.0,0.0,0.0,0.0
718,1521990753,503188086,400.0,391.0,0.0,0.0,0.0,0.0
719,1521990753,513188394,400.0,387.0,0.0,0.0,0.0,0.0
720,1521990753,523190231,400.0,387.0,0.0,0.0,0.0,0.0
721,1521990753,533187575,400.0,375.0,0.0,0.0,0.0,0.0
722,1521990753,543188123,400.0,375.0,0.0,0.0,0.0,0.0
723,1521990753,553188384,400.0,364.0,0.0,0.0,0.0,0.0
724,1521990753,563188694,400.0,364.0,0.0,0.0,0.0,0.0
725,1521990753,573188018,400.0,364.0,0.0,0.0,0.0,0.0
726,1521990753,583187337,400.0,352.0,0.0,0.0,0.0,0.0
727,1521990753,593189558,400.0,341.0,0.0,0.0,0.0,0.0
728,1521990753,603187992,400.0,341.0,0.0,0.0,0.0,0.0
729,1521990753,613188360,400.0,341.0,0.0,0.0,0.0,0.0
730,1521990753,623186873,400.0,333.0,0.0,0.0,0.0,0.0
731,1521990753,633187712,400.0,330.0,0.0,0.0,0.0,0.0
732,1521990753,643188689,400.0,330.0,0.0,0.0,0.0,0.0
733,1521990753,653187112,400.0,327.0,0.0,0.0,0.0,0.0
734,1521990753,663196567,400.0,327.0,0.0,0.0,0.0,0.0
735,1521990753,673196569,400.0,325.0,0.0,0.0,0.0,0.0
736,1521990753,683193482,400.0,325.0,0.0,0.0,0.0,0.0
737,1521990753,693194735,400.0,321.0,0.0,0.0,0.0,0.0
738,1521990753,703196803,400.0,321.0,0.0,0.0,0.0,0.0
739,1521990753,713197530,400.0,310.0,0.0,0.0,0.0,0.0
740,1521990753,723186130,400.0,310.0,0.0,0.0,0.0,0.0
741,1521990753,733188296,400.0,300.0,0.0,0.0,0.0,0.0
742,1521990753,743187166,400.0,300.0,0.0,0.0,0.0,0.0
743,1521990753,753189297,400.0,290.0,0.0,0.0,0.0,0.0
744,1521990753,763186932,400.0,290.0,0.0,0.0,0.0,0.0
745,1521990753,773186958,400.0,281.0,0.0,0.0,0.0,0.0
746,1521990753,783196538,400.0,281.0,0.0,0.0,0.0,0.0
747,1521990753,793191662,400.0,279.0,0.0,0.0,0.0,0.0
748,1521990753,803187607,400.0,279.0,0.0,0.0,0.0,0.0
749,1521990753,813189456,400.0,279.0,0.0,0.0,0.0,0.0
750,1521990753,823189232,400.0,271.0,0.0,0.0,0.0,0.0
751,1521990753,833196317,400.0,261.0,0.0,0.0,0.0,0.0
752,1521990753,843198563,400.0,261.0,0.0,0.0,0.0,0.0
753,1521990753,853198429,400.0,248.0,0.0,0.0,0.0,0.0
754,1521990753,863189462,400.0,248.0,0.0,0.0,0.0,0.0
755,1521990753,873191355,400.0,235.0,0.0,0.0,0.0,0.0
756,1521990753,883187198,400.0,235.0,0.0,0.0,0.0,0.0
757,1521990753,893187226,400.0,226.0,0.0,0.0,0.0,0.0
758,1521990753,903192544,400.0,226.0,0.0,0.0,0.0,0.0
759,1521990753,913188885,400.0,224.0,0.0,0.0,0.0,0.0
760,1521990753,923187839,400.0,224.0,0.0,0.0,0.0,0.0
761,1521990753,933197082,400.0,224.0,0.0,0.0,0.0,0.0
762,1521990753,943189995,400.0,223.0,0.0,0.0,0.0,0.0
763,1521990753,953187049,400.0,223.0,0.0,0.0,0.0,0.0
764,1521990753,963186758,400.0,223.0,0.0,0.0,0.0,0.0
765,1521990753,973189271,400.0,223.0,0.0,0.0,0.0,0.0
766,1521990753,983188975,400.0,223.0,0.0,0.0,0.0,0.0
767,1521990753,993188773,400.0,223.0,0.0,0.0,0.0,0.0
768,1521990754,3192735,400.0,223.0,0.0,0.0,0.0,0.0
769,1521990754,13189669,400.0,226.0,0.0,0.0,0.0,0.0
770,1521990754,23189268,400.0,226.0,0.0,0.0,0.0,0.0
771,1521990754,33188551,400.0,237.0,0.0,0.0,0.0,0.0
772,1521990754,43187704,400.0,237.0,0.0,0.0,0.0,0.0
773,1521990754,53196923,400.0,237.0,0.0,0.0,0.0,0.0
774,1521990754,63187471,400.0,247.0,0.0,0.0,0.0,0.0
775,1521990754,73190748,400.0,259.0,0.0,0.0,0.0,0.0
776,1521990754,83189264,400.0,259.0,0.0,0.0,0.0,0.0
777,1521990754,93188457,400.0,272.0,0.0,0.0,0.0,0.0
778,1521990754,103196171,400.0,272.0,0.0,0.0,0.0,0.0
779,1521990754,113197117,400.0,288.0,0.0,0.0,0.0,0.0
780,1521990754,123186421,400.0,288.0,0.0,0.0,0.0,0.0
781,1521990754,133185939,400.0,304.0,0.0,0.0,0.0,0.0
782,1521990754,143187534,400.0,304.0,0.0,0.0,0.0,0.0
783,1521990754,153189394,400.0,317.0,0.0,0.0,0.0,0.0
784,1521990754,163188264,400.0,317.0,0.0,0.0,0.0,0.0
785,1521990754,173191178,400.0,327.0,0.0,0.0,0.0,0.0
786,1521990754,183187874,400.0,327.0,0.0,0.0,0.0,0.0
787,1521990754,193189842,400.0,331.0,0.0,0.0,0.0,0.0
788,1521990754,203187647,400.0,331.0,0.0,0.0,0.0,0.0
789,1521990754,213199282,400.0,341.0,0.0,0.0,0.0,0.0
790,1521990754,223188220,400.0,341.0,0.0,0.0,0.0,0.0
791,1521990754,233191992,400.0,344.0,0.0,0.0,0.0,0.0
792,1521990754,243190386,400.0,344.0,0.0,0.0,0.0,0.0
793,1521990754,253189737,400.0,347.0,0.0,0.0,0.0,0.0
794,1521990754,263187035,400.0,347.0,0.0,0.0,0.0,0.0
795,1521990754,273188854,400.0,351.0,0.0,0.0,0.0,0.0
796,1521990754,283188026,400.0,351.0,0.0,0.0,0.0,0.0
797,1521990754,293194693,400.0,361.0,0.0,0.0,0.0,0.0
798,1521990754,303192914,400.0,361.0,0.0,0.0,0.0,0.0
799,1521990754,313190697,400.0,371.0,0.0,0.0,0.0,0.0
800,1521990754,323198911,400.0,371.0,0.0,0.0,0.0,0.0
801,1521990754,333197250,400.0,371.0,0.0,0.0,0.0,0.0
802,1521990754,343189774,400.0,381.0,0.0,0.0,0.0,0.0
803,1521990754,353187295,400.0,390.0,0.0,0.0,0.0,0.0
804,1521990754,363187627,400.0,390.0,0.0,0.0,0.0,0.0
805,1521990754,373188456,400.0,394.0,0.0,0.0,0.0,0.0
806,1521990754,383188482,400.0,394.0,0.0,0.0,0.0,0.0
807,1521990754,393186083,400.0,400.0,0.0,0.0,0.0,0.0
808,1521990754,403188297,400.0,400.0,0.0,0.0,0.0,0.0
809,1521990754,413186102,400.0,400.0,0.0,0.0,0.0,0.0
810,1521990754,423187646,400.0,400.0,0.0,0.0,0.0,0.0
811,1521990754,433189072,400.0,400.0,0.0,0.0,0.0,0.0
812,1521990754,443211289,400.0,400.0,0.0,0.0,0.0,0.0
813,1521990754,453212337,400.0,400.0,0.0,0.0,0.0,0.0
814,1521990754,463209212,400.0,400.0,0.0,0.0,0.0,0.0
815,1521990754,473208791,400.0,400.0,0.0,0.0,0.0,0.0
816,1521990754,483189414,400.0,400.0,0.0,0.0,0.0,0.0
817,1521990754,493186897,400.0,400.0,0.0,0.0,0.0,0.0
818,1521990754,503186705,400.0,400.0,0.0,0.0,0.0,0.0
819,1521990754,513195041,400.0,400.0,0.0,0.0,0.0,0.0
820,1521990754,523197075,400.0,400.0,0.0,0.0,0.0,0.0
821,1521990754,533195931,400.0,400.0,0.0,0.0,0.0,0.0
822,1521990754,543192952,400.0,400.0,0.0,0.0,0.0,0.0
823,1521990754,553194833,400.0,400.0,0.0,0.0,0.0,0.0
824,1521990754,563197757,400.0,400.0,0.0,0.0,0.0,0.0
825,1521990754,573196946,400.0,400.0,0.0,0.0,0.0,0.0
826,1521990754,583196451,400.0,400.0,0.0,0.0,0.0,0.0
827,1521990754,593196079,400.0,400.0,0.0,0.0,0.0,0.0
828,1521990754,603198856,400.0,400.0,0.0,0.0,0.0,0.0
829,1521990754,613197445,400.0,400.0,0.0,0.0,0.0,0.0
830,1521990754,623196767,400.0,400.0,0.0,0.0,0.0,0.0
831,1521990754,633195610,400.0,400.0,0.0,0.0,0.0,0.0
832,1521990754,643185450,400.0,400.0,0.0,0.0,0.0,0.0
833,1521990754,653188796,400.0,400.0,0.0,0.0,0.0,0.0
834,1521990754,663189228,400.0,400.0,0.0,0.0,0.0,0.0
835,1521990754,673189974,400.0,400.0,0.0,0.0,0.0,0.0
836,1521990754,683196160,400.0,400.0,0.0,0.0,0.0,0.0
837,1521990754,693196589,400.0,400.0,0.0,0.0,0.0,0.0
838,1521990754,703200215,400.0,400.0,0.0,0.0,0.0,0.0
839,1521990754,713197745,400.0,400.0,0.0,0.0,0.0,0.0
840,1521990754,723197451,400.0,400.0,0.0,0.0,0.0,0.0
841,1521990754,733199871,400.0,400.0,0.0,0.0,0.0,0.0
842,1521990754,743196036,400.0,400.0,0.0,0.0,0.0,0.0
843,1521990754,753195220,400.0,400.0,0.0,0.0,0.0,0.0
844,1521990754,763195709,400.0,400.0,0.0,0.0,0.0,0.0
845,1521990754,773194948,400.0,400.0,0.0,0.0,0.0,0.0
846,1521990754,783198576,400.0,400.0,0.0,0.0,0.0,0.0
847,1521990754,793197679,400.0,400.0,0.0,0.0,0.0,0.0
848,1521990754,803198457,400.0,400.0,0.0,0.0,0.0,0.0
849,1521990754,813195295,400.0,400.0,0.0,0.0,0.0,0.0
850,1521990754,823197617,400.0,400.0,0.0,0.0,0.0,0.0
851,1521990754,833199502,400.0,400.0,0.0,0.0,0.0,0.0
852,1521990754,843197867,400.0,400.0,0.0,0.0,0.0,0.0
853,1521990754,853196992,400.0,400.0,0.0,0.0,0.0,0.0
854,1521990754,863195418,400.0,400.0,0.0,0.0,0.0,0.0
855,1521990754,873199762,400.0,400.0,0.0,0.0,0.0,0.0
856,1521990754,883197165,400.0,400.0,0.0,0.0,0.0,0.0
857,1521990754,893197240,400.0,400.0,0.0,0.0,0.0,0.0
858,1521990754,903190787,400.0,400.0,0.0,0.0,0.0,0.0
859,1521990754,913188522,400.0,400.0,0.0,0.0,0.0,0.0
860,1521990754,923190430,400.0,400.0,0.0,0.0,0.0,0.0
861,1521990754,933192991,400.0,400.0,0.0,0.0,0.0,0.0
862,1521990754,943190239,400.0,400.0,0.0,0.0,0.0,0.0
863,1521990754,953189194,400.0,400.0,0.0,0.0,0.0,0.0
864,1521990754,963190736,400.0,400.0,0.0,0.0,0.0,0.0
865,1521990754,973189163,400.0,400.0,0.0,0.0,0.0,0.0
866,1521990754,983186969,400.0,400.0,0.0,0.0,0.0,0.0
867,1521990754,993189276,400.0,400.0,0.0,0.0,0.0,0.0
868,1521990755,3189554,400.0,400.0,0.0,0.0,0.0,0.0
869,1521990755,13188978,400.0,400.0,0.0,0.0,0.0,0.0
870,1521990755,23192648,400.0,400.0,0.0,0.0,0.0,0.0
871,1521990755,33194394,400.0,400.0,0.0,0.0,0.0,0.0
872,1521990755,43190349,400.0,400.0,0.0,0.0,0.0,0.0
873,1521990755,53193482,400.0,400.0,0.0,0.0,0.0,0.0
874,1521990755,63191090,400.0,400.0,0.0,0.0,0.0,0.0
875,1521990755,73188628,400.0,400.0,0.0,0.0,0.0,0.0
876,1521990755,83193793,400.0,400.0,0.0,0.0,0.0,0.0
877,1521990755,93191518,400.0,400.0,0.0,0.0,0.0,0.0
878,1521990755,103189864,400.0,400.0,0.0,0.0,0.0,0.0
879,1521990755,113188757,400.0,400.0,0.0,0.0,0.0,0.0
880,1521990755,123164371,400.0,400.0,0.0,0.0,0.0,0.0
881,1521990755,133188571,400.0,400.0,0.0,0.0,0.0,0.0
882,1521990755,143189314,400.0,400.0,0.0,0.0,0.0,0.0
883,1521990755,153192118,400.0,400.0,0.0,0.0,0.0,0.0
884,1521990755,163188546,400.0,400.0,0.0,0.0,0.0,0.0
885,1521990755,173191496,391.0,400.0,0.0,0.0,0.0,0.0
886,1521990755,183191825,391.0,400.0,0.0,0.0,0.0,0.0
887,1521990755,193192818,378.0,400.0,0.0,0.0,0.0,0.0
888,1521990755,203198891,378.0,400.0,0.0,0.0,0.0,0.0
889,1521990755,213194405,366.0,400.0,0.0,0.0,0.0,0.0
890,1521990755,223199055,366.0,400.0,0.0,0.0,0.0,0.0
891,1521990755,233197314,358.0,400.0,0.0,0.0,0.0,0.0
892,1521990755,243187226,358.0,400.0,0.0,0.0,0.0,0.0
893,1521990755,253190173,355.0,400.0,0.0,0.0,0.0,0.0
894,1521990755,263138631,355.0,400.0,0.0,0.0,0.0,0.0
895,1521990755,273186965,353.0,400.0,0.0,0.0,0.0,0.0
896,1521990755,283189296,353.0,400.0,0.0,0.0,0.0,0.0
897,1521990755,293188527,353.0,400.0,0.0,0.0,0.0,0.0
898,1521990755,303186992,353.0,400.0,0.0,0.0,0.0,0.0
899,1521990755,313187822,357.0,400.0,0.0,0.0,0.0,0.0
900,1521990755,323201017,357.0,400.0,0.0,0.0,0.0,0.0
901,1521990755,333189693,375.0,398.0,0.0,0.0,0.0,0.0
902,1521990755,343196907,375.0,398.0,0.0,0.0,0.0,0.0
903,1521990755,353228594,338.0,342.0,0.0,0.0,0.0,0.0
904,1521990755,363191160,338.0,342.0,0.0,0.0,0.0,0.0
905,1521990755,373192473,257.0,257.0,0.0,0.0,0.0,0.0
906,1521990755,383189318,257.0,257.0,0.0,0.0,0.0,0.0
907,1521990755,393189164,159.0,159.0,0.0,0.0,0.0,0.0
908,1521990755,403196320,159.0,159.0,0.0,0.0,0.0,0.0
909,1521990755,413199231,74.0,74.0,0.0,0.0,0.0,0.0
910,1521990755,423233714,74.0,74.0,0.0,0.0,0.0,0.0
911,1521990755,433196738,0.0,0.0,0.0,0.0,0.0,0.0
912,1521990755,443191797,0.0,0.0,0.0,0.0,0.0,0.0
913,1521990755,453195922,0.0,0.0,0.0,0.0,0.0,0.0
914,1521990755,463194617,0.0,0.0,0.0,0.0,0.0,0.0
915,1521990755,473197303,0.0,0.0,0.0,0.0,0.0,0.0
916,1521990755,483198097,0.0,0.0,0.0,0.0,0.0,0.0
917,1521990755,493198738,0.0,0.0,0.0,0.0,0.0,0.0
918,1521990755,503202289,0.0,0.0,0.0,0.0,0.0,0.0
919,1521990755,513194474,0.0,0.0,0.0,0.0,0.0,0.0
920,1521990755,523198955,0.0,0.0,0.0,0.0,0.0,0.0
921,1521990755,533196710,0.0,0.0,0.0,0.0,0.0,0.0
922,1521990755,543197120,0.0,0.0,0.0,0.0,0.0,0.0
923,1521990755,553158084,0.0,0.0,0.0,0.0,0.0,0.0
924,1521990755,563191786,0.0,0.0,0.0,0.0,0.0,0.0
925,1521990755,573191940,0.0,0.0,0.0,0.0,0.0,0.0
926,1521990755,583191733,0.0,0.0,0.0,0.0,0.0,0.0
927,1521990755,593191035,0.0,0.0,0.0,0.0,0.0,0.0
928,1521990755,603190412,0.0,0.0,0.0,0.0,0.0,0.0
929,1521990755,613190115,0.0,0.0,0.0,0.0,0.0,0.0
930,1521990755,623191711,0.0,0.0,0.0,0.0,0.0,0.0
931,1521990755,633191160,0.0,0.0,0.0,0.0,0.0,0.0
932,1521990755,643190751,0.0,0.0,0.0,0.0,0.0,0.0
933,1521990755,653190566,0.0,0.0,0.0,0.0,0.0,0.0
934,1521990755,663188840,0.0,0.0,0.0,0.0,0.0,0.0
935,1521990755,673191495,0.0,0.0,0.0,0.0,0.0,0.0
936,1521990755,683192924,0.0,0.0,0.0,0.0,0.0,0.0
937,1521990755,693188867,0.0,0.0,0.0,0.0,0.0,0.0
938,1521990755,703189916,0.0,0.0,0.0,0.0,0.0,0.0
939,1521990755,713188734,0.0,0.0,0.0,0.0,0.0,0.0
940,1521990755,723190612,0.0,0.0,0.0,0.0,0.0,0.0
941,1521990755,733192945,0.0,0.0,0.0,0.0,0.0,0.0
942,1521990755,743189778,0.0,0.0,0.0,0.0,0.0,0.0
943,1521990755,753188815,0.0,0.0,0.0,0.0,0.0,0.0
944,1521990755,763192109,0.0,0.0,0.0,0.0,0.0,0.0
945,1521990755,773188088,0.0,0.0,0.0,0.0,0.0,0.0
946,1521990755,783188618,0.0,0.0,0.0,0.0,0.0,0.0
947,1521990755,793189006,0.0,0.0,0.0,0.0,0.0,0.0
948,1521990755,803188495,0.0,0.0,0.0,0.0,0.0,0.0
949,1521990755,813346274,0.0,0.0,0.0,0.0,0.0,0.0
950,1521990755,823189047,0.0,0.0,0.0,0.0,0.0,0.0
951,1521990755,833205987,0.0,0.0,0.0,0.0,0.0,0.0
952,1521990755,843189299,0.0,0.0,0.0,0.0,0.0,0.0
953,1521990755,853188592,0.0,0.0,0.0,0.0,0.0,0.0
954,1521990755,863191268,0.0,0.0,0.0,0.0,0.0,0.0
955,1521990755,873193934,0.0,0.0,0.0,0.0,0.0,0.0
956,1521990755,883193820,0.0,0.0,0.0,0.0,0.0,0.0
957,1521990755,893189554,0.0,0.0,0.0,0.0,0.0,0.0
958,1521990755,903204471,0.0,0.0,0.0,0.0,0.0,0.0
959,1521990755,913188302,0.0,0.0,0.0,0.0,0.0,0.0
960,1521990755,923189685,0.0,0.0,0.0,0.0,0.0,0.0
961,1521990755,933190084,0.0,0.0,0.0,0.0,0.0,0.0
962,1521990755,943190052,0.0,0.0,0.0,0.0,0.0,0.0
963,1521990755,953186649,0.0,0.0,0.0,0.0,0.0,0.0
964,1521990755,963189643,0.0,0.0,0.0,0.0,0.0,0.0
965,1521990755,973197869,0.0,0.0,0.0,0.0,0.0,0.0
966,1521990755,983189201,0.0,0.0,0.0,0.0,0.0,0.0
967,1521990755,993188335,0.0,0.0,0.0,0.0,0.0,0.0
968,1521990756,3188113,0.0,0.0,0.0,0.0,0.0,0.0
969,1521990756,13201463,0.0,0.0,0.0,0.0,0.0,0.0
970,1521990756,23186184,0.0,0.0,0.0,0.0,0.0,0.0
971,1521990756,33189010,0.0,0.0,0.0,0.0,0.0,0.0
972,1521990756,43188402,0.0,0.0,0.0,0.0,0.0,0.0
973,1521990756,53188186,0.0,0.0,0.0,0.0,0.0,0.0
974,1521990756,63187941,0.0,0.0,0.0,0.0,0.0,0.0
975,1521990756,73186164,0.0,0.0,0.0,0.0,0.0,0.0
976,1521990756,83185881,0.0,0.0,0.0,0.0,0.0,0.0
977,1521990756,93188981,0.0,0.0,0.0,0.0,0.0,0.0
978,1521990756,103188733,0.0,0.0,0.0,0.0,0.0,0.0
979,1521990756,113187983,0.0,0.0,0.0,0.0,0.0,0.0
980,1521990756,123186502,0.0,0.0,0.0,0.0,0.0,0.0
981,1521990756,133187406,0.0,0.0,0.0,0.0,0.0,0.0
982,1521990756,143186240,0.0,0.0,0.0,0.0,0.0,0.0
983,1521990756,153188736,0.0,0.0,0.0,0.0,0.0,0.0
984,1521990756,163187880,0.0,0.0,0.0,0.0,0.0,0.0
985,1521990756,173188422,0.0,0.0,0.0,0.0,0.0,0.0
986,1521990756,183186388,0.0,0.0,0.0,0.0,0.0,0.0
987,1521990756,193187178,0.0,0.0,0.0,0.0,0.0,0.0
988,1521990756,203189624,0.0,0.0,0.0,0.0,0.0,0.0
989,1521990756,213188854,0.0,0.0,0.0,0.0,0.0,0.0
990,1521990756,223187858,0.0,0.0,0.0,0.0,0.0,0.0
991,1521990756,233187768,0.0,0.0,0.0,0.0,0.0,0.0
992,1521990756,243189579,0.0,0.0,0.0,0.0,0.0,0.0
993,1521990756,253189405,0.0,0.0,0.0,0.0,0.0,0.0
994,1521990756,263188529,0.0,0.0,0.0,0.0,0.0,0.0
995,1521990756,273188403,0.0,0.0,0.0,0.0,0.0,0.0
996,1521990756,283188087,0.0,0.0,0.0,0.0,0.0,0.0
997,1521990756,293187795,0.0,0.0,0.0,0.0,0.0,0.0
998,1521990756,303212676,0.0,0.0,0.0,0.0,0.0,0.0
999,1521990756,313213870,0.0,0.0,0.0,0.0,0.0,0.0
1000,1521990756,323188831,0.0,0.0,0.0,0.0,0.0,0.0
1001,1521990756,333188252,0.0,0.0,0.0,0.0,0.0,0.0
1002,1521990756,343189811,0.0,0.0,0.0,0.0,0.0,0.0
1003,1521990756,353188557,0.0,0.0,0.0,0.0,0.0,0.0
1004,1521990756,363187914,0.0,0.0,0.0,0.0,0.0,0.0
1005,1521990756,373187155,0.0,0.0,0.0,0.0,0.0,0.0
1006,1521990756,383189185,0.0,0.0,0.0,0.0,0.0,0.0
1007,1521990756,393188377,0.0,0.0,0.0,0.0,0.0,0.0
1008,1521990756,403192656,0.0,0.0,0.0,0.0,0.0,0.0
1009,1521990756,413190524,0.0,0.0,0.0,0.0,0.0,0.0
1010,1521990756,423189764,0.0,0.0,0.0,0.0,0.0,0.0
1011,1521990756,433188858,0.0,0.0,0.0,0.0,0.0,0.0
1012,1521990756,443188239,0.0,0.0,0.0,0.0,0.0,0.0
1013,1521990756,453188455,0.0,0.0,0.0,0.0,0.0,0.0
1014,1521990756,463191371,0.0,0.0,0.0,0.0,0.0,0.0
1015,1521990756,473192435,0.0,0.0,0.0,0.0,0.0,0.0
1016,1521990756,483190976,0.0,0.0,0.0,0.0,0.0,0.0
1017,1521990756,493189054,0.0,0.0,0.0,0.0,0.0,0.0
1018,1521990756,503188054,0.0,0.0,0.0,0.0,0.0,0.0
1019,1521990756,513187155,0.0,0.0,0.0,0.0,0.0,0.0
1020,1521990756,523186728,0.0,0.0,0.0,0.0,0.0,0.0
1021,1521990756,533186783,0.0,0.0,0.0,0.0,0.0,0.0
1022,1521990756,543187087,0.0,0.0,0.0,0.0,0.0,0.0
1023,1521990756,553188665,0.0,0.0,0.0,0.0,0.0,0.0
1024,1521990756,563187973,0.0,0.0,0.0,0.0,0.0,0.0
1025,1521990756,573190676,0.0,0.0,0.0,0.0,0.0,0.0
1026,1521990756,583190779,0.0,0.0,0.0,0.0,0.0,0.0
1027,1521990756,593192369,0.0,0.0,0.0,0.0,0.0,0.0
1028,1521990756,603192132,0.0,0.0,0.0,0.0,0.0,0.0
1029,1521990756,613192420,0.0,0.0,0.0,0.0,0.0,0.0
1030,1521990756,623191371,0.0,0.0,0.0,0.0,0.0,0.0
1031,1521990756,633191586,0.0,0.0,0.0,0.0,0.0,0.0
1032,1521990756,643189158,0.0,0.0,0.0,0.0,0.0,0.0
1033,1521990756,653186426,0.0,0.0,0.0,0.0,0.0,0.0
1034,1521990756,663188913,0.0,0.0,0.0,0.0,0.0,0.0
1035,1521990756,673188946,0.0,0.0,0.0,0.0,0.0,0.0
1036,1521990756,683188414,0.0,0.0,0.0,0.0,0.0,0.0
1037,1521990756,693187180,0.0,0.0,0.0,0.0,0.0,0.0
1038,1521990756,703188675,0.0,0.0,0.0,0.0,0.0,0.0
1039,1521990756,713187503,0.0,0.0,0.0,0.0,0.0,0.0
1040,1521990756,723183602,0.0,0.0,0.0,0.0,0.0,0.0
1041,1521990756,733188547,0.0,0.0,0.0,0.0,0.0,0.0
1042,1521990756,743187210,0.0,0.0,0.0,0.0,0.0,0.0
1043,1521990756,753186438,0.0,0.0,0.0,0.0,0.0,0.0
1044,1521990756,763188245,0.0,0.0,0.0,0.0,0.0,0.0
1045,1521990756,773191216,0.0,0.0,0.0,0.0,0.0,0.0
1046,1521990756,783188462,0.0,0.0,0.0,0.0,0.0,0.0
1047,1521990756,793188640,0.0,0.0,0.0,0.0,0.0,0.0
1048,1521990756,803188588,0.0,0.0,0.0,0.0,0.0,0.0
1049,1521990756,813190312,0.0,0.0,0.0,0.0,0.0,0.0
1050,1521990756,823190044,0.0,0.0,0.0,0.0,0.0,0.0
1051,1521990756,833189131,0.0,0.0,0.0,0.0,0.0,0.0
1052,1521990756,843187464,0.0,0.0,0.0,0.0,0.0,0.0
1053,1521990756,853187639,0.0,0.0,0.0,0.0,0.0,0.0
1054,1521990756,863193820,0.0,0.0,0.0,0.0,0.0,0.0
1055,1521990756,873188707,0.0,0.0,0.0,0.0,0.0,0.0
1056,1521990756,883189055,0.0,0.0,0.0,0.0,0.0,0.0
1057,1521990756,893202172,0.0,0.0,0.0,0.0,0.0,0.0
1058,1521990756,903190206,0.0,0.0,0.0,0.0,0.0,0.0
1059,1521990756,913186831,0.0,0.0,0.0,0.0,0.0,0.0
1060,1521990756,923187150,0.0,0.0,0.0,0.0,0.0,0.0
1061,1521990756,933186187,0.0,0.0,0.0,0.0,0.0,0.0
1062,1521990756,943189278,0.0,0.0,0.0,0.0,0.0,0.0
1063,1521990756,953188567,0.0,0.0,0.0,0.0,0.0,0.0
1064,1521990756,963187568,0.0,0.0,0.0,0.0,0.0,0.0
1065,1521990756,973188527,0.0,0.0,0.0,0.0,0.0,0.0
1066,1521990756,983189769,0.0,0.0,0.0,0.0,0.0,0.0
1067,1521990756,993189852,0.0,0.0,0.0,0.0,0.0,0.0
1068,1521990757,3186795,0.0,0.0,0.0,0.0,0.0,0.0
1069,1521990757,13188613,0.0,0.0,0.0,0.0,0.0,0.0
1070,1521990757,23186735,0.0,0.0,0.0,0.0,0.0,0.0
1071,1521990757,33190317,0.0,0.0,0.0,0.0,0.0,0.0
1072,1521990757,43187911,0.0,0.0,0.0,0.0,0.0,0.0
1073,1521990757,53189434,0.0,0.0,0.0,0.0,0.0,0.0
1074,1521990757,63187869,0.0,0.0,0.0,0.0,0.0,0.0
1075,1521990757,73188715,0.0,0.0,0.0,0.0,0.0,0.0
1076,1521990757,83189961,0.0,0.0,0.0,0.0,0.0,0.0
1077,1521990757,93190515,0.0,0.0,0.0,0.0,0.0,0.0
1078,1521990757,103189055,0.0,0.0,0.0,0.0,0.0,0.0
1079,1521990757,113186263,0.0,0.0,0.0,0.0,0.0,0.0
1080,1521990757,123188499,0.0,0.0,0.0,0.0,0.0,0.0
1081,1521990757,133190251,0.0,0.0,0.0,0.0,0.0,0.0
1082,1521990757,143187915,0.0,0.0,0.0,0.0,0.0,0.0
1083,1521990757,153189901,0.0,0.0,0.0,0.0,0.0,0.0
1084,1521990757,163190389,0.0,0.0,0.0,0.0,0.0,0.0
1085,1521990757,173191225,0.0,0.0,0.0,0.0,0.0,0.0
1086,1521990757,183192345,0.0,0.0,0.0,0.0,0.0,0.0
1087,1521990757,193192608,0.0,0.0,0.0,0.0,0.0,0.0
1088,1521990757,203193343,0.0,0.0,0.0,0.0,0.0,0.0
1089,1521990757,213189838,0.0,0.0,0.0,0.0,0.0,0.0
1090,1521990757,223192789,0.0,0.0,0.0,0.0,0.0,0.0
1091,1521990757,233192040,0.0,0.0,0.0,0.0,0.0,0.0
1092,1521990757,243191714,0.0,0.0,0.0,0.0,0.0,0.0
1093,1521990757,253196446,0.0,0.0,0.0,0.0,0.0,0.0
1094,1521990757,263193341,0.0,0.0,0.0,0.0,0.0,0.0
1095,1521990757,273192958,0.0,0.0,0.0,0.0,0.0,0.0
1096,1521990757,283192360,0.0,0.0,0.0,0.0,0.0,0.0
1097,1521990757,293193409,0.0,0.0,0.0,0.0,0.0,0.0
1098,1521990757,303191454,0.0,0.0,0.0,0.0,0.0,0.0
1099,1521990757,313192395,0.0,0.0,0.0,0.0,0.0,0.0
1100,1521990757,323190501,0.0,0.0,0.0,0.0,0.0,0.0
1101,1521990757,333192654,0.0,0.0,0.0,0.0,0.0,0.0
1102,1521990757,343196939,0.0,0.0,0.0,0.0,0.0,0.0
