1,1521993010,423065419,0.0,0.0
2,1521993010,427870436,0.0,0.0
3,1521993010,429671003,0.0,0.0
4,1521993010,433049682,0.0,0.0
5,1521993010,436381872,0.0,0.0
6,1521993010,439715892,0.0,0.0
7,1521993010,443048446,0.0,0.0
8,1521993010,446382371,0.0,0.0
9,1521993010,449715777,0.0,0.0
10,1521993010,453049879,0.0,0.0
11,1521993010,456381923,0.0,0.0
12,1521993010,459717054,0.0,0.0
13,1521993010,463049253,0.0,0.0
14,1521993010,466382776,0.0,0.0
15,1521993010,469716103,0.0,0.0
16,1521993010,473049532,0.0,0.0
17,1521993010,476382936,0.0,0.0
18,1521993010,479716946,0.0,0.0
19,1521993010,483049140,0.0,0.0
20,1521993010,486394612,0.0,0.0
21,1521993010,489715715,0.0,0.0
22,1521993010,493049738,0.0,0.0
23,1521993010,496382643,0.0,0.0
24,1521993010,499716743,0.0,0.0
25,1521993010,503049013,0.0,0.0
26,1521993010,506382252,0.0,0.0
27,1521993010,509716739,0.0,0.0
28,1521993010,513049402,0.0,0.0
29,1521993010,516382338,0.0,0.0
30,1521993010,519715805,0.0,0.0
31,1521993010,523049037,0.0,0.0
32,1521993010,526382573,0.0,0.0
33,1521993010,529715993,0.0,0.0
34,1521993010,533049378,0.0,0.0
35,1521993010,536381972,0.0,0.0
36,1521993010,539715579,0.0,0.0
37,1521993010,543049411,0.0,0.0
38,1521993010,546382564,0.0,0.0
39,1521993010,549715163,0.0,0.0
40,1521993010,553049203,0.0,0.0
41,1521993010,556382240,0.0,0.0
42,1521993010,559716408,0.0,0.0
43,1521993010,563049259,0.0,0.0
44,1521993010,566382388,0.0,0.0
45,1521993010,569715988,0.0,0.0
46,1521993010,573049347,0.0,0.0
47,1521993010,576382853,0.0,0.0
48,1521993010,579715944,0.0,0.0
49,1521993010,583048882,0.0,0.0
50,1521993010,586382494,0.0,0.0
51,1521993010,589716146,0.0,0.0
52,1521993010,593049591,0.0,0.0
53,1521993010,596382500,0.0,0.0
54,1521993010,599715635,0.0,0.0
55,1521993010,603048666,0.0,0.0
56,1521993010,606382641,0.0,0.0
57,1521993010,609716121,0.0,0.0
58,1521993010,613049147,0.0,0.0
59,1521993010,616382369,0.0,0.0
60,1521993010,619716652,0.0,0.0
61,1521993010,623064158,0.0,0.0
62,1521993010,626384867,0.0,0.0
63,1521993010,629716151,0.0,0.0
64,1521993010,633049643,0.0,0.0
65,1521993010,636382784,0.0,0.0
66,1521993010,639716952,0.0,0.0
67,1521993010,643049139,0.0,0.0
68,1521993010,646382758,0.0,0.0
69,1521993010,649715939,0.0,0.0
70,1521993010,653049823,0.0,0.0
71,1521993010,656381786,0.0,0.0
72,1521993010,659717241,0.0,0.0
73,1521993010,663049339,0.0,0.0
74,1521993010,666388201,0.0,0.0
75,1521993010,669715746,0.0,0.0
76,1521993010,673048996,0.0,0.0
77,1521993010,676403535,0.0,0.0
78,1521993010,679715663,0.0,0.0
79,1521993010,683048667,0.0,0.0
80,1521993010,686382119,0.0,0.0
81,1521993010,689715990,0.0,0.0
82,1521993010,693049287,0.0,0.0
83,1521993010,696382226,0.0,0.0
84,1521993010,699716453,0.0,0.0
85,1521993010,703048816,0.0,0.0
86,1521993010,706382523,0.0,0.0
87,1521993010,709715880,0.0,0.0
88,1521993010,713049418,0.0,0.0
89,1521993010,716382537,0.0,0.0
90,1521993010,719716545,0.0,0.0
91,1521993010,723048414,0.0,0.0
92,1521993010,726382409,0.0,0.0
93,1521993010,729715301,0.0,0.0
94,1521993010,733049276,0.0,0.0
95,1521993010,736382872,0.0,0.0
96,1521993010,739716649,0.0,0.0
97,1521993010,743048969,0.0,0.0
98,1521993010,746390911,0.0,0.0
99,1521993010,749715798,0.0,0.0
100,1521993010,753049496,0.0,0.0
101,1521993010,756392778,0.0,0.0
102,1521993010,759716526,0.0,0.0
103,1521993010,763049227,0.0,0.0
104,1521993010,766382465,0.0,0.0
105,1521993010,769715917,0.0,0.0
106,1521993010,773049270,0.0,0.0
107,1521993010,776381904,0.0,0.0
108,1521993010,779716463,0.0,0.0
109,1521993010,783049397,0.0,0.0
110,1521993010,786382329,0.0,0.0
111,1521993010,789715336,0.0,0.0
112,1521993010,793049730,0.0,0.0
113,1521993010,796382387,0.0,0.0
114,1521993010,799715660,0.0,0.0
115,1521993010,803049026,0.0,0.0
116,1521993010,806381981,0.0,0.0
117,1521993010,809715782,0.0,0.0
118,1521993010,813049332,0.0,0.0
119,1521993010,816382261,0.0,0.0
120,1521993010,819715667,0.0,0.0
121,1521993010,823049305,0.0,0.0
122,1521993010,826382996,0.0,0.0
123,1521993010,829715776,0.0,0.0
124,1521993010,833049141,0.0,0.0
125,1521993010,836382548,0.0,0.0
126,1521993010,839715789,0.0,0.0
127,1521993010,843049307,0.0,0.0
128,1521993010,846382192,0.0,0.0
129,1521993010,849715921,0.0,0.0
130,1521993010,853049073,0.0,0.0
131,1521993010,856382879,0.0,0.0
132,1521993010,859716176,0.0,0.0
133,1521993010,863049197,0.0,0.0
134,1521993010,866382735,0.0,0.0
135,1521993010,869716087,0.0,0.0
136,1521993010,873049610,0.0,0.0
137,1521993010,876382175,0.0,0.0
138,1521993010,879716920,0.0,0.0
139,1521993010,883049705,0.0,0.0
140,1521993010,886382591,0.0,0.0
141,1521993010,889716359,0.0,0.0
142,1521993010,893049485,0.0,0.0
143,1521993010,896382377,0.0,0.0
144,1521993010,899716547,0.0,0.0
145,1521993010,903049170,0.0,0.0
146,1521993010,906382197,0.0,0.0
147,1521993010,909715312,0.0,0.0
148,1521993010,913049304,0.0,0.0
149,1521993010,916382141,0.0,0.0
150,1521993010,919716874,0.0,0.0
151,1521993010,923049091,0.0,0.0
152,1521993010,926383015,0.0,0.0
153,1521993010,929716087,0.0,0.0
154,1521993010,933049338,0.0,0.0
155,1521993010,936382799,0.0,0.0
156,1521993010,939725116,0.0,0.0
157,1521993010,943049029,0.0,0.0
158,1521993010,946382872,0.0,0.0
159,1521993010,949716503,0.0,0.0
160,1521993010,953049551,0.0,0.0
161,1521993010,956382180,0.0,0.0
162,1521993010,959715945,0.0,0.0
163,1521993010,963049283,0.0,0.0
164,1521993010,966382478,0.0,0.0
165,1521993010,969716164,0.0,0.0
166,1521993010,973049508,0.0,0.0
167,1521993010,976382847,0.0,0.0
168,1521993010,979716269,0.0,0.0
169,1521993010,983049067,0.0,0.0
170,1521993010,986382780,0.0,0.0
171,1521993010,989715581,0.0,0.0
172,1521993010,993049210,0.0,0.0
173,1521993010,996383528,0.0,0.0
174,1521993010,999716363,0.0,0.0
175,1521993011,3049195,0.0,0.0
176,1521993011,6382543,0.0,0.0
177,1521993011,9683018,0.0,0.0
178,1521993011,13048867,0.0,0.0
179,1521993011,16382293,0.0,0.0
180,1521993011,19716795,0.0,0.0
181,1521993011,23049545,0.0,0.0
182,1521993011,26381916,0.0,0.0
183,1521993011,29714993,0.0,0.0
184,1521993011,33049547,0.0,0.0
185,1521993011,36381988,0.0,0.0
186,1521993011,39716887,0.0,0.0
187,1521993011,43048823,0.0,0.0
188,1521993011,46382453,0.0,0.0
189,1521993011,49715279,0.0,0.0
190,1521993011,53049042,0.0,0.0
191,1521993011,56393306,0.0,0.0
192,1521993011,59717692,0.0,0.0
193,1521993011,63050414,0.0,0.0
194,1521993011,66383075,0.0,0.0
195,1521993011,69716103,0.0,0.0
196,1521993011,73049863,0.0,0.0
197,1521993011,76382391,0.0,0.0
198,1521993011,79716257,0.0,0.0
199,1521993011,83049062,0.0,0.0
200,1521993011,86382531,0.0,0.0
201,1521993011,89725909,0.0,0.0
202,1521993011,93049249,0.0,0.0
203,1521993011,96382583,0.0,0.0
204,1521993011,99715869,0.0,0.0
205,1521993011,103049155,0.0,0.0
206,1521993011,106382415,0.0,0.0
207,1521993011,109715832,0.0,0.0
208,1521993011,113050869,0.0,0.0
209,1521993011,116398306,0.0,0.0
210,1521993011,119715763,0.0,0.0
211,1521993011,123048910,0.0,0.0
212,1521993011,126382592,0.0,0.0
213,1521993011,129715732,0.0,0.0
214,1521993011,133049171,0.0,0.0
215,1521993011,136382517,0.0,0.0
216,1521993011,139716126,0.0,0.0
217,1521993011,143048906,0.0,0.0
218,1521993011,146383076,0.0,0.0
219,1521993011,149715342,0.0,0.0
220,1521993011,153049172,0.0,0.0
221,1521993011,156382818,0.0,0.0
222,1521993011,159716718,0.0,0.0
223,1521993011,163048751,0.0,0.0
224,1521993011,166383025,0.0,0.0
225,1521993011,169726403,0.000351422591199,0.0
226,1521993011,173049764,0.000353540354141,0.0
227,1521993011,176395454,0.000351172165352,0.0
228,1521993011,179716157,0.000353819571825,0.0
229,1521993011,183048813,0.00035255394165,0.0
230,1521993011,186382491,0.000352427876448,0.0
231,1521993011,189716876,0.000352377475608,0.0
232,1521993011,193049501,0.00035255394165,0.0
233,1521993011,196381977,0.00035255394165,0.0
234,1521993011,199715283,0.000352478291709,0.0
235,1521993011,203049067,0.000352427876448,0.0
236,1521993011,206382861,0.000352453082276,0.0
237,1521993011,209716211,0.0,0.0
238,1521993011,213049350,0.0,0.0
239,1521993011,216382943,0.0,0.0
240,1521993011,219716461,0.0,0.0
241,1521993011,223048762,0.0,0.0
242,1521993011,226382652,0.0,0.0
243,1521993011,229715360,0.0,0.0
244,1521993011,233049570,0.0,0.0
245,1521993011,236395799,0.0,0.0
246,1521993011,239715635,0.0,0.0
247,1521993011,243049315,0.0,0.0
248,1521993011,246382954,0.0,0.0
249,1521993011,249715994,0.0,0.0
250,1521993011,253048972,0.0,0.0
251,1521993011,256381828,0.0,0.0
252,1521993011,259715030,0.0,0.0
253,1521993011,263049706,0.0,0.0
254,1521993011,266383231,0.0,0.0
255,1521993011,269715730,0.0,0.0
256,1521993011,273051602,0.0,0.0
257,1521993011,276624975,0.0,0.0
258,1521993011,279716848,0.0,0.0
259,1521993011,283049008,0.0,0.0
260,1521993011,286383927,0.0,0.0
261,1521993011,289716201,0.0,0.0
262,1521993011,293050549,0.0,0.0
263,1521993011,296402507,0.0,0.0
264,1521993011,299715910,0.0,0.0
265,1521993011,303049594,0.0,0.0
266,1521993011,306400238,0.0,0.0
267,1521993011,309716195,0.0,0.0
268,1521993011,313049805,0.0,0.0
269,1521993011,316383219,0.000352478291709,0.0
270,1521993011,319716150,0.0,0.0
271,1521993011,323049370,0.000352503504748,0.0
272,1521993011,326383197,0.000352427876448,0.0
273,1521993011,329715564,0.000352579165513,0.0
274,1521993011,333049586,0.000352402674226,0.0
275,1521993011,336381954,0.000352579165513,0.0
276,1521993011,339715689,0.000352427876448,0.0
277,1521993011,343048885,0.000352503504748,0.0
278,1521993011,346382464,0.000352453082276,0.0
279,1521993011,349715555,0.000352503504748,0.0
280,1521993011,353048941,0.000352453082276,0.0
281,1521993011,356382011,0.000352528721395,0.0
282,1521993011,359715921,0.000704805348452,0.0
283,1521993011,363048850,0.00070505744279,0.0
284,1521993011,366382739,0.000704805348452,0.0
285,1521993011,369716004,0.000705007009496,0.0
286,1521993011,373049968,0.000704805348452,0.0
287,1521993011,376382680,0.000705107883299,0.0
288,1521993011,379715886,0.000704956583417,0.0
289,1521993011,383049073,0.000705007009496,0.0
290,1521993011,386391185,0.000703095876213,0.0
291,1521993011,389715779,0.000353413582643,0.0
292,1521993011,393049457,0.000352427876448,0.0
293,1521993011,396389138,0.00035179890037,0.0
294,1521993011,399716136,0.0,0.0
295,1521993011,403048968,0.0,0.0
296,1521993011,406392316,0.0,0.0
297,1521993011,409715399,0.0,0.0
298,1521993011,413049608,0.0,0.0
299,1521993011,416382480,0.0,0.0
300,1521993011,419716483,0.0,0.0
301,1521993011,423048702,0.0,0.0
302,1521993011,426382004,0.0,0.0
303,1521993011,429715225,0.0,0.0
304,1521993011,433049568,0.0,0.0
305,1521993011,436382433,0.0,0.0
306,1521993011,439716362,0.0,0.0
307,1521993011,443050254,0.0,0.0
308,1521993011,446383572,0.0,0.0
309,1521993011,449716220,0.0,0.0
310,1521993011,453049683,0.0,0.0
311,1521993011,456383212,0.0,0.0
312,1521993011,459716670,0.0,0.0
313,1521993011,463048994,0.0,0.0
314,1521993011,466382104,0.0,0.0
315,1521993011,469715639,0.0,0.0
316,1521993011,473049741,0.0,0.0
317,1521993011,476382631,0.0,0.0
318,1521993011,479716886,0.0,0.0
319,1521993011,483049015,0.0,0.0
320,1521993011,486392421,0.0,0.0
321,1521993011,489715580,0.0,0.0
322,1521993011,493049300,0.0,0.0
323,1521993011,496382134,0.0,0.0
324,1521993011,499716564,0.0,0.0
325,1521993011,503049165,0.0,0.0
326,1521993011,506382272,0.0,0.0
327,1521993011,509715941,0.0,0.0
328,1521993011,513049213,0.0,0.0
329,1521993011,516382327,0.0,0.0
330,1521993011,519716823,0.0,0.0
331,1521993011,523048163,0.0,0.0
332,1521993011,526382205,0.0,0.0
333,1521993011,529716606,0.0,0.0
334,1521993011,533049161,0.0,0.0
335,1521993011,536382009,0.0,0.0
336,1521993011,539716766,0.0,0.0
337,1521993011,543048347,0.0,0.0
338,1521993011,546382872,0.0,0.0
339,1521993011,549715610,0.0,0.0
340,1521993011,553049573,0.0,0.0
341,1521993011,556381640,0.0,0.0
342,1521993011,559715850,0.0,0.0
343,1521993011,563049348,0.0,0.0
344,1521993011,566382675,0.0,0.0
345,1521993011,569715903,0.0,0.0
346,1521993011,573049194,0.0,0.0
347,1521993011,576382254,0.0,0.0
348,1521993011,579715975,0.0,0.0
349,1521993011,583048799,0.0,0.0
350,1521993011,586383800,0.0,0.0
351,1521993011,589715159,0.0,0.0
352,1521993011,593049147,0.0,0.0
353,1521993011,596382520,0.0,0.0
354,1521993011,599715917,0.0,0.0
355,1521993011,603049424,0.0,0.0
356,1521993011,606382320,0.0,0.0
357,1521993011,609716135,0.0,0.0
358,1521993011,613049213,0.0,0.0
359,1521993011,616382381,0.0,0.0
360,1521993011,619715100,0.0,0.0
361,1521993011,623048788,0.0,0.0
362,1521993011,626382150,0.0,0.0
363,1521993011,629714950,0.0,0.0
364,1521993011,633048749,0.0,0.0
365,1521993011,636355318,0.0,0.0
366,1521993011,639715401,0.0,0.0
367,1521993011,643048655,0.0,0.0
368,1521993011,646382562,0.0,0.0
369,1521993011,649716146,0.0,0.0
370,1521993011,653049030,0.0,0.0
371,1521993011,656385277,0.0,0.0
372,1521993011,659715967,0.0,0.0
373,1521993011,663048979,0.0,0.0
374,1521993011,666397138,0.0,0.0
375,1521993011,669715675,0.0,0.0
376,1521993011,673049248,0.0,0.0
377,1521993011,676382031,0.0,0.0
378,1521993011,679716318,0.0,0.0
379,1521993011,683049403,0.0,0.0
380,1521993011,686382312,0.0,0.0
381,1521993011,689716174,0.0,0.0
382,1521993011,693049120,0.0,0.0
383,1521993011,696382521,0.0,0.0
384,1521993011,699716081,0.0,0.0
385,1521993011,703048988,0.0,0.0
386,1521993011,706382229,0.0,0.0
387,1521993011,709716474,0.0,0.0
388,1521993011,713048352,0.0,0.0
389,1521993011,716382398,0.0,0.0
390,1521993011,719716444,0.0,0.0
391,1521993011,723049947,0.0,0.0
392,1521993011,726381924,0.0,0.0
393,1521993011,729714899,0.0,0.0
394,1521993011,733049118,0.0,0.0
395,1521993011,736382087,0.0,0.0
396,1521993011,739715740,0.0,0.0
397,1521993011,743048711,0.0,0.0
398,1521993011,746382432,0.0,0.0
399,1521993011,749715400,0.0,0.0
400,1521993011,753049463,0.0,0.0
401,1521993011,756381953,0.0,0.0
402,1521993011,759717056,0.0,0.0
403,1521993011,763049205,0.0,0.0
404,1521993011,766382656,0.0,0.0
405,1521993011,769715577,0.0,0.0
406,1521993011,773049118,0.0,0.0
407,1521993011,776382181,0.0,0.0
408,1521993011,779715867,0.0,0.0
409,1521993011,783049287,0.0,0.0
410,1521993011,786382313,0.0,0.0
411,1521993011,789715380,0.0,0.0
412,1521993011,793048890,0.0,0.0
413,1521993011,796382293,0.0,0.0
414,1521993011,799716740,0.0,0.0
415,1521993011,803049010,0.0,0.0
416,1521993011,806382535,0.0,0.0
417,1521993011,809715599,0.0,0.0
418,1521993011,813048837,0.0,0.0
419,1521993011,816382734,0.0,0.0
420,1521993011,819716619,0.0,0.0
421,1521993011,823049448,0.0,0.0
422,1521993011,826384487,0.0,0.0
423,1521993011,829715268,0.0,0.0
424,1521993011,833049407,0.0,0.0
425,1521993011,836382794,0.0,0.0
426,1521993011,839716576,0.0,0.0
427,1521993011,843049478,0.0,0.0
428,1521993011,846382371,0.0,0.0
429,1521993011,849715728,0.0,0.0
430,1521993011,853049267,0.0,0.0
431,1521993011,856382205,0.0,0.0
432,1521993011,859717710,0.0,0.0
433,1521993011,863049145,0.0,0.0
434,1521993011,866382339,0.0,0.0
435,1521993011,869716029,0.0,0.0
436,1521993011,873049250,0.0,0.0
437,1521993011,876382653,0.0,0.0
438,1521993011,879715665,0.0,0.0
439,1521993011,883048850,0.0,0.0
440,1521993011,886382667,0.0,0.0
441,1521993011,889716071,0.0,0.0
442,1521993011,893049002,0.0,0.0
443,1521993011,896383012,0.0,0.0
444,1521993011,899715861,0.0,0.0
445,1521993011,903050065,0.0,0.0
446,1521993011,906382073,0.0,0.0
447,1521993011,909716190,0.0,0.0
448,1521993011,913049355,0.0,0.0
449,1521993011,916382417,0.0,0.0
450,1521993011,919717096,0.0,0.0
451,1521993011,923049228,0.0,0.0
452,1521993011,926381926,0.0,0.0
453,1521993011,929715758,0.0,0.0
454,1521993011,933048858,0.0,0.0
455,1521993011,936382639,0.0,0.0
456,1521993011,939717171,0.0,0.0
457,1521993011,943049217,0.0,0.0
458,1521993011,946382815,0.0,0.0
459,1521993011,949716110,0.0,0.0
460,1521993011,953048908,0.0,0.0
461,1521993011,956382215,0.000352478291709,0.0
462,1521993011,959715512,0.000704956583417,0.0
463,1521993011,963049184,0.00176226541138,0.000351006876491
464,1521993011,966382512,0.00352478291709,0.000351031982483
465,1521993011,969715605,0.00528755257122,0.0010531712762
466,1521993011,973050639,0.00775064183016,0.00105256894776
467,1521993011,976382403,0.010226259098,0.00175591346944
468,1521993011,979715697,0.0137476366852,0.0021063425524
469,1521993011,983049087,0.0158603887024,0.00245704813544
470,1521993011,986382608,0.0193849195252,0.00245704813544
471,1521993011,989715558,0.0222093094479,0.0024575754367
472,1521993011,993048858,0.0246734804196,0.00175515991242
473,1521993011,996381615,0.0285568692736,0.00175553661007
474,1521993011,999716452,0.0306502654193,0.0017542815796
475,1521993012,3048879,0.0331424415582,0.00175566221188
476,1521993012,6382825,0.0359450727711,0.00175478337639
477,1521993012,9715908,0.0377205731892,0.00280865764195
478,1521993012,13049023,0.0394775686714,0.00386135180732
479,1521993012,16381817,0.0394860414648,0.00491550250818
480,1521993012,19715668,0.0394690995133,0.0049133934539
481,1521993012,23049021,0.0394775686714,0.00561651171973
482,1521993012,26382532,0.0387726120879,0.00596754370221
483,1521993012,29715442,0.0338403364558,0.00667008474927
484,1521993012,33049399,0.0288990858688,0.0070196354818
485,1521993012,36381873,0.0208006825573,0.0080754684063
486,1521993012,39715935,0.0148009123175,0.00912487355725
487,1521993012,43049195,0.0105751051424,0.00947854148581
488,1521993012,46392257,0.0105434296029,0.0112001783417
489,1521993012,49715358,0.0106069715807,0.0123240231847
490,1521993012,53049345,0.014096106969,0.0143892236864
491,1521993012,56383218,0.0165641101931,0.0161451616081
492,1521993012,59716751,0.0193849195252,0.0175503438246
493,1521993012,63049368,0.0218583443823,0.0179064734227
494,1521993012,66382578,0.0232635672528,0.0179026311066
495,1521993012,69715810,0.0239702383229,0.0179039116954
496,1521993012,73049237,0.024319262677,0.0175503438246
497,1521993012,76381910,0.0246787759155,0.0175553661007
498,1521993012,79716633,0.0250152233319,0.0175440700189
499,1521993012,83048748,0.025387516295,0.0179090358831
500,1521993012,86382232,0.0264358718781,0.0200088230015
501,1521993012,89715722,0.0271388873352,0.021411419466
502,1521993012,93048793,0.0285527838846,0.0228187109844
503,1521993012,96381572,0.0306699987613,0.024575754367
504,1521993012,99715634,0.0313638380061,0.0263217506459
505,1521993012,103048785,0.0317253154273,0.0266803389971
506,1521993012,106382040,0.0317230462538,0.0266784306687
507,1521993012,109715922,0.0317185088804,0.0266746148308
508,1521993012,113048788,0.0317275849255,0.0277354942142
509,1521993012,116382179,0.0317230462538,0.0287846225636
510,1521993012,119716488,0.0317139728047,0.030531047465
511,1521993012,123048679,0.0317321248962,0.0319530522563
512,1521993012,126381974,0.0317253154273,0.0337014808384
513,1521993012,129715377,0.0320732304871,0.0347496807726
514,1521993012,133050004,0.033825818937,0.0361433683077
515,1521993012,136382058,0.0363182524776,0.0372227020315
516,1521993012,139715664,0.0387698390503,0.037908742661
517,1521993012,143049462,0.0405292057916,0.0386079951499
518,1521993012,146382345,0.043713561453,0.0400233713978
519,1521993012,149715455,0.0451204486078,0.0403715655877
520,1521993012,153048868,0.0475845693807,0.0407197099681
521,1521993012,156381770,0.0500554976742,0.0407226226798
522,1521993012,159716506,0.0507351008421,0.0414040052447
523,1521993012,163049277,0.0518254294225,0.0431862006076
524,1521993012,166382471,0.0521667871729,0.0456341577228
525,1521993012,169715518,0.0528793082092,0.0473960977079
526,1521993012,173050257,0.0528490633772,0.0498251588538
527,1521993012,176382058,0.0528944436105,0.0519750386956
528,1521993012,179715427,0.0535767003397,0.0540589253024
529,1521993012,183049049,0.0535728685059,0.0554590864856
530,1521993012,186382803,0.0542738929731,0.0572100291766
531,1521993012,189725892,0.054122938628,0.057050908428
532,1521993012,193049917,0.0562008205727,0.0584343116065
533,1521993012,196382569,0.0588765082555,0.0596882447422
534,1521993012,199714731,0.0613531643796,0.0614525741086
535,1521993012,203048020,0.0645035273827,0.062483692882
536,1521993012,206381883,0.0690758637839,0.0635277011103
537,1521993012,209715647,0.071542858919,0.0635277011103
538,1521993012,213048860,0.0736679629671,0.0642388527944
539,1521993012,216382193,0.0761353110091,0.0645898847769
540,1521993012,219716230,0.0782333936782,0.0670327249782
541,1521993012,223049021,0.0782669750462,0.0688170351146
542,1521993012,226382427,0.0782445842652,0.0712543959277
543,1521993012,229715414,0.0768512612641,0.0747805097169
544,1521993012,233049524,0.0764659122069,0.0779068107727
545,1521993012,236382014,0.0765096789164,0.0821649915161
546,1521993012,239715036,0.0764932605303,0.083902645004
547,1521993012,243048958,0.0789438443244,0.0852885711038
548,1521993012,246392389,0.0829298176801,0.085039224882
549,1521993012,249715462,0.0869771669615,0.0855639323967
550,1521993012,253048693,0.090945904225,0.0853068733723
551,1521993012,256383185,0.0919639452349,0.085270276687
552,1521993012,259716391,0.0920034147392,0.0856579304644
553,1521993012,263048563,0.0920231621989,0.0870808457094
554,1521993012,266382599,0.0916246952988,0.0926525622736
555,1521993012,269715528,0.0916574675626,0.0958454420315
556,1521993012,273048468,0.0916574675626,0.0993562640839
557,1521993012,276382313,0.0951555266411,0.101784714486
558,1521993012,279715485,0.0972840085116,0.102150306903
559,1521993012,283049014,0.101858940778,0.102494007935
560,1521993012,286382946,0.103613795676,0.102486678034
561,1521993012,289715544,0.10470852067,0.103576659994
562,1521993012,293050329,0.104641145487,0.103510013112
563,1521993012,296382088,0.103673109477,0.110622548575
564,1521993012,299715484,0.102923661179,0.115138490255
565,1521993012,303048697,0.102931023386,0.120412582579
566,1521993012,306383179,0.102886865933,0.120360925529
567,1521993012,309715636,0.103298304903,0.121132026094
568,1521993012,313049139,0.103276139471,0.121106033957
569,1521993012,316382646,0.103268753107,0.121097372389
570,1521993012,319716010,0.102923661179,0.121106033957
571,1521993012,323048772,0.100470685598,0.124634182861
572,1521993012,326382431,0.100449128449,0.128468516796
573,1521993012,329715428,0.100463498853,0.130944295341
574,1521993012,333050512,0.102519853299,0.131921974786
575,1521993012,336383193,0.10682384432,0.133771889687
576,1521993012,339715890,0.110694018518,0.134815566813
577,1521993012,343048901,0.110694018518,0.13727314225
578,1521993012,346381776,0.110694018518,0.143592621945
579,1521993012,349716117,0.109229206984,0.144573473231
580,1521993012,353049389,0.10469354091,0.144635521932
581,1521993012,356383462,0.103246600353,0.144934742564
582,1521993012,359715913,0.103305695495,0.145368831144
583,1521993012,363048813,0.103290915369,0.146401279587
584,1521993012,366382271,0.108555549341,0.150932956891
585,1521993012,369715623,0.110678183597,0.15269891238
586,1521993012,373048984,0.110678183597,0.154805104275
587,1521993012,376382900,0.110662353205,0.157590816566
588,1521993012,379715930,0.107866072453,0.161135205259
589,1521993012,383048851,0.105406087697,0.163604307643
590,1521993012,386382665,0.105375935058,0.167418306241
591,1521993012,389716148,0.1053834716,0.168834307592
592,1521993012,393048971,0.10857884619,0.171328116159
593,1521993012,396382732,0.111014781081,0.171279105756
594,1521993012,399714998,0.113186010149,0.174174152902
595,1521993012,403049076,0.113121258427,0.17618025099
596,1521993012,406381827,0.113161719568,0.178349760264
597,1521993012,409715810,0.112768855752,0.178987904392
598,1521993012,413048909,0.112801121519,0.180443345322
599,1521993012,416382035,0.112801121519,0.183602859151
600,1521993012,419715993,0.114186631969,0.187424267364
601,1521993012,423049180,0.115260401389,0.190610366488
602,1521993012,426383606,0.115227434524,0.193012369031
603,1521993012,429715766,0.115293387123,0.195229637961
604,1521993012,433049434,0.113489892493,0.198318885217
605,1521993012,436382741,0.11349800993,0.204300613805
606,1521993012,439715757,0.113506128529,0.205719455951
607,1521993012,443049556,0.115596343475,0.208834155583
608,1521993012,446382808,0.119851191614,0.214495883253
609,1521993012,449716421,0.121243860303,0.217624263424
610,1521993012,453049049,0.121278555927,0.21803764697
611,1521993012,456381761,0.12126988016,0.221181789303
612,1521993012,459716209,0.119447423121,0.223878339615
613,1521993012,463049059,0.119507236553,0.225043693561
614,1521993012,466382385,0.119490140889,0.227117692667
615,1521993012,469716012,0.120186501056,0.228154469719
616,1521993012,473049128,0.124081233671,0.23099556658
617,1521993012,476382546,0.12583475014,0.234138332316
618,1521993012,479716323,0.125816751892,0.236210733962
619,1521993012,483049353,0.1261962547,0.236612480053
620,1521993012,486382284,0.126205282259,0.241544557207
621,1521993012,489715806,0.126178203455,0.242896758532
622,1521993012,493048837,0.129016282738,0.245739964447
623,1521993012,496381989,0.133951331804,0.252410049196
624,1521993012,499715139,0.136418856338,0.256271677209
625,1521993012,503049218,0.136379834926,0.25795315633
626,1521993012,506382320,0.137123863347,0.260484362314
627,1521993012,509715693,0.137104249005,0.261851129862
628,1521993012,513049004,0.137123863347,0.261888590682
629,1521993012,516382650,0.140971150579,0.263236330567
630,1521993012,519715582,0.142069074722,0.263662736138
631,1521993012,523049048,0.143800857568,0.26606321238
632,1521993012,526382295,0.143821429937,0.267856561247
633,1521993012,529714695,0.144204878695,0.27037198063
634,1521993012,533049344,0.145863414921,0.274038373696
635,1521993012,536382155,0.151939878921,0.2812168464
636,1521993012,539715925,0.152248842626,0.282540328142
637,1521993012,543049317,0.152270622018,0.287144161671
638,1521993012,546382768,0.152270622018,0.294866865286
639,1521993012,549716330,0.152612184625,0.295547790005
640,1521993012,553049655,0.154033013477,0.296270993216
641,1521993012,556381933,0.156192570322,0.297409178693
642,1521993012,559715549,0.156841621613,0.300812893153
643,1521993012,563048840,0.157557796394,0.300834408988
644,1521993012,566382723,0.158240116525,0.302195307491
645,1521993012,569715814,0.158626577137,0.302611213362
646,1521993012,573049184,0.161435057603,0.302940600883
647,1521993012,576382009,0.168508728827,0.311409916051
648,1521993012,579714871,0.169918843712,0.311760998256
649,1521993012,583048850,0.170562894325,0.316913877777
650,1521993012,586382194,0.171656928062,0.317332912165
651,1521993012,589715399,0.171656928062,0.319790136042
652,1521993012,593049224,0.173042087336,0.320446359744
653,1521993012,596382394,0.173079220831,0.321568296333
654,1521993012,599715801,0.173419319521,0.321896327937
655,1521993012,603049116,0.173771797812,0.322949423885
656,1521993012,606381946,0.173796659648,0.324399957645
657,1521993012,609716052,0.175496531765,0.325336837983
658,1521993012,613049355,0.179058972188,0.327512839657
659,1521993012,616382226,0.182257348961,0.333879177187
660,1521993012,619715571,0.182583755105,0.333831415342
661,1521993012,623049755,0.184645797219,0.334788727374
662,1521993012,626382015,0.187924695219,0.339896204221
663,1521993012,629688613,0.189401749717,0.342567727602
664,1521993012,633048657,0.187063960768,0.337422805771
665,1521993012,636382239,0.188562399017,0.340827677073
666,1521993012,639716260,0.193130476294,0.34326017506
667,1521993012,643048713,0.193199560024,0.347596248793
668,1521993012,646382051,0.196330408482,0.348223726623
669,1521993012,649715559,0.19666881991,0.350304862738
670,1521993012,653049637,0.197697900241,0.35306241533
671,1521993012,656381685,0.203467293088,0.362420540093
672,1521993012,659716310,0.204349711725,0.363162249392
673,1521993012,663048621,0.204510547932,0.365203868988
674,1521993012,666381843,0.204437409191,0.365073261783
675,1521993012,669715595,0.206875163475,0.365372026828
676,1521993012,673049269,0.206889959296,0.365398158427
677,1521993012,676382258,0.209034578316,0.370365232131
678,1521993012,679714898,0.211179811048,0.372173761334
679,1521993012,683048055,0.211149599344,0.374226860144
680,1521993012,686381785,0.21533343251,0.377656388921
681,1521993012,689715523,0.216038288263,0.379411297791
682,1521993012,693060257,0.217453049527,0.379943475032
683,1521993012,696382211,0.222103012037,0.382506607417
684,1521993012,699715980,0.224496557298,0.382570133758
685,1521993012,703048733,0.225281968714,0.383058088316
686,1521993012,706382586,0.229078119691,0.385027006177
687,1521993012,709715719,0.2301847886,0.386162801274
688,1521993012,713048467,0.230553783792,0.388296918999
689,1521993012,716381491,0.231947306124,0.391077600563
690,1521993012,719716149,0.232904857472,0.391260734593
691,1521993012,723048976,0.234431599728,0.395318563104
692,1521993012,726382234,0.234750542278,0.395964076241
693,1521993012,729716975,0.236059149751,0.396495982428
694,1521993012,733048628,0.236631410231,0.398269673594
695,1521993012,736382873,0.236445286133,0.397956411785
696,1521993012,739715811,0.236899300777,0.398478302951
697,1521993012,743049086,0.241800108112,0.402633683908
698,1521993012,746382578,0.243562499571,0.402633683908
699,1521993012,749715777,0.244619934446,0.402633683908
700,1521993012,753048953,0.246047446314,0.404768827153
701,1521993012,756383078,0.252654650011,0.404624111806
702,1521993012,759715806,0.253133730104,0.406933386213
703,1521993012,763048772,0.255917544447,0.409683626442
704,1521993012,766382195,0.256604196364,0.409654323558
705,1521993012,769715554,0.257309152947,0.4128136114
706,1521993012,773049218,0.260462827802,0.415241134889
707,1521993012,776381882,0.261928839996,0.420245399676
708,1521993012,779716077,0.26183518695,0.421148010335
709,1521993012,783049446,0.262596327323,0.421589410962
710,1521993012,786382873,0.264339811707,0.426473354937
711,1521993012,789714925,0.264824847677,0.427389338463
712,1521993012,793048990,0.266749749035,0.42989118557
713,1521993012,796382238,0.270722691647,0.434959737071
714,1521993012,799715545,0.271055806324,0.437034818192
715,1521993012,803048583,0.273542719684,0.4381192509
716,1521993012,806382494,0.274188887877,0.438025254064
717,1521993012,809715524,0.276010244218,0.438470307992
718,1521993012,813049462,0.276988501942,0.437993930748
719,1521993012,816381597,0.28102570121,0.438946957919
720,1521993012,819715254,0.281610012738,0.438758595614
721,1521993012,823049444,0.283663867864,0.439015406651
722,1521993012,826381306,0.287413709893,0.439360989124
723,1521993012,829715097,0.287581147182,0.441184090031
724,1521993012,833049188,0.288244775047,0.441471927712
725,1521993012,836382247,0.291541252594,0.443767907428
726,1521993012,839715400,0.291852025535,0.444406489824
727,1521993012,843048822,0.29290946041,0.445810617754
728,1521993012,846381957,0.294692929969,0.454267877135
729,1521993012,849715542,0.296413042194,0.454553905056
730,1521993012,853048576,0.296455447493,0.456374219687
731,1521993012,856381954,0.301368939411,0.456341577228
732,1521993012,859715662,0.302030690116,0.456276306317
733,1521993012,863048852,0.303153014083,0.456374219687
734,1521993012,866381811,0.307735559645,0.455321048411
735,1521993012,869715953,0.307999937274,0.455190807837
736,1521993012,873049040,0.310555587683,0.453214705859
737,1521993012,876382356,0.314763114496,0.452831257403
738,1521993012,879716308,0.316457601455,0.453085067785
739,1521993012,883049097,0.318708763251,0.455386196651
740,1521993012,886382642,0.323551929529,0.458765987574
741,1521993012,889715885,0.325337463247,0.459149833088
742,1521993012,893048740,0.32608906729,0.461673099895
743,1521993012,896382478,0.331987059614,0.47031557728
744,1521993012,899715094,0.332105813034,0.470483811497
745,1521993012,903048777,0.332363256586,0.470349214498
746,1521993012,906382423,0.332363256586,0.469647200745
747,1521993012,909715511,0.332410804977,0.469714389186
748,1521993012,913048863,0.33414942054,0.469680792563
749,1521993012,916382306,0.336945146656,0.46719015261
750,1521993012,919715806,0.338354958985,0.46719015261
751,1521993012,923048679,0.339485158703,0.466939332974
752,1521993012,926381580,0.345125618246,0.466939332974
753,1521993012,929715314,0.348198741931,0.466805759539
754,1521993012,933048918,0.352805535358,0.46613713198
755,1521993012,936382410,0.354240683167,0.464064280843
756,1521993012,939715309,0.355323532786,0.466203818265
757,1521993012,943048719,0.358470422668,0.466170472738
758,1521993012,946381763,0.359906078348,0.469714389186
759,1521993012,949715427,0.36091195625,0.470700221375
760,1521993012,953048872,0.361616862415,0.471402235127
761,1521993012,956382000,0.361668595872,0.471469674646
762,1521993012,959715589,0.362674221662,0.47210424888
763,1521993012,963049145,0.365141393238,0.472806262633
764,1521993012,966392325,0.368317140793,0.47250752379
765,1521993012,969715594,0.371924452557,0.477785705259
766,1521993012,973048910,0.373274510919,0.47635040023
767,1521993012,976381979,0.374711225547,0.476735531027
768,1521993012,979715760,0.375335688418,0.476633249214
769,1521993012,983049152,0.378209207003,0.476701432212
770,1521993012,986382015,0.380731019106,0.478525045747
771,1521993012,989715793,0.381679390194,0.478739139859
772,1521993012,993048994,0.384933827185,0.478490816487
773,1521993012,996382324,0.388783555755,0.478456592125
774,1521993012,999715979,0.389080375599,0.474878340344
775,1521993013,3048637,0.390982321289,0.47434599204
776,1521993013,6381600,0.394127110519,0.472556648258
777,1521993013,9715457,0.394338592459,0.468527161497
778,1521993013,13048896,0.395480643297,0.46792563265
779,1521993013,16382755,0.395776505252,0.467156741314
780,1521993013,19715950,0.397595513047,0.465468408773
781,1521993013,23048012,0.400587252943,0.465317069403
782,1521993013,26382701,0.401300554577,0.460005515897
783,1521993013,29715979,0.402530209131,0.456692609211
784,1521993013,33049208,0.402559002422,0.454969991319
785,1521993013,36382366,0.402882687423,0.454235385333
786,1521993013,39716103,0.403911232288,0.450341822538
787,1521993013,43049078,0.40537903046,0.449353077846
788,1521993013,46382594,0.407788216193,0.448937795032
789,1521993013,49715591,0.409638374261,0.449034140506
790,1521993013,53049470,0.410901518148,0.450277414383
791,1521993013,56382660,0.415601632098,0.453916820043
792,1521993013,59715700,0.415954135603,0.462693247344
793,1521993013,63048638,0.416336419967,0.465886086358
794,1521993013,66382810,0.416862553644,0.468844590956
795,1521993013,69715878,0.417011646117,0.470767560462
796,1521993013,73049351,0.416981819091,0.47073388851
797,1521993013,76382052,0.41704147741,0.469747990616
798,1521993013,79716527,0.416510176169,0.469546454116
799,1521993013,83048846,0.416395994471,0.466303883476
800,1521993013,86382689,0.416217322086,0.461892014702
801,1521993013,89715722,0.417011646117,0.459182676424
802,1521993013,93049053,0.41874421055,0.458798801106
803,1521993013,96382989,0.420768793026,0.457647504563
804,1521993013,99715727,0.423417283921,0.457843947905
805,1521993013,103048497,0.423386994395,0.458864442253
806,1521993013,106382562,0.425702430465,0.460806114641
807,1521993013,109715528,0.426912281609,0.46132201769
808,1521993013,113048899,0.429671037593,0.461256024983
809,1521993013,116382167,0.432138385635,0.461256024983
810,1521993013,119716247,0.433455289298,0.457647504563
811,1521993013,123048625,0.434730111078,0.457876704859
812,1521993013,126381749,0.434989324859,0.456374219687
813,1521993013,129715406,0.43560085529,0.454170415672
814,1521993013,133048947,0.437041822022,0.452447863797
815,1521993013,136382951,0.437331718715,0.452032197759
816,1521993013,139715393,0.438961061064,0.445235936934
817,1521993013,143048768,0.438835473177,0.440896169999
818,1521993013,146382444,0.438804087433,0.439811616243
819,1521993013,149715453,0.439219366916,0.435310794163
820,1521993013,153048667,0.439187951469,0.433524498367
821,1521993013,156382078,0.438835473177,0.432471402419
822,1521993013,159716471,0.438709957132,0.42918932241
823,1521993013,163048563,0.439345073661,0.428763388495
824,1521993013,166382153,0.438804087433,0.427526375566
825,1521993013,169715487,0.439187951469,0.41983425105
826,1521993013,173049900,0.439030941619,0.414771469317
827,1521993013,176382426,0.43822454947,0.415008854619
828,1521993013,179715955,0.436368125135,0.414919803295
829,1521993013,183048717,0.435725499644,0.414979166598
830,1521993013,186382361,0.435632009693,0.414188114259
831,1521993013,189715390,0.436399338878,0.414247368639
832,1521993013,193048316,0.436430557087,0.413925919982
833,1521993013,196382099,0.43560085529,0.41275456633
834,1521993013,199715787,0.437010566796,0.411701621007
835,1521993013,203048908,0.435694331869,0.408279398074
836,1521993013,206382179,0.435663168552,0.408250195628
837,1521993013,209715692,0.435663168552,0.408250195628
838,1521993013,213049072,0.43668936894,0.408572004236
839,1521993013,216382416,0.435663168552,0.408250195628
840,1521993013,219716796,0.436595692278,0.407782496026
841,1521993013,223048156,0.436970640271,0.404971602634
842,1521993013,226382140,0.439798537434,0.404302089921
843,1521993013,229715186,0.440660901744,0.400233713978
844,1521993013,233049131,0.440503342783,0.399037739792
845,1521993013,236382226,0.442039394954,0.39915191368
846,1521993013,239714950,0.444217966478,0.398857917807
847,1521993013,243048610,0.448288258842,0.398364313592
848,1521993013,246382362,0.448288258842,0.39731136827
849,1521993013,249715813,0.450467256804,0.395262012276
850,1521993013,253048999,0.450499479068,0.393886057299
851,1521993013,256382414,0.450435039148,0.391372667288
852,1521993013,259716793,0.450690791303,0.389183122283
853,1521993013,263049375,0.45091649137,0.388675805468
854,1521993013,266382663,0.450819735095,0.387188276679
855,1521993013,269715375,0.451621599253,0.38727137618
856,1521993013,273048979,0.451492398395,0.386458571017
857,1521993013,276381711,0.451941820828,0.383381768126
858,1521993013,279716588,0.453444963776,0.38000455661
859,1521993013,283048908,0.453769386015,0.377818507997
860,1521993013,286382442,0.452902210724,0.375928364722
861,1521993013,289715763,0.452934604846,0.374902157292
862,1521993013,293048735,0.458639866535,0.37425363079
863,1521993013,296382399,0.453222249113,0.372040680535
864,1521993013,299716511,0.458475879168,0.374119815847
865,1521993013,303048862,0.458705494333,0.374307183573
866,1521993013,306381500,0.456204800495,0.372173761334
867,1521993013,309715801,0.455976453437,0.37198747486
868,1521993013,313049185,0.456106909471,0.372093901432
869,1521993013,316382481,0.456106909471,0.372093901432
870,1521993013,319716568,0.456009060449,0.372715989146
871,1521993013,323048264,0.457360622419,0.373307203604
872,1521993013,326382226,0.458156239383,0.373093625857
873,1521993013,329714742,0.461845663561,0.374631512588
874,1521993013,333049011,0.463024002949,0.375847722241
875,1521993013,336381745,0.464666095094,0.376035941876
876,1521993013,339716537,0.464367103541,0.376495742606
877,1521993013,343047982,0.465504413569,0.376845996267
878,1521993013,346382022,0.468343154047,0.376576512574
879,1521993013,349715324,0.470592178839,0.374577917236
880,1521993013,353048696,0.471934677167,0.371014268451
881,1521993013,356381274,0.472808660953,0.370444726707
882,1521993013,359716517,0.473107631148,0.370126952977
883,1521993013,363048405,0.473581585126,0.370146559359
884,1521993013,366382322,0.473276791486,0.368855465718
885,1521993013,369716190,0.47331063807,0.368881844568
886,1521993013,373049202,0.474117213886,0.36860994667
887,1521993013,376382396,0.474822220896,0.36860994667
888,1521993013,379716292,0.476448415554,0.369557379069
889,1521993013,383048949,0.47665292911,0.370418224724
890,1521993013,386381890,0.476618831326,0.370391726532
891,1521993013,389715454,0.476516567237,0.371365275328
892,1521993013,393014663,0.481475259655,0.375229749937
893,1521993013,396382316,0.471692364113,0.367605612717
894,1521993013,399717066,0.480574149643,0.371232521601
895,1521993013,403048345,0.481442787722,0.370226035431
896,1521993013,406381601,0.484305172808,0.36753048566
897,1521993013,409715783,0.484166651485,0.36742536432
898,1521993013,413050071,0.480995254205,0.36707443274
899,1521993013,416381744,0.481021227355,0.367363384991
900,1521993013,419716145,0.480642876729,0.36742536432
901,1521993013,423048730,0.479473360643,0.367609366148
902,1521993013,426382212,0.479688644977,0.367855206563
903,1521993013,429716993,0.480574149643,0.368776351798
904,1521993013,433049162,0.480952392033,0.369066602218
905,1521993013,436382798,0.480746004224,0.370312254698
906,1521993013,439714689,0.4834552146,0.370497742053
907,1521993013,443048454,0.483178618611,0.370636753439
908,1521993013,446382148,0.488147518952,0.371365275328
909,1521993013,449715414,0.488534912308,0.37174286945
910,1521993013,453049790,0.489417317744,0.371259064753
911,1521993013,456381567,0.491953527977,0.371929086717
912,1521993013,459715964,0.491531431428,0.371259064753
913,1521993013,463049245,0.494209913657,0.372471574683
914,1521993013,466382428,0.491707216933,0.372093901432
915,1521993013,469715812,0.494174564975,0.372444933415
916,1521993013,473048975,0.492094892628,0.372471574683
917,1521993013,476382341,0.492059695225,0.377008349187
918,1521993013,479716076,0.491989315522,0.377305407147
919,1521993013,483049047,0.492094892628,0.379492716525
920,1521993013,486382114,0.491425037624,0.379519863868
921,1521993013,489715543,0.491319596692,0.381193467869
922,1521993013,493048927,0.49100226035,0.382624860907
923,1521993013,496382635,0.490932031893,0.385377987951
924,1521993013,499715719,0.494209913657,0.38721597255
925,1521993013,503048664,0.494245267396,0.390754494436
926,1521993013,506382511,0.494103882781,0.396609404722
927,1521993013,509715880,0.494879521559,0.397719236154
928,1521993013,513048980,0.496324934685,0.400907199141
929,1521993013,516382373,0.496253939844,0.401551866706
930,1521993013,519716578,0.49618296531,0.403951133246
931,1521993013,523048903,0.496431465043,0.404153441175
932,1521993013,526381856,0.496324934685,0.402662484601
933,1521993013,529715517,0.499073564502,0.402604887335
934,1521993013,533049230,0.50115244031,0.398364313592
935,1521993013,536382713,0.499109261059,0.392804788399
936,1521993013,539715122,0.502425310856,0.383436627075
937,1521993013,543048912,0.50608643058,0.377656388921
938,1521993013,546382350,0.508942250806,0.377683399104
939,1521993013,549715945,0.513171687793,0.377683399104
940,1521993013,553049172,0.514302613427,0.378088488156
941,1521993013,556381593,0.515786416633,0.378844800452
942,1521993013,559714743,0.517122641465,0.384758572906
943,1521993013,563048875,0.520498749832,0.389210952884
944,1521993013,566382678,0.520535973514,0.392748605207
945,1521993013,569715947,0.521315393437,0.396315108224
946,1521993013,573049214,0.521315393437,0.397017172189
947,1521993013,576382330,0.516770137961,0.399502970772
948,1521993013,579715190,0.513281818351,0.39707397413
949,1521993013,583049600,0.516585379241,0.396903617045
950,1521993013,586382497,0.514691933236,0.395318563104
951,1521993013,589715683,0.516733175645,0.393155820381
952,1521993013,593049255,0.516343765534,0.392074681041
953,1521993013,596382389,0.517122641465,0.393183943115
954,1521993013,599714898,0.517549186342,0.393240200655
955,1521993013,603048949,0.517679528438,0.394124346338
956,1521993013,606381922,0.520332392779,0.39637180972
957,1521993013,609715477,0.520573202521,0.396637770435
958,1521993013,613050238,0.521091764899,0.396495982428
959,1521993013,616381961,0.520871226395,0.396864842294
960,1521993013,619715567,0.520573202521,0.396637770435
961,1521993013,623048880,0.520257958562,0.396666140206
962,1521993013,626381620,0.517512163008,0.396722891925
963,1521993013,629716825,0.517142220794,0.396439295605
964,1521993013,633048594,0.517697332667,0.398972089245
965,1521993013,636382595,0.517679528438,0.398686783117
966,1521993013,639715527,0.518922277893,0.401286960593
967,1521993013,643049569,0.520146347158,0.401143479844
968,1521993013,646382309,0.521742507664,0.401286960593
969,1521993013,649715778,0.523782741479,0.402282651926
970,1521993013,653048667,0.52417271156,0.402311427509
971,1521993013,656382367,0.527269811084,0.402253880459
972,1521993013,659715578,0.529422394146,0.403335747873
973,1521993013,663048511,0.529498139535,0.40444670044
974,1521993013,666381730,0.527307524396,0.405090907786
975,1521993013,669715780,0.529308816688,0.406758786648
976,1521993013,673048853,0.525972852321,0.406904275877
977,1521993013,676382069,0.521315393437,0.40860122761
978,1521993013,679715630,0.521278108686,0.415592141765
979,1521993013,683049188,0.520220749439,0.418751203654
980,1521993013,686382364,0.51818015198,0.419864282112
981,1521993013,689715681,0.520257958562,0.421940442945
982,1521993013,693048906,0.519200523687,0.425801794752
983,1521993013,696382975,0.519089139135,0.426061403788
984,1521993013,699715713,0.521779833641,0.42729761089
985,1521993013,703049088,0.52198301485,0.42717536869
986,1521993013,706382451,0.523430263187,0.426152826735
987,1521993013,709716911,0.525747193607,0.423574417129
988,1521993013,713049044,0.527143567515,0.423144867434
989,1521993013,716381928,0.528402753617,0.423023795941
990,1521993013,719715471,0.529422394146,0.423695602857
991,1521993013,723049141,0.530756381931,0.425389910197
992,1521993013,726382650,0.532204154236,0.425771341184
993,1521993013,729715572,0.53584365652,0.429373537013
994,1521993013,733048245,0.536587099191,0.431159791432
995,1521993013,736382452,0.536318517875,0.434804227691
996,1521993013,739715470,0.537567844741,0.437417136716
997,1521993013,743048922,0.537529394856,0.438438946122
998,1521993013,746382300,0.537529394856,0.444055457841
999,1521993013,749716915,0.539060446447,0.445619378481
1000,1521993013,753048573,0.53956193391,0.4460339378
1001,1521993013,756381385,0.539407530724,0.444150762346
1002,1521993013,759715705,0.542270159833,0.443896707856
1003,1521993013,763049045,0.541054177773,0.443704425859
1004,1521993013,766382234,0.542855397312,0.443736164373
1005,1521993013,769715838,0.543130199787,0.443672691885
1006,1521993013,773048738,0.544304345834,0.444470071838
1007,1521993013,776381821,0.542855397312,0.447246735293
1008,1521993013,779715523,0.544148641236,0.44715078019
1009,1521993013,783048832,0.546341352148,0.450374033526
1010,1521993013,786382127,0.54669383044,0.456341577228
1011,1521993013,789715178,0.546732935864,0.456725276779
1012,1521993013,793049010,0.548377775754,0.46083906938
1013,1521993013,796381971,0.548887219212,0.467290415179
1014,1521993013,799715226,0.550923569941,0.468978728598
1015,1521993013,803049562,0.551118371851,0.469195522536
1016,1521993013,806381550,0.552217991294,0.46953126173
1017,1521993013,809715572,0.552214990512,0.469229074848
1018,1521993013,813049305,0.551902054518,0.467507723088
1019,1521993013,816382387,0.55237299194,0.466203818265
1020,1521993013,819715653,0.552333483107,0.463011184895
1021,1521993013,823049235,0.551236620679,0.460872028833
1022,1521993013,826382081,0.551354920261,0.460970935485
1023,1521993013,829715525,0.554800831149,0.463011184895
1024,1521993013,833024394,0.554262297957,0.464292291025
1025,1521993013,836381776,0.550860764171,0.461814220929
1026,1521993013,839715605,0.556443822603,0.465017594744
1027,1521993013,843048828,0.555545523483,0.471469674646
1028,1521993013,846382242,0.555505787733,0.471786984457
1029,1521993013,849715376,0.555505787733,0.474244208335
1030,1521993013,853049294,0.55472147753,0.474527358569
1031,1521993013,856381852,0.550336702915,0.474697099362
1032,1521993013,859714954,0.550257970912,0.474629188475
1033,1521993013,863048307,0.550218613357,0.474595240317
1034,1521993013,866382221,0.549435059383,0.474176376795
1035,1521993013,869715579,0.549474355268,0.474210290139
1036,1521993013,873049218,0.547007183692,0.474561297016
1037,1521993013,876382008,0.547124575605,0.476769634721
1038,1521993013,879715674,0.549121902185,0.478422372657
1039,1521993013,883048867,0.550257970912,0.479543987764
1040,1521993013,886382268,0.555113604584,0.484038482681
1041,1521993013,889715365,0.555545523483,0.486565129605
1042,1521993013,893049042,0.559695494654,0.48719754457
1043,1521993013,896381939,0.563340896789,0.493270498367
1044,1521993013,899716259,0.566230114913,0.494427242189
1045,1521993013,903048580,0.566635259529,0.498292586629
1046,1521993013,906381497,0.563653104092,0.498501070735
1047,1521993013,909715565,0.563844278762,0.498709435571
1048,1521993013,913049108,0.563572478559,0.498780771494
1049,1521993013,916382407,0.563653104092,0.498852127827
1050,1521993013,919715505,0.563653104092,0.498501070735
1051,1521993013,923048562,0.560833076054,0.494639442723
1052,1521993013,926392305,0.559033611639,0.493052364297
1053,1521993013,929715168,0.562209830253,0.495109139328
1054,1521993013,933049266,0.56032025202,0.493445085442
1055,1521993013,936381764,0.561970982989,0.495061324038
1056,1521993013,939715470,0.563220025476,0.495270702729
1057,1521993013,943048839,0.563924931641,0.499833792123
1058,1521993013,946382099,0.564005607597,0.500607413288
1059,1521993013,949715286,0.564317745025,0.500571607021
1060,1521993013,953048855,0.563924931641,0.500535805876
1061,1521993013,956382087,0.562948097083,0.500607413288
1062,1521993013,959716161,0.560672654694,0.501166132298
1063,1521993013,963048256,0.560288380455,0.50496458039
1064,1521993013,966382034,0.558245756294,0.504711791141
1065,1521993013,969715170,0.558365551521,0.505873269669
1066,1521993013,973050537,0.560432194656,0.505511673336
1067,1521993013,976382067,0.561466714538,0.506126695052
1068,1521993013,979715574,0.56216266623,0.509310977789
1069,1521993013,983048723,0.563653104092,0.510788068958
1070,1521993013,986382266,0.566039650135,0.511768025924
1071,1521993013,989715333,0.56647313213,0.511841240234
1072,1521993013,993048935,0.566392103217,0.512821046553
1073,1521993013,996381496,0.566201630289,0.514372226749
1074,1521993013,999715535,0.565958694807,0.516959182686
1075,1521993014,3048736,0.564710614606,0.517107096615
1076,1521993014,6382335,0.564629837806,0.515980108442
1077,1521993014,9715583,0.564670223317,0.517070110198
1078,1521993014,13048925,0.562202875275,0.51601701425
1079,1521993014,16382108,0.562202875275,0.51601701425
1080,1521993014,19716039,0.562474890812,0.518400080331
1081,1521993014,23048620,0.562676090873,0.518585514613
1082,1521993014,26381194,0.561265875106,0.518585514613
1083,1521993014,29715416,0.562434668065,0.518363009387
1084,1521993014,33048656,0.562907831859,0.519878366058
1085,1521993014,36382112,0.561105306983,0.518437156577
1086,1521993014,39715668,0.562867572394,0.520543197836
1087,1521993014,43049066,0.562907831859,0.520580430023
1088,1521993014,46382564,0.562867572394,0.520894204713
1089,1521993014,49715868,0.563653104092,0.52307506718
1090,1521993014,53049101,0.565022701609,0.524792813812
1091,1521993014,56381669,0.564086306639,0.529820948918
1092,1521993014,59715548,0.565294313823,0.529982478876
1093,1521993014,63048404,0.566866184003,0.530836294328
1094,1521993014,66381628,0.57136731086,0.537429965182
1095,1521993014,69715272,0.575203430274,0.538444548537
1096,1521993014,73049024,0.575867150117,0.540862913872
1097,1521993014,76382162,0.578458251292,0.540978978875
1098,1521993014,79715865,0.579743856758,0.541564877421
1099,1521993014,83048547,0.580303787955,0.541758597866
1100,1521993014,86381998,0.580179268152,0.543397508884
1101,1521993014,89715168,0.580179268152,0.543397508884
1102,1521993014,93045370,0.580719240266,0.543903248261
1103,1521993014,96381973,0.579288148424,0.54289270914
1104,1521993014,99715575,0.579432867261,0.548272741079
1105,1521993014,103048450,0.578458251292,0.54519166398
1106,1521993014,106382107,0.577318148767,0.545113679191
1107,1521993014,109715534,0.575244572068,0.547258860691
1108,1521993014,113048185,0.574310370947,0.545269671086
1109,1521993014,116381761,0.57308871178,0.544411665438
1110,1521993014,119715755,0.572301942943,0.540122323254
1111,1521993014,123049370,0.569211727875,0.539848576043
1112,1521993014,126382218,0.568981356331,0.537506856228
1113,1521993014,129721022,0.563390916395,0.53164092039
1114,1521993014,133049165,0.564460630029,0.532261899334
1115,1521993014,136382293,0.563300600587,0.530447266113
1116,1521993014,139714567,0.563461819992,0.530599082732
1117,1521993014,143048860,0.563099206022,0.531310412206
1118,1521993014,146381886,0.55907055853,0.532553608666
1119,1521993014,149715480,0.558990588489,0.534583472896
1120,1521993014,153048754,0.563612788442,0.536025837252
1121,1521993014,156382281,0.563572478559,0.538444548537
1122,1521993014,159716165,0.564237030194,0.53980996855
1123,1521993014,163048593,0.564479243987,0.540041696375
1124,1521993014,166381852,0.564317745025,0.539887189059
1125,1521993014,169715400,0.564277384723,0.541603610426
1126,1521993014,173049560,0.563491876088,0.542929976656
1127,1521993014,176382354,0.56369342551,0.541719842691
1128,1521993014,179715967,0.563572478559,0.543007637932
1129,1521993014,183048556,0.560208213281,0.543163027154
1130,1521993014,186381955,0.556523416913,0.543007637932
1131,1521993014,189717044,0.556284702265,0.542774720729
1132,1521993014,193049410,0.560248294,0.546362080338
1133,1521993014,196381570,0.559230567276,0.552370851845
1134,1521993014,199714657,0.561538083064,0.552563862914
1135,1521993014,203048266,0.563220025476,0.552484823597
1136,1521993014,206381720,0.564277384723,0.555994892362
1137,1521993014,209715225,0.568195006234,0.556034660253
1138,1521993014,213049933,0.56795126776,0.5557961382
1139,1521993014,216381903,0.568086324377,0.552761560181
1140,1521993014,219715264,0.568506821711,0.555994892362
1141,1521993014,223048726,0.571014832568,0.553226404394
1142,1521993014,226381315,0.571489939414,0.553345139493
1143,1521993014,229716306,0.572490589728,0.556107260734
1144,1521993014,233049534,0.576654485235,0.557438788183
1145,1521993014,236382399,0.577089516923,0.562082610595
1146,1521993014,239715986,0.578023054932,0.564068050521
1147,1521993014,243049315,0.578416876694,0.564108395851
1148,1521993014,246382229,0.581672390301,0.567348843673
1149,1521993014,249715927,0.581858424016,0.567888510477
1150,1521993014,253048379,0.581755623097,0.567430026881
1151,1521993014,256382538,0.581816815147,0.56714598725
1152,1521993014,259714914,0.582108202262,0.567430026881
1153,1521993014,263049234,0.580365702326,0.566403570212
1154,1521993014,266382336,0.575285719749,0.560638176031
1155,1521993014,269716139,0.575162294364,0.560517893221
1156,1521993014,273048929,0.574974344595,0.560678281774
1157,1521993014,276381997,0.574933216244,0.562393461491
1158,1521993014,279715665,0.57551472224,0.564378692736
1159,1521993014,283048817,0.577048237273,0.565904032412
1160,1521993014,286382012,0.578105747787,0.56730826078
1161,1521993014,289714984,0.578105747787,0.569414603333
1162,1521993014,293050342,0.580199753166,0.569399094484
1163,1521993014,296392353,0.578999454062,0.568221139445
1164,1521993014,299715507,0.582322739779,0.571482560822
1165,1521993014,303048719,0.58057327232,0.569765660425
1166,1521993014,306382162,0.576965695685,0.564770064274
1167,1521993014,309715625,0.577006963527,0.564810459816
1168,1521993014,313049029,0.576260789521,0.564770064274
1169,1521993014,316382264,0.576343230263,0.568361432057
1170,1521993014,319715606,0.576302006944,0.569373875588
1171,1521993014,323048945,0.57559705036,0.574288323343
1172,1521993014,326381378,0.575720586714,0.577220437389
1173,1521993014,329716426,0.575309004939,0.577158639689
1174,1521993014,333048934,0.575761777283,0.57761286771
1175,1521993014,336382438,0.575555883356,0.577055304951
1176,1521993014,339715890,0.575555883356,0.576002284322
1177,1521993014,343048263,0.577524673111,0.574803808171
1178,1521993014,346382125,0.57551472224,0.574206182411
1179,1521993014,349715366,0.575244572068,0.571831099465
1180,1521993014,353049421,0.574063956314,0.568549813952
1181,1521993014,356381452,0.571259990993,0.566106502549
1182,1521993014,359715480,0.570892332246,0.565742160549
1183,1521993014,363048520,0.571055677692,0.568712489149
1184,1521993014,366381817,0.570662354276,0.572884195413
1185,1521993014,369715553,0.570621540204,0.573545236186
1186,1521993014,373048820,0.57348218061,0.575692451273
1187,1521993014,376381934,0.570703174187,0.573627288438
1188,1521993014,379715557,0.573441164862,0.577055304951
1189,1521993014,383048714,0.575949528652,0.577096579202
1190,1521993014,386381797,0.578105747787,0.572223060069
1191,1521993014,389715472,0.579785320343,0.57214120868
1192,1521993014,393049036,0.580137773426,0.57214120868
1193,1521993014,396382156,0.580925775825,0.572223060069
1194,1521993014,399715110,0.580925775825,0.575031516806
1195,1521993014,403048628,0.580884224736,0.576043483255
1196,1521993014,406382208,0.580801140387,0.578768945474
1197,1521993014,409715985,0.58084267959,0.580565373716
1198,1521993014,413048850,0.580967332859,0.581392131883
1199,1521993014,416382149,0.580531746444,0.583415154887
1200,1521993014,419715624,0.580490226508,0.585830476864
1201,1521993014,423048743,0.58057327232,0.58591428666
1202,1521993014,426381556,0.580614804137,0.583498625115
1203,1521993014,429714876,0.580531746444,0.582713090922
1204,1521993014,433049008,0.579349996428,0.581535210937
1205,1521993014,436382558,0.576613242603,0.574949263692
1206,1521993014,439715248,0.576778248539,0.572304934881
1207,1521993014,443049402,0.575784795143,0.571316612333
1208,1521993014,446382112,0.574310370947,0.568442754339
1209,1521993014,449715632,0.571678899451,0.568280133039
1210,1521993014,453048961,0.57136731086,0.5711290355
1211,1521993014,456381358,0.570120510635,0.571292483747
1212,1521993014,459715689,0.569794378058,0.571316612333
1213,1521993014,463048439,0.571801586102,0.572263994547
1214,1521993014,466381769,0.571719789151,0.572182131448
1215,1521993014,469715201,0.57348218061,0.573586259378
1216,1521993014,473048871,0.574809866487,0.572100291766
1217,1521993014,476381838,0.576736988202,0.572263994547
1218,1521993014,479716167,0.57684192757,0.572018475493
1219,1521993014,483048535,0.577172093945,0.572345881074
1220,1521993014,486382368,0.576530775034,0.571708424029
1221,1521993014,489715252,0.577089516923,0.572263994547
1222,1521993014,493049168,0.578686573128,0.575259127733
1223,1521993014,496382061,0.576031930759,0.578232392036
1224,1521993014,499715120,0.578810754796,0.581350544463
1225,1521993014,503048497,0.578769354986,0.582011026957
1226,1521993014,506381812,0.578769354986,0.583064122905
1227,1521993014,509715349,0.579080414179,0.584777456234
1228,1521993014,513048851,0.580137773426,0.586532490617
1229,1521993014,516382204,0.580179268152,0.584819282817
1230,1521993014,519715617,0.584056529361,0.585521346782
1231,1521993014,523048481,0.584140091351,0.585605118346
1232,1521993014,526382156,0.585382702781,0.584735635634
1233,1521993014,529715391,0.58127827933,0.580999487371
1234,1521993014,533048503,0.58127827933,0.580999487371
1235,1521993014,536381904,0.578023054932,0.580916380593
1236,1521993014,539715584,0.578023054932,0.582320408099
1237,1521993014,543048496,0.578147103087,0.582445378499
1238,1521993014,546381926,0.581900038837,0.584426449358
1239,1521993014,549715790,0.584325419151,0.584735635634
1240,1521993014,553049031,0.586876355695,0.584819282817
1241,1521993014,556382355,0.588286268862,0.584819282817
1242,1521993014,559715898,0.5885966474,0.587585511246
1243,1521993014,563048624,0.588765082555,0.58775365705
1244,1521993014,566382249,0.588244194318,0.586532490617
1245,1521993014,569715602,0.586876355695,0.586574442729
1246,1521993014,573048771,0.586523877403,0.585872378765
1247,1521993014,576381976,0.586213328396,0.58591428666
1248,1521993014,579715023,0.582688293349,0.58591428666
1249,1521993014,583011130,0.588151778953,0.592483307595
1250,1521993014,586381834,0.575130735891,0.579366369183
1251,1521993014,589714971,0.580925775825,0.58591428666
1252,1521993014,593049048,0.580759607125,0.58504477769
1253,1521993014,596382414,0.580884224736,0.5851703148
1254,1521993014,599715456,0.581630782834,0.586967457936
1255,1521993014,603048533,0.58127827933,0.586265343752
1256,1521993014,606382162,0.581195132673,0.58618148374
1257,1521993014,609715630,0.581195132673,0.586532490617
1258,1521993014,613048905,0.580925775825,0.586265343752
1259,1521993014,616382322,0.580490226508,0.58618148374
1260,1521993014,619715736,0.579121833277,0.586574442729
1261,1521993014,623048898,0.578105747787,0.587318515028
1262,1521993014,626381884,0.578105747787,0.589424857581
1263,1521993014,629715913,0.578997593753,0.590660084494
1264,1521993014,633048807,0.580967332859,0.592626762451
1265,1521993014,636382492,0.585030274904,0.59561607063
1266,1521993014,639715197,0.586297204963,0.597584662066
1267,1521993014,643048442,0.586523877403,0.597807466169
1268,1521993014,646381585,0.590090866948,0.59785022779
1269,1521993014,649715389,0.590669120928,0.597721961275
1270,1521993014,653049010,0.590711365894,0.597764710664
1271,1521993014,656381904,0.590133079615,0.596839748914
1272,1521993014,659714546,0.588412528613,0.596882447422
1273,1521993014,663048477,0.587807660609,0.594520607922
1274,1521993014,666382361,0.586792414287,0.594563125308
1275,1521993014,669715015,0.587002312847,0.5965313401
1276,1521993014,673049092,0.584283633867,0.596275391299
1277,1521993014,676383495,0.584200081224,0.596190123832
1278,1521993014,679714768,0.585138157386,0.598895057315
1279,1521993014,683048562,0.585030274904,0.598423924823
1280,1521993014,686382173,0.584719663495,0.597413703788
1281,1521993014,689715437,0.584761485945,0.597456434186
1282,1521993014,693048772,0.584409007653,0.595701274274
1283,1521993014,696382651,0.584283633867,0.593467737896
1284,1521993014,699715426,0.579951234014,0.592318052236
1285,1521993014,703048708,0.579474311569,0.591488890484
1286,1521993014,706382194,0.579432867261,0.591446586887
1287,1521993014,709715196,0.578499631809,0.592275680246
1288,1521993014,713051442,0.578583846724,0.59164082708
1289,1521993014,716381720,0.578602402209,0.596958410074
1290,1521993014,719715346,0.579080414179,0.596711690035
1291,1521993014,723049091,0.579039001005,0.599125888371
1292,1521993014,726382208,0.584098307368,0.599254456159
1293,1521993014,729715381,0.584098307368,0.599254456159
1294,1521993014,733048767,0.584056529361,0.598509530134
1295,1521993014,736382165,0.584014757331,0.596360683158
1296,1521993014,739714649,0.583165939759,0.595871754713
1297,1521993014,743048758,0.582169217822,0.595222521273
1298,1521993014,746382137,0.579080414179,0.59214860064
1299,1521993014,749715270,0.577048237273,0.592233314317
1300,1521993014,753048702,0.577006963527,0.592190954449
1301,1521993014,756382136,0.575908336438,0.59214860064
1302,1521993014,759716046,0.575867150117,0.594212143534
1303,1521993014,763048389,0.576114356449,0.596574019598
1304,1521993014,766381978,0.575908336438,0.598817731294
1305,1521993014,769715404,0.575949528652,0.598860562116
1306,1521993014,773049215,0.575867150117,0.596318034179
1307,1521993014,776382059,0.576031930759,0.594031091272
1308,1521993014,779715761,0.577276861622,0.59386116176
1309,1521993014,783048829,0.577048237273,0.593637542685
1310,1521993014,786381827,0.577442045645,0.593680009067
1311,1521993014,789715590,0.577276861622,0.593510179986
1312,1521993014,793049182,0.576965695685,0.594254641899
1313,1521993014,796381686,0.576778248539,0.596180232778
1314,1521993014,799715504,0.57657200587,0.598774906597
1315,1521993014,803048830,0.576302006944,0.599913658064
1316,1521993014,806381716,0.576736988202,0.600350570966
1317,1521993014,809715504,0.576924433746,0.600529815468
1318,1521993014,813048855,0.579121833277,0.603072945906
1319,1521993014,816381457,0.57713080248,0.600393520642
1320,1521993014,819715867,0.580324206137,0.600050095205
1321,1521993014,823048625,0.580656341897,0.597935769388
1322,1521993014,826381626,0.580220768815,0.594690713962
1323,1521993014,829724758,0.57813138989,0.592909440963
1324,1521993014,833049640,0.581323653571,0.596535242691
1325,1521993014,836382484,0.577089516923,0.595084337888
1326,1521993014,839715551,0.575638223254,0.596797056514
1327,1521993014,843049148,0.575203430274,0.597413703788
1328,1521993014,846382755,0.572695299229,0.598774906597
1329,1521993014,849715286,0.572941143959,0.602543271118
1330,1521993014,853048814,0.573793617945,0.603029813812
1331,1521993014,856382037,0.573834658902,0.602370881941
1332,1521993014,859715258,0.576343230263,0.603116084171
1333,1521993014,863048965,0.57657200587,0.602986687886
1334,1521993014,866382283,0.580179268152,0.602019849959
1335,1521993014,869715715,0.581589181319,0.602019849959
1336,1521993014,873049200,0.583309851166,0.604433841318
1337,1521993014,876382249,0.583745803863,0.608381940552
1338,1521993014,879715401,0.583745803863,0.609435111828
1339,1521993014,883048760,0.584409007653,0.609742553573
1340,1521993014,886381969,0.583745803863,0.609786168921
1341,1521993014,889716109,0.584241854558,0.61307747036
1342,1521993014,893049291,0.584098307368,0.613647796933
1343,1521993014,896382257,0.585155817882,0.613647796933
1344,1521993014,899715266,0.585197677515,0.61334061256
1345,1521993014,903048848,0.587186835071,0.612858006353
1346,1521993014,906381875,0.58727083891,0.610488283105
1347,1521993014,909715552,0.587849697916,0.610357305142
1348,1521993014,913049072,0.58793379057,0.611146681503
1349,1521993014,916382201,0.587228833987,0.611146681503
1350,1521993014,919715322,0.58797584592,0.611892511473
1351,1521993014,923048675,0.586523877403,0.612550809433
1352,1521993014,926382212,0.586481928907,0.612506999477
1353,1521993014,929715627,0.588991225445,0.615359065293
1354,1521993014,933048922,0.59004866032,0.6192204171
1355,1521993014,936381890,0.5915431945,0.620362256665
1356,1521993014,939715446,0.591768725141,0.62022915076
1357,1521993014,943048892,0.592473631305,0.62022915076
1358,1521993014,946381508,0.592643175913,0.620406637997
1359,1521993014,949715333,0.594898255445,0.620184794817
1360,1521993014,953048717,0.596040791279,0.618167321153
1361,1521993014,956381798,0.597493440548,0.61821153913
1362,1521993014,959715277,0.597760427539,0.61917613013
1363,1521993014,963048264,0.597536182764,0.618255763434
1364,1521993014,966381556,0.596040791279,0.617465257188
1365,1521993014,969715190,0.592121178223,0.616719081995
1366,1521993014,973048849,0.591726404557,0.616674977076
1367,1521993014,976382103,0.590090866948,0.615754139486
1368,1521993014,979715211,0.589033356434,0.609786168921
1369,1521993014,983049190,0.586750452586,0.608558874933
1370,1521993014,986381620,0.586691731414,0.608161390196
1371,1521993014,989715349,0.58643998641,0.605443560305
1372,1521993014,993048742,0.586523877403,0.604126041854
1373,1521993014,996381929,0.586523877403,0.604126041854
1374,1521993014,999715776,0.587497270039,0.605092578531
1375,1521993015,3048761,0.587665378565,0.60526572184
1376,1521993015,6382158,0.583662304248,0.604082834441
1377,1521993015,9715385,0.584098307368,0.605222426724
1378,1521993015,13048524,0.583745803863,0.605222426724
1379,1521993015,16351817,0.587589631326,0.609620078755
1380,1521993015,19715269,0.577052334988,0.600079196466
1381,1521993015,23048615,0.582646616194,0.608338425643
1382,1521993015,26381871,0.582646616194,0.613954937363
1383,1521993015,29715506,0.586129475824,0.616017068242
1384,1521993015,33048667,0.589033356434,0.616105196578
1385,1521993015,36381681,0.589738363444,0.615754139486
1386,1521993015,39714965,0.590753616904,0.616061129258
1387,1521993015,43049006,0.590626882003,0.616630878465
1388,1521993015,46382507,0.59004866032,0.618518353135
1389,1521993015,49715545,0.590795873958,0.618562596222
1390,1521993015,53048424,0.593305838107,0.621064421076
1391,1521993015,56381721,0.59004866032,0.618518353135
1392,1521993015,59715465,0.593136116063,0.620886758365
1393,1521993015,63049065,0.59317853747,0.620931164513
1394,1521993015,66382193,0.592910894986,0.61821153913
1395,1521993015,69715789,0.592826084388,0.615666061365
1396,1521993015,73049165,0.593220964946,0.615710097276
1397,1521993015,76381839,0.59401089555,0.615447105792
1398,1521993015,79715526,0.594588349799,0.615315054489
1399,1521993015,83049107,0.594588349799,0.61320901323
1400,1521993015,86392777,0.592765369475,0.611328942815
1401,1521993015,89715713,0.59650816581,0.616245372564
1402,1521993015,93048388,0.594758499563,0.614437813523
1403,1521993015,96381764,0.59216353007,0.614305969346
1404,1521993015,99715758,0.590979284677,0.616279921789
1405,1521993015,103048389,0.590175298321,0.618299994065
1406,1521993015,106381781,0.590006459729,0.619527137007
1407,1521993015,109715421,0.591063818976,0.619527137007
1408,1521993015,113048060,0.59405339168,0.619704423353
1409,1521993015,116381971,0.595250683321,0.618078904172
1410,1521993015,119715358,0.595293255964,0.618123109501
1411,1521993015,123048573,0.598550951062,0.613647796933
1412,1521993015,126381819,0.600975487363,0.618167321153
1413,1521993015,129715774,0.600889529345,0.618078904172
1414,1521993015,133049044,0.598508139321,0.613603905381
1415,1521993015,136382117,0.595025916015,0.613647796933
1416,1521993015,139715359,0.592868486654,0.617114225206
1417,1521993015,143048787,0.592868486654,0.617114225206
1418,1521993015,146392136,0.591092798396,0.615265919033
1419,1521993015,149715432,0.594654875666,0.618973669747
1420,1521993015,153048713,0.59216353007,0.611848745468
1421,1521993015,156382065,0.591458573487,0.611848745468
1422,1521993015,159714960,0.5915431945,0.611936283739
1423,1521993015,163048330,0.591458573487,0.612550809433
1424,1521993015,166381634,0.592868486654,0.615359065293
1425,1521993015,169715064,0.593530990552,0.615666061365
1426,1521993015,173048722,0.593530990552,0.617421095748
1427,1521993015,176382091,0.592868486654,0.619571449083
1428,1521993015,179715890,0.589964265175,0.619482831269
1429,1521993015,183048616,0.589075493451,0.619660092255
1430,1521993015,186382357,0.584719663495,0.618825123254
1431,1521993015,189714755,0.584928835586,0.614481774159
1432,1521993015,193048801,0.584636036541,0.614174181738
1433,1521993015,196382232,0.585072116578,0.612506999477
1434,1521993015,199715717,0.591458573487,0.612550809433
1435,1521993015,203048298,0.595463607446,0.613384491557
1436,1521993015,206381452,0.596393269571,0.615359065293
1437,1521993015,209715302,0.597012822704,0.613165159335
1438,1521993015,213048960,0.597760427539,0.615315054489
1439,1521993015,216381955,0.597140937043,0.613296739841
1440,1521993015,219715381,0.597098226154,0.615359065293
1441,1521993015,223048505,0.596083426529,0.612243568565
1442,1521993015,226381879,0.590753616904,0.612199777451
1443,1521993015,229715382,0.590711365894,0.6121559926
1444,1521993015,233048426,0.590795873958,0.612243568565
1445,1521993015,236382291,0.588906981545,0.608251414498
1446,1521993015,239715966,0.590669120928,0.611761232239
1447,1521993015,243049015,0.591190665779,0.609829790508
1448,1521993015,246382075,0.593263398491,0.609786168921
1449,1521993015,249715082,0.59467341251,0.611892511473
1450,1521993015,253048702,0.594940802881,0.612506999477
1451,1521993015,256382123,0.594588349799,0.612506999477
1452,1521993015,259715332,0.59467341251,0.618913653314
1453,1521993015,263048220,0.592248251943,0.618957927844
1454,1521993015,266382425,0.589527516692,0.61307747036
1455,1521993015,269715555,0.589738363444,0.613296739841
1456,1521993015,273048591,0.589738363444,0.613296739841
1457,1521993015,276382189,0.589654006647,0.61320901323
1458,1521993015,279715528,0.595688312988,0.611848745468
1459,1521993015,283048525,0.598198447557,0.611892511473
1460,1521993015,286382145,0.598112880622,0.611804985724
1461,1521993015,289715271,0.598903454567,0.613296739841
1462,1521993015,293048567,0.598508139321,0.613252873398
1463,1521993015,296381584,0.598593768928,0.61334061256
1464,1521993015,299715453,0.598379740836,0.614174181738
1465,1521993015,303048736,0.596040791279,0.614305969346
1466,1521993015,306381519,0.593348283796,0.611277847625
1467,1521993015,309715027,0.589654006647,0.611102971971
1468,1521993015,313048877,0.587849697916,0.61105926869
1469,1521993015,316392014,0.585863238266,0.609359702902
1470,1521993015,319716578,0.586977865399,0.613076337916
1471,1521993015,323048616,0.584659916708,0.612111435448
1472,1521993015,326381442,0.58378756263,0.611936283739
1473,1521993015,329714880,0.584409007653,0.612199777451
1474,1521993015,333048597,0.583620563399,0.614569086431
1475,1521993015,336381718,0.582688293349,0.614700968209
1476,1521993015,339717022,0.581608860034,0.61430549257
1477,1521993015,343047302,0.581383230441,0.613077018161
1478,1521993015,346381961,0.571515399122,0.605313692531
1479,1521993015,349715207,0.571719789151,0.603072945906
1480,1521993015,353048416,0.569293160168,0.602413969987
1481,1521993015,356382193,0.567761308958,0.601231779016
1482,1521993015,359716173,0.560672654694,0.594871564597
1483,1521993015,363048401,0.560993589241,0.592753971973
1484,1521993015,366381871,0.55440869842,0.584075442481
1485,1521993015,369715842,0.554329406558,0.582237124287
1486,1521993015,373048729,0.554527678754,0.579987803062
1487,1521993015,376382296,0.55440869842,0.576704298075
1488,1521993015,379714700,0.554607027352,0.57023908642
1489,1521993015,383048158,0.550923569941,0.564108395851
1490,1521993015,386381693,0.546302277527,0.55915395425
1491,1521993015,389715218,0.544187559034,0.558100933621
1492,1521993015,393048511,0.541759134356,0.555332596288
1493,1521993015,396382019,0.540663028211,0.553888851103
1494,1521993015,399716383,0.533147120595,0.546751401729
1495,1521993015,403048151,0.5310982173,0.544020920986
1496,1521993015,406382153,0.530013622036,0.543631890007
1497,1521993015,409715616,0.524802639508,0.543709651685
1498,1521993015,413049344,0.523002968649,0.543670768065
1499,1521993015,416381863,0.521464585794,0.550224537204
1500,1521993015,419716312,0.521129022997,0.55443225171
1501,1521993015,423048395,0.521501897227,0.558340530473
1502,1521993015,426384558,0.526540773269,0.566821718533
1503,1521993015,429714675,0.53097354593,0.568146997699
1504,1521993015,433049330,0.530252269218,0.567375224412
1505,1521993015,436382570,0.530517774646,0.567659317873
1506,1521993015,439714840,0.530631644097,0.566727761996
1507,1521993015,443047638,0.529888574299,0.557909534679
1508,1521993015,446382251,0.525672017058,0.552287324196
1509,1521993015,449715760,0.520925655603,0.542656631055
1510,1521993015,453049252,0.519553001978,0.541993380954
1511,1521993015,456381302,0.513039391795,0.533408343263
1512,1521993015,459715077,0.511372848727,0.528929533553
1513,1521993015,463048727,0.509999610053,0.52721232849
1514,1521993015,466381576,0.509756531137,0.526623307865
1515,1521993015,469715744,0.509537829729,0.526397370086
1516,1521993015,473048884,0.507605046837,0.526234581009
1517,1521993015,476382312,0.502634043976,0.522686621918
1518,1521993015,479715249,0.498792459219,0.521670838812
1519,1521993015,483048833,0.493786768268,0.519841184083
1520,1521993015,486382173,0.490297303767,0.519878366058
1521,1521993015,489714750,0.484056561885,0.516829978003
1522,1521993015,493049181,0.477119101973,0.507447064763
1523,1521993015,496382229,0.475527227905,0.504820098392
1524,1521993015,499715291,0.470944682343,0.502362698748
1525,1521993015,503048607,0.469148606264,0.498465415126
1526,1521993015,506381088,0.466814815139,0.494745611309
1527,1521993015,509715399,0.459852605668,0.486742101539
1528,1521993015,513048707,0.458574257513,0.483722071862
1529,1521993015,516381934,0.458574257513,0.482317943932
1530,1521993015,519715222,0.455049474596,0.478807624107
1531,1521993015,523048279,0.453704464435,0.47606747031
1532,1521993015,526381558,0.449409821928,0.47073388851
1533,1521993015,529715187,0.442296984943,0.465050850669
1534,1521993015,533047629,0.435787848574,0.461739161725
1535,1521993015,536382139,0.428812725482,0.459687499835
1536,1521993015,539715475,0.420154123717,0.452831257403
1537,1521993015,543047786,0.417806311133,0.448044996473
1538,1521993015,546380981,0.417716653126,0.446544621109
1539,1521993015,549715764,0.405880806737,0.430180596864
1540,1521993015,553048719,0.405408029604,0.427969208192
1541,1521993015,556381862,0.401825252548,0.425099730787
1542,1521993015,559715379,0.39407073013,0.41843012312
1543,1521993015,563049071,0.387670664093,0.413105548104
1544,1521993015,566381509,0.382900973747,0.409771560254
1545,1521993015,569715196,0.380269678688,0.408893766815
1546,1521993015,573048670,0.375036902378,0.399474396066
1547,1521993015,576376179,0.374269465943,0.393480242645
1548,1521993015,579716020,0.365167258584,0.384339850612
1549,1521993015,583048820,0.36134193943,0.378115535047
1550,1521993015,586382220,0.355650596334,0.376657317205
1551,1521993015,589714741,0.3462079707,0.368662688114
1552,1521993015,593048580,0.337978333514,0.363617117957
1553,1521993015,596381843,0.33203455079,0.362616037905
1554,1521993015,599715331,0.32604241983,0.353138174378
1555,1521993015,603048650,0.321107723747,0.348574758606
1556,1521993015,606382561,0.318924420175,0.343235628423
1557,1521993015,609714975,0.313090298976,0.332522422931
1558,1521993015,613048827,0.309784103398,0.332379740063
1559,1521993015,616381545,0.3031747004,0.325804286466
1560,1521993015,619716539,0.302275031376,0.321735241699
1561,1521993015,623048980,0.293345865707,0.320232787447
1562,1521993015,626381996,0.283060314313,0.313493983216
1563,1521993015,629715621,0.277028122669,0.31309813383
1564,1521993015,633047504,0.270466921662,0.309040770622
1565,1521993015,636381554,0.267473629738,0.307789004219
1566,1521993015,639715628,0.265359213692,0.303226567441
1567,1521993015,643048624,0.264396541046,0.296313381225
1568,1521993015,646381818,0.26400624049,0.292409641409
1569,1521993015,649715422,0.261872640131,0.288878659352
1570,1521993015,653049149,0.259386917066,0.282891309916
1571,1521993015,656381449,0.254932976129,0.280223737935
1572,1521993015,659716523,0.247650532165,0.276104181983
1573,1521993015,663048387,0.245430218353,0.272868953152
1574,1521993015,666382024,0.239315642865,0.268871267392
1575,1521993015,669715460,0.231930715944,0.266433274705
1576,1521993015,673048325,0.2273810253,0.261205160701
1577,1521993015,676382704,0.223391345896,0.255810830061
1578,1521993015,679716568,0.217095571892,0.249899023152
1579,1521993015,683048791,0.215441284115,0.245107981302
1580,1521993015,686382254,0.213586567859,0.238333669137
1581,1521993015,689715309,0.213617123877,0.231697680764
1582,1521993015,693048545,0.211502102849,0.230644509488
1583,1521993015,696382101,0.208652224707,0.227452455966
1584,1521993015,699715937,0.207580019228,0.226734226062
1585,1521993015,703048478,0.203776178273,0.224357578766
1586,1521993015,706381544,0.199869487192,0.223974424739
1587,1521993015,709715423,0.193835332047,0.218661645258
1588,1521993015,713048661,0.190690755814,0.212374349402
1589,1521993015,716381904,0.188941878545,0.209581083964
1590,1521993015,719714840,0.184006829478,0.206070513043
1591,1521993015,723048552,0.179398618878,0.200424926476
1592,1521993015,726382073,0.174464275726,0.192702775194
1593,1521993015,729715340,0.170951971479,0.187802110629
1594,1521993015,733047745,0.16818026195,0.185397929575
1595,1521993015,736381749,0.165629256886,0.18214651447
1596,1521993015,739715353,0.1610710586,0.175854445122
1597,1521993015,743048697,0.15685283981,0.169899479522
1598,1521993015,746381659,0.156864059613,0.169560575468
1599,1521993015,749715278,0.156136715448,0.169536321345
1600,1521993015,753048593,0.155442926643,0.169548447539
1601,1521993015,756382141,0.152612184625,0.16602625258
1602,1521993015,759715812,0.146268029144,0.16005913568
1603,1521993015,763048525,0.141726684543,0.156593865618
1604,1521993015,766381973,0.139218967499,0.155496046286
1605,1521993015,769715789,0.135332304556,0.152677071729
1606,1521993015,773048759,0.132188814281,0.147443978668
1607,1521993015,776381645,0.128672983309,0.141837210918
1608,1521993015,779717352,0.122574773121,0.135752279532
1609,1521993015,783048510,0.120281129323,0.134892764189
1610,1521993015,786382567,0.119808341707,0.134055863582
1611,1521993015,789714571,0.117425664815,0.13274705829
1612,1521993015,793048532,0.116645285169,0.131257796554
1613,1521993015,796381845,0.11349800993,0.123914289817
1614,1521993015,799671346,0.11322575066,0.121653991905
1615,1521993015,803049187,0.105050871526,0.113280401927
1616,1521993015,806381627,0.100830427312,0.112705450366
1617,1521993015,809715395,0.0979749496527,0.111963185935
1618,1521993015,813048215,0.0941319024204,0.109545484468
1619,1521993015,816381729,0.0937525198853,0.106706090453
1620,1521993015,819716196,0.0919639452349,0.101061068666
1621,1521993015,823048804,0.0913114708872,0.0972567281976
1622,1521993015,826381343,0.0899012551206,0.0944478696215
1623,1521993015,829714529,0.0874208691775,0.0919769581216
1624,1521993015,833050226,0.0845343262905,0.091904644024
1625,1521993015,836381490,0.0814749333068,0.0920296217105
1626,1521993015,839714258,0.080376548478,0.0919835377738
1627,1521993015,843048832,0.0775175017305,0.0919374999671
1628,1521993015,846381181,0.0772148372474,0.0881342430365
1629,1521993015,849715174,0.0761189776328,0.0838786453916
1630,1521993015,853048850,0.0757774126893,0.077923526581
1631,1521993015,856399278,0.0739918727842,0.0715928641682
1632,1521993015,859716559,0.0736685202851,0.0701917386282
1633,1521993015,863048757,0.0708734829903,0.0695291981343
1634,1521993015,866382342,0.0673185387146,0.0694993615452
1635,1521993015,869715527,0.0648606448736,0.0695093042293
1636,1521993015,873048774,0.061683701049,0.0698553645142
1637,1521993015,876382169,0.0599213095905,0.0702063964966
1638,1521993015,879716032,0.0574457438611,0.070196354818
1639,1521993015,883048731,0.0564045954232,0.0702164410487
1640,1521993015,886381769,0.0553430502454,0.0670519045848
1641,1521993015,889715469,0.0553351339173,0.0617772102624
1642,1521993015,893048732,0.0549866135065,0.0572182131448
1643,1521993015,896382174,0.0549866135065,0.053005829355
1644,1521993015,899716462,0.0549708861948,0.0501832159482
1645,1521993015,903048224,0.0543049621068,0.0488143944506
1646,1521993015,906381653,0.0535767003397,0.0487934455652
1647,1521993015,909715120,0.05110569693,0.0487899558323
1648,1521993015,913048980,0.0489874748263,0.0501903936948
1649,1521993015,916381687,0.0461845663561,0.0516127763359
1650,1521993015,919714790,0.0444154415983,0.0516053925339
1651,1521993015,923048730,0.0408787102102,0.051590631266
1652,1521993015,926381516,0.0387781593534,0.0516090841708
1653,1521993015,929715190,0.0373600267212,0.0498429764617
1654,1521993015,933048428,0.0352478291709,0.0470382856528
1655,1521993015,936384288,0.0345181832353,0.0441984165917
1656,1521993015,939715752,0.0335022115826,0.0407401077045
1657,1521993015,943048491,0.0327875165734,0.0358129468453
1658,1521993015,946381850,0.0324280028372,0.0336990703184
1659,1521993015,949715318,0.0324256835694,0.0298355845017
1660,1521993015,953048461,0.0320778189321,0.0277335102733
1661,1521993015,956382169,0.0320709367568,0.0266746148308
1662,1521993015,959716026,0.0317185088804,0.0263236330567
1663,1521993015,963048868,0.0306699987613,0.0256290009828
1664,1521993015,966381916,0.0292577908941,0.0256271677209
1665,1521993015,969715050,0.0274952733703,0.0242229393526
1666,1521993015,973048575,0.0253766219238,0.0231664538484
1667,1521993015,976382115,0.0232635672528,0.0221150148964
1668,1521993015,979716357,0.0211426485365,0.0207049632234
1669,1521993015,983048891,0.0186853589074,0.0186086880667
1670,1521993015,986381884,0.0165688499056,0.0172030280569
1671,1521993015,989714706,0.0144536775772,0.0150965348255
1672,1521993015,993048008,0.0123367402098,0.0136902473168
1673,1521993015,996382099,0.0105720802268,0.0122834836348
1674,1521993015,999715269,0.00986939216784,0.010881991457
1675,1521993016,3048878,0.00845887397462,0.00982819254175
1676,1521993016,6382155,0.0081070007093,0.00877579956208
1677,1521993016,9715299,0.00740257359971,0.00737219893341
1678,1521993016,13048721,0.00669708754246,0.0063185756847
1679,1521993016,16394412,0.00596992681098,0.00524596823249
1680,1521993016,19715604,0.0053065315826,0.00422780601329
1681,1521993016,23048946,0.0042297395005,0.00245722387738
1682,1521993016,26382366,0.00317207774048,0.00175503438246
1683,1521993016,29715518,0.00211502102849,0.000351057092067
1684,1521993016,33048920,0.000352478291709,0.0
1685,1521993016,36382504,0.0,0.0
1686,1521993016,39715541,0.0,0.0
1687,1521993016,43048412,0.0,0.0
1688,1521993016,46394945,0.0,0.0
1689,1521993016,49715262,0.0,-0.000352418364721
1690,1521993016,53048211,0.0,-0.000351082205243
1691,1521993016,56381311,0.0,0.0
1692,1521993016,59715192,0.0,0.0
1693,1521993016,63048456,0.0,0.0
1694,1521993016,66382071,0.0,0.0
1695,1521993016,69715594,0.0,0.0
1696,1521993016,73048762,0.0,0.0
1697,1521993016,76382078,0.0,0.0
1698,1521993016,79715899,0.0,0.0
1699,1521993016,83048491,0.0,0.0
1700,1521993016,86382210,0.0,0.0
1701,1521993016,89715930,0.0,0.0
1702,1521993016,93049717,0.0,0.0
1703,1521993016,96381735,0.0,0.0
1704,1521993016,99715325,0.0,0.0
1705,1521993016,103048290,0.0,0.0
1706,1521993016,106394635,0.0,0.0
1707,1521993016,109715234,0.0,0.0
1708,1521993016,113048893,0.0,0.0
1709,1521993016,116395797,0.0,0.0
1710,1521993016,119715245,0.0,0.0
1711,1521993016,123048429,0.0,0.0
1712,1521993016,126382236,0.0,0.0
1713,1521993016,129715556,0.0,0.0
1714,1521993016,133050000,0.0,0.0
1715,1521993016,136394486,0.0,-0.000349855870195
1716,1521993016,139715933,0.0,-0.000352291877618
1717,1521993016,143048843,0.0,0.0
1718,1521993016,146381876,0.0,0.0
1719,1521993016,149715331,0.0,0.0
1720,1521993016,153048334,0.0,0.0
1721,1521993016,156381704,0.0,0.0
1722,1521993016,159716259,0.0,0.0
1723,1521993016,163048442,0.0,0.0
1724,1521993016,166382657,0.0,0.0
1725,1521993016,169715162,0.0,0.0
1726,1521993016,173048726,0.0,0.0
1727,1521993016,176382239,0.0,0.0
1728,1521993016,179716595,0.0,0.0
1729,1521993016,183048073,0.0,-0.000702465919573
1730,1521993016,186397870,0.0,-0.00279446442539
1731,1521993016,189716270,0.0,-0.00564152958931
1732,1521993016,193048942,0.0,-0.0101821123384
1733,1521993016,196382354,0.0,-0.0143923112818
1734,1521993016,199715479,-0.000352503504748,-0.0179039116954
1735,1521993016,203048390,-0.00211502102849,-0.0203613113399
1736,1521993016,206392251,-0.00386509725206,-0.0206459116349
1737,1521993016,209714976,-0.00671871275339,-0.0207777633954
1738,1521993016,213048719,-0.00951555266411,-0.0207079246713
1739,1521993016,216382175,-0.0119834047974,-0.0196563850835
1740,1521993016,219716810,-0.0140940912237,-0.0185980438865
1741,1521993016,223048182,-0.0144598839799,-0.0168591820698
1742,1521993016,226381382,-0.0144526436947,-0.015446512051
1743,1521993016,229715604,-0.0144474764999,-0.0143881947823
1744,1521993016,233048806,-0.0137466533766,-0.0133392153344
1745,1521993016,236390019,-0.0130109863612,-0.0133078043092
1746,1521993016,239714310,-0.0120169236088,-0.0133755697906
1747,1521993016,243048792,-0.0116276252596,-0.0136853530485
1748,1521993016,246382436,-0.0105735924683,-0.0150932956891
1749,1521993016,249715032,-0.0105766182495,-0.0157998294906
1750,1521993016,253048624,-0.010221139386,-0.0168483300716
1751,1521993016,256381874,-0.00986939216784,-0.0168495351592
1752,1521993016,259715767,-0.00986798054056,-0.0168471251563
1753,1521993016,263048683,-0.00916574675626,-0.0165008636464
1754,1521993016,266382208,-0.00881132705689,-0.0161463163186
1755,1521993016,269714489,-0.0081093208068,-0.0154498274646
1756,1521993016,273049062,-0.00775175017305,-0.0143871660254
1757,1521993016,276381869,-0.00775563187069,-0.0133411237993
1758,1521993016,279715213,-0.00775452241759,-0.0122861193869
1759,1521993016,283048736,-0.0081070007093,-0.0115840554219
1760,1521993016,286382034,-0.00845947900101,-0.010179927492
1761,1521993016,289715219,-0.00951691387613,-0.00982889550953
1762,1521993016,293048695,-0.00986939216784,-0.00947786352705
1763,1521993016,296382018,-0.0102218704595,-0.00912683154456
1764,1521993016,299715447,-0.010221139386,-0.00912617878877
1765,1521993016,303048402,-0.0102233329204,-0.00877705513109
1766,1521993016,306381500,-0.00987009813295,-0.00842537020961
1767,1521993016,309715444,-0.0095148722041,-0.00842296020669
1768,1521993016,313048744,-0.00881195729271,-0.00807373559711
