861,1521990608,867622834,0.0,0.0,0.0,0.0,0.0,0.0
862,1521990608,877615892,0.0,0.0,0.0,0.0,0.0,0.0
863,1521990608,887613991,0.0,0.0,0.0,0.0,0.0,0.0
864,1521990608,897614503,0.0,0.0,0.0,0.0,0.0,0.0
865,1521990608,907614154,0.0,0.0,0.0,0.0,0.0,0.0
866,1521990608,917615718,0.0,0.0,0.0,0.0,0.0,0.0
867,1521990608,927615671,0.0,0.0,0.0,0.0,0.0,0.0
868,1521990608,937615090,0.0,0.0,0.0,0.0,0.0,0.0
869,1521990608,947616702,0.0,0.0,0.0,0.0,0.0,0.0
870,1521990608,957616361,0.0,0.0,0.0,0.0,0.0,0.0
871,1521990608,967614192,0.0,0.0,0.0,0.0,0.0,0.0
872,1521990608,977615081,0.0,0.0,0.0,0.0,0.0,0.0
873,1521990608,987615348,0.0,0.0,0.0,0.0,0.0,0.0
874,1521990608,997614755,0.0,0.0,0.0,0.0,0.0,0.0
875,1521990609,7616274,0.0,0.0,0.0,0.0,0.0,0.0
876,1521990609,17615555,0.0,0.0,0.0,0.0,0.0,0.0
877,1521990609,27615973,0.0,0.0,0.0,0.0,0.0,0.0
878,1521990609,37616330,0.0,0.0,0.0,0.0,0.0,0.0
879,1521990609,47615042,0.0,0.0,0.0,0.0,0.0,0.0
880,1521990609,57614236,0.0,0.0,0.0,0.0,0.0,0.0
881,1521990609,67619867,0.0,0.0,0.0,0.0,0.0,0.0
882,1521990609,77615993,0.0,0.0,0.0,0.0,0.0,0.0
883,1521990609,87615152,0.0,0.0,0.0,0.0,0.0,0.0
884,1521990609,97615844,0.0,0.0,0.0,0.0,0.0,0.0
885,1521990609,107614528,0.0,0.0,0.0,0.0,0.0,0.0
886,1521990609,117614193,0.0,0.0,0.0,0.0,0.0,0.0
887,1521990609,127615822,0.0,0.0,0.0,0.0,0.0,0.0
888,1521990609,137614325,0.0,0.0,0.0,0.0,0.0,0.0
889,1521990609,147615826,0.0,0.0,0.0,0.0,0.0,0.0
890,1521990609,157614556,0.0,0.0,0.0,0.0,0.0,0.0
891,1521990609,167614720,0.0,0.0,0.0,0.0,0.0,0.0
892,1521990609,177613806,0.0,0.0,0.0,0.0,0.0,0.0
893,1521990609,187615533,0.0,0.0,0.0,0.0,0.0,0.0
894,1521990609,197616132,0.0,0.0,0.0,0.0,0.0,0.0
895,1521990609,207615352,0.0,0.0,0.0,0.0,0.0,0.0
896,1521990609,217614653,0.0,0.0,0.0,0.0,0.0,0.0
897,1521990609,227614297,0.0,0.0,0.0,0.0,0.0,0.0
898,1521990609,237614574,0.0,0.0,0.0,0.0,0.0,0.0
899,1521990609,247615657,0.0,0.0,0.0,0.0,0.0,0.0
900,1521990609,257615581,0.0,0.0,0.0,0.0,0.0,0.0
901,1521990609,267615203,0.0,0.0,0.0,0.0,0.0,0.0
902,1521990609,277614769,0.0,0.0,0.0,0.0,0.0,0.0
903,1521990609,287616922,0.0,0.0,0.0,0.0,0.0,0.0
904,1521990609,297613736,0.0,0.0,0.0,0.0,0.0,0.0
905,1521990609,307615681,0.0,0.0,0.0,0.0,0.0,0.0
906,1521990609,317615064,0.0,0.0,0.0,0.0,0.0,0.0
907,1521990609,327614620,0.0,0.0,0.0,0.0,0.0,0.0
908,1521990609,337617715,0.0,0.0,0.0,0.0,0.0,0.0
909,1521990609,347616799,0.0,0.0,0.0,0.0,0.0,0.0
910,1521990609,357616505,0.0,0.0,0.0,0.0,0.0,0.0
911,1521990609,367616634,0.0,0.0,0.0,0.0,0.0,0.0
912,1521990609,377615356,0.0,0.0,0.0,0.0,0.0,0.0
913,1521990609,387617433,0.0,0.0,0.0,0.0,0.0,0.0
914,1521990609,397614697,0.0,0.0,0.0,0.0,0.0,0.0
915,1521990609,407616157,0.0,0.0,0.0,0.0,0.0,0.0
916,1521990609,417616320,0.0,0.0,0.0,0.0,0.0,0.0
917,1521990609,427615284,0.0,0.0,0.0,0.0,0.0,0.0
918,1521990609,437614789,0.0,0.0,0.0,0.0,0.0,0.0
919,1521990609,447613877,0.0,0.0,0.0,0.0,0.0,0.0
920,1521990609,457616740,0.0,0.0,0.0,0.0,0.0,0.0
921,1521990609,467614061,0.0,0.0,0.0,0.0,0.0,0.0
922,1521990609,477615835,0.0,0.0,0.0,0.0,0.0,0.0
923,1521990609,487616358,0.0,0.0,0.0,0.0,0.0,0.0
924,1521990609,497615507,0.0,0.0,0.0,0.0,0.0,0.0
925,1521990609,507616698,0.0,0.0,0.0,0.0,0.0,0.0
926,1521990609,517625987,0.0,0.0,0.0,0.0,0.0,0.0
927,1521990609,527616881,0.0,0.0,0.0,0.0,0.0,0.0
928,1521990609,537615394,0.0,0.0,0.0,0.0,0.0,0.0
929,1521990609,547615517,0.0,0.0,0.0,0.0,0.0,0.0
930,1521990609,557615103,0.0,0.0,0.0,0.0,0.0,0.0
931,1521990609,567616796,0.0,0.0,0.0,0.0,0.0,0.0
932,1521990609,577613813,0.0,0.0,0.0,0.0,0.0,0.0
933,1521990609,587616539,0.0,0.0,0.0,0.0,0.0,0.0
934,1521990609,597615770,0.0,0.0,0.0,0.0,0.0,0.0
935,1521990609,607617995,0.0,0.0,0.0,0.0,0.0,0.0
936,1521990609,617635590,0.0,0.0,0.0,0.0,0.0,0.0
937,1521990609,627616702,0.0,0.0,0.0,0.0,0.0,0.0
938,1521990609,637616470,0.0,0.0,0.0,0.0,0.0,0.0
939,1521990609,647615740,0.0,0.0,0.0,0.0,0.0,0.0
940,1521990609,657615610,0.0,0.0,0.0,0.0,0.0,0.0
941,1521990609,667620651,0.0,0.0,0.0,0.0,0.0,0.0
942,1521990609,677614708,0.0,0.0,0.0,0.0,0.0,0.0
943,1521990609,687614385,0.0,0.0,0.0,0.0,0.0,0.0
944,1521990609,697616182,0.0,0.0,0.0,0.0,0.0,0.0
945,1521990609,707616077,0.0,0.0,0.0,0.0,0.0,0.0
946,1521990609,717622221,0.0,0.0,0.0,0.0,0.0,0.0
947,1521990609,727615734,0.0,0.0,0.0,0.0,0.0,0.0
948,1521990609,737623400,0.0,0.0,0.0,0.0,0.0,0.0
949,1521990609,747616312,0.0,0.0,0.0,0.0,0.0,0.0
950,1521990609,757616380,0.0,0.0,0.0,0.0,0.0,0.0
951,1521990609,767616446,0.0,0.0,0.0,0.0,0.0,0.0
952,1521990609,777615227,0.0,0.0,0.0,0.0,0.0,0.0
953,1521990609,787616950,0.0,0.0,0.0,0.0,0.0,0.0
954,1521990609,797614697,0.0,0.0,0.0,0.0,0.0,0.0
955,1521990609,807628662,0.0,0.0,0.0,0.0,0.0,0.0
956,1521990609,817628704,0.0,0.0,0.0,0.0,0.0,0.0
957,1521990609,827624717,0.0,0.0,0.0,0.0,0.0,0.0
958,1521990609,837622228,0.0,0.0,0.0,0.0,0.0,0.0
959,1521990609,847614722,0.0,0.0,0.0,0.0,0.0,0.0
960,1521990609,857614215,0.0,0.0,0.0,0.0,0.0,0.0
961,1521990609,867616501,0.0,0.0,0.0,0.0,0.0,0.0
962,1521990609,877615901,0.0,0.0,0.0,0.0,0.0,0.0
963,1521990609,887624588,0.0,0.0,0.0,0.0,0.0,0.0
964,1521990609,897623665,0.0,0.0,0.0,0.0,0.0,0.0
965,1521990609,907617683,0.0,0.0,0.0,0.0,0.0,0.0
966,1521990609,917614505,0.0,0.0,0.0,0.0,0.0,0.0
967,1521990609,927615944,0.0,0.0,0.0,0.0,0.0,0.0
968,1521990609,937615218,0.0,0.0,0.0,0.0,0.0,0.0
969,1521990609,947615192,0.0,0.0,0.0,0.0,0.0,0.0
970,1521990609,957614911,0.0,0.0,0.0,0.0,0.0,0.0
971,1521990609,967614310,0.0,0.0,0.0,0.0,0.0,0.0
972,1521990609,977613999,0.0,0.0,0.0,0.0,0.0,0.0
973,1521990609,987616027,0.0,0.0,0.0,0.0,0.0,0.0
974,1521990609,997616421,0.0,0.0,0.0,0.0,0.0,0.0
975,1521990610,7612202,0.0,0.0,0.0,0.0,0.0,0.0
976,1521990610,17615092,0.0,0.0,0.0,0.0,0.0,0.0
977,1521990610,27616801,0.0,0.0,0.0,0.0,0.0,0.0
978,1521990610,37614005,0.0,0.0,0.0,0.0,0.0,0.0
979,1521990610,47615535,0.0,0.0,0.0,0.0,0.0,0.0
980,1521990610,57615198,0.0,0.0,0.0,0.0,0.0,0.0
981,1521990610,67617195,0.0,0.0,0.0,0.0,0.0,0.0
982,1521990610,77614947,0.0,0.0,0.0,0.0,0.0,0.0
983,1521990610,87617176,0.0,0.0,0.0,0.0,0.0,0.0
984,1521990610,97614275,0.0,0.0,0.0,0.0,0.0,0.0
985,1521990610,107615491,0.0,0.0,0.0,0.0,0.0,0.0
986,1521990610,117615086,0.0,0.0,0.0,0.0,0.0,0.0
987,1521990610,127615020,0.0,0.0,0.0,0.0,0.0,0.0
988,1521990610,137614428,0.0,0.0,0.0,0.0,0.0,0.0
989,1521990610,147616285,0.0,0.0,0.0,0.0,0.0,0.0
990,1521990610,157613288,0.0,0.0,0.0,0.0,0.0,0.0
991,1521990610,167615774,0.0,0.0,0.0,0.0,0.0,0.0
992,1521990610,177614424,0.0,0.0,0.0,0.0,0.0,0.0
993,1521990610,187654553,0.0,0.0,0.0,0.0,0.0,0.0
994,1521990610,197626666,0.0,0.0,0.0,0.0,0.0,0.0
995,1521990610,207613408,0.0,0.0,0.0,0.0,0.0,0.0
996,1521990610,217615468,0.0,0.0,0.0,0.0,0.0,0.0
997,1521990610,227615301,0.0,0.0,0.0,0.0,0.0,0.0
998,1521990610,237621675,0.0,0.0,0.0,0.0,0.0,0.0
999,1521990610,247621325,0.0,0.0,0.0,0.0,0.0,0.0
1000,1521990610,257620604,0.0,0.0,0.0,0.0,0.0,0.0
1001,1521990610,267622767,0.0,0.0,0.0,0.0,0.0,0.0
1002,1521990610,277615516,0.0,0.0,0.0,0.0,0.0,0.0
1003,1521990610,287615482,0.0,0.0,0.0,0.0,0.0,0.0
1004,1521990610,297614794,0.0,0.0,0.0,0.0,0.0,0.0
1005,1521990610,307614343,0.0,0.0,0.0,0.0,0.0,0.0
1006,1521990610,317613789,0.0,0.0,0.0,0.0,0.0,0.0
1007,1521990610,327615834,0.0,0.0,0.0,0.0,0.0,0.0
1008,1521990610,337615178,0.0,0.0,0.0,0.0,0.0,0.0
1009,1521990610,347615262,0.0,0.0,0.0,0.0,0.0,0.0
1010,1521990610,357614882,0.0,0.0,0.0,0.0,0.0,0.0
1011,1521990610,367616296,0.0,0.0,0.0,0.0,0.0,0.0
1012,1521990610,377614095,0.0,0.0,0.0,0.0,0.0,0.0
1013,1521990610,387615942,0.0,0.0,0.0,0.0,0.0,0.0
1014,1521990610,397615335,0.0,0.0,0.0,0.0,0.0,0.0
1015,1521990610,407614710,0.0,0.0,0.0,0.0,0.0,0.0
1016,1521990610,417614476,0.0,0.0,0.0,0.0,0.0,0.0
1017,1521990610,427615775,0.0,0.0,0.0,0.0,0.0,0.0
1018,1521990610,437616092,0.0,0.0,0.0,0.0,0.0,0.0
1019,1521990610,447616076,0.0,0.0,0.0,0.0,0.0,0.0
1020,1521990610,457615750,0.0,0.0,0.0,0.0,0.0,0.0
1021,1521990610,467614548,0.0,0.0,0.0,0.0,0.0,0.0
1022,1521990610,477631775,0.0,0.0,0.0,0.0,0.0,0.0
1023,1521990610,487616281,0.0,0.0,0.0,0.0,0.0,0.0
1024,1521990610,497613629,0.0,0.0,0.0,0.0,0.0,0.0
1025,1521990610,507615719,0.0,0.0,0.0,0.0,0.0,0.0
1026,1521990610,517615021,0.0,0.0,0.0,0.0,0.0,0.0
1027,1521990610,527614250,0.0,0.0,0.0,0.0,0.0,0.0
1028,1521990610,537614166,0.0,0.0,0.0,0.0,0.0,0.0
1029,1521990610,547614530,0.0,0.0,0.0,0.0,0.0,0.0
1030,1521990610,557615674,0.0,0.0,0.0,0.0,0.0,0.0
1031,1521990610,567615089,0.0,0.0,0.0,0.0,0.0,0.0
1032,1521990610,577615059,0.0,0.0,0.0,0.0,0.0,0.0
1033,1521990610,587614825,0.0,0.0,0.0,0.0,0.0,0.0
1034,1521990610,597613880,0.0,0.0,0.0,0.0,0.0,0.0
1035,1521990610,607616113,0.0,0.0,0.0,0.0,0.0,0.0
1036,1521990610,617615365,0.0,0.0,0.0,0.0,0.0,0.0
1037,1521990610,627614868,0.0,0.0,0.0,0.0,0.0,0.0
1038,1521990610,637637642,0.0,0.0,0.0,0.0,0.0,0.0
1039,1521990610,647615023,0.0,0.0,0.0,0.0,0.0,0.0
1040,1521990610,657613252,0.0,0.0,0.0,0.0,0.0,0.0
1041,1521990610,667615374,0.0,0.0,0.0,0.0,0.0,0.0
1042,1521990610,677615712,0.0,0.0,0.0,0.0,0.0,0.0
1043,1521990610,687615440,0.0,0.0,0.0,0.0,0.0,0.0
1044,1521990610,697615015,0.0,0.0,0.0,0.0,0.0,0.0
1045,1521990610,707614657,0.0,0.0,0.0,0.0,0.0,0.0
1046,1521990610,717614023,0.0,0.0,0.0,0.0,0.0,0.0
1047,1521990610,727616109,0.0,0.0,0.0,0.0,0.0,0.0
1048,1521990610,737615634,0.0,0.0,0.0,0.0,0.0,0.0
1049,1521990610,747615922,0.0,0.0,0.0,0.0,0.0,0.0
1050,1521990610,757616745,0.0,0.0,0.0,0.0,0.0,0.0
1051,1521990610,767614044,0.0,0.0,0.0,0.0,0.0,0.0
1052,1521990610,777616401,0.0,0.0,0.0,0.0,0.0,0.0
1053,1521990610,787615935,0.0,0.0,0.0,0.0,0.0,0.0
1054,1521990610,797615350,0.0,0.0,0.0,0.0,0.0,0.0
1055,1521990610,807611744,0.0,0.0,0.0,0.0,0.0,0.0
1056,1521990610,817616912,0.0,0.0,0.0,0.0,0.0,0.0
1057,1521990610,827613994,0.0,0.0,0.0,0.0,0.0,0.0
1058,1521990610,837615612,0.0,0.0,0.0,0.0,0.0,0.0
1059,1521990610,847615605,0.0,0.0,0.0,0.0,0.0,0.0
1060,1521990610,857615239,0.0,0.0,0.0,0.0,0.0,0.0
1061,1521990610,867621310,0.0,0.0,0.0,0.0,0.0,0.0
1062,1521990610,877614251,0.0,0.0,0.0,0.0,0.0,0.0
1063,1521990610,887614285,0.0,0.0,0.0,0.0,0.0,0.0
1064,1521990610,897615956,0.0,0.0,0.0,0.0,0.0,0.0
1065,1521990610,907615526,0.0,0.0,0.0,0.0,0.0,0.0
1066,1521990610,917614617,0.0,0.0,0.0,0.0,0.0,0.0
1067,1521990610,927614851,0.0,0.0,0.0,0.0,0.0,0.0
1068,1521990610,937614435,0.0,0.0,0.0,0.0,0.0,0.0
1069,1521990610,947616101,0.0,0.0,0.0,0.0,0.0,0.0
1070,1521990610,957615966,0.0,0.0,0.0,0.0,0.0,0.0
1071,1521990610,967615505,0.0,0.0,0.0,0.0,0.0,0.0
1072,1521990610,977614900,0.0,0.0,0.0,0.0,0.0,0.0
1073,1521990610,987614253,0.0,0.0,0.0,0.0,0.0,0.0
1074,1521990610,997614020,0.0,0.0,0.0,0.0,0.0,0.0
1075,1521990611,7613317,0.0,0.0,0.0,0.0,0.0,0.0
1076,1521990611,17615513,0.0,0.0,0.0,0.0,0.0,0.0
1077,1521990611,27615249,0.0,0.0,0.0,0.0,0.0,0.0
1078,1521990611,37614461,0.0,0.0,0.0,0.0,0.0,0.0
1079,1521990611,47614763,0.0,0.0,0.0,0.0,0.0,0.0
1080,1521990611,57614020,0.0,0.0,0.0,0.0,0.0,0.0
1081,1521990611,67613413,0.0,0.0,0.0,0.0,0.0,0.0
1082,1521990611,77614887,0.0,0.0,0.0,0.0,0.0,0.0
1083,1521990611,87617423,0.0,0.0,0.0,0.0,0.0,0.0
1084,1521990611,97614540,0.0,0.0,0.0,0.0,0.0,0.0
1085,1521990611,107616127,0.0,0.0,0.0,0.0,0.0,0.0
1086,1521990611,117613446,0.0,0.0,0.0,0.0,0.0,0.0
1087,1521990611,127613449,0.0,0.0,0.0,0.0,0.0,0.0
1088,1521990611,137615452,0.0,0.0,0.0,0.0,0.0,0.0
1089,1521990611,147630851,0.0,0.0,0.0,0.0,0.0,0.0
1090,1521990611,157629821,0.0,0.0,0.0,0.0,0.0,0.0
1091,1521990611,167621786,0.0,0.0,0.0,0.0,0.0,0.0
1092,1521990611,177624281,0.0,0.0,0.0,0.0,0.0,0.0
1093,1521990611,187615705,0.0,0.0,0.0,0.0,0.0,0.0
1094,1521990611,197615169,0.0,0.0,0.0,0.0,0.0,0.0
1095,1521990611,207614443,0.0,0.0,0.0,0.0,0.0,0.0
1096,1521990611,217614659,0.0,0.0,0.0,0.0,0.0,0.0
1097,1521990611,227615167,0.0,0.0,0.0,0.0,0.0,0.0
1098,1521990611,237615938,0.0,0.0,0.0,0.0,0.0,0.0
1099,1521990611,247615172,0.0,0.0,0.0,0.0,0.0,0.0
1100,1521990611,257614733,0.0,0.0,0.0,0.0,0.0,0.0
1101,1521990611,267614853,0.0,0.0,0.0,0.0,0.0,0.0
1102,1521990611,277614175,0.0,0.0,0.0,0.0,0.0,0.0
1103,1521990611,287615883,0.0,0.0,0.0,0.0,0.0,0.0
1104,1521990611,297616079,0.0,0.0,0.0,0.0,0.0,0.0
1105,1521990611,307616239,0.0,0.0,0.0,0.0,0.0,0.0
1106,1521990611,317614954,0.0,0.0,0.0,0.0,0.0,0.0
1107,1521990611,327614010,0.0,0.0,0.0,0.0,0.0,0.0
1108,1521990611,337613716,0.0,0.0,0.0,0.0,0.0,0.0
1109,1521990611,347616423,0.0,0.0,0.0,0.0,0.0,0.0
1110,1521990611,357616104,0.0,0.0,0.0,0.0,0.0,0.0
1111,1521990611,367615219,0.0,0.0,0.0,0.0,0.0,0.0
1112,1521990611,377614993,0.0,0.0,0.0,0.0,0.0,0.0
1113,1521990611,387614070,0.0,0.0,0.0,0.0,0.0,0.0
1114,1521990611,397613929,0.0,0.0,0.0,0.0,0.0,0.0
1115,1521990611,407613766,0.0,0.0,0.0,0.0,0.0,0.0
1116,1521990611,417615214,0.0,0.0,0.0,0.0,0.0,0.0
1117,1521990611,427615270,0.0,0.0,0.0,0.0,0.0,0.0
1118,1521990611,437615429,0.0,0.0,0.0,0.0,0.0,0.0
1119,1521990611,447614002,0.0,0.0,0.0,0.0,0.0,0.0
1120,1521990611,457616402,0.0,0.0,0.0,0.0,0.0,0.0
1121,1521990611,467616578,0.0,0.0,0.0,0.0,0.0,0.0
1122,1521990611,477614836,0.0,0.0,0.0,0.0,0.0,0.0
1123,1521990611,487614966,0.0,0.0,0.0,0.0,0.0,0.0
1124,1521990611,497614559,0.0,0.0,0.0,0.0,0.0,0.0
1125,1521990611,507614102,0.0,0.0,0.0,0.0,0.0,0.0
1126,1521990611,517616050,0.0,0.0,0.0,0.0,0.0,0.0
1127,1521990611,527616038,0.0,0.0,0.0,0.0,0.0,0.0
1128,1521990611,537615335,0.0,0.0,0.0,0.0,0.0,0.0
1129,1521990611,547614983,0.0,0.0,0.0,0.0,0.0,0.0
1130,1521990611,557614642,0.0,0.0,0.0,0.0,0.0,0.0
1131,1521990611,567616406,0.0,0.0,0.0,0.0,0.0,0.0
1132,1521990611,577613882,0.0,0.0,0.0,0.0,0.0,0.0
1133,1521990611,587615553,0.0,0.0,0.0,0.0,0.0,0.0
1134,1521990611,597615288,0.0,0.0,0.0,0.0,0.0,0.0
1135,1521990611,607614888,0.0,0.0,0.0,0.0,0.0,0.0
1136,1521990611,617614274,0.0,0.0,0.0,0.0,0.0,0.0
1137,1521990611,627615762,0.0,0.0,0.0,0.0,0.0,0.0
1138,1521990611,637615837,0.0,0.0,0.0,0.0,0.0,0.0
1139,1521990611,647615309,0.0,0.0,0.0,0.0,0.0,0.0
1140,1521990611,657615011,0.0,0.0,0.0,0.0,0.0,0.0
1141,1521990611,667614551,0.0,0.0,0.0,0.0,0.0,0.0
1142,1521990611,677616329,0.0,0.0,0.0,0.0,0.0,0.0
1143,1521990611,687613449,0.0,0.0,0.0,0.0,0.0,0.0
1144,1521990611,697615480,0.0,0.0,0.0,0.0,0.0,0.0
1145,1521990611,707615662,0.0,0.0,0.0,0.0,0.0,0.0
1146,1521990611,717614329,0.0,0.0,0.0,0.0,0.0,0.0
1147,1521990611,727614011,0.0,0.0,0.0,0.0,0.0,0.0
1148,1521990611,737614116,0.0,0.0,0.0,0.0,0.0,0.0
1149,1521990611,747615821,0.0,0.0,0.0,0.0,0.0,0.0
1150,1521990611,757615066,0.0,0.0,0.0,0.0,0.0,0.0
1151,1521990611,767619105,0.0,0.0,0.0,0.0,0.0,0.0
1152,1521990611,777617022,0.0,0.0,0.0,0.0,0.0,0.0
1153,1521990611,787614336,0.0,0.0,0.0,0.0,0.0,0.0
1154,1521990611,797613716,0.0,0.0,0.0,0.0,0.0,0.0
1155,1521990611,807615708,0.0,0.0,0.0,0.0,0.0,0.0
1156,1521990611,817615084,0.0,0.0,0.0,0.0,0.0,0.0
1157,1521990611,827614882,0.0,0.0,0.0,0.0,0.0,0.0
1158,1521990611,837614020,0.0,0.0,0.0,0.0,0.0,0.0
1159,1521990611,847617968,0.0,0.0,0.0,0.0,0.0,0.0
1160,1521990611,857614444,0.0,0.0,0.0,0.0,0.0,0.0
1161,1521990611,867615596,0.0,0.0,0.0,0.0,0.0,0.0
1162,1521990611,877615833,0.0,0.0,0.0,0.0,0.0,0.0
1163,1521990611,887617146,0.0,0.0,0.0,0.0,0.0,0.0
1164,1521990611,897615098,0.0,0.0,0.0,0.0,0.0,0.0
1165,1521990611,907616547,0.0,0.0,0.0,0.0,0.0,0.0
1166,1521990611,917616363,0.0,0.0,0.0,0.0,0.0,0.0
1167,1521990611,927616103,0.0,0.0,0.0,0.0,0.0,0.0
1168,1521990611,937614782,0.0,0.0,0.0,0.0,0.0,0.0
1169,1521990611,947614352,0.0,0.0,0.0,0.0,0.0,0.0
1170,1521990611,957573539,0.0,0.0,0.0,0.0,0.0,0.0
1171,1521990611,967614038,0.0,0.0,0.0,0.0,0.0,0.0
1172,1521990611,977615709,0.0,0.0,0.0,0.0,0.0,0.0
1173,1521990611,987615354,0.0,0.0,0.0,0.0,0.0,0.0
1174,1521990611,997615174,0.0,0.0,0.0,0.0,0.0,0.0
1175,1521990612,7614320,0.0,0.0,0.0,0.0,0.0,0.0
1176,1521990612,17616943,49.0,49.0,0.0,0.0,0.0,0.0
1177,1521990612,27617364,49.0,49.0,0.0,0.0,0.0,0.0
1178,1521990612,37616661,57.0,57.0,0.0,0.0,0.0,0.0
1179,1521990612,47618836,57.0,57.0,0.0,0.0,0.0,0.0
1180,1521990612,57618394,61.0,61.0,0.0,0.0,0.0,0.0
1181,1521990612,67623850,61.0,61.0,0.0,0.0,0.0,0.0
1182,1521990612,77619596,73.0,73.0,0.0,0.0,0.0,0.0
1183,1521990612,87619599,73.0,73.0,0.0,0.0,0.0,0.0
1184,1521990612,97619293,84.0,84.0,0.0,0.0,0.0,0.0
1185,1521990612,107619090,84.0,84.0,0.0,0.0,0.0,0.0
1186,1521990612,117617897,99.0,99.0,0.0,0.0,0.0,0.0
1187,1521990612,127615847,99.0,99.0,0.0,0.0,0.0,0.0
1188,1521990612,137611248,120.0,120.0,0.0,0.0,0.0,0.0
1189,1521990612,147613317,120.0,120.0,0.0,0.0,0.0,0.0
1190,1521990612,157612886,149.0,149.0,0.0,0.0,0.0,0.0
1191,1521990612,167612331,149.0,149.0,0.0,0.0,0.0,0.0
1192,1521990612,177611876,184.0,184.0,0.0,0.0,0.0,0.0
1193,1521990612,187614326,184.0,184.0,0.0,0.0,0.0,0.0
1194,1521990612,197614830,222.0,222.0,0.0,0.0,0.0,0.0
1195,1521990612,207614153,222.0,222.0,0.0,0.0,0.0,0.0
1196,1521990612,217613968,257.0,257.0,0.0,0.0,0.0,0.0
1197,1521990612,227613290,257.0,257.0,0.0,0.0,0.0,0.0
1198,1521990612,237613286,287.0,287.0,0.0,0.0,0.0,0.0
1199,1521990612,247612758,287.0,287.0,0.0,0.0,0.0,0.0
1200,1521990612,257612186,310.0,310.0,0.0,0.0,0.0,0.0
1201,1521990612,267611731,310.0,310.0,0.0,0.0,0.0,0.0
1202,1521990612,277614268,331.0,331.0,0.0,0.0,0.0,0.0
1203,1521990612,287614037,331.0,331.0,0.0,0.0,0.0,0.0
1204,1521990612,297613768,352.0,352.0,0.0,0.0,0.0,0.0
1205,1521990612,307615414,352.0,352.0,0.0,0.0,0.0,0.0
1206,1521990612,317615530,376.0,376.0,0.0,0.0,0.0,0.0
1207,1521990612,327614882,376.0,376.0,0.0,0.0,0.0,0.0
1208,1521990612,337614382,398.0,398.0,0.0,0.0,0.0,0.0
1209,1521990612,347613570,398.0,398.0,0.0,0.0,0.0,0.0
1210,1521990612,357613713,400.0,400.0,0.0,0.0,0.0,0.0
1211,1521990612,367613654,400.0,400.0,0.0,0.0,0.0,0.0
1212,1521990612,377615194,400.0,400.0,0.0,0.0,0.0,0.0
1213,1521990612,387619287,400.0,400.0,0.0,0.0,0.0,0.0
1214,1521990612,397614265,400.0,400.0,0.0,0.0,0.0,0.0
1215,1521990612,407613870,400.0,400.0,0.0,0.0,0.0,0.0
1216,1521990612,417614307,400.0,400.0,0.0,0.0,0.0,0.0
1217,1521990612,427613971,400.0,400.0,0.0,0.0,0.0,0.0
1218,1521990612,437615206,400.0,400.0,0.0,0.0,0.0,0.0
1219,1521990612,447615420,400.0,400.0,0.0,0.0,0.0,0.0
1220,1521990612,457615573,400.0,400.0,0.0,0.0,0.0,0.0
1221,1521990612,467614318,400.0,400.0,0.0,0.0,0.0,0.0
1222,1521990612,477615748,400.0,400.0,0.0,0.0,0.0,0.0
1223,1521990612,487616199,400.0,400.0,0.0,0.0,0.0,0.0
1224,1521990612,497615714,400.0,400.0,0.0,0.0,0.0,0.0
1225,1521990612,507615055,400.0,400.0,0.0,0.0,0.0,0.0
1226,1521990612,517614198,400.0,400.0,0.0,0.0,0.0,0.0
1227,1521990612,527614709,400.0,400.0,0.0,0.0,0.0,0.0
1228,1521990612,537616696,400.0,400.0,0.0,0.0,0.0,0.0
1229,1521990612,547615546,400.0,400.0,0.0,0.0,0.0,0.0
1230,1521990612,557616039,400.0,400.0,0.0,0.0,0.0,0.0
1231,1521990612,567613086,400.0,400.0,0.0,0.0,0.0,0.0
1232,1521990612,577615045,400.0,400.0,0.0,0.0,0.0,0.0
1233,1521990612,587614345,400.0,400.0,0.0,0.0,0.0,0.0
1234,1521990612,597614200,400.0,400.0,0.0,0.0,0.0,0.0
1235,1521990612,607616342,400.0,400.0,0.0,0.0,0.0,0.0
1236,1521990612,617615702,400.0,400.0,0.0,0.0,0.0,0.0
1237,1521990612,627615580,400.0,400.0,0.0,0.0,0.0,0.0
1238,1521990612,637618708,400.0,400.0,0.0,0.0,0.0,0.0
1239,1521990612,647616554,400.0,400.0,0.0,0.0,0.0,0.0
1240,1521990612,657613909,397.0,400.0,0.0,0.0,0.0,0.0
1241,1521990612,667618650,397.0,400.0,0.0,0.0,0.0,0.0
1242,1521990612,677619114,394.0,400.0,0.0,0.0,0.0,0.0
1243,1521990612,687615686,394.0,400.0,0.0,0.0,0.0,0.0
1244,1521990612,697616787,390.0,400.0,0.0,0.0,0.0,0.0
1245,1521990612,707616213,390.0,400.0,0.0,0.0,0.0,0.0
1246,1521990612,717615907,387.0,400.0,0.0,0.0,0.0,0.0
1247,1521990612,727614938,387.0,400.0,0.0,0.0,0.0,0.0
1248,1521990612,737615298,384.0,400.0,0.0,0.0,0.0,0.0
1249,1521990612,747616772,384.0,400.0,0.0,0.0,0.0,0.0
1250,1521990612,757614006,382.0,400.0,0.0,0.0,0.0,0.0
1251,1521990612,767612981,382.0,400.0,0.0,0.0,0.0,0.0
1252,1521990612,777615537,381.0,400.0,0.0,0.0,0.0,0.0
1253,1521990612,787615187,381.0,400.0,0.0,0.0,0.0,0.0
1254,1521990612,797614817,379.0,400.0,0.0,0.0,0.0,0.0
1255,1521990612,807613730,379.0,400.0,0.0,0.0,0.0,0.0
1256,1521990612,817613591,379.0,400.0,0.0,0.0,0.0,0.0
1257,1521990612,827615732,379.0,400.0,0.0,0.0,0.0,0.0
1258,1521990612,837614753,379.0,400.0,0.0,0.0,0.0,0.0
1259,1521990612,847614812,379.0,400.0,0.0,0.0,0.0,0.0
1260,1521990612,857613517,378.0,400.0,0.0,0.0,0.0,0.0
1261,1521990612,867586664,378.0,400.0,0.0,0.0,0.0,0.0
1262,1521990612,877615574,378.0,400.0,0.0,0.0,0.0,0.0
1263,1521990612,887615032,378.0,400.0,0.0,0.0,0.0,0.0
1264,1521990612,897615067,377.0,400.0,0.0,0.0,0.0,0.0
1265,1521990612,907614566,377.0,400.0,0.0,0.0,0.0,0.0
1266,1521990612,917614032,377.0,400.0,0.0,0.0,0.0,0.0
1267,1521990612,927613411,377.0,400.0,0.0,0.0,0.0,0.0
1268,1521990612,937615855,377.0,400.0,0.0,0.0,0.0,0.0
1269,1521990612,947615195,377.0,400.0,0.0,0.0,0.0,0.0
1270,1521990612,957614555,377.0,400.0,0.0,0.0,0.0,0.0
1271,1521990612,967613935,377.0,400.0,0.0,0.0,0.0,0.0
1272,1521990612,977614507,377.0,400.0,0.0,0.0,0.0,0.0
1273,1521990612,987615650,377.0,400.0,0.0,0.0,0.0,0.0
1274,1521990612,997613118,378.0,400.0,0.0,0.0,0.0,0.0
1275,1521990613,7615456,378.0,400.0,0.0,0.0,0.0,0.0
1276,1521990613,17614730,381.0,400.0,0.0,0.0,0.0,0.0
1277,1521990613,27614037,381.0,400.0,0.0,0.0,0.0,0.0
1278,1521990613,37615750,386.0,400.0,0.0,0.0,0.0,0.0
1279,1521990613,47615840,386.0,400.0,0.0,0.0,0.0,0.0
1280,1521990613,57613260,397.0,400.0,0.0,0.0,0.0,0.0
1281,1521990613,67614572,397.0,400.0,0.0,0.0,0.0,0.0
1282,1521990613,77614235,400.0,400.0,0.0,0.0,0.0,0.0
1283,1521990613,87614381,400.0,400.0,0.0,0.0,0.0,0.0
1284,1521990613,97613993,400.0,400.0,0.0,0.0,0.0,0.0
1285,1521990613,107614671,400.0,400.0,0.0,0.0,0.0,0.0
1286,1521990613,117615424,400.0,400.0,0.0,0.0,0.0,0.0
1287,1521990613,127614544,400.0,400.0,0.0,0.0,0.0,0.0
1288,1521990613,137614225,400.0,400.0,0.0,0.0,0.0,0.0
1289,1521990613,147613830,400.0,400.0,0.0,0.0,0.0,0.0
1290,1521990613,157580687,400.0,400.0,0.0,0.0,0.0,0.0
1291,1521990613,167613473,400.0,400.0,0.0,0.0,0.0,0.0
1292,1521990613,177615007,400.0,400.0,0.0,0.0,0.0,0.0
1293,1521990613,187614697,400.0,400.0,0.0,0.0,0.0,0.0
1294,1521990613,197614149,400.0,400.0,0.0,0.0,0.0,0.0
1295,1521990613,207613898,400.0,400.0,0.0,0.0,0.0,0.0
1296,1521990613,217615650,400.0,400.0,0.0,0.0,0.0,0.0
1297,1521990613,227615212,400.0,400.0,0.0,0.0,0.0,0.0
1298,1521990613,237614861,400.0,400.0,0.0,0.0,0.0,0.0
1299,1521990613,247614819,400.0,400.0,0.0,0.0,0.0,0.0
1300,1521990613,257616366,400.0,400.0,0.0,0.0,0.0,0.0
1301,1521990613,267616212,400.0,400.0,0.0,0.0,0.0,0.0
1302,1521990613,277617993,400.0,400.0,0.0,0.0,0.0,0.0
1303,1521990613,287614846,400.0,400.0,0.0,0.0,0.0,0.0
1304,1521990613,297614836,400.0,400.0,0.0,0.0,0.0,0.0
1305,1521990613,307614508,400.0,400.0,0.0,0.0,0.0,0.0
1306,1521990613,317613771,400.0,400.0,0.0,0.0,0.0,0.0
1307,1521990613,327616249,400.0,400.0,0.0,0.0,0.0,0.0
1308,1521990613,337613425,400.0,400.0,0.0,0.0,0.0,0.0
1309,1521990613,347615028,400.0,400.0,0.0,0.0,0.0,0.0
1310,1521990613,357614786,400.0,400.0,0.0,0.0,0.0,0.0
1311,1521990613,367614171,400.0,400.0,0.0,0.0,0.0,0.0
1312,1521990613,377613811,400.0,400.0,0.0,0.0,0.0,0.0
1313,1521990613,387613152,400.0,400.0,0.0,0.0,0.0,0.0
1314,1521990613,397615534,400.0,400.0,0.0,0.0,0.0,0.0
1315,1521990613,407615112,400.0,400.0,0.0,0.0,0.0,0.0
1316,1521990613,417614483,400.0,400.0,0.0,0.0,0.0,0.0
1317,1521990613,427616178,400.0,400.0,0.0,0.0,0.0,0.0
1318,1521990613,437616016,400.0,400.0,0.0,0.0,0.0,0.0
1319,1521990613,447613594,400.0,400.0,0.0,0.0,0.0,0.0
1320,1521990613,457615419,400.0,400.0,0.0,0.0,0.0,0.0
1321,1521990613,467614568,400.0,400.0,0.0,0.0,0.0,0.0
1322,1521990613,477613941,400.0,400.0,0.0,0.0,0.0,0.0
1323,1521990613,487613578,400.0,400.0,0.0,0.0,0.0,0.0
1324,1521990613,497613780,400.0,400.0,0.0,0.0,0.0,0.0
1325,1521990613,507615630,400.0,400.0,0.0,0.0,0.0,0.0
1326,1521990613,517614884,400.0,400.0,0.0,0.0,0.0,0.0
1327,1521990613,527614510,400.0,400.0,0.0,0.0,0.0,0.0
1328,1521990613,537614260,400.0,400.0,0.0,0.0,0.0,0.0
1329,1521990613,547613268,400.0,400.0,0.0,0.0,0.0,0.0
1330,1521990613,557616045,400.0,400.0,0.0,0.0,0.0,0.0
1331,1521990613,567615812,400.0,400.0,0.0,0.0,0.0,0.0
1332,1521990613,577615195,400.0,400.0,0.0,0.0,0.0,0.0
1333,1521990613,587614589,400.0,400.0,0.0,0.0,0.0,0.0
1334,1521990613,597614266,400.0,400.0,0.0,0.0,0.0,0.0
1335,1521990613,607615856,400.0,400.0,0.0,0.0,0.0,0.0
1336,1521990613,617615545,400.0,400.0,0.0,0.0,0.0,0.0
1337,1521990613,627615032,400.0,400.0,0.0,0.0,0.0,0.0
1338,1521990613,637615557,400.0,400.0,0.0,0.0,0.0,0.0
1339,1521990613,647614515,400.0,400.0,0.0,0.0,0.0,0.0
1340,1521990613,657614207,400.0,400.0,0.0,0.0,0.0,0.0
1341,1521990613,667615695,400.0,400.0,0.0,0.0,0.0,0.0
1342,1521990613,677615869,400.0,400.0,0.0,0.0,0.0,0.0
1343,1521990613,687615063,400.0,400.0,0.0,0.0,0.0,0.0
1344,1521990613,697614610,400.0,400.0,0.0,0.0,0.0,0.0
1345,1521990613,707616511,400.0,400.0,0.0,0.0,0.0,0.0
1346,1521990613,717613711,400.0,400.0,0.0,0.0,0.0,0.0
1347,1521990613,727615455,400.0,400.0,0.0,0.0,0.0,0.0
1348,1521990613,737615310,400.0,400.0,0.0,0.0,0.0,0.0
1349,1521990613,747615089,400.0,400.0,0.0,0.0,0.0,0.0
1350,1521990613,757614529,400.0,400.0,0.0,0.0,0.0,0.0
1351,1521990613,767614067,400.0,400.0,0.0,0.0,0.0,0.0
1352,1521990613,777615966,400.0,400.0,0.0,0.0,0.0,0.0
1353,1521990613,787616008,400.0,400.0,0.0,0.0,0.0,0.0
1354,1521990613,797615575,400.0,400.0,0.0,0.0,0.0,0.0
1355,1521990613,807614714,400.0,400.0,0.0,0.0,0.0,0.0
1356,1521990613,817613809,400.0,400.0,0.0,0.0,0.0,0.0
1357,1521990613,827614256,400.0,400.0,0.0,0.0,0.0,0.0
1358,1521990613,837613525,400.0,400.0,0.0,0.0,0.0,0.0
1359,1521990613,847615613,400.0,400.0,0.0,0.0,0.0,0.0
1360,1521990613,857614946,400.0,400.0,0.0,0.0,0.0,0.0
1361,1521990613,867614726,400.0,400.0,0.0,0.0,0.0,0.0
1362,1521990613,877620272,400.0,400.0,0.0,0.0,0.0,0.0
1363,1521990613,887616205,400.0,400.0,0.0,0.0,0.0,0.0
1364,1521990613,897616222,400.0,400.0,0.0,0.0,0.0,0.0
1365,1521990613,907615537,400.0,400.0,0.0,0.0,0.0,0.0
1366,1521990613,917615123,400.0,400.0,0.0,0.0,0.0,0.0
1367,1521990613,927614155,400.0,400.0,0.0,0.0,0.0,0.0
1368,1521990613,937614326,400.0,400.0,0.0,0.0,0.0,0.0
1369,1521990613,947613696,400.0,400.0,0.0,0.0,0.0,0.0
1370,1521990613,957615573,400.0,400.0,0.0,0.0,0.0,0.0
1371,1521990613,967614972,400.0,400.0,0.0,0.0,0.0,0.0
1372,1521990613,977615178,400.0,400.0,0.0,0.0,0.0,0.0
1373,1521990613,987614570,400.0,400.0,0.0,0.0,0.0,0.0
1374,1521990613,997614049,400.0,400.0,0.0,0.0,0.0,0.0
1375,1521990614,7613289,400.0,400.0,0.0,0.0,0.0,0.0
1376,1521990614,17613399,400.0,400.0,0.0,0.0,0.0,0.0
1377,1521990614,27614939,400.0,400.0,0.0,0.0,0.0,0.0
1378,1521990614,37614484,400.0,400.0,0.0,0.0,0.0,0.0
1379,1521990614,47614617,400.0,400.0,0.0,0.0,0.0,0.0
1380,1521990614,57613851,400.0,400.0,0.0,0.0,0.0,0.0
1381,1521990614,67613430,400.0,400.0,0.0,0.0,0.0,0.0
1382,1521990614,77615577,400.0,400.0,0.0,0.0,0.0,0.0
1383,1521990614,87614851,400.0,400.0,0.0,0.0,0.0,0.0
1384,1521990614,97614512,400.0,400.0,0.0,0.0,0.0,0.0
1385,1521990614,107613891,400.0,400.0,0.0,0.0,0.0,0.0
1386,1521990614,117613729,400.0,400.0,0.0,0.0,0.0,0.0
1387,1521990614,127613543,400.0,400.0,0.0,0.0,0.0,0.0
1388,1521990614,137615053,400.0,400.0,0.0,0.0,0.0,0.0
1389,1521990614,147614279,400.0,400.0,0.0,0.0,0.0,0.0
1390,1521990614,157614689,400.0,400.0,0.0,0.0,0.0,0.0
1391,1521990614,167614030,400.0,400.0,0.0,0.0,0.0,0.0
1392,1521990614,177616448,400.0,400.0,0.0,0.0,0.0,0.0
1393,1521990614,187615884,400.0,400.0,0.0,0.0,0.0,0.0
1394,1521990614,197615268,400.0,400.0,0.0,0.0,0.0,0.0
1395,1521990614,207614508,400.0,400.0,0.0,0.0,0.0,0.0
1396,1521990614,217614424,400.0,400.0,0.0,0.0,0.0,0.0
1397,1521990614,227615239,400.0,400.0,0.0,0.0,0.0,0.0
1398,1521990614,237615456,400.0,400.0,0.0,0.0,0.0,0.0
1399,1521990614,247612968,400.0,400.0,0.0,0.0,0.0,0.0
1400,1521990614,257614619,400.0,400.0,0.0,0.0,0.0,0.0
1401,1521990614,267614238,400.0,400.0,0.0,0.0,0.0,0.0
1402,1521990614,277614054,400.0,400.0,0.0,0.0,0.0,0.0
1403,1521990614,287614154,400.0,400.0,0.0,0.0,0.0,0.0
1404,1521990614,297615927,400.0,400.0,0.0,0.0,0.0,0.0
1405,1521990614,307615388,400.0,400.0,0.0,0.0,0.0,0.0
1406,1521990614,317615008,400.0,400.0,0.0,0.0,0.0,0.0
1407,1521990614,327616573,400.0,400.0,0.0,0.0,0.0,0.0
1408,1521990614,337614042,400.0,400.0,0.0,0.0,0.0,0.0
1409,1521990614,347613207,400.0,400.0,0.0,0.0,0.0,0.0
1410,1521990614,357615661,400.0,400.0,0.0,0.0,0.0,0.0
1411,1521990614,367615388,400.0,400.0,0.0,0.0,0.0,0.0
1412,1521990614,377614738,400.0,400.0,0.0,0.0,0.0,0.0
1413,1521990614,387614225,400.0,400.0,0.0,0.0,0.0,0.0
1414,1521990614,397614203,400.0,400.0,0.0,0.0,0.0,0.0
1415,1521990614,407613489,400.0,400.0,0.0,0.0,0.0,0.0
1416,1521990614,417613154,400.0,400.0,0.0,0.0,0.0,0.0
1417,1521990614,427615013,400.0,400.0,0.0,0.0,0.0,0.0
1418,1521990614,437615169,393.0,393.0,0.0,0.0,0.0,0.0
1419,1521990614,447613864,393.0,393.0,0.0,0.0,0.0,0.0
1420,1521990614,457613880,366.0,366.0,0.0,0.0,0.0,0.0
1421,1521990614,467613834,366.0,366.0,0.0,0.0,0.0,0.0
1422,1521990614,477619641,329.0,329.0,0.0,0.0,0.0,0.0
1423,1521990614,487614788,329.0,329.0,0.0,0.0,0.0,0.0
1424,1521990614,497614224,272.0,272.0,0.0,0.0,0.0,0.0
1425,1521990614,507613436,272.0,272.0,0.0,0.0,0.0,0.0
1426,1521990614,517612653,199.0,199.0,0.0,0.0,0.0,0.0
1427,1521990614,527611752,199.0,199.0,0.0,0.0,0.0,0.0
1428,1521990614,537613223,122.0,122.0,0.0,0.0,0.0,0.0
1429,1521990614,547612541,122.0,122.0,0.0,0.0,0.0,0.0
1430,1521990614,557616432,55.0,55.0,0.0,0.0,0.0,0.0
1431,1521990614,567615950,55.0,55.0,0.0,0.0,0.0,0.0
1432,1521990614,577616913,0.0,0.0,0.0,0.0,0.0,0.0
1433,1521990614,587614117,0.0,0.0,0.0,0.0,0.0,0.0
1434,1521990614,597616878,0.0,0.0,0.0,0.0,0.0,0.0
1435,1521990614,607616554,0.0,0.0,0.0,0.0,0.0,0.0
1436,1521990614,617616610,0.0,0.0,0.0,0.0,0.0,0.0
1437,1521990614,627616464,0.0,0.0,0.0,0.0,0.0,0.0
1438,1521990614,637617718,0.0,0.0,0.0,0.0,0.0,0.0
1439,1521990614,647617986,0.0,0.0,0.0,0.0,0.0,0.0
1440,1521990614,657615552,0.0,0.0,0.0,0.0,0.0,0.0
1441,1521990614,667617893,0.0,0.0,0.0,0.0,0.0,0.0
1442,1521990614,677616583,0.0,0.0,0.0,0.0,0.0,0.0
1443,1521990614,687619264,0.0,0.0,0.0,0.0,0.0,0.0
1444,1521990614,697616252,0.0,0.0,0.0,0.0,0.0,0.0
1445,1521990614,707617833,0.0,0.0,0.0,0.0,0.0,0.0
1446,1521990614,717615006,0.0,0.0,0.0,0.0,0.0,0.0
1447,1521990614,727618089,0.0,0.0,0.0,0.0,0.0,0.0
1448,1521990614,737616778,0.0,0.0,0.0,0.0,0.0,0.0
1449,1521990614,747617982,0.0,0.0,0.0,0.0,0.0,0.0
1450,1521990614,757615431,0.0,0.0,0.0,0.0,0.0,0.0
1451,1521990614,767617084,0.0,0.0,0.0,0.0,0.0,0.0
1452,1521990614,777616583,0.0,0.0,0.0,0.0,0.0,0.0
1453,1521990614,787616043,0.0,0.0,0.0,0.0,0.0,0.0
1454,1521990614,797618382,0.0,0.0,0.0,0.0,0.0,0.0
1455,1521990614,807614235,0.0,0.0,0.0,0.0,0.0,0.0
1456,1521990614,817613598,0.0,0.0,0.0,0.0,0.0,0.0
1457,1521990614,827614922,0.0,0.0,0.0,0.0,0.0,0.0
1458,1521990614,837615420,0.0,0.0,0.0,0.0,0.0,0.0
1459,1521990614,847614859,0.0,0.0,0.0,0.0,0.0,0.0
1460,1521990614,857614094,0.0,0.0,0.0,0.0,0.0,0.0
1461,1521990614,867615949,0.0,0.0,0.0,0.0,0.0,0.0
1462,1521990614,877616237,0.0,0.0,0.0,0.0,0.0,0.0
1463,1521990614,887615140,0.0,0.0,0.0,0.0,0.0,0.0
1464,1521990614,897614858,0.0,0.0,0.0,0.0,0.0,0.0
1465,1521990614,907614017,0.0,0.0,0.0,0.0,0.0,0.0
1466,1521990614,917614378,0.0,0.0,0.0,0.0,0.0,0.0
1467,1521990614,927615547,0.0,0.0,0.0,0.0,0.0,0.0
1468,1521990614,937615408,0.0,0.0,0.0,0.0,0.0,0.0
1469,1521990614,947615581,0.0,0.0,0.0,0.0,0.0,0.0
1470,1521990614,957615177,0.0,0.0,0.0,0.0,0.0,0.0
1471,1521990614,967614321,0.0,0.0,0.0,0.0,0.0,0.0
1472,1521990614,977613616,0.0,0.0,0.0,0.0,0.0,0.0
1473,1521990614,987614042,0.0,0.0,0.0,0.0,0.0,0.0
1474,1521990614,997615517,0.0,0.0,0.0,0.0,0.0,0.0
1475,1521990615,7614667,0.0,0.0,0.0,0.0,0.0,0.0
1476,1521990615,17614119,0.0,0.0,0.0,0.0,0.0,0.0
1477,1521990615,27614237,0.0,0.0,0.0,0.0,0.0,0.0
1478,1521990615,37615995,0.0,0.0,0.0,0.0,0.0,0.0
1479,1521990615,47615693,0.0,0.0,0.0,0.0,0.0,0.0
1480,1521990615,57612747,0.0,0.0,0.0,0.0,0.0,0.0
1481,1521990615,67614438,0.0,0.0,0.0,0.0,0.0,0.0
1482,1521990615,77619980,0.0,0.0,0.0,0.0,0.0,0.0
1483,1521990615,87616014,0.0,0.0,0.0,0.0,0.0,0.0
1484,1521990615,97615700,0.0,0.0,0.0,0.0,0.0,0.0
1485,1521990615,107615922,0.0,0.0,0.0,0.0,0.0,0.0
1486,1521990615,117615474,0.0,0.0,0.0,0.0,0.0,0.0
1487,1521990615,127614644,0.0,0.0,0.0,0.0,0.0,0.0
1488,1521990615,137614124,0.0,0.0,0.0,0.0,0.0,0.0
1489,1521990615,147598130,0.0,0.0,0.0,0.0,0.0,0.0
1490,1521990615,157616524,0.0,0.0,0.0,0.0,0.0,0.0
1491,1521990615,167615456,0.0,0.0,0.0,0.0,0.0,0.0
1492,1521990615,177614504,0.0,0.0,0.0,0.0,0.0,0.0
1493,1521990615,187614131,0.0,0.0,0.0,0.0,0.0,0.0
1494,1521990615,197614218,0.0,0.0,0.0,0.0,0.0,0.0
1495,1521990615,207614448,0.0,0.0,0.0,0.0,0.0,0.0
1496,1521990615,217616082,0.0,0.0,0.0,0.0,0.0,0.0
1497,1521990615,227616011,0.0,0.0,0.0,0.0,0.0,0.0
1498,1521990615,237615756,0.0,0.0,0.0,0.0,0.0,0.0
1499,1521990615,247613690,0.0,0.0,0.0,0.0,0.0,0.0
1500,1521990615,257616602,0.0,0.0,0.0,0.0,0.0,0.0
1501,1521990615,267615312,0.0,0.0,0.0,0.0,0.0,0.0
1502,1521990615,277615964,0.0,0.0,0.0,0.0,0.0,0.0
1503,1521990615,287615481,0.0,0.0,0.0,0.0,0.0,0.0
1504,1521990615,297614938,0.0,0.0,0.0,0.0,0.0,0.0
1505,1521990615,307616550,0.0,0.0,0.0,0.0,0.0,0.0
1506,1521990615,317615951,0.0,0.0,0.0,0.0,0.0,0.0
1507,1521990615,327615113,0.0,0.0,0.0,0.0,0.0,0.0
1508,1521990615,337615090,0.0,0.0,0.0,0.0,0.0,0.0
1509,1521990615,347615091,0.0,0.0,0.0,0.0,0.0,0.0
1510,1521990615,357615276,0.0,0.0,0.0,0.0,0.0,0.0
1511,1521990615,367614031,0.0,0.0,0.0,0.0,0.0,0.0
1512,1521990615,377616238,0.0,0.0,0.0,0.0,0.0,0.0
1513,1521990615,387616093,0.0,0.0,0.0,0.0,0.0,0.0
1514,1521990615,397614743,0.0,0.0,0.0,0.0,0.0,0.0
1515,1521990615,407615273,0.0,0.0,0.0,0.0,0.0,0.0
1516,1521990615,417614662,0.0,0.0,0.0,0.0,0.0,0.0
1517,1521990615,427613804,0.0,0.0,0.0,0.0,0.0,0.0
1518,1521990615,437616051,0.0,0.0,0.0,0.0,0.0,0.0
1519,1521990615,447613884,0.0,0.0,0.0,0.0,0.0,0.0
1520,1521990615,457615245,0.0,0.0,0.0,0.0,0.0,0.0
1521,1521990615,467614384,0.0,0.0,0.0,0.0,0.0,0.0
1522,1521990615,477615074,0.0,0.0,0.0,0.0,0.0,0.0
1523,1521990615,487616537,0.0,0.0,0.0,0.0,0.0,0.0
1524,1521990615,497616060,0.0,0.0,0.0,0.0,0.0,0.0
1525,1521990615,507616159,0.0,0.0,0.0,0.0,0.0,0.0
1526,1521990615,517615217,0.0,0.0,0.0,0.0,0.0,0.0
1527,1521990615,527614696,0.0,0.0,0.0,0.0,0.0,0.0
1528,1521990615,537616705,0.0,0.0,0.0,0.0,0.0,0.0
1529,1521990615,547614010,0.0,0.0,0.0,0.0,0.0,0.0
1530,1521990615,557615768,0.0,0.0,0.0,0.0,0.0,0.0
1531,1521990615,567615234,0.0,0.0,0.0,0.0,0.0,0.0
1532,1521990615,577614796,0.0,0.0,0.0,0.0,0.0,0.0
1533,1521990615,587614499,0.0,0.0,0.0,0.0,0.0,0.0
1534,1521990615,597614242,0.0,0.0,0.0,0.0,0.0,0.0
1535,1521990615,607616234,0.0,0.0,0.0,0.0,0.0,0.0
1536,1521990615,617615472,0.0,0.0,0.0,0.0,0.0,0.0
1537,1521990615,627612894,0.0,0.0,0.0,0.0,0.0,0.0
1538,1521990615,637617384,0.0,0.0,0.0,0.0,0.0,0.0
1539,1521990615,647616216,0.0,0.0,0.0,0.0,0.0,0.0
1540,1521990615,657616176,0.0,0.0,0.0,0.0,0.0,0.0
1541,1521990615,667615557,0.0,0.0,0.0,0.0,0.0,0.0
1542,1521990615,677615837,0.0,0.0,0.0,0.0,0.0,0.0
1543,1521990615,687615217,0.0,0.0,0.0,0.0,0.0,0.0
1544,1521990615,697617464,0.0,0.0,0.0,0.0,0.0,0.0
1545,1521990615,707616050,0.0,0.0,0.0,0.0,0.0,0.0
1546,1521990615,717616428,0.0,0.0,0.0,0.0,0.0,0.0
1547,1521990615,727615910,0.0,0.0,0.0,0.0,0.0,0.0
1548,1521990615,737615252,0.0,0.0,0.0,0.0,0.0,0.0
1549,1521990615,747614565,0.0,0.0,0.0,0.0,0.0,0.0
1550,1521990615,757614628,0.0,0.0,0.0,0.0,0.0,0.0
1551,1521990615,767614118,0.0,0.0,0.0,0.0,0.0,0.0
1552,1521990615,777615559,0.0,0.0,0.0,0.0,0.0,0.0
1553,1521990615,787615902,0.0,0.0,0.0,0.0,0.0,0.0
1554,1521990615,797613157,0.0,0.0,0.0,0.0,0.0,0.0
1555,1521990615,807614616,0.0,0.0,0.0,0.0,0.0,0.0
1556,1521990615,817616595,0.0,0.0,0.0,0.0,0.0,0.0
1557,1521990615,827614256,0.0,0.0,0.0,0.0,0.0,0.0
1558,1521990615,837613727,0.0,0.0,0.0,0.0,0.0,0.0
1559,1521990615,847615096,0.0,0.0,0.0,0.0,0.0,0.0
1560,1521990615,857615307,0.0,0.0,0.0,0.0,0.0,0.0
1561,1521990615,867615324,0.0,0.0,0.0,0.0,0.0,0.0
1562,1521990615,877614466,0.0,0.0,0.0,0.0,0.0,0.0
1563,1521990615,887615780,0.0,0.0,0.0,0.0,0.0,0.0
1564,1521990615,897616188,0.0,0.0,0.0,0.0,0.0,0.0
1565,1521990615,907615401,0.0,0.0,0.0,0.0,0.0,0.0
1566,1521990615,917614704,0.0,0.0,0.0,0.0,0.0,0.0
1567,1521990615,927614028,0.0,0.0,0.0,0.0,0.0,0.0
1568,1521990615,937614395,0.0,0.0,0.0,0.0,0.0,0.0
1569,1521990615,947613794,0.0,0.0,0.0,0.0,0.0,0.0
1570,1521990615,957615503,0.0,0.0,0.0,0.0,0.0,0.0
1571,1521990615,967614536,0.0,0.0,0.0,0.0,0.0,0.0
1572,1521990615,977614894,0.0,0.0,0.0,0.0,0.0,0.0
1573,1521990615,987614503,0.0,0.0,0.0,0.0,0.0,0.0
1574,1521990615,997616056,0.0,0.0,0.0,0.0,0.0,0.0
1575,1521990616,7613140,0.0,0.0,0.0,0.0,0.0,0.0
1576,1521990616,17615417,0.0,0.0,0.0,0.0,0.0,0.0
1577,1521990616,27615243,0.0,0.0,0.0,0.0,0.0,0.0
1578,1521990616,37615000,0.0,0.0,0.0,0.0,0.0,0.0
1579,1521990616,47613949,0.0,0.0,0.0,0.0,0.0,0.0
1580,1521990616,57613219,0.0,0.0,0.0,0.0,0.0,0.0
1581,1521990616,67661972,0.0,0.0,0.0,0.0,0.0,0.0
