1,1521990843,879314463,0.0,0.0
2,1521990843,882736865,0.0,0.0
3,1521990843,885981908,0.0,0.0
4,1521990843,889314878,0.0,0.0
5,1521990843,892648179,0.0,0.0
6,1521990843,895980671,0.0,0.0
7,1521990843,899324428,0.0,0.0
8,1521990843,902648234,0.0,0.0
9,1521990843,905981711,0.0,0.0
10,1521990843,909314835,0.0,0.0
11,1521990843,912648200,0.0,0.0
12,1521990843,915981519,0.0,0.0
13,1521990843,919314188,0.0,0.0
14,1521990843,922648152,0.0,0.0
15,1521990843,925981110,0.0,0.0
16,1521990843,929314730,0.0,0.0
17,1521990843,932648133,0.0,0.0
18,1521990843,935981286,0.0,0.0
19,1521990843,939315225,0.0,0.0
20,1521990843,942647761,0.0,0.0
21,1521990843,945981607,0.0,0.0
22,1521990843,949315232,0.0,0.0
23,1521990843,952648350,0.0,0.0
24,1521990843,955981162,0.0,0.0
25,1521990843,959324840,0.0,0.0
26,1521990843,962648549,0.0,0.0
27,1521990843,965981434,0.0,0.0
28,1521990843,969315015,0.0,0.0
29,1521990843,972648524,0.0,0.0
30,1521990843,975981478,0.0,0.0
31,1521990843,979314539,0.0,0.0
32,1521990843,982648046,0.0,0.0
33,1521990843,985981721,0.0,0.0
34,1521990843,989314206,0.0,0.0
35,1521990843,992648353,0.0,0.0
36,1521990843,995981346,0.0,0.0
37,1521990843,999325357,0.0,0.0
38,1521990844,2648252,0.0,0.0
39,1521990844,5981741,0.0,0.0
40,1521990844,9314445,0.0,0.0
41,1521990844,12648259,0.0,0.0
42,1521990844,15981373,0.0,0.0
43,1521990844,19315022,0.0,0.0
44,1521990844,22647878,0.0,0.0
45,1521990844,25981321,0.0,0.0
46,1521990844,29314968,0.0,0.0
47,1521990844,32648538,0.0,0.0
48,1521990844,35981196,0.0,0.0
49,1521990844,39315344,0.0,0.0
50,1521990844,42648027,0.0,0.0
51,1521990844,45981527,0.0,0.0
52,1521990844,49314305,0.0,0.0
53,1521990844,52648391,0.0,0.0
54,1521990844,55981586,0.0,0.0
55,1521990844,59315068,0.0,0.0
56,1521990844,62648615,0.0,0.0
57,1521990844,65981954,0.0,0.0
58,1521990844,69315212,0.0,0.0
59,1521990844,72648704,0.0,0.0
60,1521990844,75981921,0.0,0.0
61,1521990844,79315368,0.0,0.0
62,1521990844,82648221,0.0,0.0
63,1521990844,85981578,0.0,0.0
64,1521990844,89315267,0.0,0.0
65,1521990844,92648326,0.0,0.0
66,1521990844,95982089,0.0,0.0
67,1521990844,99315383,0.0,0.0
68,1521990844,102648251,0.0,0.0
69,1521990844,105981472,0.0,0.0
70,1521990844,109314902,0.0,0.0
71,1521990844,112648690,0.0,0.0
72,1521990844,115981117,0.0,0.0
73,1521990844,119317847,0.0,0.0
74,1521990844,122648568,0.0,0.0
75,1521990844,125981003,0.0,0.0
76,1521990844,129314249,0.0,0.0
77,1521990844,132648117,0.0,0.0
78,1521990844,135981201,0.0,0.0
79,1521990844,139315460,0.0,0.0
80,1521990844,142648322,0.0,0.0
81,1521990844,145981305,0.0,0.0
82,1521990844,149314041,0.0,0.0
83,1521990844,152648208,0.0,0.0
84,1521990844,155981616,0.0,0.0
85,1521990844,159315376,0.0,0.0
86,1521990844,162648759,0.0,0.0
87,1521990844,165981055,0.0,0.0
88,1521990844,169314650,0.0,0.0
89,1521990844,172648299,0.0,0.0
90,1521990844,175981816,0.0,0.0
91,1521990844,179314759,0.0,0.0
92,1521990844,182648129,0.0,0.0
93,1521990844,185982257,0.0,0.0
94,1521990844,189314340,0.0,0.0
95,1521990844,192648533,0.0,0.0
96,1521990844,195981745,0.0,0.0
97,1521990844,199315641,0.0,0.0
98,1521990844,202647806,0.0,0.0
99,1521990844,205981106,0.0,0.0
100,1521990844,209314895,0.0,0.0
101,1521990844,212648633,0.0,0.0
102,1521990844,215981394,0.0,0.0
103,1521990844,219314731,0.0,0.0
104,1521990844,222648047,0.0,0.0
105,1521990844,225981235,0.0,0.0
106,1521990844,229314860,0.0,0.0
107,1521990844,232648373,0.0,0.0
108,1521990844,235981472,0.0,0.0
109,1521990844,239314692,0.0,0.0
110,1521990844,242648580,0.0,0.0
111,1521990844,245981255,0.0,0.0
112,1521990844,249315252,0.0,0.0
113,1521990844,252648553,0.0,0.0
114,1521990844,255981307,0.0,0.0
115,1521990844,259314781,0.0,0.0
116,1521990844,262647857,0.0,0.0
117,1521990844,265981184,0.0,0.0
118,1521990844,269314148,0.0,0.0
119,1521990844,272647653,0.0,0.0
120,1521990844,275981269,0.0,0.0
121,1521990844,279315473,0.0,0.0
122,1521990844,282647889,0.0,0.0
123,1521990844,285981405,0.0,0.0
124,1521990844,289314745,0.0,0.0
125,1521990844,292648600,0.0,0.0
126,1521990844,295981906,0.0,0.0
127,1521990844,299315499,0.0,0.0
128,1521990844,302647976,0.0,0.0
129,1521990844,305981965,0.0,0.0
130,1521990844,309314364,0.0,0.0
131,1521990844,312648570,0.0,0.0
132,1521990844,315981595,0.0,0.0
133,1521990844,319315205,0.0,0.0
134,1521990844,322648525,0.0,0.0
135,1521990844,325981576,0.0,0.0
136,1521990844,329315162,0.0,0.0
137,1521990844,332648179,0.0,0.0
138,1521990844,335981554,0.0,0.0
139,1521990844,339315746,0.0,0.0
140,1521990844,342647690,0.0,0.0
141,1521990844,345981468,0.0,0.0
142,1521990844,349315330,0.0,0.0
143,1521990844,352648760,0.0,0.0
144,1521990844,355981451,0.0,0.0
145,1521990844,359314821,0.0,0.0
146,1521990844,362648171,0.0,0.0
147,1521990844,365981390,0.0,0.0
148,1521990844,369314235,0.0,0.0
149,1521990844,372649169,0.0,0.0
150,1521990844,375981467,0.0,0.0
151,1521990844,379315396,0.0,0.0
152,1521990844,382648043,0.0,0.0
153,1521990844,385981517,0.0,0.0
154,1521990844,389314971,0.0,0.0
155,1521990844,392648605,0.0,0.0
156,1521990844,395981452,0.0,0.0
157,1521990844,399315798,0.0,0.0
158,1521990844,402648084,0.0,0.0
159,1521990844,405981467,0.0,0.0
160,1521990844,409314194,0.0,0.0
161,1521990844,412648313,0.0,0.0
162,1521990844,415981853,0.0,0.0
163,1521990844,419315021,0.0,0.0
164,1521990844,422648312,0.0,0.0
165,1521990844,425981636,0.0,0.0
166,1521990844,429314975,0.0,0.0
167,1521990844,432648088,0.0,0.0
168,1521990844,435981036,0.0,0.0
169,1521990844,439315440,0.0,0.0
170,1521990844,442648270,0.0,0.0
171,1521990844,445981518,0.0,0.0
172,1521990844,449314988,0.0,0.0
173,1521990844,452649221,0.0,0.0
174,1521990844,455981213,0.0,0.0
175,1521990844,459315465,0.0,0.0
176,1521990844,462647998,0.0,0.0
177,1521990844,465981917,0.0,0.0
178,1521990844,469314240,0.0,0.0
179,1521990844,472648688,0.0,0.0
180,1521990844,475981521,0.0,0.0
181,1521990844,479315413,0.0,0.0
182,1521990844,482648684,0.0,0.0
183,1521990844,485981773,0.0,0.0
184,1521990844,489313757,0.0,0.0
185,1521990844,492648301,0.0,0.0
186,1521990844,495981303,0.0,0.0
187,1521990844,499314812,0.0,0.0
188,1521990844,502648621,0.0,0.0
189,1521990844,505981283,0.0,0.0
190,1521990844,509314991,0.0,0.0
191,1521990844,512648348,0.0,0.0
192,1521990844,515981282,0.0,0.0
193,1521990844,519314861,0.0,0.0
194,1521990844,522648411,0.0,0.0
195,1521990844,525981415,0.0,0.0
196,1521990844,529313903,0.0,0.0
197,1521990844,532648530,0.0,0.0
198,1521990844,535981413,0.0,0.0
199,1521990844,539315701,0.0,0.0
200,1521990844,542648126,0.0,0.0
201,1521990844,545980462,0.0,0.0
202,1521990844,549314825,0.0,0.0
203,1521990844,552648198,0.0,0.0
204,1521990844,555981440,0.0,0.0
205,1521990844,559314397,0.0,0.0
206,1521990844,562648309,0.0,0.0
207,1521990844,565981577,0.0,0.0
208,1521990844,569314447,0.0,0.0
209,1521990844,572648591,0.0,0.0
210,1521990844,575981806,0.0,0.0
211,1521990844,579314847,0.0,0.0
212,1521990844,582647862,0.0,0.0
213,1521990844,585981627,0.0,0.0
214,1521990844,589314582,0.0,0.0
215,1521990844,592648658,0.0,0.0
216,1521990844,595982347,0.0,0.0
217,1521990844,599315010,0.0,0.0
218,1521990844,602647683,0.0,0.0
219,1521990844,605981138,0.0,0.0
220,1521990844,609314698,0.0,0.0
221,1521990844,612647942,0.0,0.0
222,1521990844,615994064,0.0,0.0
223,1521990844,619315665,0.0,0.0
224,1521990844,622648541,0.0,0.0
225,1521990844,625981605,0.0,0.0
226,1521990844,629314806,0.0,0.0
227,1521990844,632648675,0.0,0.0
228,1521990844,635982834,0.0,0.0
229,1521990844,639315546,0.0,0.0
230,1521990844,642648195,0.0,0.0
231,1521990844,645981737,0.0,0.0
232,1521990844,649315610,0.0,0.0
233,1521990844,652648700,0.0,0.0
234,1521990844,655981773,0.0,0.0
235,1521990844,659315849,0.0,0.0
236,1521990844,662648273,0.0,0.0
237,1521990844,665981938,0.0,0.0
238,1521990844,669676966,0.0,0.0
239,1521990844,672647444,0.0,0.0
240,1521990844,675981145,0.0,0.0
241,1521990844,679314088,0.0,0.0
242,1521990844,682648422,0.0,0.0
243,1521990844,685981678,0.0,0.0
244,1521990844,689315760,0.0,0.0
245,1521990844,692648071,0.0,0.0
246,1521990844,695981105,0.0,0.0
247,1521990844,699314347,0.0,0.0
248,1521990844,702647834,0.0,0.0
249,1521990844,705981384,0.0,0.0
250,1521990844,709314313,0.0,0.0
251,1521990844,712648084,0.0,0.0
252,1521990844,715981376,0.0,0.0
253,1521990844,719316000,0.0,0.0
254,1521990844,722648332,0.0,0.0
255,1521990844,725991441,0.0,0.0
256,1521990844,729314943,0.0,0.0
257,1521990844,732648047,0.0,0.0
258,1521990844,735981874,0.0,0.0
259,1521990844,739316483,0.0,0.0
260,1521990844,742648169,0.0,0.0
261,1521990844,745981630,0.0,0.0
262,1521990844,749314320,0.0,0.0
263,1521990844,752648791,0.0,0.0
264,1521990844,755991993,0.0,0.0
265,1521990844,759325619,0.0,0.0
266,1521990844,762648124,0.0,0.0
267,1521990844,765982417,0.0,0.0
268,1521990844,769315501,0.0,0.0
269,1521990844,772651086,0.0,0.0
270,1521990844,775982038,0.0,0.0
271,1521990844,779325264,0.0,0.0
272,1521990844,782650182,0.0,0.0
273,1521990844,785981775,0.0,0.0
274,1521990844,789316140,0.0,0.0
275,1521990844,792648577,0.0,0.0
276,1521990844,795991029,0.0,0.0
277,1521990844,799315115,0.0,0.0
278,1521990844,802662770,0.0,0.0
279,1521990844,805981769,0.0,0.0
280,1521990844,809325117,0.0,0.0
281,1521990844,812648314,0.0,0.0
282,1521990844,815983492,0.0,0.0
283,1521990844,819315399,0.0,0.0
284,1521990844,822648002,0.0,0.0
285,1521990844,825981625,0.0,0.0
286,1521990844,829314826,0.0,0.0
287,1521990844,832650202,0.0,0.0
288,1521990844,835982498,0.0,0.0
289,1521990844,839315950,0.0,0.0
290,1521990844,842648143,0.0,0.0
291,1521990844,845981835,0.0,0.0
292,1521990844,849316496,0.0,0.0
293,1521990844,852648435,0.0,0.0
294,1521990844,855981247,0.0,0.0
295,1521990844,859314398,0.0,0.0
296,1521990844,862648196,0.0,0.0
297,1521990844,865981889,0.0,0.0
298,1521990844,869315243,0.0,0.0
299,1521990844,872648162,0.0,0.0
300,1521990844,875981175,0.0,0.0
301,1521990844,879314883,0.0,0.0
302,1521990844,882649503,0.0,0.0
303,1521990844,885981738,0.0,0.0
304,1521990844,889275877,0.0,0.0
305,1521990844,892647926,0.0,0.0
306,1521990844,895982107,0.0,0.0
307,1521990844,899315514,0.0,0.0
308,1521990844,902648121,0.0,0.0
309,1521990844,905981146,0.0,0.0
310,1521990844,909314747,0.0,0.0
311,1521990844,912648214,0.0,0.0
312,1521990844,915980951,0.0,0.0
313,1521990844,919314625,0.0,0.0
314,1521990844,922648077,0.0,0.0
315,1521990844,925980965,0.0,0.0
316,1521990844,929315051,0.0,0.0
317,1521990844,932648107,0.0,0.0
318,1521990844,935981308,0.0,0.0
319,1521990844,939329839,0.0,0.0
320,1521990844,942648921,0.0,0.0
321,1521990844,945980926,0.0,0.0
322,1521990844,949324494,0.0,0.0
323,1521990844,952647694,0.0,0.0
324,1521990844,955980792,0.0,0.0
325,1521990844,959314744,0.0,0.0
326,1521990844,962648225,0.0,0.0
327,1521990844,965981394,0.0,0.0
328,1521990844,969313661,0.0,0.0
329,1521990844,972648408,0.0,0.0
330,1521990844,975981285,0.0,0.0
331,1521990844,979314826,0.0,0.0
332,1521990844,982648455,0.0,0.0
333,1521990844,985981981,0.0,0.0
334,1521990844,989313764,0.0,0.0
335,1521990844,992648208,0.0,0.0
336,1521990844,995981410,0.0,0.0
337,1521990844,999325177,0.0,0.0
338,1521990845,2647840,0.0,0.0
339,1521990845,5981682,0.0,0.0
340,1521990845,9314732,0.0,0.0
341,1521990845,12648561,0.0,0.0
342,1521990845,15981724,0.0,0.0
343,1521990845,19314780,0.0,0.0
344,1521990845,22648317,0.0,0.0
345,1521990845,25981327,0.0,0.0
346,1521990845,29315305,0.0,0.0
347,1521990845,32648522,0.0,0.0
348,1521990845,35981956,0.0,0.0
349,1521990845,39315215,0.0,0.0
350,1521990845,42647840,0.0,0.0
351,1521990845,45981208,0.0,0.0
352,1521990845,49324393,0.0,0.0
353,1521990845,52648157,0.0,0.0
354,1521990845,55981290,0.0,0.0
355,1521990845,59314831,0.0,0.0
356,1521990845,62648093,0.0,0.0
357,1521990845,65981403,0.0,0.0
358,1521990845,69314139,0.0,0.0
359,1521990845,72661577,0.0,0.0
360,1521990845,75980584,0.0,0.0
361,1521990845,79314985,0.0,0.0
362,1521990845,82647660,0.0,0.0
363,1521990845,85981240,0.0,0.0
364,1521990845,89315053,0.0,0.0
365,1521990845,92648077,0.0,0.0
366,1521990845,95981998,0.0,0.0
367,1521990845,99315716,0.0,0.0
368,1521990845,102647865,0.0,0.0
369,1521990845,105981475,0.0,0.0
370,1521990845,109314949,0.0,0.0
371,1521990845,112648889,0.0,0.0
372,1521990845,115981822,0.0,0.0
373,1521990845,119315412,0.0,0.0
374,1521990845,122647840,0.0,0.0
375,1521990845,125981469,0.0,0.0
376,1521990845,129314803,0.0,0.0
377,1521990845,132648192,0.0,0.0
378,1521990845,135981199,0.0,0.0
379,1521990845,139315491,0.0,0.0
380,1521990845,142648238,0.0,0.0
381,1521990845,145981318,0.0,0.0
382,1521990845,149314995,0.0,0.0
383,1521990845,152647748,0.0,0.0
384,1521990845,155981939,0.0,0.0
385,1521990845,159313898,0.0,0.0
386,1521990845,162647763,0.0,0.0
387,1521990845,165981821,0.0,0.0
388,1521990845,169314984,0.0,0.0
389,1521990845,172648302,0.0,0.0
390,1521990845,175981537,0.0,0.0
391,1521990845,179315337,0.0,0.0
392,1521990845,182648180,0.0,0.0
393,1521990845,185981437,0.0,0.0
394,1521990845,189316216,0.0,0.0
395,1521990845,192648430,0.0,0.0
396,1521990845,195981243,0.0,0.0
397,1521990845,199314788,0.0,0.0
398,1521990845,202648257,0.0,0.0
399,1521990845,205981350,0.0,0.0
400,1521990845,209314756,0.0,0.0
401,1521990845,212648177,0.0,0.0
402,1521990845,215981156,0.0,0.0
403,1521990845,219314602,0.0,0.0
404,1521990845,222647859,0.0,0.0
405,1521990845,225981105,0.0,0.0
406,1521990845,229315396,0.0,0.0
407,1521990845,232647733,0.0,0.0
408,1521990845,235981302,0.0,0.0
409,1521990845,239314468,0.0,0.0
410,1521990845,242647509,0.0,0.0
411,1521990845,245981438,0.0,0.0
412,1521990845,249314461,0.0,0.0
413,1521990845,252647879,0.0,0.0
414,1521990845,255981355,0.0,0.0
415,1521990845,259314239,0.0,0.0
416,1521990845,262647817,0.0,0.0
417,1521990845,265981260,0.0,0.0
418,1521990845,269313722,0.0,0.0
419,1521990845,272648345,0.0,0.0
420,1521990845,275981239,0.0,0.0
421,1521990845,279314391,0.0,0.0
422,1521990845,282648030,0.0,0.0
423,1521990845,285981550,0.0,0.0
424,1521990845,289315065,0.0,0.0
425,1521990845,292648021,0.0,0.0
426,1521990845,295990952,0.0,0.0
427,1521990845,299315470,0.0,0.0
428,1521990845,302647865,0.0,0.0
429,1521990845,305981608,0.0,0.0
430,1521990845,309314743,0.0,0.0
431,1521990845,312648084,0.0,0.0
432,1521990845,315980758,0.0,0.0
433,1521990845,319316646,0.0,0.0
434,1521990845,322657923,0.0,0.0
435,1521990845,325980706,0.0,0.0
436,1521990845,329314977,0.0,0.0
437,1521990845,332648402,0.0,0.0
438,1521990845,335981027,0.0,0.0
439,1521990845,339315453,0.0,0.0
440,1521990845,342648125,0.0,0.0
441,1521990845,345981726,0.0,0.0
442,1521990845,349314946,0.0,0.0
443,1521990845,352648546,0.0,0.0
444,1521990845,355981153,0.0,0.0
445,1521990845,359315449,0.0,0.0
446,1521990845,362648138,0.0,0.0
447,1521990845,365980837,0.0,0.0
448,1521990845,369314020,0.0,0.0
449,1521990845,372648259,0.0,0.0
450,1521990845,375981276,0.0,0.0
451,1521990845,379315093,0.0,0.0
452,1521990845,382647884,0.0,0.0
453,1521990845,385981934,0.0,0.0
454,1521990845,389314790,0.0,0.0
455,1521990845,392648308,0.0,0.0
456,1521990845,395981229,0.0,0.0
457,1521990845,399315364,0.0,0.0
458,1521990845,402648079,0.0,0.0
459,1521990845,405981315,0.0,0.0
460,1521990845,409314633,0.0,0.0
461,1521990845,412648448,0.0,0.0
462,1521990845,415981321,0.0,0.0
463,1521990845,419297975,0.0,0.0
464,1521990845,422647931,0.0,0.0
465,1521990845,425986830,0.0,0.0
466,1521990845,429314705,0.0,0.0
467,1521990845,432648108,0.0,0.0
468,1521990845,435980634,0.0,0.0
469,1521990845,439315704,0.0,0.0
470,1521990845,442648150,0.0,0.0
471,1521990845,445981302,0.0,0.0
472,1521990845,449314547,0.0,0.0
473,1521990845,452648108,0.0,0.0
474,1521990845,455981315,-0.000352503504748,-0.000351057092067
475,1521990845,459314928,-0.00211471849365,-0.000702013752982
476,1521990845,462648141,-0.00317230462538,-0.00105309594745
477,1521990845,465981358,-0.00458254556172,-0.0010531712762
478,1521990845,469314558,-0.00563965266734,-0.00105309594745
479,1521990845,472647617,-0.00564005607597,-0.0010531712762
480,1521990845,475981307,-0.00563924931641,-0.00105302062947
481,1521990845,479315102,-0.00528641814673,-0.00035098177409
482,1521990845,482647929,-0.00423034465674,-0.000351082205243
483,1521990845,485981568,-0.00317207774048,0.0
484,1521990845,489314564,-0.00176251752374,0.0
485,1521990845,492648471,-0.000704855752897,0.0
486,1521990845,495981571,-0.000352503504748,0.0
487,1521990845,499314618,0.0,0.0
488,1521990845,502647854,0.0,0.0
489,1521990845,505981624,0.0,0.0
490,1521990845,509314915,0.0,0.0
491,1521990845,512648276,0.0,0.0
492,1521990845,515980919,0.0,0.0
493,1521990845,519314460,0.0,0.000351006876491
494,1521990845,522647925,0.000352478291709,0.0
495,1521990845,525981496,0.000352453082276,0.0
496,1521990845,529314447,0.000352503504748,0.0
497,1521990845,532648212,0.000352427876448,0.0
498,1521990845,535981178,0.0,0.0
499,1521990845,539315429,0.0,0.0
500,1521990845,542648872,0.0,0.0
501,1521990845,545981361,0.0,0.0
502,1521990845,549314678,0.0,0.0
503,1521990845,552598886,0.0,0.0
504,1521990845,555981602,0.0,0.0
505,1521990845,559314925,0.0,0.0
506,1521990845,562648155,0.0,0.0
507,1521990845,565981222,0.0,0.0
508,1521990845,569313427,0.0,0.0
509,1521990845,572648057,0.0,0.0
510,1521990845,575981506,0.0,0.0
511,1521990845,579315903,0.0,0.0
512,1521990845,582648227,0.0,0.0
513,1521990845,585981038,0.0,0.0
514,1521990845,589314410,0.0,0.0
515,1521990845,592648005,0.0,0.0
516,1521990845,595980910,0.0,0.0
517,1521990845,599315607,0.0,0.0
518,1521990845,602647956,0.0,0.0
519,1521990845,605981407,0.0,0.0
520,1521990845,609314457,0.0,0.0
521,1521990845,612648472,0.0,0.0
522,1521990845,615981169,0.0,0.0
523,1521990845,619314891,0.0,0.0
524,1521990845,622648224,0.0,0.0
525,1521990845,625981396,0.0,0.0
526,1521990845,629314724,0.0,0.0
527,1521990845,632648112,0.0,0.0
528,1521990845,635981137,0.0,0.0
529,1521990845,639315685,0.0,0.0
530,1521990845,642648213,0.0,0.0
531,1521990845,645981802,0.0,0.0
532,1521990845,649314874,0.0,0.0
533,1521990845,652648279,0.0,0.0
534,1521990845,655981655,0.0,0.0
535,1521990845,659314833,0.0,0.0
536,1521990845,662648206,0.0,0.0
537,1521990845,665981272,0.0,0.0
538,1521990845,669314414,0.0,0.0
539,1521990845,672648327,0.0,0.0
540,1521990845,675981273,0.0,0.0
541,1521990845,679314467,0.0,0.0
542,1521990845,682647939,0.0,0.0
543,1521990845,685981670,0.0,0.0
544,1521990845,689314741,0.0,0.0
545,1521990845,692648298,0.0,0.0
546,1521990845,695981124,0.0,0.0
547,1521990845,699314998,0.0,0.0
548,1521990845,702648460,0.0,0.0
549,1521990845,705981226,0.0,0.0
550,1521990845,709314839,0.0,0.0
551,1521990845,712647811,0.0,0.0
552,1521990845,715981530,0.0,0.0
553,1521990845,719315640,0.0,0.0
554,1521990845,722648352,0.0,0.0
555,1521990845,725980104,0.0,0.0
556,1521990845,729314771,0.0,0.0
557,1521990845,732648082,0.0,0.0
558,1521990845,735980865,0.0,0.0
559,1521990845,739315787,0.0,0.0
560,1521990845,742648313,0.0,0.0
561,1521990845,745981546,0.0,0.0
562,1521990845,749317702,0.0,0.0
563,1521990845,752647950,0.0,0.0
564,1521990845,755981700,0.0,0.0
565,1521990845,759314181,0.0,0.0
566,1521990845,762648761,0.0,0.0
567,1521990845,765981603,0.0,0.0
568,1521990845,769313749,0.0,0.0
569,1521990845,772648104,0.0,0.0
570,1521990845,775981144,0.0,0.0
571,1521990845,779280780,0.0,0.0
572,1521990845,782647661,0.0,0.0
573,1521990845,785981103,0.0,0.0
574,1521990845,789314691,0.0,0.0
575,1521990845,792648012,0.0,0.0
576,1521990845,795981161,0.0,0.0
577,1521990845,799315412,0.0,0.0
578,1521990845,802648173,0.0,0.0
579,1521990845,805981383,0.0,0.0
580,1521990845,809315268,0.0,0.0
581,1521990845,812648138,0.0,0.0
582,1521990845,815981601,0.0,0.0
583,1521990845,819315709,0.0,0.0
584,1521990845,822648113,0.0,0.0
585,1521990845,825981294,0.0,0.0
586,1521990845,829314659,0.0,0.0
587,1521990845,832648108,0.0,0.0
588,1521990845,835980852,0.0,0.0
589,1521990845,839316615,0.0,0.0
590,1521990845,842652396,0.0,0.0
591,1521990845,845980928,0.0,0.0
592,1521990845,849314803,0.0,0.0
593,1521990845,852648313,0.0,0.0
594,1521990845,855980757,0.0,0.0
595,1521990845,859315228,0.0,0.0
596,1521990845,862647825,0.0,0.0
597,1521990845,865980685,0.0,0.0
598,1521990845,869314555,0.0,0.0
599,1521990845,872648433,0.0,0.0
600,1521990845,875982212,0.0,0.0
601,1521990845,879314557,0.0,0.0
602,1521990845,882647527,0.0,0.0
603,1521990845,885981013,0.0,0.0
604,1521990845,889314574,0.0,0.0
605,1521990845,892648131,0.0,0.0
606,1521990845,895981460,0.0,0.0
607,1521990845,899315650,0.0,0.0
608,1521990845,902647977,0.0,0.0
609,1521990845,905981169,0.0,0.0
610,1521990845,909315095,0.0,0.0
611,1521990845,912648225,0.0,0.0
612,1521990845,915981376,0.0,0.0
613,1521990845,919315177,0.0,0.0
614,1521990845,922649219,0.0,0.0
615,1521990845,925981567,0.0,0.0
616,1521990845,929314486,0.0,0.0
617,1521990845,932648235,0.0,0.0
618,1521990845,935980773,0.0,0.0
619,1521990845,939316303,0.0,0.0
620,1521990845,942647961,0.0,0.0
621,1521990845,945981054,0.0,0.0
622,1521990845,949314455,0.0,0.0
623,1521990845,952648003,0.0,0.0
624,1521990845,955980698,0.0,0.0
625,1521990845,959314869,0.0,0.0
626,1521990845,962648038,0.0,0.0
627,1521990845,965981034,0.000352528721395,0.0
628,1521990845,969314609,0.000352453082276,0.000351006876491
629,1521990845,972648026,0.000704906164551,0.00105302062947
630,1521990845,975981105,0.00176264360697,0.00140432882097
631,1521990845,979314671,0.00281962465821,0.00140402750596
632,1521990845,982648627,0.00422883209071,0.00140382670112
633,1521990845,985980200,0.00458451316394,0.00105362347512
634,1521990845,989314969,0.00458025215936,0.00105264420114
635,1521990845,992648456,0.00458221779221,0.00105309594745
636,1521990845,995980691,0.00493610831718,0.00105339732713
637,1521990845,999314620,0.00528641814673,0.00210589064454
638,1521990846,2647799,0.00563965266734,0.0021061918949
639,1521990846,5981337,0.00563924931641,0.00210604125895
640,1521990846,9314850,0.00599213095905,0.0021061918949
641,1521990846,12648028,0.00599213095905,0.0021061918949
642,1521990846,15981384,0.00599213095905,0.00315928784235
643,1521990846,19314206,0.00599298826371,0.0056173152839
644,1521990846,22648448,0.00634324813607,0.00772104685613
645,1521990846,25980493,0.00634687907376,0.00948125429105
646,1521990846,29314574,0.00634324813607,0.0101777435831
647,1521990846,32648065,0.00634415548096,0.0105302062947
648,1521990846,35981571,0.00740151472779,0.0112322200477
649,1521990846,39314468,0.00846068931348,0.0112346305678
650,1521990846,42653888,0.0094999266673,0.0115633784702
651,1521990846,45981897,0.0112970820176,0.0119538976289
652,1521990846,49315417,0.0123358578796,0.0122852406772
653,1521990846,52648128,0.0133970497827,0.0133420782365
654,1521990846,55981821,0.0144495429344,0.0143902527377
655,1521990846,59315998,0.0155057176659,0.015091137037
656,1521990846,62648657,0.0155112637414,0.015798699236
657,1521990846,65981383,0.0158649273742,0.0168531514566
658,1521990846,69314453,0.0158626577137,0.0175528546034
659,1521990846,72647972,0.0169177479492,0.019305378207
660,1521990846,75981188,0.0176251752374,0.0200102542478
661,1521990846,79315023,0.0186786774518,0.0207079246713
662,1521990846,82647728,0.0197416083981,0.0210649323146
663,1521990846,85980740,0.0211517232837,0.0210649323146
664,1521990846,89314856,0.0221997809633,0.0217577579635
665,1521990846,92648255,0.0239685238362,0.0228170788614
666,1521990846,95981376,0.0257327558466,0.0231697680764
667,1521990846,99315105,0.027489374363,0.0242177424122
668,1521990846,102647731,0.0296145310986,0.0249286198629
669,1521990846,105981616,0.0299563694981,0.0259726512826
670,1521990846,109314783,0.0313728119226,0.026329281905
671,1521990846,112647849,0.0324303224368,0.0277335102733
672,1521990846,115981240,0.0338354958985,0.0291335707488
673,1521990846,119314193,0.0349003434181,0.0301930696509
674,1521990846,122648250,0.0370022807937,0.0319370574504
675,1521990846,125980377,0.0387864832285,0.0337111263682
676,1521990846,129314999,0.0401681599876,0.034739742354
677,1521990846,132648275,0.0412399601299,0.0365073261783
678,1521990846,135981091,0.0415983891246,0.0382679603715
679,1521990846,139314906,0.0426437730503,0.0403629040203
680,1521990846,142648127,0.0440597864636,0.0424748698805
681,1521990846,145981420,0.0454729521125,0.0438821365084
682,1521990846,149314581,0.0475845693807,0.0452831257403
683,1521990846,152648485,0.0489874748263,0.0466805759539
684,1521990846,155997961,0.0498096560243,0.0471599437581
685,1521990846,159314795,0.0517170682484,0.0490354487095
686,1521990846,162647929,0.0525230222075,0.0491479928894
687,1521990846,165981384,0.0528717437563,0.0494955095301
688,1521990846,169314547,0.0546341352148,0.0494955095301
689,1521990846,172648126,0.0563924931641,0.0508959970912
690,1521990846,175980722,0.0602867240221,0.052666098302
691,1521990846,179314447,0.0623841955628,0.0530020383502
692,1521990846,182647475,0.0676806729116,0.0558180776387
693,1521990846,185980774,0.0697907017583,0.0575692451273
694,1521990846,189314201,0.0697907017583,0.0600264690046
695,1521990846,192648235,0.0697757294968,0.0628212448749
696,1521990846,195981149,0.0694431904354,0.0659987333086
697,1521990846,199315481,0.0690659852192,0.067729794951
698,1521990846,202647650,0.0691104610253,0.0695291981343
699,1521990846,205981112,0.0690857451749,0.0705574284791
700,1521990846,209314279,0.0708481366334,0.0712594924441
701,1521990846,212647897,0.0729577880311,0.0712543959277
702,1521990846,215981458,0.0782445842652,0.0716054028042
703,1521990846,219314878,0.0817749636764,0.0719615564091
704,1521990846,222648008,0.088125876187,0.0719667038738
705,1521990846,225981263,0.0919968341359,0.074067748304
706,1521990846,229314812,0.0937525198853,0.077221512828
707,1521990846,232648040,0.0937592255945,0.0821414839011
708,1521990846,235981132,0.093765932263,0.0853068733723
709,1521990846,239314009,0.0913049388413,0.0895259623371
710,1521990846,242647847,0.0905739642472,0.0926591883597
711,1521990846,245981505,0.0905804421448,0.0944208497761
712,1521990846,249315331,0.0905739642472,0.0944140972302
713,1521990846,252648226,0.0948302260552,0.0944411132105
714,1521990846,255981370,0.0986939216784,0.094427603288
715,1521990846,259314604,0.10539854792,0.094434357766
716,1521990846,262648546,0.110302037033,0.0951092590005
717,1521990846,265981752,0.11209611451,0.0986470428709
718,1521990846,269314742,0.11209611451,0.101806556699
719,1521990846,272648160,0.112088096763,0.10741578664
720,1521990846,275980493,0.112120174633,0.109553322022
721,1521990846,279314234,0.112072064711,0.10985729529
722,1521990846,282647504,0.11561287968,0.111277138447
723,1521990846,285981386,0.120530333745,0.111261222386
724,1521990846,289314807,0.123367402098,0.11162817043
725,1521990846,292648400,0.126178203455,0.114779248613
726,1521990846,295981630,0.126539706723,0.116542618184
727,1521990846,299314863,0.126892185015,0.120755001974
728,1521990846,302647885,0.128672983309,0.124634182861
729,1521990846,305980944,0.130778800262,0.124625267684
730,1521990846,309314807,0.13497987668,0.12530049335
731,1521990846,312648093,0.137466533766,0.127073577659
732,1521990846,315981259,0.138533877366,0.128486895697
733,1521990846,319314319,0.139238884375,0.128486895697
734,1521990846,322648149,0.139561439074,0.13302209238
735,1521990846,325980438,0.144204878695,0.136239387642
736,1521990846,329314471,0.14589470713,0.137575016709
737,1521990846,332648245,0.152248842626,0.139339764314
738,1521990846,335981157,0.152292407643,0.139730717687
739,1521990846,339314708,0.152259731543,0.143912819361
740,1521990846,342648568,0.152248842626,0.149869217536
741,1521990846,345981178,0.153008410676,0.155540543652
742,1521990846,349314469,0.157557796394,0.157613360135
743,1521990846,352647832,0.157557796394,0.157613360135
744,1521990846,355981267,0.159661246271,0.15900611505
745,1521990846,359315055,0.161411967413,0.158994743663
746,1521990846,362648129,0.164983441613,0.159391321181
747,1521990846,365981564,0.167415214081,0.161112156309
748,1521990846,369313330,0.173153535653,0.161204391693
749,1521990846,372648254,0.174037139277,0.161744761639
750,1521990846,375981087,0.17450171709,0.164306472054
751,1521990846,379314399,0.175886667563,0.168846383574
752,1521990846,382647857,0.17941145048,0.174111863312
753,1521990846,385980795,0.181186801441,0.174475374757
754,1521990846,389314602,0.183262495753,0.177245795915
755,1521990846,392648072,0.185403581439,0.181483534944
756,1521990846,395980771,0.186840222339,0.182913828932
757,1521990846,399313902,0.192466913592,0.185709201703
758,1521990846,402647834,0.196654755058,0.186722303816
759,1521990846,405981367,0.198783538403,0.189192706429
760,1521990846,409314722,0.199855191399,0.193418622348
761,1521990846,412648219,0.200545803815,0.200424926476
762,1521990846,415981277,0.201632004716,0.205719455951
763,1521990846,419314572,0.201617582857,0.206757837683
764,1521990846,422647981,0.201617582857,0.210268157507
765,1521990846,425980877,0.196358497817,0.210298240941
766,1521990846,429314515,0.190311053282,0.211642009776
767,1521990846,432648022,0.187870929481,0.212374349402
768,1521990846,435977434,0.188086177234,0.213671973751
769,1521990846,439314169,0.18768299143,0.215668707429
770,1521990846,442648000,0.201941173205,0.219363608806
771,1521990846,445981485,0.217463551764,0.22008131156
772,1521990846,449314242,0.234079071006,0.222235035919
773,1521990846,452647793,0.238627803487,0.225011500772
774,1521990846,455981071,0.245677369321,0.226415628702
775,1521990846,459314521,0.246717157593,0.229207490349
776,1521990846,462648062,0.248479423004,0.230611517855
777,1521990846,465981704,0.251299047663,0.23903568289
778,1521990846,469313258,0.252166269406,0.242350742253
779,1521990846,472649297,0.252158027686,0.245511663186
780,1521990846,475980865,0.25534039028,0.24761923665
781,1521990846,479314659,0.256567494054,0.24884607783
782,1521990846,482647799,0.261186414156,0.250636835493
783,1521990846,485990991,0.261125606498,0.250253984822
784,1521990846,489314572,0.266550304395,0.254190518092
785,1521990846,492647019,0.270780799114,0.25702894782
786,1521990846,495980795,0.270664609112,0.257269640408
787,1521990846,499314205,0.277028122669,0.262202136739
788,1521990846,502647941,0.284429637396,0.266765226133
789,1521990846,505980952,0.284822831836,0.267856561247
790,1521990846,509314199,0.285859894576,0.269592562547
791,1521990846,512648382,0.287912984843,0.278659600171
792,1521990846,515981352,0.290110384408,0.278739331101
793,1521990846,519271609,0.294251534276,0.285220150288
794,1521990846,522647892,0.28709831029,0.280375151543
795,1521990846,525981106,0.29502433016,0.286793129689
796,1521990846,529314571,0.299254069661,0.289952417531
797,1521990846,532647754,0.302426374286,0.290654481496
798,1521990846,535980814,0.302822171678,0.291749312557
799,1521990846,539314210,0.308396446991,0.292388728117
800,1521990846,542648142,0.314013237916,0.295526653784
801,1521990846,545981774,0.315422949421,0.295526653784
802,1521990846,549314161,0.315558353134,0.296706913808
803,1521990846,552648583,0.315377840669,0.30636326939
804,1521990846,555981554,0.317605657778,0.306823898467
805,1521990846,559315172,0.317912680213,0.310641085695
806,1521990846,562648157,0.31833343542,0.312463162667
807,1521990846,565981403,0.321460202038,0.314524656305
808,1521990846,569313997,0.325759842084,0.316347697134
809,1521990846,572648067,0.326324876333,0.316562921101
810,1521990846,575981114,0.327475755911,0.317355611229
811,1521990846,579314041,0.334902285325,0.322293464413
812,1521990846,582647545,0.338354958985,0.325383374507
813,1521990846,585980412,0.340542744867,0.331070519545
814,1521990846,589314640,0.340396641437,0.336543385275
815,1521990846,592648286,0.340469677478,0.343284725208
816,1521990846,595981580,0.340494029791,0.344713406799
817,1521990846,599314301,0.340567107634,0.347596248793
818,1521990846,602647943,0.342559895908,0.347822938123
819,1521990846,605981500,0.351043269947,0.349602848985
820,1521990846,609314400,0.35640653733,0.350028958628
821,1521990846,612647883,0.364110075335,0.349627854553
822,1521990846,615982684,0.366041675524,0.349803746973
823,1521990846,619314638,0.367440068281,0.355396886216
824,1521990846,622648016,0.371512119461,0.358754686098
825,1521990846,625981399,0.373274510919,0.358754686098
826,1521990846,629314260,0.373680444678,0.362667918016
827,1521990846,632647993,0.374983260541,0.363617117957
828,1521990846,635980943,0.377205731892,0.365476575658
829,1521990846,639314539,0.3770978278,0.366073990376
830,1521990846,642647558,0.381436076549,0.367231986685
831,1521990846,645981412,0.384851241082,0.367828899246
832,1521990846,649314155,0.388486650977,0.372849301969
833,1521990846,652648130,0.390814565717,0.373768859172
834,1521990846,655981039,0.393774581798,0.378115535047
835,1521990846,659314301,0.396538078172,0.379114541082
836,1521990846,662647933,0.396862170642,0.382246488499
837,1521990846,665980984,0.39868146387,0.386513858366
838,1521990846,669314467,0.401120295964,0.386837244697
839,1521990846,672648034,0.402501419959,0.386809577893
840,1521990846,675981055,0.405026526956,0.390024429287
841,1521990846,679314995,0.40526307536,0.39026382291
842,1521990846,682648192,0.405026526956,0.393535000207
843,1521990846,685991475,0.40448740247,0.394078171121
844,1521990846,689314471,0.409458480147,0.396862019931
845,1521990846,692648197,0.405644485792,0.395205477625
846,1521990846,695980996,0.408933316818,0.399180467362
847,1521990846,699313679,0.409315126255,0.399560132451
848,1521990846,702647780,0.410196712799,0.401143479844
849,1521990846,705981544,0.410226048186,0.402927076655
850,1521990846,709314490,0.410314079527,0.403013541693
851,1521990846,712647852,0.408169861799,0.41140948347
852,1521990846,715981025,0.408199058498,0.41775793956
853,1521990846,719314557,0.408140669275,0.42015523116
854,1521990846,722647839,0.408874818382,0.420887346997
855,1521990846,725981454,0.430345213459,0.422963286172
856,1521990846,729314139,0.434699010054,0.423084323026
857,1521990846,732647954,0.435953283167,0.423635001326
858,1521990846,735980592,0.439987319179,0.424137644992
859,1521990846,739314559,0.440503342783,0.425710447113
860,1521990846,742648199,0.441271259009,0.427526375566
861,1521990846,745981282,0.441686891449,0.430747051966
862,1521990846,749314649,0.44553256072,0.430716242507
863,1521990846,752647709,0.447326947525,0.431098109058
864,1521990846,755981168,0.447262961408,0.431036444331
865,1521990846,759314501,0.447999908762,0.432471402419
866,1521990846,762648629,0.448256201616,0.43413340732
867,1521990846,765982325,0.45146010973,0.435217399871
868,1521990846,769314488,0.452038831809,0.439649273051
869,1521990846,772648043,0.452549757642,0.441215643749
870,1521990846,775981291,0.456844542153,0.446193564017
871,1521990846,779315298,0.457418671145,0.446065934279
872,1521990846,782648021,0.461107567584,0.446225482864
873,1521990846,785980423,0.464699340146,0.4490983938
874,1521990846,789314750,0.464433512851,0.451648943533
875,1521990846,792648067,0.464566388472,0.456692609211
876,1521990846,795980849,0.46498538352,0.457811195637
877,1521990846,799314355,0.465271345055,0.460904993
878,1521990846,802648017,0.465204796912,0.464699868895
879,1521990846,805980499,0.467167394305,0.465250486149
880,1521990846,809313861,0.467738693097,0.466872536703
881,1521990846,812648185,0.467571476347,0.467056536092
882,1521990846,815980979,0.468191634511,0.471186026141
883,1521990846,819314284,0.47232091089,0.473893176352
884,1521990846,822648390,0.476096012879,0.479055861755
885,1521990846,825980782,0.478449927601,0.480349181171
886,1521990846,829314594,0.481382052993,0.480459688457
887,1521990846,832647988,0.488182434016,0.481615879967
888,1521990846,835981150,0.48927486459,0.482703501592
889,1521990846,839314531,0.492412173517,0.484073103844
890,1521990846,842647589,0.495267424171,0.484107729961
891,1521990846,845981518,0.495125757288,0.486425951936
892,1521990846,849314676,0.498087452209,0.490075700526
893,1521990846,852648329,0.499778470667,0.491409627087
894,1521990846,855981108,0.499885726938,0.491515087341
895,1521990846,859314482,0.500166695935,0.492146839441
896,1521990846,862648240,0.499742728804,0.491374483726
897,1521990846,865980700,0.500309835863,0.492287684212
898,1521990846,869314614,0.500411797401,0.492041258741
899,1521990846,872648250,0.502598095325,0.49316466147
900,1521990846,875980679,0.503483048353,0.493341081539
901,1521990846,879314280,0.504712813819,0.494919695852
902,1521990846,882647686,0.504007907654,0.49316466147
903,1521990846,885980061,0.50841915667,0.495096743751
904,1521990846,889314305,0.508128319827,0.495164459461
905,1521990846,892647815,0.505806348602,0.495306127284
906,1521990846,895980733,0.505842529313,0.503064812932
907,1521990846,899313891,0.505842529313,0.504820098392
908,1521990846,902648074,0.505697837514,0.504675699051
909,1521990846,905981233,0.505806348602,0.505135022793
910,1521990846,909313961,0.504504690501,0.505594543699
911,1521990846,912648066,0.503583421469,0.505728569077
912,1521990846,915981063,0.503727508285,0.507979612221
913,1521990846,919314770,0.504324291198,0.508221608882
914,1521990846,922648295,0.506158826894,0.507943278653
915,1521990846,925980778,0.506267460209,0.508052294953
916,1521990846,929314745,0.506050240189,0.507132395778
917,1521990846,932648046,0.505490025809,0.504820098392
918,1521990846,935980965,0.505490025809,0.504820098392
919,1521990846,939314306,0.50545387031,0.504783990811
920,1521990846,942648084,0.505381574827,0.504711791141
921,1521990846,945980728,0.505562352326,0.505243436377
922,1521990846,949314648,0.505381574827,0.505062772915
923,1521990846,952647992,0.498756782768,0.503028830898
924,1521990846,955996899,0.493255968456,0.500665343831
925,1521990846,959314212,0.495527247605,0.505487391992
926,1521990846,962647673,0.489557331281,0.498780771494
927,1521990846,965991882,0.486581493547,0.501379203307
928,1521990846,969314574,0.484454551165,0.500427148897
929,1521990846,972647813,0.481132868182,0.495657159266
930,1521990846,975980756,0.482964348311,0.498887813651
931,1521990846,979314349,0.480393551142,0.495972716482
932,1521990846,982647887,0.480041098059,0.495972716482
933,1521990846,985980530,0.480531022468,0.498221289936
934,1521990846,989314286,0.480006767723,0.499096082756
935,1521990846,992648205,0.478949484093,0.49944706453
936,1521990846,995980955,0.48014411854,0.505207293345
937,1521990846,999314444,0.478983738813,0.507555943406
938,1521990847,2648300,0.478949484093,0.510678481301
939,1521990847,5981506,0.479052262953,0.510788068958
940,1521990847,9314640,0.479404766457,0.510788068958
941,1521990847,12648343,0.47930191197,0.510678481301
942,1521990847,15981020,0.480531022468,0.510861153529
943,1521990847,19314082,0.480462276972,0.510788068958
944,1521990847,22648081,0.483144066364,0.506781439103
945,1521990847,25980949,0.48789975041,0.506962704372
946,1521990847,29314691,0.487760181005,0.506817681786
947,1521990847,32647550,0.48789975041,0.506962704372
948,1521990847,35980873,0.495936956434,0.511102566496
949,1521990847,39314115,0.499144962723,0.512192297326
950,1521990847,42648410,0.498966505461,0.512009175303
951,1521990847,45981324,0.498087452209,0.51289441151
952,1521990847,49314661,0.500519174226,0.513910822355
953,1521990847,52648669,0.497944978681,0.514502485959
954,1521990847,55980777,0.498265658811,0.514833829241
955,1521990847,59313921,0.499814217643,0.51461288632
956,1521990847,62647649,0.502245642243,0.514576080936
957,1521990847,65981336,0.502209723939,0.514539280816
958,1521990847,69313404,0.5024972143,0.51378028116
959,1521990847,72647819,0.502101999845,0.513376192564
960,1521990847,75981720,0.505734002703,0.51664517146
961,1521990847,79315112,0.50647507923,0.517033129071
962,1521990847,82647617,0.505951102511,0.517920352506
963,1521990847,85983130,0.506185458027,0.520947144277
964,1521990847,89314089,0.506521119376,0.527276143354
965,1521990847,92648079,0.506050240189,0.532401276398
966,1521990847,95981012,0.506195032818,0.53325572285
967,1521990847,99314449,0.511446001269,0.534972741304
968,1521990847,102647480,0.511482585389,0.535362065402
969,1521990847,105980889,0.514618305895,0.536376869234
970,1521990847,109314386,0.515638859369,0.536338507278
971,1521990847,112647656,0.516380697353,0.535323773287
972,1521990847,115981154,0.518143088812,0.533217581392
973,1521990847,119314713,0.520573202521,0.530722397254
974,1521990847,122648234,0.518106030945,0.530371390378
975,1521990847,125981238,0.520295173008,0.530798323205
976,1521990847,129315190,0.520535973514,0.531035424198
977,1521990847,132648460,0.520610436854,0.531111389497
978,1521990847,135981224,0.523857679993,0.536453609612
979,1521990847,139314484,0.525230222075,0.538521579231
980,1521990847,142648058,0.525507545673,0.53914656229
981,1521990847,145981251,0.527307524396,0.539887189059
982,1521990847,149314322,0.527345243103,0.539925807599
983,1521990847,152647936,0.527269811084,0.53914656229
984,1521990847,155980892,0.527382967207,0.539262267254
985,1521990847,159314046,0.527307524396,0.539185125094
986,1521990847,162647641,0.527269811084,0.53914656229
987,1521990847,165980871,0.527345243103,0.541330035967
988,1521990847,169314063,0.526602567813,0.541291316989
989,1521990847,172648106,0.524727581923,0.541526149955
990,1521990847,175980785,0.524952819116,0.54246081251
991,1521990847,179313999,0.523467704551,0.545542721072
992,1521990847,182647519,0.52198301485,0.550027775461
993,1521990847,185982150,0.523205727434,0.554392612598
994,1521990847,189313703,0.525846024733,0.556001775342
995,1521990847,192647943,0.525394816132,0.556577485971
996,1521990847,195981447,0.53431887273,0.557398919868
997,1521990847,199314247,0.536196185241,0.561029363979
998,1521990847,202648276,0.53886222309,0.557359057255
999,1521990847,205981497,0.541759134356,0.556736724218
1000,1521990847,209314598,0.546732935864,0.55712760511
1001,1521990847,212647422,0.546772046883,0.554358802079
1002,1521990847,215980658,0.543874004106,0.553577436376
1003,1521990847,219314711,0.54622414505,0.554160590265
1004,1521990847,222648202,0.544931438981,0.553577436376
1005,1521990847,225981113,0.545009403276,0.553656637669
1006,1521990847,229314355,0.545988873857,0.555332596288
1007,1521990847,232647952,0.546302277527,0.555643885485
1008,1521990847,235981034,0.546380432359,0.55712760511
1009,1521990847,239296450,0.549642344555,0.560798178897
1010,1521990847,242648144,0.544400515107,0.555781961174
1011,1521990847,245981255,0.547437942874,0.558531833479
1012,1521990847,249314648,0.549866135065,0.558842916113
1013,1521990847,252648165,0.54982680835,0.558451940497
1014,1521990847,255980864,0.55100239154,0.560678281774
1015,1521990847,259314511,0.54982680835,0.558451940497
1016,1521990847,262647493,0.548182161769,0.558220706337
1017,1521990847,265981208,0.547672920001,0.558061020803
1018,1521990847,269314846,0.54524491828,0.55915395425
1019,1521990847,272648839,0.544814534354,0.559073983719
1020,1521990847,275980428,0.545557066509,0.562986143538
1021,1521990847,279314581,0.547633755747,0.563285463822
1022,1521990847,282647610,0.550610474416,0.564499804044
1023,1521990847,285981002,0.552685961399,0.565161491798
1024,1521990847,289314378,0.552685961399,0.565161491798
1025,1521990847,292648647,0.552527881753,0.564999843892
1026,1521990847,295980780,0.552883688203,0.5643102091
1027,1521990847,299314738,0.552214990512,0.561179723771
1028,1521990847,302648583,0.552254482395,0.559113966125
1029,1521990847,305981200,0.548926487148,0.557558427357
1030,1521990847,309314903,0.54873020363,0.557359057255
1031,1521990847,312648243,0.548456221899,0.556385692236
1032,1521990847,315980965,0.548926487148,0.556505105391
1033,1521990847,319314469,0.548416996021,0.557047912991
1034,1521990847,322648236,0.551902054518,0.560517893221
1035,1521990847,325981005,0.547868825323,0.560718393255
1036,1521990847,329315938,0.551704777547,0.560317536525
1037,1521990847,332647672,0.552610163684,0.565795806138
1038,1521990847,335981139,0.553703792255,0.565472078027
1039,1521990847,339316414,0.553778999379,0.565189119664
1040,1521990847,342648161,0.554333769038,0.565755319855
1041,1521990847,345980940,0.55350968839,0.570900505593
1042,1521990847,349313935,0.553430502454,0.570818831701
1043,1521990847,352647735,0.550139915136,0.567537528703
1044,1521990847,355981131,0.550218613357,0.567618715675
1045,1521990847,359314440,0.551981004816,0.569373875588
1046,1521990847,362647858,0.551981004816,0.569373875588
1047,1521990847,365981149,0.558678092358,0.573235227395
1048,1521990847,369314008,0.558758023411,0.574019405573
1049,1521990847,372648069,0.563139473413,0.575568947457
1050,1521990847,375980619,0.566201630289,0.576518222745
1051,1521990847,379314275,0.572031352533,0.583022421852
1052,1521990847,382647954,0.572695299229,0.583331708537
1053,1521990847,385980936,0.574621815874,0.583498625115
1054,1521990847,389314669,0.574457438611,0.583331708537
1055,1521990847,392647996,0.573129702318,0.583064122905
1056,1521990847,395981483,0.574146071027,0.580565373716
1057,1521990847,399279571,0.579261647373,0.586109267621
1058,1521990847,402648001,0.567166362409,0.573871000779
1059,1521990847,405980977,0.574228209235,0.580648430279
1060,1521990847,409314967,0.57657200587,0.587192508052
1061,1521990847,412647532,0.579951234014,0.590211408304
1062,1521990847,415980954,0.579785320343,0.590744573134
1063,1521990847,419314324,0.579826789861,0.590786826519
1064,1521990847,422648222,0.579743856758,0.590702325793
1065,1521990847,425980986,0.579909746694,0.595084337888
1066,1521990847,429314316,0.578416876694,0.594999210309
1067,1521990847,432648209,0.574105010734,0.590351344019
1068,1521990847,435981284,0.573523202225,0.589073800489
1069,1521990847,439314655,0.57348218061,0.589031666607
1070,1521990847,442647908,0.57348218061,0.588329602642
1071,1521990847,445980971,0.575638223254,0.588371686304
1072,1521990847,449314509,0.575555883356,0.587585511246
1073,1521990847,452648041,0.57771192011,0.588329602642
1074,1521990847,455981137,0.57771192011,0.588329602642
1075,1521990847,459315049,0.58150599614,0.588245453375
1076,1521990847,462648137,0.587623342415,0.588722743397
1077,1521990847,465981189,0.58797584592,0.588722743397
1078,1521990847,469314369,0.58797584592,0.588722743397
1079,1521990847,472647980,0.587539288153,0.585479469987
1080,1521990847,475981369,0.585777022742,0.584777456234
1081,1521990847,479314592,0.585860824891,0.584861115384
1082,1521990847,482647763,0.585155817882,0.5841590012
1083,1521990847,485980907,0.58581892082,0.584819282817
1084,1521990847,489313930,0.585197677515,0.585254036141
1085,1521990847,492648195,0.581775212229,0.588512259756
1086,1521990847,495981133,0.581983286339,0.590829085949
1087,1521990847,499314706,0.581900038837,0.591797593764
1088,1521990847,502648790,0.581816815147,0.593116781221
1089,1521990847,505981073,0.582855061607,0.596265547637
1090,1521990847,509314709,0.582563279769,0.595967052405
1091,1521990847,512647890,0.581983286339,0.593286485593
1092,1521990847,515981037,0.581983286339,0.591531200133
1093,1521990847,519295124,0.585290723187,0.594539846034
1094,1521990847,522647535,0.578630705001,0.58463326907
1095,1521990847,525981038,0.581941659611,0.5851703148
1096,1521990847,529314506,0.581900038837,0.584777456234
1097,1521990847,532647567,0.583745803863,0.584861115384
1098,1521990847,535980902,0.584761485945,0.5851703148
1099,1521990847,539313966,0.584803314377,0.585212172476
1100,1521990847,542648034,0.584636036541,0.588554344442
1101,1521990847,545980398,0.585281414752,0.590253635635
1102,1521990847,549314038,0.587539288153,0.590042559381
1103,1521990847,552648045,0.588160063283,0.589256257793
1104,1521990847,555981042,0.589033356434,0.589424857581
1105,1521990847,559314634,0.588949100483,0.589340545628
1106,1521990847,562646807,0.587791523108,0.58924239631
1107,1521990847,565981209,0.588822761741,0.586055738695
1108,1521990847,569279640,0.592713431874,0.587798221159
1109,1521990847,572647720,0.580462258793,0.575648643714
1110,1521990847,575980416,0.586649758905,0.586349227762
1111,1521990847,579314394,0.58534084189,0.589958171144
1112,1521990847,582648361,0.580801140387,0.594914107082
1113,1521990847,585980850,0.581008895839,0.595126910812
1114,1521990847,589314476,0.58084267959,0.594956655652
1115,1521990847,592647922,0.58084267959,0.594956655652
1116,1521990847,595981015,0.584450810872,0.595041771054
1117,1521990847,599314550,0.584409007653,0.594999210309
1118,1521990847,602647762,0.584409007653,0.593595082379
1119,1521990847,605980838,0.584450810872,0.586967457936
1120,1521990847,609314811,0.584283633867,0.583640950989
1121,1521990847,612647443,0.583829327372,0.58073151061
1122,1521990847,615980582,0.583745803863,0.580648430279
1123,1521990847,619314505,0.582915707646,0.579821890796
1124,1521990847,622647769,0.582999094486,0.579904835062
1125,1521990847,625981120,0.583351572778,0.581659994975
1126,1521990847,629314580,0.587186835071,0.58618148374
1127,1521990847,632647824,0.583393300358,0.581701601555
1128,1521990847,635980607,0.584492620073,0.582445378499
1129,1521990847,639313860,0.587581312278,0.58236205894
1130,1521990847,642647473,0.58542456966,0.581969401222
1131,1521990847,645981316,0.585382702781,0.58017287257
1132,1521990847,649314382,0.585508321387,0.580297373187
1133,1521990847,652647878,0.58542456966,0.578459332457
1134,1521990847,655981020,0.583040796853,0.578542087727
1135,1521990847,659314437,0.581236703027,0.57955380308
1136,1521990847,662647884,0.58084267959,0.579512353087
1137,1521990847,665981004,0.578458251292,0.5841590012
1138,1521990847,669313843,0.575326873316,0.584200789525
1139,1521990847,672648042,0.575121164337,0.583991907664
1140,1521990847,675981071,0.578105747787,0.585212172476
1141,1521990847,679314541,0.578023054932,0.584075442481
1142,1521990847,682647939,0.579121833277,0.583415154887
1143,1521990847,685980873,0.58378756263,0.583498625115
1144,1521990847,689314096,0.583704051069,0.581308962992
1145,1521990847,692648566,0.585257138065,0.578644799411
1146,1521990847,695981177,0.58770742073,0.578975973999
1147,1521990847,699314506,0.587581312278,0.577798643167
1148,1521990847,702647368,0.587665378565,0.577881309831
1149,1521990847,705980389,0.587665378565,0.577881309831
1150,1521990847,709314485,0.586356119412,0.577633380774
1151,1521990847,712647831,0.586523877403,0.578851739115
1152,1521990847,715981360,0.586523877403,0.584117218852
1153,1521990847,719315013,0.588202125792,0.584033672085
1154,1521990847,722648411,0.588286268862,0.584117218852
1155,1521990847,725980975,0.591585514088,0.584593691152
1156,1521990847,729314528,0.591768725141,0.584777456234
1157,1521990847,732647423,0.592600780665,0.584902953936
1158,1521990847,735980992,0.592473631305,0.586883497493
1159,1521990847,739314376,0.593220964946,0.588680634624
1160,1521990847,742648074,0.593136116063,0.589298398697
1161,1521990847,745980475,0.592685577228,0.590253635635
1162,1521990847,749314668,0.591994159021,0.591319712396
1163,1521990847,752647898,0.591148377463,0.593988599778
1164,1521990847,755980420,0.591232960146,0.5965313401
1165,1521990847,759313991,0.592121178223,0.596360683158
1166,1521990847,762647823,0.592078832433,0.596318034179
1167,1521990847,765981214,0.595688312988,0.596754370221
1168,1521990847,769314372,0.596083426529,0.596445999422
1169,1521990847,772647973,0.597407974457,0.593903635023
1170,1521990847,775981024,0.598903454567,0.593286485593
1171,1521990847,779314230,0.598860617613,0.590786826519
1172,1521990847,782647579,0.597450704446,0.589382698589
1173,1521990847,785980937,0.597450704446,0.586223410747
1174,1521990847,789313996,0.595378419519,0.584510058292
1175,1521990847,792647560,0.594940802881,0.580916380593
1176,1521990847,795980527,0.595421010436,0.581041049678
1177,1521990847,799313460,0.590443370453,0.580648430279
1178,1521990847,802647850,0.590232271643,0.580440833414
1179,1521990847,805981141,0.590401138612,0.580606899027
1180,1521990847,809314339,0.595730923024,0.580297373187
1181,1521990847,812648424,0.594813178826,0.580089901834
1182,1521990847,815980751,0.595196215361,0.580463457152
1183,1521990847,819313921,0.594983356404,0.578851739115
1184,1521990847,822648121,0.594855714094,0.578727557535
1185,1521990847,825981410,0.594983356404,0.578851739115
1186,1521990847,829314670,0.593220964946,0.578851739115
1187,1521990847,832648057,0.591811051779,0.578851739115
1188,1521990847,835980780,0.591895723222,0.579987803062
1189,1521990847,839313705,0.5915431945,0.579987803062
1190,1521990847,842647860,0.58956967398,0.581184254262
1191,1521990847,845980241,0.589864943904,0.582528721903
1192,1521990847,849314505,0.590937026595,0.582195491315
1193,1521990847,852648058,0.591063818976,0.582320408099
1194,1521990847,855981239,0.593573443237,0.58376618687
1195,1521990847,859314471,0.59467341251,0.58591428666
1196,1521990847,862647192,0.593658366829,0.58384970732
1197,1521990847,865981257,0.595912922116,0.583640950989
1198,1521990847,869314318,0.596083426529,0.582052658647
1199,1521990847,872647833,0.592868486654,0.578851739115
1200,1521990847,875981469,0.592783688186,0.578768945474
1201,1521990847,879314896,0.592868486654,0.578851739115
1202,1521990847,882647644,0.589428022172,0.578934556446
1203,1521990847,885981125,0.589343703737,0.57955380308
1204,1521990847,889313960,0.590838137058,0.579636720857
1205,1521990847,892648191,0.590584649119,0.580440833414
1206,1521990847,895981110,0.591895723222,0.584902953936
1207,1521990847,899314077,0.593263398491,0.584861115384
1208,1521990847,902647327,0.591853384472,0.584861115384
1209,1521990847,905981353,0.592388895374,0.584693821014
1210,1521990847,909314632,0.592516008362,0.580606899027
1211,1521990847,912648833,0.589879894168,0.577984312354
1212,1521990847,915981113,0.587086314322,0.576600723922
1213,1521990847,919314390,0.59004866032,0.57814967515
1214,1521990847,922647434,0.586918335406,0.576435745174
1215,1521990847,925980508,0.586918335406,0.576435745174
1216,1521990847,929314789,0.591994159021,0.581844559735
1217,1521990847,932647793,0.592953309386,0.582796460704
1218,1521990847,935981390,0.594940802881,0.58618148374
1219,1521990847,939314628,0.597803182738,0.587627538677
1220,1521990847,942647722,0.600313468586,0.58766957212
1221,1521990847,945980714,0.6013709791,0.588371686304
1222,1521990847,949314563,0.601241957221,0.588245453375
1223,1521990847,952647922,0.601327965655,0.586223410747
1224,1521990847,955981185,0.601327965655,0.585521346782
1225,1521990847,959293178,0.604869216674,0.587195110538
1226,1521990847,962647727,0.597174007734,0.57972475341
1227,1521990847,965981115,0.599565574196,0.583415154887
1228,1521990847,969314220,0.599565574196,0.583415154887
1229,1521990847,972647848,0.598817786786,0.584426449358
1230,1521990847,975980821,0.599298826371,0.589115940398
1231,1521990847,979314272,0.599170239869,0.589691552505
1232,1521990847,982647742,0.598860617613,0.589733730572
1233,1521990847,985981262,0.598817786786,0.589691552505
1234,1521990847,989314541,0.599213095905,0.586574442729
1235,1521990847,992647978,0.598508139321,0.586574442729
1236,1521990847,995981095,0.597493440548,0.58591428666
1237,1521990847,999287949,0.60045553741,0.586314952397
1238,1521990848,2647866,0.590604577087,0.573903241781
1239,1521990848,5980983,0.595378419519,0.578542087727
1240,1521990848,9314371,0.594983356404,0.578500707132
1241,1521990848,12647730,0.595335834696,0.578500707132
1242,1521990848,15981150,0.595293255964,0.582671414975
1243,1521990848,19315555,0.598689331058,0.582546422895
1244,1521990848,22647863,0.600089739703,0.582879854345
1245,1521990848,25981098,0.602032922238,0.588680634624
1246,1521990848,29314180,0.606658531671,0.588722743397
1247,1521990848,32647237,0.60670192952,0.588413775988
1248,1521990848,35980968,0.603708952356,0.582980726763
1249,1521990848,39313471,0.605687671754,0.585647013118
1250,1521990848,42648066,0.605341218059,0.585312022691
1251,1521990848,45981674,0.603752129938,0.584075442481
1252,1521990848,49314655,0.604191007138,0.585563229568
1253,1521990848,52647768,0.604191007138,0.589775914673
1254,1521990848,55980368,0.602162132337,0.594073588846
1255,1521990848,59315482,0.601731647542,0.597859162329
1256,1521990848,62648022,0.602162132337,0.59828687671
1257,1521990848,65981136,0.60207598611,0.598201284882
1258,1521990848,69314296,0.605601021157,0.596797056514
1259,1521990848,72647960,0.605471091738,0.595265088856
1260,1521990848,75980998,0.605644343356,0.594031091272
1261,1521990848,79314331,0.605557705155,0.590786826519
1262,1521990848,82647421,0.603486000129,0.589775914673
1263,1521990848,85981506,0.603270238241,0.586757601855
1264,1521990848,89314895,0.603442835405,0.585521346782
1265,1521990848,92648229,0.60238540053,0.585521346782
1266,1521990848,95981196,0.602471584864,0.585605118346
1267,1521990848,99314391,0.602737878822,0.585872378765
1268,1521990848,102648344,0.603708952356,0.585788580956
1269,1521990848,105980990,0.604630009929,0.586349227762
1270,1521990848,109314406,0.604457036103,0.585830476864
1271,1521990848,112648112,0.604457036103,0.583022421852
1272,1521990848,115980902,0.604586757192,0.579636720857
1273,1521990848,119314512,0.603399676856,0.578108325581
1274,1521990848,122648126,0.603004096603,0.577014036604
1275,1521990848,125981095,0.597888711486,0.573668323368
1276,1521990848,129314529,0.597450704446,0.571831099465
1277,1521990848,132647982,0.597055521375,0.571790201804
1278,1521990848,135981082,0.589738363444,0.573627288438
1279,1521990848,139314560,0.588949100483,0.57916134621
1280,1521990848,142648010,0.588991225445,0.581308962992
1281,1521990848,145980848,0.589428022172,0.584902953936
1282,1521990848,149314356,0.589301553565,0.584777456234
1283,1521990848,152647888,0.585072116578,0.57916134621
1284,1521990848,155980303,0.585986573083,0.579368529921
1285,1521990848,159399279,0.571153021756,0.564702506465
1286,1521990848,162647869,0.600358016585,0.589250333822
1287,1521990848,165981233,0.58581892082,0.573586259378
1288,1521990848,169313785,0.587044310579,0.570941351304
1289,1521990848,172647830,0.586750452586,0.569251727302
1290,1521990848,175980982,0.586876355695,0.569373875588
1291,1521990848,179314389,0.587228833987,0.570778003518
1292,1521990848,182647877,0.586834381989,0.57214120868
1293,1521990848,185981571,0.587186835071,0.577406311828
1294,1521990848,189314131,0.58770742073,0.578975973999
1295,1521990848,192648139,0.587455257935,0.579429470885
1296,1521990848,195980800,0.590175298321,0.581082617932
1297,1521990848,199314010,0.59004866032,0.58095793101
1298,1521990848,202648017,0.589964265175,0.58017287257
1299,1521990848,205981090,0.590443370453,0.580999487371
1300,1521990848,209314311,0.590401138612,0.580255867045
1301,1521990848,212647837,0.590358912812,0.58021436684
1302,1521990848,215981039,0.590443370453,0.583807944108
1303,1521990848,219314368,0.593220964946,0.588329602642
1304,1521990848,222647308,0.590485608336,0.590169187014
1305,1521990848,225980922,0.593136116063,0.592808216438
1306,1521990848,229314563,0.593883443634,0.593552628146
1307,1521990848,232647896,0.594983356404,0.595701274274
1308,1521990848,235980529,0.596521269271,0.595829125456
1309,1521990848,239314160,0.597055521375,0.595658669405
1310,1521990848,242647697,0.597407974457,0.595658669405
1311,1521990848,245980442,0.598241240207,0.594031091272
1312,1521990848,249313878,0.598155661029,0.590786826519
1313,1521990848,252647879,0.598027338162,0.590660084494
1314,1521990848,255980859,0.596435930034,0.589424857581
1315,1521990848,259314954,0.594150908745,0.587150517741
1316,1521990848,262647607,0.594405945621,0.587051442406
1317,1521990848,265980634,0.592205887977,0.587318515028
1318,1521990848,269314758,0.588160063283,0.587501474417
1319,1521990848,272647902,0.583393300358,0.58766957212
1320,1521990848,275980750,0.579204689252,0.588062693783
1321,1521990848,279284535,0.582170336802,0.593240123864
1322,1521990848,282647388,0.571235615674,0.582461582293
1323,1521990848,285981347,0.571949540269,0.584693821014
1324,1521990848,289313858,0.566242139814,0.578315132594
1325,1521990848,292647931,0.565253889459,0.578025644184
1326,1521990848,295980805,0.565456069117,0.578232392036
1327,1521990848,299315050,0.565213470875,0.575878722874
1328,1521990848,302647685,0.564791414523,0.575113793457
1329,1521990848,305981105,0.564629837806,0.572843222433
1330,1521990848,309315678,0.56446835351,0.569872137201
1331,1521990848,312648245,0.563381198756,0.566336110407
1332,1521990848,315981458,0.557308041007,0.558180776387
1333,1521990848,319314857,0.556523416913,0.557047912991
1334,1521990848,322647216,0.555312185683,0.55408699407
1335,1521990848,325981988,0.551744221658,0.547725865991
1336,1521990848,329313838,0.544146447074,0.54015763491
1337,1521990848,332648266,0.542974864394,0.538992366219
1338,1521990848,335980648,0.541209019063,0.538286034163
1339,1521990848,339313293,0.534824329482,0.53719420268
1340,1521990848,342648709,0.532604323268,0.536031809061
1341,1521990848,345981119,0.530279064932,0.531263385316
1342,1521990848,349314363,0.527307524396,0.526547973725
1343,1521990848,352648087,0.527269811084,0.518788163454
1344,1521990848,355980698,0.530241128241,0.515776656037
1345,1521990848,359315298,0.529899942129,0.515444777156
1346,1521990848,362647822,0.541209019063,0.515813557851
1347,1521990848,365981174,0.542816569231,0.516368046233
1348,1521990848,369314682,0.542777746704,0.517735142824
1349,1521990848,372647787,0.542855397312,0.531851494482
1350,1521990848,375981070,0.541054177773,0.532164485445
1351,1521990848,379313617,0.537644761016,0.532278700172
1352,1521990848,382647338,0.535728685059,0.53212642476
1353,1521990848,385981537,0.52469006118,0.531310412206
1354,1521990848,389314841,0.521667871729,0.525143845795
1355,1521990848,392648099,0.520647676513,0.524128238456
1356,1521990848,395980713,0.5087353378,0.517883299969
1357,1521990848,399315376,0.505941700064,0.514392132955
1358,1521990848,402647890,0.506267460209,0.513670012105
1359,1521990848,405981214,0.499814217643,0.508996374601
1360,1521990848,409314464,0.499497466228,0.505873269669
1361,1521990848,412648106,0.497980589422,0.504009827593
1362,1521990848,415981174,0.497734948704,0.504117984208
1363,1521990848,419276239,0.499218422209,0.507468521867
1364,1521990848,422647811,0.486492228198,0.495601951351
1365,1521990848,425980881,0.487864850571,0.499905299104
1366,1521990848,429314216,0.482542781349,0.491444775477
1367,1521990848,432647636,0.476516567237,0.48614452394
1368,1521990848,435980346,0.47665292911,0.482070353124
1369,1521990848,439314594,0.475357214595,0.479021606778
1370,1521990848,442647373,0.471330900505,0.478173963542
1371,1521990848,445980757,0.466681258222,0.477052464195
1372,1521990848,449314631,0.460623234518,0.474176376795
1373,1521990848,452648138,0.455721835382,0.468243173239
1374,1521990848,455980209,0.454507062559,0.465986090527
1375,1521990848,459314925,0.447839748634,0.460038406324
1376,1521990848,462647389,0.448096059837,0.458546162549
1377,1521990848,465980922,0.439156540515,0.45314987755
1378,1521990848,469313817,0.433962856037,0.453247126969
1379,1521990848,472647816,0.426759638488,0.449224544357
1380,1521990848,475981308,0.423678906634,0.445459585771
1381,1521990848,479314523,0.417686775675,0.437736882157
1382,1521990848,482647139,0.417423866913,0.435021971974
1383,1521990848,485981096,0.408463908804,0.421529110682
1384,1521990848,489314419,0.408169861799,0.419483219067
1385,1521990848,492648186,0.405644485792,0.418721256489
1386,1521990848,495981378,0.40429260059,0.416323931225
1387,1521990848,499315087,0.391927827491,0.412082073001
1388,1521990848,502648261,0.38984099063,0.409654323558
1389,1521990848,505981344,0.382466302652,0.398800856588
1390,1521990848,509314342,0.376853203171,0.393563152078
1391,1521990848,512647880,0.37641989187,0.386809577893
1392,1521990848,515981223,0.368339814835,0.378061445134
1393,1521990848,519314766,0.364788940155,0.375577357845
1394,1521990848,522648398,0.363026674744,0.374524337216
1395,1521990848,525981196,0.351823663952,0.368636315506
1396,1521990848,529315138,0.345707023416,0.363591115589
1397,1521990848,532647556,0.338475998893,0.361315283206
1398,1521990848,535981213,0.330600991175,0.351708890244
1399,1521990848,539324581,0.321903093538,0.339131214757
1400,1521990848,542648894,0.322689742788,0.339669074944
1401,1521990848,545980561,0.316684063171,0.327676900762
1402,1521990848,549314641,0.31608259562,0.327419164193
1403,1521990848,552647643,0.311635389713,0.320889135593
1404,1521990848,555982642,0.308616465601,0.316121540645
1405,1521990848,559314531,0.305377254445,0.315010876418
1406,1521990848,562647928,0.295729286744,0.308908144585
1407,1521990848,565981655,0.287228719305,0.303248252814
1408,1521990848,569314697,0.280592789779,0.299451699533
1409,1521990848,572648033,0.275990502408,0.292058609426
1410,1521990848,575993007,0.27116288134,0.282293440107
1411,1521990848,579317394,0.272854853705,0.280886965602
1412,1521990848,582647698,0.271288655467,0.279310160136
1413,1521990848,585982459,0.266359279421,0.274740136497
1414,1521990848,589314927,0.265492111631,0.273532172611
1415,1521990848,592647601,0.26512056412,0.27210817456
1416,1521990848,595981219,0.257290750061,0.266765226133
1417,1521990848,599314018,0.254173208126,0.266822475985
1418,1521990848,602648197,0.246664232926,0.262847753463
1419,1521990848,605981377,0.240407390238,0.257675905577
1420,1521990848,609314429,0.232652313134,0.25311216338
1421,1521990848,612647829,0.226643541569,0.246775483686
1422,1521990848,615981260,0.222045441834,0.239737696643
1423,1521990848,619314197,0.220682979593,0.235225077513
1424,1521990848,622647931,0.218857711274,0.234806806866
1425,1521990848,625980950,0.218215278543,0.234522913103
1426,1521990848,629314404,0.216406192517,0.232015545361
1427,1521990848,632648027,0.21534883327,0.229558497225
1428,1521990848,635980676,0.212237472873,0.22857086663
1429,1521990848,639313317,0.209064487398,0.226113115376
1430,1521990848,642647434,0.204378935853,0.223192484916
1431,1521990848,645981024,0.197373726074,0.219379297807
1432,1521990848,649314103,0.193876927611,0.215900111621
1433,1521990848,652647757,0.19208692984,0.210955132771
1434,1521990848,655981792,0.18430659862,0.202151044961
1435,1521990848,659314797,0.179776787422,0.199049371202
1436,1521990848,662648210,0.177296580729,0.197279974156
1437,1521990848,665981215,0.173784227841,0.188166601348
1438,1521990848,669314514,0.171656928062,0.181132502961
1439,1521990848,672648528,0.170222664325,0.180053650108
1440,1521990848,675980600,0.165018855918,0.179090358831
1441,1521990848,679314428,0.164936246178,0.178298741238
1442,1521990848,682647180,0.162515740563,0.175541102622
1443,1521990848,685980985,0.159649828031,0.169875178659
1444,1521990848,689314357,0.156500361519,0.168495351592
1445,1521990848,692648189,0.151896414749,0.168120269789
1446,1521990848,695980728,0.145957331843,0.165371548668
1447,1521990848,699314527,0.143085717838,0.159345725437
1448,1521990848,702648213,0.141333685993,0.153390005027
1449,1521990848,705981094,0.139248844951,0.149209937228
1450,1521990848,709314999,0.135675029577,0.147401803617
1451,1521990848,712647682,0.132912836002,0.147113967923
1452,1521990848,715981151,0.127940468866,0.142508791855
1453,1521990848,719315436,0.126503513743,0.138617974123
1454,1521990848,722647655,0.125879768296,0.133791032774
1455,1521990848,725980938,0.125129793557,0.131285961449
1456,1521990848,729314994,0.121931325282,0.129853969853
1457,1521990848,732647719,0.118458124394,0.129909709145
1458,1521990848,735980685,0.115268646053,0.129189009881
1459,1521990848,739313554,0.107168731304,0.119719031988
1460,1521990848,742647283,0.10679328393,0.116183276119
1461,1521990848,745981039,0.103261367799,0.110208277064
1462,1521990848,749314599,0.101154034613,0.110216159218
1463,1521990848,752647829,0.100103834845,0.1102240425
1464,1521990848,755980808,0.0965928696622,0.109186565831
1465,1521990848,759315149,0.0930210020766,0.1091319179
1466,1521990848,762647462,0.0892089114256,0.108858845564
1467,1521990848,765980652,0.0867096597603,0.104256498798
1468,1521990848,769313949,0.0849472683018,0.0982889550953
1469,1521990848,772647952,0.0845826903476,0.0940631154561
1470,1521990848,775980636,0.0842543644134,0.0902281267476
1471,1521990848,779325073,0.0836147259669,0.0899193686322
1472,1521990848,782648095,0.0841486412066,0.0901414267224
1473,1521990848,785980778,0.0821450684044,0.0895323671133
1474,1521990848,789314113,0.0789551373427,0.0888110915683
1475,1521990848,792647656,0.0764823188538,0.0863476916168
1476,1521990848,795981375,0.0726001425484,0.0814277715888
1477,1521990848,799314151,0.0694481581148,0.0765359207431
1478,1521990848,802647776,0.0673185387146,0.0730094303101
1479,1521990848,805981197,0.0673233537163,0.0705574284791
1480,1521990848,809314519,0.0673233537163,0.0705574284791
1481,1521990848,812647794,0.0673233537163,0.0705574284791
1482,1521990848,815980659,0.068743100672,0.0726740164854
1483,1521990848,819314111,0.0687332668832,0.0730146523565
1484,1521990848,822647671,0.0687283510437,0.0730094303101
1485,1521990848,825980970,0.0669708754246,0.0730146523565
1486,1521990848,829314540,0.0641464609742,0.0702013752982
1487,1521990848,832647593,0.0620406168357,0.0663497904007
1488,1521990848,835981167,0.0570973993287,0.0589691552505
1489,1521990848,839314058,0.0560520667018,0.0558220706337
1490,1521990848,842648065,0.0553272198535,0.0529944579671
1491,1521990848,845980352,0.0553549289856,0.0530209987989
1492,1521990848,849314309,0.0553311766024,0.0529982478876
1493,1521990848,852647506,0.0563965266734,0.053005829355
1494,1521990848,855980678,0.0585155817882,0.0551159634545
1495,1521990848,859315461,0.0584862968041,0.056491905461
1496,1521990848,862647235,0.0585365175956,0.0565404137161
1497,1521990848,865981406,0.0581464412473,0.0565040247199
1498,1521990848,869314167,0.0546419518162,0.0551199062232
1499,1521990848,872647833,0.0514581500122,0.0523000245972
1500,1521990848,875980894,0.0482929801505,0.0487969357973
1501,1521990848,879313622,0.0451236763385,0.0449385222712
1502,1521990848,882647614,0.0429962009267,0.0414158493426
1503,1521990848,885980894,0.0419449167133,0.0382624860907
1504,1521990848,889314274,0.0401825252548,0.0351031982483
1505,1521990848,892647751,0.0398271982971,0.0333456532667
1506,1521990848,895954861,0.0394353607237,0.0329048639377
1507,1521990848,899315046,0.0384617489429,0.0323842321328
1508,1521990848,902647433,0.0380785498754,0.032655317141
1509,1521990848,905980442,0.0366629870251,0.0326506450876
1510,1521990848,909314606,0.0352377475608,0.0326366369453
1511,1521990848,912647782,0.0334878329511,0.0322972524702
1512,1521990848,915980658,0.0310225274827,0.0301930696509
1513,1521990848,919314973,0.0288949529999,0.0280745264046
1514,1521990848,922648221,0.0274933067533,0.0263273986862
1515,1521990848,925982021,0.0253748071043,0.0245687241863
1516,1521990848,929315119,0.0243227418276,0.0228187109844
1517,1521990848,932653227,0.0232303359589,0.0213823631864
1518,1521990848,935981045,0.0225957827603,0.0203934039642
1519,1521990848,939314715,0.0214996380188,0.0196563850835
1520,1521990848,942647795,0.0211502102849,0.0189570829716
1521,1521990848,945980837,0.0200926997706,0.0179039116954
1522,1521990848,949314230,0.0190338277523,0.0179026311066
1523,1521990848,952647790,0.0179751071961,0.0171993369481
1524,1521990848,955981028,0.0158615231269,0.0164985031767
1525,1521990848,959314504,0.0144505763733,0.0157953094421
1526,1521990848,962647308,0.0126919418994,0.0150976148466
1527,1521990848,965980708,0.0109260455505,0.0140402750596
1528,1521990848,969314748,0.0095148722041,0.0133363536606
1529,1521990848,972647683,0.00846068931348,0.0122878771835
1530,1521990848,975981024,0.00740204412588,0.0115840554219
1531,1521990848,979314707,0.00669612965252,0.0112314167709
1532,1521990848,982647759,0.00634551698511,0.0101813839521
1533,1521990848,985980484,0.00599298826371,0.00983030174682
1534,1521990848,989314630,0.00563844278762,0.00877391688197
1535,1521990848,992647269,0.00528830912474,0.00842657572831
1536,1521990848,995980670,0.00493434315186,0.0077221512828
1537,1521990848,999315282,0.00493293192831,0.00631631679163
1538,1521990849,2648043,0.00387781593534,0.00596839748914
1539,1521990849,5981202,0.00352503504748,0.00526585638101
1540,1521990849,9313768,0.00246787759155,0.00421328786416
1541,1521990849,12648045,0.00211426485365,0.00350931580057
1542,1521990849,15980724,0.00105766182495,0.0028088585761
1543,1521990849,19315752,0.000704603802742,0.00210513789552
1544,1521990849,22647943,0.000352604392986,0.00175578783168
1545,1521990849,25980946,0.0,0.000702114184134
1546,1521990849,29314512,0.0,0.000702013752982
1547,1521990849,32647610,0.0,0.0
1548,1521990849,35980625,0.0,0.0
1549,1521990849,39314479,0.0,0.0
1550,1521990849,42647549,0.0,0.0
1551,1521990849,45981211,0.0,0.0
1552,1521990849,49314274,0.0,0.0
1553,1521990849,52647671,0.0,0.0
1554,1521990849,55980841,0.0,0.0
1555,1521990849,59315294,0.0,0.0
1556,1521990849,62647596,0.0,0.0
1557,1521990849,65981159,0.0,0.0
1558,1521990849,69314556,0.0,0.0
1559,1521990849,72647950,0.0,0.0
1560,1521990849,75980838,0.0,0.0
1561,1521990849,79314405,0.0,0.0
1562,1521990849,82648439,0.0,0.0
1563,1521990849,85981093,0.0,0.0
1564,1521990849,89313555,0.0,0.0
1565,1521990849,92647851,0.0,0.0
1566,1521990849,95981186,0.0,0.0
1567,1521990849,99314616,0.0,0.0
1568,1521990849,102647924,0.0,0.0
1569,1521990849,105981118,0.0,0.0
1570,1521990849,109314471,0.0,0.0
1571,1521990849,112647794,0.0,0.0
1572,1521990849,115980960,0.0,0.0
1573,1521990849,119315310,0.0,0.0
1574,1521990849,122647935,0.0,0.0
1575,1521990849,125981428,0.0,0.0
1576,1521990849,129315072,0.0,0.0
1577,1521990849,132647820,0.0,0.0
1578,1521990849,135981012,0.0,0.0
1579,1521990849,139270332,0.0,0.0
1580,1521990849,142647765,0.0,0.0
1581,1521990849,145981074,0.0,0.0
1582,1521990849,149314544,0.0,0.0
1583,1521990849,152647935,0.0,0.0
1584,1521990849,155980863,0.0,0.0
1585,1521990849,159314596,0.0,0.0
1586,1521990849,162647653,0.0,0.0
1587,1521990849,165980895,0.0,0.0
1588,1521990849,169314719,0.0,0.0
1589,1521990849,172648016,0.0,0.0
1590,1521990849,175980156,0.0,0.0
1591,1521990849,179314812,0.0,0.0
1592,1521990849,182647379,0.0,0.0
1593,1521990849,185981235,0.0,0.0
1594,1521990849,189314236,0.0,-0.000702164410487
1595,1521990849,192647705,0.0,-0.00105302062947
1596,1521990849,195981136,0.0,-0.0021061918949
1597,1521990849,199314290,0.0,-0.00351031982483
1598,1521990849,202646976,0.0,-0.00561771715221
1599,1521990849,205980568,0.0,-0.00842416503579
1600,1521990849,209313474,0.0,-0.0108835483625
1601,1521990849,212648286,0.0,-0.0119291147413
1602,1521990849,215981441,0.0,-0.0119359411303
1603,1521990849,219314662,0.0,-0.0119359411303
1604,1521990849,222647628,0.0,-0.0115848840382
1605,1521990849,225981415,0.0,-0.0105294532227
1606,1521990849,229314850,0.0,-0.00912683154456
1607,1521990849,232647743,-0.000352528721395,-0.00842597292584
1608,1521990849,235981118,-0.00211471849365,-0.00807315815929
1609,1521990849,239315878,-0.00317094380263,-0.00807027220871
1610,1521990849,242648699,-0.00564086306639,-0.0080754684063
1611,1521990849,245980712,-0.00705208785973,-0.00807662402571
1612,1521990849,249314363,-0.00881132705689,-0.00877517191228
1613,1521990849,252647465,-0.00916509112345,-0.00877642730168
1614,1521990849,255980835,-0.00916443558442,-0.00877579956208
1615,1521990849,259315271,-0.00916115929543,-0.0087726622106
1616,1521990849,262647838,-0.00810874065794,-0.00877768305033
1617,1521990849,265980893,-0.00669756659021,-0.00842537020961
1618,1521990849,269314308,-0.00563965266734,-0.00772270361463
1619,1521990849,272647591,-0.00458221779221,-0.00772270361463
1620,1521990849,275980710,-0.00387753855223,-0.00772325602548
1621,1521990849,279314455,-0.00352427876448,-0.00772159902998
1622,1521990849,282647242,-0.0035255394165,-0.00842657572831
1623,1521990849,285980702,-0.00352453082276,-0.00842416503579
1624,1521990849,289313218,-0.0035255394165,-0.00877768305033
1625,1521990849,292648736,-0.00352251536553,-0.00877015394406
1626,1521990849,295981293,-0.0035255394165,-0.00877768305033
1627,1521990849,299315056,-0.00317207774048,-0.00807315815929
1628,1521990849,302692585,-0.0031306551117,-0.00796773469212
1629,1521990849,305981598,-0.00285784646401,-0.00747106495753
1630,1521990849,309313706,-0.00282083514389,-0.0070231513267
1631,1521990849,312647514,-0.00246699513514,-0.00631767193362
1632,1521990849,315981269,-0.00246699513514,-0.00631767193362
1633,1521990849,319315220,-0.00281942301159,-0.00631767193362
1634,1521990849,322647776,-0.0028204315332,-0.00631993179623
1635,1521990849,325980783,-0.00317253154273,-0.00631902765721
1636,1521990849,329314231,-0.00317230462538,-0.0063185756847
1637,1521990849,332647410,-0.00317253154273,-0.00596797056514
1638,1521990849,335980400,-0.00317253154273,-0.00596797056514
1639,1521990849,339314169,-0.00246699513514,-0.00596669015953
1640,1521990849,342647414,-0.00246752453324,-0.00596797056514
1641,1521990849,345980193,-0.00211517232837,-0.00526623307865
1642,1521990849,349314241,-0.00211441604536,-0.00526435012918
1643,1521990849,352647901,-0.00176213938224,-0.00491374483726
1644,1521990849,355981249,-0.00176239145854,-0.00491444775477
1645,1521990849,359314159,-0.00176264360697,-0.00386190425768
1646,1521990849,362647251,-0.00176251752374,-0.00386162801274
1647,1521990849,365981410,-0.00176201337113,-0.00350956675279
1648,1521990849,369314202,-0.00176264360697,-0.00351082205243
1649,1521990849,372647351,-0.00176251752374,-0.00280845673654
1650,1521990849,375980357,-0.00176251752374,-0.00280845673654
1651,1521990849,379314138,-0.00176213938224,-0.00245687241863
1652,1521990849,382647451,-0.00176239145854,-0.0021061918949
1653,1521990849,385980960,-0.00140991316683,-0.0021061918949
1654,1521990849,389313841,-0.00141001401899,-0.00175528546034
1655,1521990849,392647968,-0.00105720802268,-0.00175478337639
1656,1521990849,395981058,-0.00105751051424,-0.00140422836827
1657,1521990849,399315214,-0.00105720802268,-0.00105287002584
1658,1521990849,402647616,-0.000705107883299,-0.000702214644026
1659,1521990849,405981041,-0.000704956583417,-0.000351031982483
1660,1521990849,409314708,-0.000352453082276,-0.000351006876491
1661,1521990849,412647975,-0.000352478291709,0.0
1662,1521990849,415981127,-0.000352503504748,0.0
1663,1521990849,419315322,0.0,0.0
1664,1521990849,422648141,0.0,0.0
1665,1521990849,425981001,0.0,0.0
1666,1521990849,429314757,0.0,0.0
1667,1521990849,432648034,0.0,0.0
1668,1521990849,435982838,0.0,0.0
1669,1521990849,439315103,0.0,0.0
1670,1521990849,442648042,0.0,0.0
1671,1521990849,445980099,0.0,0.0
1672,1521990849,449314176,0.0,0.0
1673,1521990849,452647874,0.0,0.0
1674,1521990849,455980393,0.0,0.0
1675,1521990849,459314961,0.0,0.0
1676,1521990849,462647745,0.0,0.0
1677,1521990849,465981047,0.0,0.0
1678,1521990849,469314499,0.0,0.0
1679,1521990849,472654268,0.0,0.0
1680,1521990849,475980873,0.0,0.0
1681,1521990849,479314483,0.0,0.0
1682,1521990849,482647593,0.0,0.0
1683,1521990849,485981143,0.0,0.0
1684,1521990849,489313558,0.0,0.0
1685,1521990849,492647749,0.0,0.0
1686,1521990849,495981108,0.0,0.0
1687,1521990849,499315055,0.0,0.0
1688,1521990849,502647127,0.0,0.0
1689,1521990849,505980782,0.0,0.0
1690,1521990849,509314539,0.0,0.0
1691,1521990849,512648782,0.0,0.0
1692,1521990849,515980751,0.0,0.0
1693,1521990849,519315503,0.0,0.0
1694,1521990849,522647320,0.0,0.0
1695,1521990849,525980472,0.0,0.0
1696,1521990849,529314668,0.0,0.0
1697,1521990849,532647920,0.0,0.0
1698,1521990849,535981799,0.0,0.0
1699,1521990849,539314420,0.0,0.0
1700,1521990849,542647223,0.0,0.0
1701,1521990849,545980663,0.0,0.0
1702,1521990849,549313788,0.0,0.0
1703,1521990849,552647743,0.0,0.0
1704,1521990849,555980502,0.0,0.0
1705,1521990849,559313296,0.0,0.0
1706,1521990849,562647762,0.0,0.0
1707,1521990849,565981314,0.0,0.0
1708,1521990849,569314472,0.0,0.0
1709,1521990849,572647459,0.0,0.0
1710,1521990849,575980454,0.0,0.0
1711,1521990849,579314129,0.0,0.0
1712,1521990849,582647757,0.0,0.0
1713,1521990849,585980282,-0.000352579165513,0.0
1714,1521990849,589313308,0.0,0.0
1715,1521990849,592648080,0.0,0.0
1716,1521990849,595980097,0.0,0.0
1717,1521990849,599315384,0.0,0.0
1718,1521990849,602646672,0.0,0.0
1719,1521990849,605981175,0.0,0.0
1720,1521990849,609314510,0.0,0.0
1721,1521990849,612647419,0.0,0.0
1722,1521990849,615981126,-0.000352453082276,0.0
1723,1521990849,619314453,-0.000352478291709,0.0
1724,1521990849,622647268,-0.000352528721395,0.0
1725,1521990849,625981420,-0.000352402674226,0.0
1726,1521990849,629314535,-0.000352503504748,0.0
1727,1521990849,632647655,-0.000352478291709,0.0
1728,1521990849,635981031,-0.000352478291709,0.0
1729,1521990849,639314192,-0.000352503504748,0.0
1730,1521990849,642648244,-0.000352402674226,0.0
1731,1521990849,645981891,-0.000704906164551,0.0
1732,1521990849,649314398,-0.000705107883299,0.0
1733,1521990849,652647921,-0.00105735924683,0.0
1734,1521990849,655980898,-0.00105758616418,-0.000351082205243
1735,1521990849,659314063,-0.00105743487513,-0.000351031982483
1736,1521990849,662647701,-0.00105735924683,0.0
1737,1521990849,665980898,-0.00105751051424,0.0
1738,1521990849,669314070,-0.00105743487513,0.0
1739,1521990849,672647655,-0.00105735924683,0.0
1740,1521990849,675980783,-0.00105751051424,0.0
1741,1521990849,679314036,-0.00105743487513,0.0
1742,1521990849,682647224,-0.00105751051424,0.0
1743,1521990849,685980861,-0.00105735924683,0.0
1744,1521990849,689314709,-0.00105728362935,0.0
1745,1521990849,692648036,-0.00105743487513,0.0
1746,1521990849,695994580,-0.00105321628476,0.0
1747,1521990849,699314479,-0.000707791597325,0.0
1748,1521990849,702646512,-0.00070525924814,0.0
1749,1521990849,705980719,-0.000704754951216,0.0
1750,1521990849,709314786,-0.000704805348452,0.0
1751,1521990849,712648083,-0.000352478291709,0.0
1752,1521990849,715980527,-0.000352579165513,0.0
1753,1521990849,719314541,-0.000352402674226,0.0
1754,1521990849,722648000,-0.000352478291709,0.0
1755,1521990849,725980951,0.0,0.0
1756,1521990849,729313827,0.0,0.0
1757,1521990849,732647196,0.0,0.0
1758,1521990849,735980780,0.0,0.0
1759,1521990849,739314821,0.0,0.0
1760,1521990849,742647781,0.0,0.0
1761,1521990849,745981466,0.0,0.0
1762,1521990849,749313667,0.0,0.0
1763,1521990849,752648866,0.0,0.0
1764,1521990849,755981669,0.0,0.0
1765,1521990849,759314967,0.0,0.0
1766,1521990849,762647623,0.0,0.0
1767,1521990849,765980894,0.0,-0.000351031982483
1768,1521990849,769314415,0.0,0.0
1769,1521990849,772647778,0.0,0.0
1770,1521990849,775980778,0.0,0.0
1771,1521990849,779314568,0.0,0.0
1772,1521990849,782647864,0.0,0.0
