342,1521988343,987929373,0.0,0.0,0.0,0.0,0.0,0.0
343,1521988343,997925259,0.0,0.0,0.0,0.0,0.0,0.0
344,1521988344,7927493,0.0,0.0,0.0,0.0,0.0,0.0
345,1521988344,17927839,0.0,0.0,0.0,0.0,0.0,0.0
346,1521988344,27927197,0.0,0.0,0.0,0.0,0.0,0.0
347,1521988344,37926394,0.0,0.0,0.0,0.0,0.0,0.0
348,1521988344,47928202,0.0,0.0,0.0,0.0,0.0,0.0
349,1521988344,57928005,0.0,0.0,0.0,0.0,0.0,0.0
350,1521988344,67927219,0.0,0.0,0.0,0.0,0.0,0.0
351,1521988344,77927304,0.0,0.0,0.0,0.0,0.0,0.0
352,1521988344,87927072,0.0,0.0,0.0,0.0,0.0,0.0
353,1521988344,97926257,0.0,0.0,0.0,0.0,0.0,0.0
354,1521988344,107927928,0.0,0.0,0.0,0.0,0.0,0.0
355,1521988344,117928225,0.0,0.0,0.0,0.0,0.0,0.0
356,1521988344,127927335,0.0,0.0,0.0,0.0,0.0,0.0
357,1521988344,137927189,0.0,0.0,0.0,0.0,0.0,0.0
358,1521988344,147928803,0.0,0.0,0.0,0.0,0.0,0.0
359,1521988344,157928353,0.0,0.0,0.0,0.0,0.0,0.0
360,1521988344,167928326,0.0,0.0,0.0,0.0,0.0,0.0
361,1521988344,177924004,0.0,0.0,0.0,0.0,0.0,0.0
362,1521988344,187927860,0.0,0.0,0.0,0.0,0.0,0.0
363,1521988344,197929268,0.0,0.0,0.0,0.0,0.0,0.0
364,1521988344,207927005,0.0,0.0,0.0,0.0,0.0,0.0
365,1521988344,217928700,0.0,0.0,0.0,0.0,0.0,0.0
366,1521988344,227931656,0.0,0.0,0.0,0.0,0.0,0.0
367,1521988344,237927394,0.0,0.0,0.0,0.0,0.0,0.0
368,1521988344,247927121,0.0,0.0,0.0,0.0,0.0,0.0
369,1521988344,257926787,0.0,0.0,0.0,0.0,0.0,0.0
370,1521988344,267928873,0.0,0.0,0.0,0.0,0.0,0.0
371,1521988344,277926040,0.0,0.0,0.0,0.0,0.0,0.0
372,1521988344,287927459,0.0,0.0,0.0,0.0,0.0,0.0
373,1521988344,297927624,0.0,0.0,0.0,0.0,0.0,0.0
374,1521988344,307927038,0.0,0.0,0.0,0.0,0.0,0.0
375,1521988344,317926157,0.0,0.0,0.0,0.0,0.0,0.0
376,1521988344,327925738,0.0,0.0,0.0,0.0,0.0,0.0
377,1521988344,337928292,0.0,0.0,0.0,0.0,0.0,0.0
378,1521988344,347927854,0.0,0.0,0.0,0.0,0.0,0.0
379,1521988344,357927927,0.0,0.0,0.0,0.0,0.0,0.0
380,1521988344,367927323,0.0,0.0,0.0,0.0,0.0,0.0
381,1521988344,377926649,0.0,0.0,0.0,0.0,0.0,0.0
382,1521988344,387925934,0.0,0.0,0.0,0.0,0.0,0.0
383,1521988344,397928032,0.0,0.0,0.0,0.0,0.0,0.0
384,1521988344,407928179,0.0,0.0,0.0,0.0,0.0,0.0
385,1521988344,417926592,0.0,0.0,0.0,0.0,0.0,0.0
386,1521988344,427928872,0.0,0.0,0.0,0.0,0.0,0.0
387,1521988344,437925869,0.0,0.0,0.0,0.0,0.0,0.0
388,1521988344,447928460,0.0,0.0,0.0,0.0,0.0,0.0
389,1521988344,457928120,0.0,0.0,0.0,0.0,0.0,0.0
390,1521988344,467927261,0.0,0.0,0.0,0.0,0.0,0.0
391,1521988344,477936104,0.0,0.0,0.0,0.0,0.0,0.0
392,1521988344,487926726,0.0,0.0,0.0,0.0,0.0,0.0
393,1521988344,497928495,0.0,0.0,0.0,0.0,0.0,0.0
394,1521988344,507927811,0.0,0.0,0.0,0.0,0.0,0.0
395,1521988344,517932033,0.0,0.0,0.0,0.0,0.0,0.0
396,1521988344,527924639,0.0,0.0,0.0,0.0,0.0,0.0
397,1521988344,537930985,0.0,0.0,0.0,0.0,0.0,0.0
398,1521988344,547958528,0.0,0.0,0.0,0.0,0.0,0.0
399,1521988344,557935941,0.0,0.0,0.0,0.0,0.0,0.0
400,1521988344,567930700,0.0,0.0,0.0,0.0,0.0,0.0
401,1521988344,577927723,0.0,0.0,0.0,0.0,0.0,0.0
402,1521988344,587932688,0.0,0.0,0.0,0.0,0.0,0.0
403,1521988344,597930118,0.0,0.0,0.0,0.0,0.0,0.0
404,1521988344,607929523,0.0,0.0,0.0,0.0,0.0,0.0
405,1521988344,617928769,0.0,0.0,0.0,0.0,0.0,0.0
406,1521988344,627927912,0.0,0.0,0.0,0.0,0.0,0.0
407,1521988344,637927674,0.0,0.0,0.0,0.0,0.0,0.0
408,1521988344,647929458,0.0,0.0,0.0,0.0,0.0,0.0
409,1521988344,657926757,0.0,0.0,0.0,0.0,0.0,0.0
410,1521988344,667928824,0.0,0.0,0.0,0.0,0.0,0.0
411,1521988344,677928093,0.0,0.0,0.0,0.0,0.0,0.0
412,1521988344,687927744,0.0,0.0,0.0,0.0,0.0,0.0
413,1521988344,697929248,0.0,0.0,0.0,0.0,0.0,0.0
414,1521988344,707927305,0.0,0.0,0.0,0.0,0.0,0.0
415,1521988344,717928872,0.0,0.0,0.0,0.0,0.0,0.0
416,1521988344,727928464,0.0,0.0,0.0,0.0,0.0,0.0
417,1521988344,737928393,0.0,0.0,0.0,0.0,0.0,0.0
418,1521988344,747928092,0.0,0.0,0.0,0.0,0.0,0.0
419,1521988344,757926678,0.0,0.0,0.0,0.0,0.0,0.0
420,1521988344,767926700,0.0,0.0,0.0,0.0,0.0,0.0
421,1521988344,777926430,0.0,0.0,0.0,0.0,0.0,0.0
422,1521988344,787929146,0.0,0.0,0.0,0.0,0.0,0.0
423,1521988344,797929181,0.0,0.0,0.0,0.0,0.0,0.0
424,1521988344,807927865,0.0,0.0,0.0,0.0,0.0,0.0
425,1521988344,817947287,0.0,0.0,0.0,0.0,0.0,0.0
426,1521988344,827932754,0.0,0.0,0.0,0.0,0.0,0.0
427,1521988344,837928133,0.0,0.0,0.0,0.0,0.0,0.0
428,1521988344,847928370,0.0,0.0,0.0,0.0,0.0,0.0
429,1521988344,857928839,0.0,0.0,0.0,0.0,0.0,0.0
430,1521988344,867977137,0.0,0.0,0.0,0.0,0.0,0.0
431,1521988344,877929544,0.0,0.0,0.0,0.0,0.0,0.0
432,1521988344,887937981,0.0,0.0,0.0,0.0,0.0,0.0
433,1521988344,897928173,0.0,0.0,0.0,0.0,0.0,0.0
434,1521988344,907927763,0.0,0.0,0.0,0.0,0.0,0.0
435,1521988344,917927990,0.0,0.0,0.0,0.0,0.0,0.0
436,1521988344,927927415,0.0,0.0,0.0,0.0,0.0,0.0
437,1521988344,937927156,0.0,0.0,0.0,0.0,0.0,0.0
438,1521988344,947928971,0.0,0.0,0.0,0.0,0.0,0.0
439,1521988344,957927844,0.0,0.0,0.0,0.0,0.0,0.0
440,1521988344,967925790,0.0,0.0,0.0,0.0,0.0,0.0
441,1521988344,977927513,0.0,0.0,0.0,0.0,0.0,0.0
442,1521988344,987925077,0.0,0.0,0.0,0.0,0.0,0.0
443,1521988344,997926896,0.0,0.0,0.0,0.0,0.0,0.0
444,1521988345,7926331,0.0,0.0,0.0,0.0,0.0,0.0
445,1521988345,17928335,0.0,0.0,0.0,0.0,0.0,0.0
446,1521988345,27927556,0.0,0.0,0.0,0.0,0.0,0.0
447,1521988345,37927330,0.0,0.0,0.0,0.0,0.0,0.0
448,1521988345,47929086,0.0,0.0,0.0,0.0,0.0,0.0
449,1521988345,57926956,0.0,0.0,0.0,0.0,0.0,0.0
450,1521988345,67928598,0.0,0.0,0.0,0.0,0.0,0.0
451,1521988345,77941459,0.0,0.0,0.0,0.0,0.0,0.0
452,1521988345,87928290,0.0,0.0,0.0,0.0,0.0,0.0
453,1521988345,97926950,0.0,0.0,0.0,0.0,0.0,0.0
454,1521988345,107927003,0.0,0.0,0.0,0.0,0.0,0.0
455,1521988345,117926647,0.0,0.0,0.0,0.0,0.0,0.0
456,1521988345,127928055,0.0,0.0,0.0,0.0,0.0,0.0
457,1521988345,137926029,0.0,0.0,0.0,0.0,0.0,0.0
458,1521988345,147927811,0.0,0.0,0.0,0.0,0.0,0.0
459,1521988345,157927065,0.0,0.0,0.0,0.0,0.0,0.0
460,1521988345,167929279,0.0,0.0,0.0,0.0,0.0,0.0
461,1521988345,177931335,0.0,0.0,0.0,0.0,0.0,0.0
462,1521988345,187934781,0.0,0.0,0.0,0.0,0.0,0.0
463,1521988345,197934455,0.0,0.0,0.0,0.0,0.0,0.0
464,1521988345,207936201,0.0,0.0,0.0,0.0,0.0,0.0
465,1521988345,217932368,0.0,0.0,0.0,0.0,0.0,0.0
466,1521988345,227930434,0.0,0.0,0.0,0.0,0.0,0.0
467,1521988345,237930349,0.0,0.0,0.0,0.0,0.0,0.0
468,1521988345,247936419,0.0,0.0,0.0,0.0,0.0,0.0
469,1521988345,257928679,0.0,0.0,0.0,0.0,0.0,0.0
470,1521988345,267928272,0.0,0.0,0.0,0.0,0.0,0.0
471,1521988345,277927963,0.0,0.0,0.0,0.0,0.0,0.0
472,1521988345,287945443,0.0,0.0,0.0,0.0,0.0,0.0
473,1521988345,297942149,0.0,0.0,0.0,0.0,0.0,0.0
474,1521988345,307929688,0.0,0.0,0.0,0.0,0.0,0.0
475,1521988345,317927674,0.0,0.0,0.0,0.0,0.0,0.0
476,1521988345,327928074,0.0,0.0,0.0,0.0,0.0,0.0
477,1521988345,337927833,0.0,0.0,0.0,0.0,0.0,0.0
478,1521988345,347928057,0.0,0.0,0.0,0.0,0.0,0.0
479,1521988345,357928789,0.0,0.0,0.0,0.0,0.0,0.0
480,1521988345,367927373,0.0,0.0,0.0,0.0,0.0,0.0
481,1521988345,377928487,0.0,0.0,0.0,0.0,0.0,0.0
482,1521988345,387927689,0.0,0.0,0.0,0.0,0.0,0.0
483,1521988345,397927109,0.0,0.0,0.0,0.0,0.0,0.0
484,1521988345,407927112,0.0,0.0,0.0,0.0,0.0,0.0
485,1521988345,417928278,0.0,0.0,0.0,0.0,0.0,0.0
486,1521988345,427927592,0.0,0.0,0.0,0.0,0.0,0.0
487,1521988345,437930036,0.0,0.0,0.0,0.0,0.0,0.0
488,1521988345,447931302,0.0,0.0,0.0,0.0,0.0,0.0
489,1521988345,457940059,0.0,0.0,0.0,0.0,0.0,0.0
490,1521988345,467930830,0.0,0.0,0.0,0.0,0.0,0.0
491,1521988345,477932658,0.0,0.0,0.0,0.0,0.0,0.0
492,1521988345,487942412,0.0,0.0,0.0,0.0,0.0,0.0
493,1521988345,497936437,0.0,0.0,0.0,0.0,0.0,0.0
494,1521988345,507931462,0.0,0.0,0.0,0.0,0.0,0.0
495,1521988345,517930121,0.0,0.0,0.0,0.0,0.0,0.0
496,1521988345,527932622,0.0,0.0,0.0,0.0,0.0,0.0
497,1521988345,537929292,0.0,0.0,0.0,0.0,0.0,0.0
498,1521988345,547932230,0.0,0.0,0.0,0.0,0.0,0.0
499,1521988345,557933610,0.0,0.0,0.0,0.0,0.0,0.0
500,1521988345,567926808,0.0,0.0,0.0,0.0,0.0,0.0
501,1521988345,577932751,0.0,0.0,0.0,0.0,0.0,0.0
502,1521988345,587926557,0.0,0.0,0.0,0.0,0.0,0.0
503,1521988345,597929293,0.0,0.0,0.0,0.0,0.0,0.0
504,1521988345,607923764,0.0,0.0,0.0,0.0,0.0,0.0
505,1521988345,617929237,0.0,0.0,0.0,0.0,0.0,0.0
506,1521988345,627930185,0.0,0.0,0.0,0.0,0.0,0.0
507,1521988345,637941083,0.0,0.0,0.0,0.0,0.0,0.0
508,1521988345,647928315,0.0,0.0,0.0,0.0,0.0,0.0
509,1521988345,657932254,0.0,0.0,0.0,0.0,0.0,0.0
510,1521988345,667942608,12.0,12.0,0.0,0.0,0.0,0.0
511,1521988345,677935773,12.0,12.0,0.0,0.0,0.0,0.0
512,1521988345,687933979,21.0,21.0,0.0,0.0,0.0,0.0
513,1521988345,697935431,21.0,21.0,0.0,0.0,0.0,0.0
514,1521988345,707926376,33.0,33.0,0.0,0.0,0.0,0.0
515,1521988345,717932239,33.0,33.0,0.0,0.0,0.0,0.0
516,1521988345,727924491,49.0,49.0,0.0,0.0,0.0,0.0
517,1521988345,737930666,49.0,49.0,0.0,0.0,0.0,0.0
518,1521988345,747940767,68.0,68.0,0.0,0.0,0.0,0.0
519,1521988345,757930938,68.0,68.0,0.0,0.0,0.0,0.0
520,1521988345,767933486,89.0,89.0,0.0,0.0,0.0,0.0
521,1521988345,777925731,89.0,89.0,0.0,0.0,0.0,0.0
522,1521988345,787943771,100.0,100.0,0.0,0.0,0.0,0.0
523,1521988345,797929690,100.0,100.0,0.0,0.0,0.0,0.0
524,1521988345,807926924,100.0,100.0,0.0,0.0,0.0,0.0
525,1521988345,817926386,100.0,100.0,0.0,0.0,0.0,0.0
526,1521988345,827937484,100.0,100.0,0.0,0.0,0.0,0.0
527,1521988345,837930987,100.0,100.0,0.0,0.0,0.0,0.0
528,1521988345,847937852,100.0,100.0,0.0,0.0,0.0,0.0
529,1521988345,857927240,100.0,100.0,0.0,0.0,0.0,0.0
530,1521988345,867931659,100.0,100.0,0.0,0.0,0.0,0.0
531,1521988345,877926786,100.0,100.0,0.0,0.0,0.0,0.0
532,1521988345,887927670,100.0,100.0,0.0,0.0,0.0,0.0
533,1521988345,897938685,100.0,100.0,0.0,0.0,0.0,0.0
534,1521988345,907933812,100.0,100.0,0.0,0.0,0.0,0.0
535,1521988345,917931280,100.0,100.0,0.0,0.0,0.0,0.0
536,1521988345,927933315,100.0,100.0,0.0,0.0,0.0,0.0
537,1521988345,937932075,100.0,100.0,0.0,0.0,0.0,0.0
538,1521988345,947937971,100.0,100.0,0.0,0.0,0.0,0.0
539,1521988345,957936214,100.0,100.0,0.0,0.0,0.0,0.0
540,1521988345,967929565,98.0,100.0,0.0,0.0,0.0,0.0
541,1521988345,977932761,98.0,100.0,0.0,0.0,0.0,0.0
542,1521988345,987927920,97.0,100.0,0.0,0.0,0.0,0.0
543,1521988345,997931295,97.0,100.0,0.0,0.0,0.0,0.0
544,1521988346,7932016,97.0,100.0,0.0,0.0,0.0,0.0
545,1521988346,17933040,97.0,100.0,0.0,0.0,0.0,0.0
546,1521988346,27931400,96.0,100.0,0.0,0.0,0.0,0.0
547,1521988346,37925873,96.0,100.0,0.0,0.0,0.0,0.0
548,1521988346,47927745,96.0,100.0,0.0,0.0,0.0,0.0
549,1521988346,57927736,96.0,100.0,0.0,0.0,0.0,0.0
550,1521988346,67927419,96.0,100.0,0.0,0.0,0.0,0.0
551,1521988346,77926467,96.0,100.0,0.0,0.0,0.0,0.0
552,1521988346,87923208,96.0,100.0,0.0,0.0,0.0,0.0
553,1521988346,97931551,96.0,100.0,0.0,0.0,0.0,0.0
554,1521988346,107926776,96.0,100.0,0.0,0.0,0.0,0.0
555,1521988346,117929566,96.0,100.0,0.0,0.0,0.0,0.0
556,1521988346,127928882,96.0,100.0,0.0,0.0,0.0,0.0
557,1521988346,137926438,96.0,100.0,0.0,0.0,0.0,0.0
558,1521988346,147923433,96.0,100.0,0.0,0.0,0.0,0.0
559,1521988346,157927342,96.0,100.0,0.0,0.0,0.0,0.0
560,1521988346,167927454,96.0,100.0,0.0,0.0,0.0,0.0
561,1521988346,177925361,96.0,100.0,0.0,0.0,0.0,0.0
562,1521988346,187925460,96.0,100.0,0.0,0.0,0.0,0.0
563,1521988346,197942478,96.0,100.0,0.0,0.0,0.0,0.0
564,1521988346,207928431,96.0,100.0,0.0,0.0,0.0,0.0
565,1521988346,217929740,96.0,100.0,0.0,0.0,0.0,0.0
566,1521988346,227924431,96.0,100.0,0.0,0.0,0.0,0.0
567,1521988346,237926130,96.0,100.0,0.0,0.0,0.0,0.0
568,1521988346,247925345,96.0,100.0,0.0,0.0,0.0,0.0
569,1521988346,257928263,96.0,100.0,0.0,0.0,0.0,0.0
570,1521988346,267928411,96.0,100.0,0.0,0.0,0.0,0.0
571,1521988346,277926144,96.0,100.0,0.0,0.0,0.0,0.0
572,1521988346,287922917,96.0,100.0,0.0,0.0,0.0,0.0
573,1521988346,297924883,96.0,100.0,0.0,0.0,0.0,0.0
574,1521988346,307936211,96.0,100.0,0.0,0.0,0.0,0.0
575,1521988346,317926696,96.0,100.0,0.0,0.0,0.0,0.0
576,1521988346,327932472,96.0,100.0,0.0,0.0,0.0,0.0
577,1521988346,337929236,96.0,100.0,0.0,0.0,0.0,0.0
578,1521988346,347931682,96.0,100.0,0.0,0.0,0.0,0.0
579,1521988346,357928779,97.0,100.0,0.0,0.0,0.0,0.0
580,1521988346,367934208,97.0,100.0,0.0,0.0,0.0,0.0
581,1521988346,377929348,97.0,100.0,0.0,0.0,0.0,0.0
582,1521988346,387931410,97.0,100.0,0.0,0.0,0.0,0.0
583,1521988346,397926114,97.0,100.0,0.0,0.0,0.0,0.0
584,1521988346,407936912,97.0,100.0,0.0,0.0,0.0,0.0
585,1521988346,417924973,97.0,100.0,0.0,0.0,0.0,0.0
586,1521988346,427922976,98.0,100.0,0.0,0.0,0.0,0.0
587,1521988346,437927106,99.0,100.0,0.0,0.0,0.0,0.0
588,1521988346,447925802,99.0,100.0,0.0,0.0,0.0,0.0
589,1521988346,457926419,99.0,100.0,0.0,0.0,0.0,0.0
590,1521988346,467923678,99.0,100.0,0.0,0.0,0.0,0.0
591,1521988346,477927626,100.0,100.0,0.0,0.0,0.0,0.0
592,1521988346,487923682,100.0,100.0,0.0,0.0,0.0,0.0
593,1521988346,497925206,100.0,100.0,0.0,0.0,0.0,0.0
594,1521988346,507925157,100.0,100.0,0.0,0.0,0.0,0.0
595,1521988346,517924591,100.0,100.0,0.0,0.0,0.0,0.0
596,1521988346,527924132,100.0,100.0,0.0,0.0,0.0,0.0
597,1521988346,537924243,100.0,100.0,0.0,0.0,0.0,0.0
598,1521988346,547925747,100.0,100.0,0.0,0.0,0.0,0.0
599,1521988346,557925428,100.0,100.0,0.0,0.0,0.0,0.0
600,1521988346,567926694,100.0,100.0,0.0,0.0,0.0,0.0
601,1521988346,577925485,100.0,100.0,0.0,0.0,0.0,0.0
602,1521988346,587924705,100.0,100.0,0.0,0.0,0.0,0.0
603,1521988346,597927066,100.0,100.0,0.0,0.0,0.0,0.0
604,1521988346,607925476,100.0,100.0,0.0,0.0,0.0,0.0
605,1521988346,617925526,100.0,100.0,0.0,0.0,0.0,0.0
606,1521988346,627925628,100.0,100.0,0.0,0.0,0.0,0.0
607,1521988346,637925284,100.0,100.0,0.0,0.0,0.0,0.0
608,1521988346,647926115,100.0,100.0,0.0,0.0,0.0,0.0
609,1521988346,657930811,100.0,100.0,0.0,0.0,0.0,0.0
610,1521988346,667926604,100.0,100.0,0.0,0.0,0.0,0.0
611,1521988346,677922703,100.0,100.0,0.0,0.0,0.0,0.0
612,1521988346,687924403,100.0,100.0,0.0,0.0,0.0,0.0
613,1521988346,697925854,100.0,100.0,0.0,0.0,0.0,0.0
614,1521988346,707927393,100.0,100.0,0.0,0.0,0.0,0.0
615,1521988346,717926953,100.0,100.0,0.0,0.0,0.0,0.0
616,1521988346,727927344,100.0,100.0,0.0,0.0,0.0,0.0
617,1521988346,737926132,100.0,100.0,0.0,0.0,0.0,0.0
618,1521988346,747937649,100.0,100.0,0.0,0.0,0.0,0.0
619,1521988346,757927808,100.0,100.0,0.0,0.0,0.0,0.0
620,1521988346,767924034,100.0,100.0,0.0,0.0,0.0,0.0
621,1521988346,777925229,100.0,100.0,0.0,0.0,0.0,0.0
622,1521988346,787926959,100.0,100.0,0.0,0.0,0.0,0.0
623,1521988346,797929041,100.0,100.0,0.0,0.0,0.0,0.0
624,1521988346,807925990,100.0,100.0,0.0,0.0,0.0,0.0
625,1521988346,817924106,100.0,100.0,0.0,0.0,0.0,0.0
626,1521988346,827924643,100.0,100.0,0.0,0.0,0.0,0.0
627,1521988346,837925875,100.0,100.0,0.0,0.0,0.0,0.0
628,1521988346,847923025,100.0,100.0,0.0,0.0,0.0,0.0
629,1521988346,857926180,100.0,100.0,0.0,0.0,0.0,0.0
630,1521988346,867925518,100.0,100.0,0.0,0.0,0.0,0.0
631,1521988346,877938982,100.0,100.0,0.0,0.0,0.0,0.0
632,1521988346,887894391,100.0,100.0,0.0,0.0,0.0,0.0
633,1521988346,897925644,100.0,100.0,0.0,0.0,0.0,0.0
634,1521988346,907927416,100.0,100.0,0.0,0.0,0.0,0.0
635,1521988346,917927088,100.0,100.0,0.0,0.0,0.0,0.0
636,1521988346,927937864,100.0,100.0,0.0,0.0,0.0,0.0
637,1521988346,937929403,100.0,100.0,0.0,0.0,0.0,0.0
638,1521988346,947928765,100.0,100.0,0.0,0.0,0.0,0.0
639,1521988346,957925210,100.0,100.0,0.0,0.0,0.0,0.0
640,1521988346,967925607,100.0,100.0,0.0,0.0,0.0,0.0
641,1521988346,977926207,100.0,100.0,0.0,0.0,0.0,0.0
642,1521988346,987927015,100.0,100.0,0.0,0.0,0.0,0.0
643,1521988346,997927422,100.0,100.0,0.0,0.0,0.0,0.0
644,1521988347,7926274,100.0,100.0,0.0,0.0,0.0,0.0
645,1521988347,17924724,100.0,100.0,0.0,0.0,0.0,0.0
646,1521988347,27930447,100.0,100.0,0.0,0.0,0.0,0.0
647,1521988347,37934176,100.0,100.0,0.0,0.0,0.0,0.0
648,1521988347,47929591,100.0,100.0,0.0,0.0,0.0,0.0
649,1521988347,57940850,100.0,100.0,0.0,0.0,0.0,0.0
650,1521988347,67935449,100.0,100.0,0.0,0.0,0.0,0.0
651,1521988347,77930187,100.0,100.0,0.0,0.0,0.0,0.0
652,1521988347,87935109,100.0,100.0,0.0,0.0,0.0,0.0
653,1521988347,97934327,100.0,100.0,0.0,0.0,0.0,0.0
654,1521988347,107929469,100.0,100.0,0.0,0.0,0.0,0.0
655,1521988347,117931108,100.0,100.0,0.0,0.0,0.0,0.0
656,1521988347,127927860,100.0,100.0,0.0,0.0,0.0,0.0
657,1521988347,137930848,100.0,100.0,0.0,0.0,0.0,0.0
658,1521988347,147934865,100.0,100.0,0.0,0.0,0.0,0.0
659,1521988347,157929828,100.0,100.0,0.0,0.0,0.0,0.0
660,1521988347,167935166,100.0,100.0,0.0,0.0,0.0,0.0
661,1521988347,177932531,100.0,100.0,0.0,0.0,0.0,0.0
662,1521988347,187932811,96.0,96.0,0.0,0.0,0.0,0.0
663,1521988347,197937664,78.0,78.0,0.0,0.0,0.0,0.0
664,1521988347,207936547,78.0,78.0,0.0,0.0,0.0,0.0
665,1521988347,217936365,78.0,78.0,0.0,0.0,0.0,0.0
666,1521988347,227933995,55.0,55.0,0.0,0.0,0.0,0.0
667,1521988347,237932167,32.0,32.0,0.0,0.0,0.0,0.0
668,1521988347,247933823,32.0,32.0,0.0,0.0,0.0,0.0
669,1521988347,257937583,32.0,32.0,0.0,0.0,0.0,0.0
670,1521988347,267931421,12.0,12.0,0.0,0.0,0.0,0.0
671,1521988347,277932479,0.0,0.0,0.0,0.0,0.0,0.0
672,1521988347,287933893,0.0,0.0,0.0,0.0,0.0,0.0
673,1521988347,297923902,0.0,0.0,0.0,0.0,0.0,0.0
674,1521988347,307928462,0.0,0.0,0.0,0.0,0.0,0.0
675,1521988347,317926861,0.0,0.0,0.0,0.0,0.0,0.0
676,1521988347,327926197,0.0,0.0,0.0,0.0,0.0,0.0
677,1521988347,337926931,0.0,0.0,0.0,0.0,0.0,0.0
678,1521988347,347922624,0.0,0.0,0.0,0.0,0.0,0.0
679,1521988347,357928776,0.0,0.0,0.0,0.0,0.0,0.0
680,1521988347,367934335,0.0,0.0,0.0,0.0,0.0,0.0
681,1521988347,377936132,0.0,0.0,0.0,0.0,0.0,0.0
682,1521988347,387939224,0.0,0.0,0.0,0.0,0.0,0.0
683,1521988347,397949386,0.0,0.0,0.0,0.0,0.0,0.0
684,1521988347,407938650,0.0,0.0,0.0,0.0,0.0,0.0
685,1521988347,417938852,0.0,0.0,0.0,0.0,0.0,0.0
686,1521988347,427931549,0.0,0.0,0.0,0.0,0.0,0.0
687,1521988347,437933493,0.0,0.0,0.0,0.0,0.0,0.0
688,1521988347,447926316,0.0,0.0,0.0,0.0,0.0,0.0
689,1521988347,457925773,0.0,0.0,0.0,0.0,0.0,0.0
690,1521988347,467928911,0.0,0.0,0.0,0.0,0.0,0.0
691,1521988347,477927956,0.0,0.0,0.0,0.0,0.0,0.0
692,1521988347,487928940,0.0,0.0,0.0,0.0,0.0,0.0
693,1521988347,497927721,0.0,0.0,0.0,0.0,0.0,0.0
694,1521988347,507930674,0.0,0.0,0.0,0.0,0.0,0.0
695,1521988347,517925388,0.0,0.0,0.0,0.0,0.0,0.0
696,1521988347,527932285,0.0,0.0,0.0,0.0,0.0,0.0
697,1521988347,537934501,0.0,0.0,0.0,0.0,0.0,0.0
698,1521988347,547934915,0.0,0.0,0.0,0.0,0.0,0.0
699,1521988347,557924815,0.0,0.0,0.0,0.0,0.0,0.0
700,1521988347,567928915,0.0,0.0,0.0,0.0,0.0,0.0
701,1521988347,577928117,0.0,0.0,0.0,0.0,0.0,0.0
702,1521988347,587928564,0.0,0.0,0.0,0.0,0.0,0.0
703,1521988347,597922656,0.0,0.0,0.0,0.0,0.0,0.0
704,1521988347,607934519,0.0,0.0,0.0,0.0,0.0,0.0
705,1521988347,617930072,0.0,0.0,0.0,0.0,0.0,0.0
706,1521988347,627929566,0.0,0.0,0.0,0.0,0.0,0.0
707,1521988347,637928483,0.0,0.0,0.0,0.0,0.0,0.0
708,1521988347,647938340,0.0,0.0,0.0,0.0,0.0,0.0
709,1521988347,657928386,0.0,0.0,0.0,0.0,0.0,0.0
710,1521988347,667927921,0.0,0.0,0.0,0.0,0.0,0.0
711,1521988347,677929386,0.0,0.0,0.0,0.0,0.0,0.0
712,1521988347,687929525,0.0,0.0,0.0,0.0,0.0,0.0
713,1521988347,697929395,0.0,0.0,0.0,0.0,0.0,0.0
714,1521988347,707927896,0.0,0.0,0.0,0.0,0.0,0.0
715,1521988347,717927011,0.0,0.0,0.0,0.0,0.0,0.0
716,1521988347,727932260,0.0,0.0,0.0,0.0,0.0,0.0
717,1521988347,737929316,0.0,0.0,0.0,0.0,0.0,0.0
718,1521988347,747929665,0.0,0.0,0.0,0.0,0.0,0.0
719,1521988347,757919863,0.0,0.0,0.0,0.0,0.0,0.0
720,1521988347,767930586,0.0,0.0,0.0,0.0,0.0,0.0
721,1521988347,777930067,0.0,0.0,0.0,0.0,0.0,0.0
722,1521988347,787929912,0.0,0.0,0.0,0.0,0.0,0.0
723,1521988347,797925241,0.0,0.0,0.0,0.0,0.0,0.0
724,1521988347,807929942,0.0,0.0,0.0,0.0,0.0,0.0
725,1521988347,817930044,0.0,0.0,0.0,0.0,0.0,0.0
726,1521988347,827928172,0.0,0.0,0.0,0.0,0.0,0.0
727,1521988347,837930289,0.0,0.0,0.0,0.0,0.0,0.0
728,1521988347,847929575,0.0,0.0,0.0,0.0,0.0,0.0
729,1521988347,857946548,0.0,0.0,0.0,0.0,0.0,0.0
730,1521988347,867932081,0.0,0.0,0.0,0.0,0.0,0.0
731,1521988347,877940093,0.0,0.0,0.0,0.0,0.0,0.0
732,1521988347,887933833,0.0,0.0,0.0,0.0,0.0,0.0
733,1521988347,897931117,0.0,0.0,0.0,0.0,0.0,0.0
734,1521988347,907928475,0.0,0.0,0.0,0.0,0.0,0.0
735,1521988347,917920963,0.0,0.0,0.0,0.0,0.0,0.0
736,1521988347,927932224,0.0,0.0,0.0,0.0,0.0,0.0
737,1521988347,937930027,0.0,0.0,0.0,0.0,0.0,0.0
738,1521988347,947931766,0.0,0.0,0.0,0.0,0.0,0.0
739,1521988347,957930217,0.0,0.0,0.0,0.0,0.0,0.0
740,1521988347,967936005,0.0,0.0,0.0,0.0,0.0,0.0
741,1521988347,977939658,0.0,0.0,0.0,0.0,0.0,0.0
742,1521988347,987932718,0.0,0.0,0.0,0.0,0.0,0.0
743,1521988347,997927207,0.0,0.0,0.0,0.0,0.0,0.0
744,1521988348,7928349,0.0,0.0,0.0,0.0,0.0,0.0
745,1521988348,17926342,0.0,0.0,0.0,0.0,0.0,0.0
746,1521988348,27929525,0.0,0.0,0.0,0.0,0.0,0.0
747,1521988348,37927988,0.0,0.0,0.0,0.0,0.0,0.0
748,1521988348,47928532,0.0,0.0,0.0,0.0,0.0,0.0
749,1521988348,57931301,0.0,0.0,0.0,0.0,0.0,0.0
750,1521988348,67926597,0.0,0.0,0.0,0.0,0.0,0.0
751,1521988348,77926502,0.0,0.0,0.0,0.0,0.0,0.0
752,1521988348,87923952,0.0,0.0,0.0,0.0,0.0,0.0
753,1521988348,97930138,0.0,0.0,0.0,0.0,0.0,0.0
754,1521988348,107928764,0.0,0.0,0.0,0.0,0.0,0.0
755,1521988348,117961839,0.0,0.0,0.0,0.0,0.0,0.0
756,1521988348,127926941,0.0,0.0,0.0,0.0,0.0,0.0
757,1521988348,137929350,0.0,0.0,0.0,0.0,0.0,0.0
758,1521988348,147927438,0.0,0.0,0.0,0.0,0.0,0.0
759,1521988348,157929073,0.0,0.0,0.0,0.0,0.0,0.0
760,1521988348,167928566,0.0,0.0,0.0,0.0,0.0,0.0
761,1521988348,177927287,0.0,0.0,0.0,0.0,0.0,0.0
762,1521988348,187929604,0.0,0.0,0.0,0.0,0.0,0.0
763,1521988348,197929278,0.0,0.0,0.0,0.0,0.0,0.0
764,1521988348,207937945,0.0,0.0,0.0,0.0,0.0,0.0
765,1521988348,217930508,0.0,0.0,0.0,0.0,0.0,0.0
766,1521988348,227927384,0.0,0.0,0.0,0.0,0.0,0.0
767,1521988348,237928199,0.0,0.0,0.0,0.0,0.0,0.0
768,1521988348,247925819,0.0,0.0,0.0,0.0,0.0,0.0
769,1521988348,257929489,0.0,0.0,0.0,0.0,0.0,0.0
770,1521988348,267927716,0.0,0.0,0.0,0.0,0.0,0.0
771,1521988348,277926866,0.0,0.0,0.0,0.0,0.0,0.0
772,1521988348,287927188,0.0,0.0,0.0,0.0,0.0,0.0
773,1521988348,297929836,0.0,0.0,0.0,0.0,0.0,0.0
774,1521988348,307921438,0.0,0.0,0.0,0.0,0.0,0.0
775,1521988348,317929336,0.0,0.0,0.0,0.0,0.0,0.0
776,1521988348,327929005,0.0,0.0,0.0,0.0,0.0,0.0
777,1521988348,337946223,0.0,0.0,0.0,0.0,0.0,0.0
778,1521988348,347934209,0.0,0.0,0.0,0.0,0.0,0.0
779,1521988348,357931991,0.0,0.0,0.0,0.0,0.0,0.0
780,1521988348,367949527,0.0,0.0,0.0,0.0,0.0,0.0
781,1521988348,377968433,0.0,0.0,0.0,0.0,0.0,0.0
782,1521988348,387929843,0.0,0.0,0.0,0.0,0.0,0.0
783,1521988348,397933005,0.0,0.0,0.0,0.0,0.0,0.0
784,1521988348,407932366,0.0,0.0,0.0,0.0,0.0,0.0
785,1521988348,417931248,0.0,0.0,0.0,0.0,0.0,0.0
786,1521988348,427935076,0.0,0.0,0.0,0.0,0.0,0.0
787,1521988348,437936830,0.0,0.0,0.0,0.0,0.0,0.0
788,1521988348,447934486,0.0,0.0,0.0,0.0,0.0,0.0
789,1521988348,457937703,0.0,0.0,0.0,0.0,0.0,0.0
790,1521988348,467931856,0.0,0.0,0.0,0.0,0.0,0.0
791,1521988348,477895681,0.0,0.0,0.0,0.0,0.0,0.0
792,1521988348,487929273,0.0,0.0,0.0,0.0,0.0,0.0
793,1521988348,497927407,0.0,0.0,0.0,0.0,0.0,0.0
794,1521988348,507936629,0.0,0.0,0.0,0.0,0.0,0.0
795,1521988348,517933342,0.0,0.0,0.0,0.0,0.0,0.0
796,1521988348,527929614,0.0,0.0,0.0,0.0,0.0,0.0
797,1521988348,537924816,0.0,0.0,0.0,0.0,0.0,0.0
798,1521988348,547927680,0.0,0.0,0.0,0.0,0.0,0.0
799,1521988348,557924960,0.0,0.0,0.0,0.0,0.0,0.0
800,1521988348,567928552,0.0,0.0,0.0,0.0,0.0,0.0
801,1521988348,577930706,0.0,0.0,0.0,0.0,0.0,0.0
802,1521988348,587929527,0.0,0.0,0.0,0.0,0.0,0.0
803,1521988348,597928479,0.0,0.0,0.0,0.0,0.0,0.0
804,1521988348,607930583,0.0,0.0,0.0,0.0,0.0,0.0
805,1521988348,617927825,0.0,0.0,0.0,0.0,0.0,0.0
806,1521988348,627928007,0.0,0.0,0.0,0.0,0.0,0.0
807,1521988348,637926473,0.0,0.0,0.0,0.0,0.0,0.0
808,1521988348,647923604,0.0,0.0,0.0,0.0,0.0,0.0
809,1521988348,657927412,0.0,0.0,0.0,0.0,0.0,0.0
810,1521988348,667926918,0.0,0.0,0.0,0.0,0.0,0.0
811,1521988348,677929024,0.0,0.0,0.0,0.0,0.0,0.0
812,1521988348,687930194,0.0,0.0,0.0,0.0,0.0,0.0
813,1521988348,697930183,0.0,0.0,0.0,0.0,0.0,0.0
814,1521988348,707931761,0.0,0.0,0.0,0.0,0.0,0.0
815,1521988348,717922944,0.0,0.0,0.0,0.0,0.0,0.0
816,1521988348,727927469,0.0,0.0,0.0,0.0,0.0,0.0
817,1521988348,737929679,0.0,0.0,0.0,0.0,0.0,0.0
818,1521988348,747929206,0.0,0.0,0.0,0.0,0.0,0.0
819,1521988348,757929278,0.0,0.0,0.0,0.0,0.0,0.0
820,1521988348,767930292,0.0,0.0,0.0,0.0,0.0,0.0
821,1521988348,777923187,0.0,0.0,0.0,0.0,0.0,0.0
822,1521988348,787928297,0.0,0.0,0.0,0.0,0.0,0.0
823,1521988348,797930214,0.0,0.0,0.0,0.0,0.0,0.0
824,1521988348,807926590,0.0,0.0,0.0,0.0,0.0,0.0
825,1521988348,817928683,0.0,0.0,0.0,0.0,0.0,0.0
826,1521988348,827928179,0.0,0.0,0.0,0.0,0.0,0.0
827,1521988348,837928449,0.0,0.0,0.0,0.0,0.0,0.0
828,1521988348,847926753,0.0,0.0,0.0,0.0,0.0,0.0
829,1521988348,857934602,0.0,0.0,0.0,0.0,0.0,0.0
830,1521988348,867931492,0.0,0.0,0.0,0.0,0.0,0.0
831,1521988348,877930242,0.0,0.0,0.0,0.0,0.0,0.0
832,1521988348,887936941,0.0,0.0,0.0,0.0,0.0,0.0
833,1521988348,897934184,0.0,0.0,0.0,0.0,0.0,0.0
834,1521988348,907922651,0.0,0.0,0.0,0.0,0.0,0.0
835,1521988348,917928573,0.0,0.0,0.0,0.0,0.0,0.0
836,1521988348,927928436,0.0,0.0,0.0,0.0,0.0,0.0
837,1521988348,937926035,0.0,0.0,0.0,0.0,0.0,0.0
838,1521988348,947929637,0.0,0.0,0.0,0.0,0.0,0.0
839,1521988348,957923198,0.0,0.0,0.0,0.0,0.0,0.0
840,1521988348,967930369,0.0,0.0,0.0,0.0,0.0,0.0
841,1521988348,977926185,0.0,0.0,0.0,0.0,0.0,0.0
842,1521988348,987928721,0.0,0.0,0.0,0.0,0.0,0.0
843,1521988348,997931898,0.0,0.0,0.0,0.0,0.0,0.0
844,1521988349,7928212,0.0,0.0,0.0,0.0,0.0,0.0
845,1521988349,17927453,0.0,0.0,0.0,0.0,0.0,0.0
846,1521988349,27929069,0.0,0.0,0.0,0.0,0.0,0.0
847,1521988349,37929067,0.0,0.0,0.0,0.0,0.0,0.0
848,1521988349,47926370,0.0,0.0,0.0,0.0,0.0,0.0
849,1521988349,57927457,0.0,0.0,0.0,0.0,0.0,0.0
850,1521988349,67927375,0.0,0.0,0.0,0.0,0.0,0.0
851,1521988349,77927331,0.0,0.0,0.0,0.0,0.0,0.0
852,1521988349,87929298,0.0,0.0,0.0,0.0,0.0,0.0
853,1521988349,97928589,0.0,0.0,0.0,0.0,0.0,0.0
854,1521988349,107921283,0.0,0.0,0.0,0.0,0.0,0.0
855,1521988349,117923166,0.0,0.0,0.0,0.0,0.0,0.0
856,1521988349,127925304,0.0,0.0,0.0,0.0,0.0,0.0
857,1521988349,137947077,0.0,0.0,0.0,0.0,0.0,0.0
858,1521988349,147928645,0.0,0.0,0.0,0.0,0.0,0.0
859,1521988349,157929300,0.0,0.0,0.0,0.0,0.0,0.0
860,1521988349,167927939,0.0,0.0,0.0,0.0,0.0,0.0
861,1521988349,177907803,0.0,0.0,0.0,0.0,0.0,0.0
862,1521988349,187926703,0.0,0.0,0.0,0.0,0.0,0.0
863,1521988349,197926523,0.0,0.0,0.0,0.0,0.0,0.0
864,1521988349,207921939,0.0,0.0,0.0,0.0,0.0,0.0
865,1521988349,217926098,0.0,0.0,0.0,0.0,0.0,0.0
866,1521988349,227927705,0.0,0.0,0.0,0.0,0.0,0.0
867,1521988349,237927421,0.0,0.0,0.0,0.0,0.0,0.0
868,1521988349,247927254,0.0,0.0,0.0,0.0,0.0,0.0
869,1521988349,257926390,0.0,0.0,0.0,0.0,0.0,0.0
870,1521988349,267921457,0.0,0.0,0.0,0.0,0.0,0.0
871,1521988349,277928526,0.0,0.0,0.0,0.0,0.0,0.0
872,1521988349,287927428,0.0,0.0,0.0,0.0,0.0,0.0
873,1521988349,297927514,0.0,0.0,0.0,0.0,0.0,0.0
874,1521988349,307926792,0.0,0.0,0.0,0.0,0.0,0.0
875,1521988349,317922147,0.0,0.0,0.0,0.0,0.0,0.0
876,1521988349,327929002,0.0,0.0,0.0,0.0,0.0,0.0
877,1521988349,337928937,0.0,0.0,0.0,0.0,0.0,0.0
878,1521988349,347928276,0.0,0.0,0.0,0.0,0.0,0.0
879,1521988349,357928121,0.0,0.0,0.0,0.0,0.0,0.0
880,1521988349,367928077,0.0,0.0,0.0,0.0,0.0,0.0
881,1521988349,377928986,0.0,0.0,0.0,0.0,0.0,0.0
