1,1521988294,797051734,0.0,0.0
2,1521988294,800384096,0.0,0.0
3,1521988294,803717346,0.0,0.0
4,1521988294,807050552,0.0,0.0
5,1521988294,810383752,0.0,0.0
6,1521988294,813718055,0.0,0.0
7,1521988294,817050990,0.0,0.0
8,1521988294,820384460,0.0,0.0
9,1521988294,823717562,0.0,0.0
10,1521988294,827051460,0.0,0.0
11,1521988294,830385003,0.0,0.0
12,1521988294,833718061,0.0,0.0
13,1521988294,837051006,0.0,0.0
14,1521988294,840384575,0.0,0.0
15,1521988294,843718750,0.0,0.0
16,1521988294,847051284,0.0,0.0
17,1521988294,850384690,0.0,0.0
18,1521988294,853717864,0.0,0.0
19,1521988294,857051337,0.0,0.0
20,1521988294,860394188,0.0,0.0
21,1521988294,863716844,0.0,0.0
22,1521988294,867050421,0.0,0.0
23,1521988294,870384656,0.0,0.0
24,1521988294,873717020,0.0,0.0
25,1521988294,877050873,0.0,0.0
26,1521988294,880384166,0.0,0.0
27,1521988294,883718730,0.0,0.0
28,1521988294,887051426,0.0,0.0
29,1521988294,890383749,0.0,0.0
30,1521988294,893717805,0.0,0.0
31,1521988294,897051759,0.0,0.0
32,1521988294,900384583,0.0,0.0
33,1521988294,903718926,0.0,0.0
34,1521988294,907051818,0.0,0.0
35,1521988294,910384535,0.0,0.0
36,1521988294,913717150,0.0,0.0
37,1521988294,917053749,0.0,0.0
38,1521988294,920384350,0.0,0.0
39,1521988294,923718688,0.0,0.0
40,1521988294,927051582,0.0,0.0
41,1521988294,930384720,0.0,0.0
42,1521988294,933718034,0.0,0.0
43,1521988294,937051089,0.0,0.0
44,1521988294,940384276,0.0,0.0
45,1521988294,943718407,0.0,0.0
46,1521988294,947050935,0.0,0.0
47,1521988294,950384257,0.0,0.0
48,1521988294,953717418,0.0,0.0
49,1521988294,957050988,0.0,0.0
50,1521988294,960384063,0.0,0.0
51,1521988294,963719214,0.0,0.0
52,1521988294,967058392,0.0,0.0
53,1521988294,970384996,0.0,0.0
54,1521988294,973718960,0.0,0.0
55,1521988294,977051161,0.0,0.0
56,1521988294,980384417,0.0,0.0
57,1521988294,983716651,0.0,0.0
58,1521988294,987050149,0.0,0.0
59,1521988294,990383506,0.0,0.0
60,1521988294,993717803,0.0,0.0
61,1521988294,997051356,0.0,0.0
62,1521988295,383676,0.0,0.0
63,1521988295,3717983,0.0,0.0
64,1521988295,7050537,0.0,0.0
65,1521988295,10384141,0.0,0.0
66,1521988295,13717206,0.0,0.0
67,1521988295,17052598,0.0,0.0
68,1521988295,20395179,0.0,0.0
69,1521988295,23718171,0.0,0.0
70,1521988295,27052736,0.0,0.0
71,1521988295,30384403,0.0,0.0
72,1521988295,33717991,0.0,0.0
73,1521988295,37051197,0.0,0.0
74,1521988295,40384716,0.0,0.0
75,1521988295,43717713,0.0,0.0
76,1521988295,47051274,0.0,0.0
77,1521988295,50384591,0.0,0.0
78,1521988295,53718064,0.0,0.0
79,1521988295,57050488,0.0,0.0
80,1521988295,60384558,0.0,0.0
81,1521988295,63717695,0.0,0.0
82,1521988295,67052228,0.0,0.0
83,1521988295,70384210,0.0,0.0
84,1521988295,73718239,0.0,0.0
85,1521988295,77051028,0.0,0.0
86,1521988295,80384292,0.0,0.0
87,1521988295,83717484,0.0,0.0
88,1521988295,87051601,0.0,0.0
89,1521988295,90383886,0.0,0.0
90,1521988295,93717048,0.0,0.0
91,1521988295,97050999,0.0,0.0
92,1521988295,100384718,0.0,0.0
93,1521988295,103718550,0.0,0.0
94,1521988295,107051421,0.0,0.0
95,1521988295,110384315,0.0,0.0
96,1521988295,113717372,0.0,0.0
97,1521988295,117050745,0.0,0.0
98,1521988295,120350052,0.0,0.0
99,1521988295,123717906,0.0,0.0
100,1521988295,127051400,0.0,0.0
101,1521988295,130384007,0.0,0.0
102,1521988295,133717577,0.0,0.0
103,1521988295,137051022,0.0,0.0
104,1521988295,140383903,0.0,0.0
105,1521988295,143717467,0.0,0.0
106,1521988295,147052611,0.0,0.0
107,1521988295,150383898,0.0,0.0
108,1521988295,153717229,0.0,0.0
109,1521988295,157051042,0.0,0.0
110,1521988295,160384450,0.0,0.0
111,1521988295,163719007,0.0,0.0
112,1521988295,167051763,0.0,0.0
113,1521988295,170384438,0.0,0.0
114,1521988295,173717821,0.0,0.0
115,1521988295,177050493,0.0,0.0
116,1521988295,180383908,0.0,0.0
117,1521988295,183717629,0.0,0.0
118,1521988295,187050915,0.0,0.0
119,1521988295,190384125,0.0,0.0
120,1521988295,193717519,0.0,0.0
121,1521988295,197050122,0.0,0.0
122,1521988295,200384397,0.0,0.0
123,1521988295,203718739,0.0,0.0
124,1521988295,207071242,0.0,0.0
125,1521988295,210384329,0.0,0.0
126,1521988295,213718131,0.0,0.0
127,1521988295,217051186,0.0,0.0
128,1521988295,220384109,0.0,0.0
129,1521988295,223717538,0.0,0.0
130,1521988295,227051121,0.0,0.0
131,1521988295,230384490,0.0,0.0
132,1521988295,233717176,0.0,0.0
133,1521988295,237050886,0.0,0.0
134,1521988295,240383919,0.0,0.0
135,1521988295,243718292,0.0,0.0
136,1521988295,247050589,0.0,0.0
137,1521988295,250386841,0.0,0.0
138,1521988295,253717384,0.0,0.0
139,1521988295,257051675,0.0,0.0
140,1521988295,260384312,0.0,0.0
141,1521988295,263717535,0.0,0.0
142,1521988295,267051359,0.0,0.0
143,1521988295,270384407,0.0,0.0
144,1521988295,273717539,0.0,0.0
145,1521988295,277051387,0.0,0.0
146,1521988295,280384061,0.0,0.0
147,1521988295,283717056,0.0,0.0
148,1521988295,287050991,0.0,0.0
149,1521988295,290384520,0.0,0.0
150,1521988295,293718016,0.0,0.0
151,1521988295,297050333,0.0,0.0
152,1521988295,300384602,0.0,0.0
153,1521988295,303717639,0.0,0.0
154,1521988295,307051276,0.0,0.0
155,1521988295,310384408,0.0,0.0
156,1521988295,313718012,0.0,0.0
157,1521988295,317051134,0.0,0.0
158,1521988295,320394206,0.0,0.0
159,1521988295,323716891,0.0,0.0
160,1521988295,327051702,0.0,0.0
161,1521988295,330384708,0.0,0.0
162,1521988295,333718023,0.0,0.0
163,1521988295,337050837,0.0,0.0
164,1521988295,340384143,0.0,0.0
165,1521988295,343717869,0.0,0.0
166,1521988295,347051657,0.0,0.0
167,1521988295,350394930,0.0,0.0
168,1521988295,353718110,0.0,0.0
169,1521988295,357051165,0.0,0.0
170,1521988295,360384229,0.0,0.0
171,1521988295,363718508,0.0,0.0
172,1521988295,367050440,0.0,0.0
173,1521988295,370384745,0.0,0.0
174,1521988295,373717778,0.0,0.0
175,1521988295,377051308,0.0,0.0
176,1521988295,380383985,0.0,0.0
177,1521988295,383717152,0.0,0.0
178,1521988295,387051017,0.0,0.0
179,1521988295,390383624,0.0,0.0
180,1521988295,393717664,0.0,0.0
181,1521988295,397050311,0.0,0.0
182,1521988295,400384703,0.0,0.0
183,1521988295,403718375,0.0,0.0
184,1521988295,407050594,0.0,0.0
185,1521988295,410384546,0.0,0.0
186,1521988295,413718114,0.0,0.0
187,1521988295,417051128,0.0,0.0
188,1521988295,420384184,0.0,0.0
189,1521988295,423718054,0.0,0.0
190,1521988295,427050717,0.0,0.0
191,1521988295,430383758,0.0,0.0
192,1521988295,433717400,0.0,0.0
193,1521988295,437051786,0.0,0.0
194,1521988295,440384632,0.0,0.0
195,1521988295,443718937,0.0,0.0
196,1521988295,447051336,0.0,0.0
197,1521988295,450384191,0.0,0.0
198,1521988295,453717430,0.0,0.0
199,1521988295,457050898,0.0,0.0
200,1521988295,460384480,0.0,0.0
201,1521988295,463718669,0.0,0.0
202,1521988295,467061270,0.0,0.0
203,1521988295,470384362,0.0,0.0
204,1521988295,473721173,0.0,0.0
205,1521988295,477051624,0.0,0.0
206,1521988295,480384195,0.0,0.0
207,1521988295,483717553,0.0,0.0
208,1521988295,487051055,0.0,0.0
209,1521988295,490384061,0.0,0.0
210,1521988295,493718011,0.0,0.0
211,1521988295,497053815,0.0,0.0
212,1521988295,500388675,0.0,0.0
213,1521988295,503723324,0.0,0.0
214,1521988295,507055529,0.0,0.0
215,1521988295,510388453,0.0,0.0
216,1521988295,513721782,0.0,0.0
217,1521988295,517054220,0.0,0.0
218,1521988295,520384580,0.0,0.0
219,1521988295,523718422,0.0,0.0
220,1521988295,527050308,0.0,0.0
221,1521988295,530384148,0.0,0.0
222,1521988295,533716987,0.0,0.0
223,1521988295,537051687,0.0,0.0
224,1521988295,540384371,0.0,0.0
225,1521988295,543717485,0.0,0.0
226,1521988295,547050852,0.0,0.0
227,1521988295,550384058,0.0,0.0
228,1521988295,553717648,0.0,0.0
229,1521988295,557050844,0.0,0.0
230,1521988295,560384166,0.0,0.0
231,1521988295,563717693,0.0,0.0
232,1521988295,567050434,0.0,0.0
233,1521988295,570384515,0.0,0.0
234,1521988295,573718333,0.0,0.0
235,1521988295,577051244,0.0,0.0
236,1521988295,580384228,0.0,0.0
237,1521988295,583717571,0.0,0.0
238,1521988295,587051166,0.0,0.0
239,1521988295,590394120,0.0,0.0
240,1521988295,593716771,0.0,0.0
241,1521988295,597050172,0.0,0.0
242,1521988295,600384421,0.0,0.0
243,1521988295,603731876,0.0,0.0
244,1521988295,607051174,0.0,0.0
245,1521988295,610394890,0.0,0.0
246,1521988295,613718131,0.0,0.0
247,1521988295,617050927,0.0,0.0
248,1521988295,620384321,0.0,0.0
249,1521988295,623717996,0.0,0.0
250,1521988295,627052248,0.0,0.0
251,1521988295,630385008,0.0,0.0
252,1521988295,633717823,0.0,0.0
253,1521988295,637051342,0.0,0.0
254,1521988295,640384315,0.0,0.0
255,1521988295,643718571,0.0,0.0
256,1521988295,647051196,0.0,0.0
257,1521988295,650384178,0.0,0.0
258,1521988295,653717905,0.0,0.0
259,1521988295,657062110,0.0,0.0
260,1521988295,660384206,0.0,0.0
261,1521988295,663718832,0.0,0.0
262,1521988295,667051089,0.0,0.0
263,1521988295,670395098,0.0,0.0
264,1521988295,673717960,0.0,0.0
265,1521988295,677051135,0.0,0.0
266,1521988295,680395831,0.0,0.0
267,1521988295,683717636,0.0,0.0
268,1521988295,687050298,0.0,0.0
269,1521988295,690384019,0.0,0.0
270,1521988295,693717899,0.0,0.0
271,1521988295,697071383,0.0,0.0
272,1521988295,700384583,0.0,0.0
273,1521988295,703718799,0.0,0.0
274,1521988295,707051479,0.0,0.0
275,1521988295,710384071,0.0,0.0
276,1521988295,713717478,0.0,0.0
277,1521988295,717050500,0.0,0.0
278,1521988295,720384019,0.0,0.0
279,1521988295,723718156,0.0,0.0
280,1521988295,727051294,0.0,0.0
281,1521988295,730384274,0.0,0.0
282,1521988295,733717781,0.0,0.0
283,1521988295,737051299,0.0,0.0
284,1521988295,740384122,0.0,0.0
285,1521988295,743718554,0.0,0.0
286,1521988295,747050926,0.0,0.0
287,1521988295,750384317,0.0,0.0
288,1521988295,753717964,0.0,0.0
289,1521988295,757051040,0.0,0.0
290,1521988295,760384092,0.0,0.0
291,1521988295,763718769,0.0,0.0
292,1521988295,767061344,0.0,0.0
293,1521988295,770384362,0.0,0.0
294,1521988295,773717574,0.0,0.0
295,1521988295,777050513,0.0,0.0
296,1521988295,780384245,0.0,0.0
297,1521988295,783717758,0.0,0.0
298,1521988295,787055769,0.0,0.0
299,1521988295,790384113,0.0,0.0
300,1521988295,793717696,0.0,0.0
301,1521988295,797064232,0.0,0.0
302,1521988295,800384353,0.0,0.0
303,1521988295,803717778,0.0,0.0
304,1521988295,807051109,0.0,0.0
305,1521988295,810384397,0.0,0.0
306,1521988295,813718001,0.0,0.0
307,1521988295,817051471,0.0,0.0
308,1521988295,820383577,0.0,0.0
309,1521988295,823726961,0.0,0.0
310,1521988295,827050009,0.0,0.0
311,1521988295,830384287,0.0,0.0
312,1521988295,833717998,0.0,0.0
313,1521988295,837050900,0.0,0.0
314,1521988295,840383942,0.0,0.0
315,1521988295,843717740,0.0,0.0
316,1521988295,847050564,0.0,0.0
317,1521988295,850384453,0.0,0.0
318,1521988295,853717865,0.0,0.0
319,1521988295,857052504,0.0,0.0
320,1521988295,860383364,0.0,0.0
321,1521988295,863717152,0.0,0.0
322,1521988295,867051073,0.0,0.0
323,1521988295,870384485,0.0,0.0
324,1521988295,873718123,0.0,0.0
325,1521988295,877050297,0.0,0.0
326,1521988295,880383943,0.0,0.0
327,1521988295,883717253,0.0,0.0
328,1521988295,887050886,0.0,0.0
329,1521988295,890383403,0.0,0.0
330,1521988295,893717705,0.0,0.0
331,1521988295,897049853,0.0,0.0
332,1521988295,900384087,0.0,0.0
333,1521988295,903717615,0.0,0.0
334,1521988295,907050987,0.0,0.0
335,1521988295,910384253,0.0,0.0
336,1521988295,913717658,0.0,0.0
337,1521988295,917054040,0.0,0.0
338,1521988295,920383839,0.0,0.0
339,1521988295,923717777,0.0,0.0
340,1521988295,927050878,0.0,0.0
341,1521988295,930383505,0.0,0.0
342,1521988295,933717377,0.0,0.0
343,1521988295,937057685,0.0,0.0
344,1521988295,940384413,0.0,0.0
345,1521988295,943717300,0.0,0.0
346,1521988295,947051369,0.0,0.0
347,1521988295,950384538,0.0,0.0
348,1521988295,953717934,0.0,0.0
349,1521988295,957051115,0.0,0.0
350,1521988295,960384154,0.0,0.0
351,1521988295,963718385,0.0,0.0
352,1521988295,967051324,0.0,0.0
353,1521988295,970384697,0.0,0.0
354,1521988295,973717661,0.0,0.0
355,1521988295,977054647,0.0,0.0
356,1521988295,980383975,0.0,0.0
357,1521988295,983717819,0.0,0.0
358,1521988295,987051814,0.0,0.0
359,1521988295,990383947,0.0,0.0
360,1521988295,993717572,0.0,0.0
361,1521988295,997059283,0.0,0.0
362,1521988296,383568,0.0,0.0
363,1521988296,3718921,0.0,0.0
364,1521988296,7050469,0.0,0.0
365,1521988296,10384159,0.0,0.0
366,1521988296,13717896,0.0,0.0
367,1521988296,17051435,0.0,0.0
368,1521988296,20384589,0.0,0.0
369,1521988296,23717085,0.0,0.000702214644026
370,1521988296,27050900,0.0,0.00140392709636
371,1521988296,30383806,0.00070505744279,0.00140432882097
372,1521988296,33717768,0.0014096106969,0.00140382670112
373,1521988296,37040206,0.00282913469473,0.00105657225987
374,1521988296,40384201,0.00386482168545,0.00104971727088
375,1521988296,43718392,0.00458123476494,0.000701913350558
376,1521988296,47051555,0.00599213095905,0.000702063964966
377,1521988296,50384184,0.00705107883299,0.000702214644026
378,1521988296,53717920,0.00810642089234,0.00105302062947
379,1521988296,57051135,0.00986939216784,0.00175515991242
380,1521988296,60384451,0.0112793053347,0.00175515991242
381,1521988296,63718417,0.0126874035521,0.00175490887045
382,1521988296,67051136,0.0144536775772,0.00175541102622
383,1521988296,70384227,0.0155101542089,0.00175528546034
384,1521988296,73717730,0.0169177479492,0.00210604125895
385,1521988296,77050806,0.0190351892564,0.0021063425524
386,1521988296,80384531,0.0197373726074,0.00210604125895
387,1521988296,83717395,0.0211517232837,0.0024575754367
388,1521988296,87051766,0.0218458413968,0.00280725190739
389,1521988296,90383347,0.0225715262126,0.00280986367829
390,1521988296,93717663,0.0236092908657,0.00350931580057
391,1521988296,97050746,0.0250277488371,0.00491479928894
392,1521988296,100383289,0.0264415456237,0.00561771715221
393,1521988296,103718449,0.0264207537871,0.00596413099583
394,1521988296,107051372,0.0264396541046,0.00596839748914
395,1521988296,110384314,0.0239719530548,0.00631947969438
396,1521988296,113717535,0.0197387843357,0.00596754370221
397,1521988296,117051109,0.0144505763733,0.00596711690035
398,1521988296,120384284,0.0095175946282,0.00631902765721
399,1521988296,123717796,0.00669660856324,0.00666913065333
400,1521988296,127051360,0.00669660856324,0.00807315815929
401,1521988296,130384616,0.00669708754246,0.00947786352705
402,1521988296,133721996,0.00774510486643,0.0112193813907
403,1521988296,137054583,0.0105766182495,0.0129909709145
404,1521988296,140387251,0.0123393879577,0.0143954002025
405,1521988296,143718972,0.0130482297743,0.0143995208266
406,1521988296,147053468,0.0133893866625,0.0150889790022
407,1521988296,150385675,0.0133989669335,0.0150997753524
408,1521988296,153718659,0.0148051471994,0.0150954549589
409,1521988296,157052746,0.0162105230144,0.0154420937123
410,1521988296,160385932,0.0176251752374,0.0161486262351
411,1521988296,163719064,0.019386306044,0.0168495351592
412,1521988296,167052859,0.0200898256897,0.0175503438246
413,1521988296,170386334,0.0211471849365,0.018603364454
414,1521988296,173719955,0.0225569972656,0.019305378207
415,1521988296,177052663,0.0236194243335,0.0210649323146
416,1521988296,180385485,0.0243244817762,0.0224692611356
417,1521988296,183717687,0.0243297031161,0.0235275569444
418,1521988296,187050682,0.0243244817762,0.0238735899566
419,1521988296,190383635,0.0239702383229,0.0249250535368
420,1521988296,193718188,0.0236076027998,0.025616173655
421,1521988296,197060412,0.0235537118531,0.0262579084771
422,1521988296,200383631,0.0236872037275,0.026406726525
423,1521988296,203718630,0.0236042273919,0.02666508001
424,1521988296,207051274,0.0236211140905,0.027035263795
425,1521988296,210384271,0.0239702383229,0.0284356244574
426,1521988296,213718038,0.0250241688416,0.0305375982547
427,1521988296,217050837,0.0257345966618,0.0319484806772
428,1521988296,220384088,0.0257309152947,0.0329970063534
429,1521988296,223716509,0.0257382790825,0.0330064495834
430,1521988296,227051464,0.0253657368987,0.0329804936965
431,1521988296,230383663,0.024682307509,0.0333599688018
432,1521988296,233717809,0.0246664232926,0.0336894316855
433,1521988296,237051150,0.0246734804196,0.0344011342834
434,1521988296,240383756,0.0250313298571,0.0344085175573
435,1521988296,243717504,0.0267864342529,0.0343986738961
436,1521988296,247052288,0.0278338400453,0.0343863772371
437,1521988296,250384424,0.0289135602249,0.0337111263682
438,1521988296,253717576,0.0292556982118,0.0333480383359
439,1521988296,257051410,0.0296039416217,0.0329922867644
440,1521988296,260384312,0.0296124125972,0.0330017272929
441,1521988296,263718917,0.0295975915698,0.0329852099119
442,1521988296,267051048,0.0296187690109,0.0344134415008
443,1521988296,270384108,0.0289052873893,0.0351057092067
444,1521988296,273721589,0.0281620058369,0.0357592235877
445,1521988296,277054239,0.028204315332,0.0358129468453
446,1521988296,280386889,0.028204315332,0.0358129468453
447,1521988296,283720528,0.0292536058289,0.0358027014021
448,1521988296,287054887,0.0292473304755,0.0361459527459
449,1521988296,290387808,0.0292577908941,0.0361588804829
450,1521988296,293720915,0.0296102943988,0.0361588804829
451,1521988296,297053103,0.0296187690109,0.0368715444652
452,1521988296,300385854,0.0299649413186,0.0372147137558
453,1521988296,303720737,0.0303001296696,0.0371934284402
454,1521988296,307053385,0.0306721929235,0.0372173761334
455,1521988296,310387570,0.0306568403779,0.037198747486
456,1521988296,313721018,0.0310180896704,0.0372093901432
457,1521988296,317053787,0.0313750562041,0.0372147137558
458,1521988296,320385969,0.0313817909758,0.0375738595978
459,1521988296,323720198,0.0320663502803,0.0379006106462
460,1521988296,327053487,0.0320755245455,0.0379114541082
461,1521988296,330386811,0.0320755245455,0.0379114541082
462,1521988296,333719606,0.0310247468652,0.0365151614894
463,1521988296,337051164,0.0306809727125,0.036174405979
464,1521988296,340383801,0.0303196389819,0.0361640541673
465,1521988296,343718197,0.030302296131,0.0361433683077
466,1521988296,347051501,0.0303153014083,0.0361588804829
467,1521988296,350384447,0.0306678049131,0.0372120517591
468,1521988296,353717745,0.0310180896704,0.0389645500556
469,1521988296,357051509,0.0310136531275,0.0403629040203
470,1521988296,360383997,0.0313795457307,0.0403802308733
471,1521988296,363718461,0.0313593529728,0.0403542461688
472,1521988296,367050199,0.0313862824301,0.0403888998795
473,1521988296,370384917,0.0303001296696,0.038947835442
474,1521988296,373717776,0.03031747004,0.038970124782
475,1521988296,377050893,0.0303153014083,0.0389673372194
476,1521988296,380384245,0.0306656113786,0.0396666140206
477,1521988296,383717670,0.030663418158,0.04001478392
478,1521988296,387051711,0.0317162406803,0.0407109743323
479,1521988296,390385060,0.0317230462538,0.041421773933
480,1521988296,393717679,0.0317298547485,0.0414306639975
481,1521988296,397042892,0.0314470431403,0.0415227519436
482,1521988296,400384020,0.030243910204,0.0413271834266
483,1521988296,403718588,0.0299499438504,0.0410560591456
484,1521988296,407051302,0.0299649413186,0.0410766180135
485,1521988296,410384115,0.03031747004,0.0382679603715
486,1521988296,413719882,0.0302914669208,0.0371827949105
487,1521988296,417054038,0.0303066299834,0.0372014075795
488,1521988296,420386140,0.0303239777968,0.0372227020315
489,1521988296,423717225,0.0306853644922,0.0382871326964
490,1521988296,427051061,0.0303087973746,0.038958976924
491,1521988296,430384115,0.0303153014083,0.0396694514036
492,1521988296,433717586,0.0299606547952,0.0396666140206
493,1521988296,437052390,0.0295933597152,0.039646763699
494,1521988296,440384279,0.0296208884219,0.0375765482461
495,1521988296,443718560,0.0292473304755,0.0364968843259
496,1521988296,447050481,0.0292682587978,0.0361718174706
497,1521988296,450384183,0.0292536058289,0.0361537082786
498,1521988296,453717681,0.0292536058289,0.0361537082786
499,1521988296,457050821,0.0292577908941,0.0361588804829
500,1521988296,460384549,0.0303087973746,0.0372040680535
501,1521988296,463718697,0.0303066299834,0.0372014075795
502,1521988296,467051365,0.0303196389819,0.0372173761334
503,1521988296,470384238,0.03031747004,0.0368636315506
504,1521988296,473718681,0.0299499438504,0.0361433683077
505,1521988296,477051059,0.0299692290686,0.03546437668
506,1521988296,480383978,0.0296124125972,0.0347571383191
507,1521988296,483717644,0.0292515137452,0.0347471956349
508,1521988296,487050889,0.0292577908941,0.0347546521146
509,1521988296,490385930,0.0292389675244,0.0329781360946
510,1521988296,493717461,0.0292724480569,0.0330158982199
511,1521988296,497051334,0.0292515137452,0.0329922867644
512,1521988296,500383461,0.0296187690109,0.0333599688018
513,1521988296,503718644,0.0295912442416,0.0333289673296
514,1521988296,507050279,0.0296230081362,0.0333647433787
515,1521988296,510384383,0.0278398112639,0.0333408841515
516,1521988296,513717408,0.0264377628561,0.0333504237464
517,1521988296,517049861,0.0264434374135,0.0323041846986
518,1521988296,520384086,0.026075933195,0.030881979045
519,1521988296,523717831,0.0260796628572,0.0308863961199
520,1521988296,527050893,0.0246752453324,0.0305419670098
521,1521988296,530394190,0.02460133574,0.0304504848665
522,1521988296,533717314,0.0247478247899,0.030631802769
523,1521988296,537053320,0.0246540830293,0.0305157732131
524,1521988296,540384265,0.0246911409166,0.0309129251267
525,1521988296,543717074,0.025029539219,0.0315973984719
526,1521988296,547051099,0.0257253952185,0.0319370574504
527,1521988296,550384164,0.0257327558466,0.0319461953781
528,1521988296,553717860,0.0257290750061,0.0319416257607
529,1521988296,557050575,0.0257364377404,0.0312485516592
530,1521988296,560383809,0.0250259587113,0.0291356545461
531,1521988296,563718157,0.0250188007682,0.0287763895647
532,1521988296,567052023,0.0250205898701,0.0287784473729
533,1521988296,570384343,0.025034911902,0.0287949204395
534,1521988296,573717679,0.0250259587113,0.0287846225636
535,1521988296,577051239,0.0250241688416,0.0287825638723
536,1521988296,580384067,0.025029539219,0.0277354942142
537,1521988296,583717053,0.0246752453324,0.0273824531812
538,1521988296,587050502,0.0239685238362,0.0273804946337
539,1521988296,590383624,0.0236177348181,0.0273824531812
540,1521988296,593717821,0.0236092908657,0.0273726632445
541,1521988296,597050836,0.0229127278086,0.0277335102733
542,1521988296,600383908,0.0229127278086,0.0277335102733
543,1521988296,603718320,0.0229045359145,0.0277235948245
544,1521988296,607051350,0.0239702383229,0.0266803389971
545,1521988296,610384165,0.0239719530548,0.025980083188
546,1521988296,613717809,0.0239668095947,0.0256235019838
547,1521988296,617051327,0.0239668095947,0.0256235019838
548,1521988296,620384367,0.0236177348181,0.0252761106288
549,1521988296,623717643,0.0232652313134,0.0252761106288
550,1521988296,627051022,0.0229094503479,0.0252724951074
551,1521988296,630384248,0.0225602243039,0.0256271677209
552,1521988296,633718019,0.0218505283398,0.0256216695086
553,1521988296,637050968,0.0215042520051,0.025980083188
554,1521988296,640384331,0.0214996380188,0.0259745088603
555,1521988296,643718341,0.0211456725869,0.0263236330567
556,1521988296,647051873,0.0211471849365,0.0273785363663
557,1521988296,650384266,0.0211547499308,0.0277394629478
558,1521988296,653718007,0.0211456725869,0.0277275601531
559,1521988296,657050605,0.021153236499,0.027737478439
560,1521988296,660384151,0.0207947318543,0.0266765226133
561,1521988296,663718822,0.0207872982617,0.0256143422277
562,1521988296,667051306,0.0208021707653,0.0252815358511
563,1521988296,670384465,0.0207977067801,0.0242229393526
564,1521988296,673717951,0.0207947318543,0.0238684676014
565,1521988296,677051208,0.0207962192108,0.0238701748089
566,1521988296,680384100,0.0207991945623,0.0238735899566
567,1521988296,683717310,0.0207977067801,0.0238718822606
568,1521988296,687050357,0.0207977067801,0.0238718822606
569,1521988296,690384259,0.0211456725869,0.023515778864
570,1521988296,693717814,0.0211471849365,0.0235174607249
571,1521988296,697050378,0.0218583443823,0.0235241905749
572,1521988296,700383747,0.0225586106694,0.0235191428264
573,1521988296,703718331,0.0225489337076,0.0235090538254
574,1521988296,707051264,0.0225618381693,0.0231714255461
575,1521988296,710384130,0.0218567807265,0.0221181789303
576,1521988296,713717810,0.0218520911011,0.0221134332189
577,1521988296,717049956,0.0208036591862,0.0221229266791
578,1521988296,720384153,0.0204378935853,0.0224596211237
579,1521988296,723716694,0.020095574674,0.0228219759308
580,1521988296,727051087,0.0200855161097,0.0235124158638
581,1521988296,730384008,0.0200926997706,0.0238718822606
582,1521988296,733717728,0.020442278772,0.0238684676014
583,1521988296,737050545,0.0207991945623,0.0238735899566
584,1521988296,740383770,0.0215011757942,0.0235191428264
585,1521988296,743718511,0.0214919524401,0.0228072910246
586,1521988296,747052219,0.0214996380188,0.0217624263424
587,1521988296,750384013,0.0211577774442,0.0210709616333
588,1521988296,753717401,0.0204437409191,0.021061918949
589,1521988296,757050853,0.0204437409191,0.021061918949
590,1521988296,760383889,0.0200926997706,0.0221165968002
591,1521988296,763718107,0.0200855161097,0.0228105527037
592,1521988296,767050516,0.0200970124343,0.0238770060816
593,1521988296,770384351,0.020440816834,0.0242177424122
594,1521988296,773717982,0.020442278772,0.0242194744779
595,1521988296,777051145,0.0204437409191,0.0242212067913
596,1521988296,780383686,0.0193918541032,0.0238770060816
597,1521988296,783717329,0.0176213938224,0.023515778864
598,1521988296,787050371,0.0165676647232,0.0235208251685
599,1521988296,790384795,0.0165617413536,0.0235124158638
600,1521988296,793717964,0.0165676647232,0.0231697680764
601,1521988296,797050605,0.0176264360697,0.0228203433408
602,1521988296,800384472,0.0183262495753,0.0224628335417
603,1521988296,803717595,0.0190351892564,0.0224676538923
604,1521988296,807050815,0.0190351892564,0.0221165968002
605,1521988296,810383589,0.0190365509553,0.0217670967251
606,1521988296,813717036,0.0183275602783,0.0217624263424
607,1521988296,817049759,0.0176276970825,0.0214175466428
608,1521988296,820384098,0.0172664963048,0.0214068263835
609,1521988296,823717335,0.0172714362937,0.0214129509315
610,1521988296,827050904,0.0172702010315,0.0217624263424
611,1521988296,830384096,0.0176251752374,0.0217655397082
612,1521988296,833717808,0.0183262495753,0.0224628335417
613,1521988296,837050945,0.0190351892564,0.0224676538923
614,1521988296,840384608,0.0190311053282,0.0224628335417
615,1521988296,843717556,0.0190365509553,0.0224692611356
616,1521988296,847050501,0.0190365509553,0.0221181789303
617,1521988296,850383772,0.0179763928771,0.0221150148964
618,1521988296,853717729,0.0179725363855,0.0217593138673
619,1521988296,857050658,0.0179789647911,0.0217670967251
620,1521988296,860383691,0.0179776787422,0.0214144826161
621,1521988296,863717968,0.017971251256,0.0214068263835
622,1521988296,867050527,0.0183341166067,0.0207168141002
623,1521988296,870383721,0.019386306044,0.020359854984
624,1521988296,873717464,0.020440816834,0.0203569428972
625,1521988296,877050699,0.0215027137896,0.0203613113399
626,1521988296,880384128,0.0214996380188,0.0210604125895
627,1521988296,883717709,0.0214996380188,0.0228154469719
628,1521988296,887051924,0.0214965631278,0.0228121838931
629,1521988296,890383713,0.0211577774442,0.0228268751028
630,1521988296,893717545,0.0197359610811,0.0217608699936
631,1521988296,897051269,0.0190311053282,0.0210589064454
632,1521988296,900384616,0.0190338277523,0.021061918949
633,1521988296,903718331,0.0190324664429,0.0210604125895
634,1521988296,907051086,0.0215042520051,0.0217670967251
635,1521988296,910384245,0.0218552172944,0.0221165968002
636,1521988296,913717507,0.0218536540859,0.0221150148964
637,1521988296,917050654,0.0218552172944,0.0231697680764
638,1521988296,920383578,0.0204452032754,0.0238718822606
639,1521988296,923717900,0.019733138634,0.0238633474439
640,1521988296,927051229,0.0190338277523,0.0238701748089
641,1521988296,930384306,0.0186826857516,0.0235208251685
642,1521988296,933716919,0.0186853589074,0.0231730832529
643,1521988296,937050929,0.0186786774518,0.0224628335417
644,1521988296,940383485,0.0193904667907,0.0224708686088
645,1521988296,943718362,0.0197289064768,0.0224548042189
646,1521988296,947050675,0.0197458460072,0.0224740842454
647,1521988296,950384335,0.0197359610811,0.0224628335417
648,1521988296,953717630,0.019386306044,0.0224660468789
649,1521988296,957050570,0.0190365509553,0.0224692611356
650,1521988296,960384110,0.0186800133606,0.0221134332189
651,1521988296,963718258,0.0176201337113,0.0221102705426
652,1521988296,967052084,0.0165641101931,0.0221118517677
653,1521988296,970384148,0.0165724064704,0.0221229266791
654,1521988296,973717557,0.0165664797103,0.0224660468789
655,1521988296,977051067,0.0172702010315,0.0224644400954
656,1521988296,980384278,0.0176239145854,0.0224660468789
657,1521988296,983717934,0.0186800133606,0.0224644400954
658,1521988296,987050604,0.0186853589074,0.0224708686088
659,1521988296,990384371,0.0186786774518,0.0221118517677
660,1521988296,993717531,0.0186826857516,0.0217655397082
661,1521988296,997050909,0.0183275602783,0.0217624263424
662,1521988297,384091,0.0176251752374,0.0217655397082
663,1521988297,3718502,0.0172652617491,0.0217562022823
664,1521988297,7050555,0.0172788515794,0.0224756924089
665,1521988297,10384448,0.0176201337113,0.0228121838931
666,1521988297,13717997,0.0179763928771,0.0228170788614
667,1521988297,17050868,0.0183301822469,0.0228187109844
668,1521988297,20384440,0.0193849195252,0.0231664538484
669,1521988297,23719404,0.0200826440833,0.023158172425
670,1521988297,27051510,0.0200984504002,0.0231763993781
671,1521988297,30384348,0.0200941371195,0.0235225077513
672,1521988297,33717544,0.0200912626274,0.0235191428264
673,1521988297,37050957,0.0200912626274,0.0238701748089
674,1521988297,40384164,0.0207977067801,0.0242229393526
675,1521988297,43718209,0.0207917577793,0.0252688806201
676,1521988297,47051264,0.0207977067801,0.025978224813
677,1521988297,50384733,0.0190324664429,0.0259745088603
678,1521988297,53717749,0.0190351892564,0.025978224813
679,1521988297,57050911,0.0190351892564,0.025978224813
680,1521988297,60384161,0.0190338277523,0.0249232707563
681,1521988297,63717877,0.0190324664429,0.0245704813544
682,1521988297,67050245,0.0190392749377,0.0245792709664
683,1521988297,70384443,0.0193807611584,0.0235124158638
684,1521988297,73717551,0.0200926997706,0.0235208251685
685,1521988297,77050859,0.0200912626274,0.0235191428264
686,1521988297,80384161,0.0207962192108,0.0235191428264
687,1521988297,83716899,0.0208006825573,0.0235241905749
688,1521988297,87050821,0.0207917577793,0.0235140972437
689,1521988297,90384463,0.0197373726074,0.0235174607249
690,1521988297,93716594,0.0190406372213,0.0238787145108
691,1521988297,97050117,0.0190324664429,0.0238684676014
692,1521988297,100383943,0.0183262495753,0.0242177424122
693,1521988297,103717663,0.0179751071961,0.0242194744779
694,1521988297,107051519,0.0176201337113,0.0242160105942
695,1521988297,110384483,0.0176264360697,0.0242246721618
696,1521988297,113717777,0.0176239145854,0.0238701748089
697,1521988297,117050061,0.0176289582757,0.0238770060816
698,1521988297,120384613,0.0179699663103,0.0238616412128
699,1521988297,123717357,0.0179802510241,0.0238752978969
700,1521988297,127051069,0.0179738216989,0.0242177424122
701,1521988297,130384514,0.0179763928771,0.0245722387738
702,1521988297,133717749,0.0176239145854,0.0245722387738
703,1521988297,137061117,0.0175711295599,0.0244986429649
704,1521988297,140384433,0.0176770177071,0.02464627809
705,1521988297,143718014,0.0176226541138,0.0245704813544
706,1521988297,147051646,0.0183275602783,0.0245704813544
707,1521988297,150384387,0.0183314935125,0.024575754367
708,1521988297,153717870,0.0186813494606,0.0245722387738
709,1521988297,157050846,0.0190351892564,0.0245739964447
710,1521988297,160383876,0.0190351892564,0.0245739964447
711,1521988297,163718374,0.019027023152,0.0245634541897
712,1521988297,167051635,0.0190351892564,0.0245739964447
713,1521988297,170384398,0.0186840222339,0.024575754367
714,1521988297,173717360,0.0186840222339,0.024575754367
715,1521988297,177051028,0.0186786774518,0.0245687241863
716,1521988297,180384250,0.0190351892564,0.0245739964447
717,1521988297,183718012,0.0200883889576,0.0238667606381
718,1521988297,187051599,0.0200898256897,0.0235174607249
719,1521988297,190383395,0.0204525181961,0.0228268751028
720,1521988297,193716586,0.0204452032754,0.0228187109844
721,1521988297,197050686,0.0204393551051,0.0228121838931
722,1521988297,200385293,0.0200826440833,0.0228072910246
723,1521988297,203718660,0.0200912626274,0.0228170788614
724,1521988297,207051886,0.0197387843357,0.0228170788614
725,1521988297,210384284,0.0193918541032,0.0231747411969
726,1521988297,213717215,0.0193890796767,0.0231714255461
727,1521988297,217050538,0.019386306044,0.0231681108439
728,1521988297,220383646,0.0193876927611,0.0235208251685
729,1521988297,223717267,0.0193849195252,0.0238684676014
730,1521988297,227050414,0.0197401962659,0.0238718822606
731,1521988297,230383728,0.0200912626274,0.0238701748089
732,1521988297,233717288,0.0200898256897,0.0231664538484
733,1521988297,237050782,0.0200898256897,0.0228154469719
734,1521988297,240383899,0.0200926997706,0.0221165968002
735,1521988297,243718700,0.019377989905,0.0221055282239
736,1521988297,247052028,0.0183288711688,0.0221150148964
737,1521988297,250384436,0.0176289582757,0.0221213438697
738,1521988297,253717686,0.0176239145854,0.0224660468789
739,1521988297,257060764,0.0175723826714,0.0238003789761
740,1521988297,260384131,0.0190911791236,0.023942098716
741,1521988297,263718852,0.0200826440833,0.0238599352258
742,1521988297,267061453,0.020035373951,0.0231036631746
743,1521988297,270394613,0.0200926997706,0.0221165968002
744,1521988297,273717786,0.0190911791236,0.022181650281
745,1521988297,277051209,0.0176239145854,0.0221150148964
746,1521988297,280384099,0.0176264360697,0.0221181789303
747,1521988297,283716788,0.0176276970825,0.0228219759308
748,1521988297,287051616,0.0176150950686,0.0231565168508
749,1521988297,290384295,0.0183328049658,0.0231730832529
750,1521988297,293716775,0.0197444332687,0.0231747411969
751,1521988297,297050634,0.0207917577793,0.0231631405684
752,1521988297,300383725,0.0207977067801,0.0231697680764
753,1521988297,303718513,0.0207872982617,0.023158172425
754,1521988297,307050264,0.0208066366671,0.0228285086275
755,1521988297,310384321,0.0197345497567,0.021408357192
756,1521988297,313717462,0.0197401962659,0.021063425524
757,1521988297,317050396,0.0197401962659,0.021063425524
758,1521988297,320383944,0.0200898256897,0.0210604125895
759,1521988297,323727205,0.0203839638989,0.0210003343907
760,1521988297,327050889,0.0205023988085,0.0214743897119
761,1521988297,330384573,0.020442278772,0.021411419466
762,1521988297,333717751,0.019386306044,0.021763982914
763,1521988297,337051086,0.0186813494606,0.0224660468789
764,1521988297,340383421,0.0186866957722,0.0224724763121
765,1521988297,343717780,0.0186760062072,0.0224596211237
766,1521988297,347050933,0.0193876927611,0.0224676538923
767,1521988297,350384256,0.019386306044,0.0221150148964
768,1521988297,353717975,0.0193835332047,0.0221118517677
769,1521988297,357050889,0.0197416083981,0.0221181789303
770,1521988297,360384419,0.0197373726074,0.0217624263424
771,1521988297,363717928,0.0200898256897,0.0217624263424
772,1521988297,367050921,0.0197416083981,0.0214160145198
773,1521988297,370383739,0.0197416083981,0.0203627679041
774,1521988297,373718797,0.019024302674,0.0199988100075
775,1521988297,377050924,0.0179828240423,0.0200159812811
776,1521988297,380383878,0.0176251752374,0.0200102542478
777,1521988297,383717475,0.0176226541138,0.020709405713
778,1521988297,387050411,0.0172739073483,0.0217670967251
779,1521988297,390384378,0.0169153283629,0.0224612272178
780,1521988297,393716999,0.0169225891992,0.0238752978969
781,1521988297,397051058,0.0165629256886,0.0245669672695
782,1521988297,400384035,0.0158637924628,0.024575754367
783,1521988297,403717726,0.0158592544402,0.0245687241863
784,1521988297,407050738,0.0158626577137,0.0235208251685
785,1521988297,410384184,0.0155090448352,0.0228170788614
786,1521988297,413721790,0.0154891032103,0.0224371598982
787,1521988297,417054731,0.0155112637414,0.0224692611356
788,1521988297,420387778,0.0169201682279,0.0224676538923
789,1521988297,423720664,0.0179789647911,0.0224692611356
790,1521988297,427054854,0.017971251256,0.0231614842838
791,1521988297,430388177,0.0179763928771,0.0231681108439
792,1521988297,433721550,0.0179763928771,0.0231681108439
793,1521988297,437054996,0.0176226541138,0.0231664538484
794,1521988297,440387301,0.0169250108633,0.0231763993781
795,1521988297,443717708,0.0165807110623,0.0228366797596
796,1521988297,447051429,0.0162116823166,0.0228138153158
797,1521988297,450384160,0.0162174813159,0.0228219759308
798,1521988297,453717827,0.016565294867,0.0228154469719
799,1521988297,457050518,0.016921378627,0.0221181789303
800,1521988297,460344030,0.0174802338803,0.0220270917272
801,1521988297,463718359,0.0181061222223,0.0211527214706
802,1521988297,467051793,0.0190338277523,0.021061918949
803,1521988297,470383941,0.0204510547932,0.0210694539801
804,1521988297,473717646,0.0214981004634,0.0210589064454
805,1521988297,477050935,0.0215011757942,0.021061918949
806,1521988297,480384051,0.0215027137896,0.021063425524
807,1521988297,483717729,0.0214996380188,0.0217624263424
808,1521988297,487051706,0.0211441604536,0.0221102705426
809,1521988297,490383434,0.0204539818084,0.0221260929775
810,1521988297,493716778,0.019386306044,0.0221150148964
811,1521988297,497050539,0.0193835332047,0.0221118517677
812,1521988297,500383608,0.0193876927611,0.0217655397082
813,1521988297,503718112,0.0197317277132,0.0217562022823
814,1521988297,507051312,0.0200926997706,0.0217655397082
815,1521988297,510384849,0.020442278772,0.0221134332189
816,1521988297,513717821,0.0204452032754,0.0235208251685
817,1521988297,517049961,0.0211562635792,0.0238787145108
818,1521988297,520384324,0.0211426485365,0.0238633474439
819,1521988297,523716924,0.0222108983239,0.0238752978969
820,1521988297,527051809,0.0221950197864,0.0231565168508
821,1521988297,530394683,0.0221427813117,0.0227519848485
822,1521988297,533721039,0.0215474115676,0.022866144331
823,1521988297,537050826,0.0215242688514,0.0228415852471
824,1521988297,540383135,0.0204495915998,0.0231747411969
825,1521988297,543717000,0.0186786774518,0.0231647970899
826,1521988297,547051098,0.0186760062072,0.0238633474439
827,1521988297,550384300,0.0186826857516,0.0242229393526
828,1521988297,553717652,0.0186813494606,0.0242212067913
829,1521988297,557050890,0.019386306044,0.0242212067913
830,1521988297,560384017,0.0197401962659,0.0242229393526
831,1521988297,563718902,0.0200826440833,0.0235090538254
832,1521988297,567051179,0.0200970124343,0.0231747411969
833,1521988297,570383923,0.0200941371195,0.0231714255461
834,1521988297,573717505,0.0200898256897,0.0231664538484
835,1521988297,577050667,0.0200926997706,0.0228187109844
836,1521988297,580384112,0.0190338277523,0.0224660468789
837,1521988297,583717622,0.0190324664429,0.0221134332189
838,1521988297,587051186,0.0190324664429,0.0217624263424
839,1521988297,590384153,0.0193876927611,0.0217655397082
840,1521988297,593716831,0.0193904667907,0.0217686539648
841,1521988297,597050581,0.0193835332047,0.0224628335417
842,1521988297,600383742,0.0193876927611,0.0231697680764
843,1521988297,603718532,0.0190256628158,0.0238599352258
844,1521988297,607051600,0.0190351892564,0.0238718822606
845,1521988297,610385344,0.0183262495753,0.0238667606381
846,1521988297,613717864,0.0183341166067,0.0238770060816
847,1521988297,617050001,0.0183354284353,0.0235275569444
848,1521988297,620384263,0.0183236287316,0.0224596211237
849,1521988297,623717502,0.019386306044,0.0221150148964
850,1521988297,627050706,0.0197401962659,0.0221165968002
851,1521988297,630383703,0.0200926997706,0.0221165968002
852,1521988297,633717719,0.0207917577793,0.0224612272178
853,1521988297,637051144,0.0207962192108,0.0228170788614
854,1521988297,640383824,0.021153236499,0.0231730832529
855,1521988297,643717745,0.0214965631278,0.0231631405684
856,1521988297,647050714,0.0218567807265,0.0242246721618
857,1521988297,650384288,0.0225569972656,0.0245704813544
858,1521988297,653718048,0.0225553840927,0.0249197059604
859,1521988297,657050499,0.0225634522656,0.025630834507
860,1521988297,660383811,0.0222077207991,0.0256271677209
861,1521988297,663718322,0.0214934891162,0.025616173655
862,1521988297,667050807,0.020095574674,0.025981941829
863,1521988297,670384718,0.0190311053282,0.0263236330567
864,1521988297,673717077,0.0190392749377,0.0263349331782
865,1521988297,677078716,0.0188731876457,0.025757133538
866,1521988297,680384146,0.0195499094634,0.025487595686
867,1521988297,683717935,0.0200883889576,0.0252706877345
868,1521988297,687062415,0.0210778400187,0.0251896226541
869,1521988297,690383733,0.0219336638748,0.0253668360798
870,1521988297,693717709,0.0222013684762,0.0256198372953
871,1521988297,697051246,0.0222045441834,0.0256235019838
872,1521988297,700385302,0.0222013684762,0.0259707939706
873,1521988297,703718493,0.0211502102849,0.025978224813
874,1521988297,707063493,0.0200210935705,0.0255358378288
875,1521988297,710383669,0.0187551304616,0.0257265406246
876,1521988297,713717227,0.0186800133606,0.0256235019838
877,1521988297,717050480,0.0186813494606,0.0256253347213
878,1521988297,720383859,0.0197387843357,0.0256253347213
879,1521988297,723718266,0.0214950260121,0.0259689369242
880,1521988297,727052076,0.0218505283398,0.0263236330567
881,1521988297,730384194,0.0218614723652,0.0263368174751
882,1521988297,733717797,0.0218520911011,0.0263255157368
883,1521988297,737050946,0.0218536540859,0.0252743027388
884,1521988297,740383354,0.0218599082618,0.024228138524
885,1521988297,743718149,0.0218442795292,0.0242108166261
886,1521988297,747051820,0.0218520911011,0.0242194744779
887,1521988297,750386823,0.0221950197864,0.0245599421144
888,1521988297,753717687,0.022222026825,0.0263462430057
889,1521988297,757050752,0.0222077207991,0.0277335102733
890,1521988297,760384133,0.0218536540859,0.0280825585987
891,1521988297,763717431,0.0218536540859,0.0280825585987
892,1521988297,767050256,0.0218567807265,0.0280865764195
893,1521988297,770384417,0.0225537711505,0.0280765340223
894,1521988297,773716722,0.0232702249239,0.0277394629478
895,1521988297,777050636,0.0232585764989,0.027725577347
896,1521988297,780384187,0.0232619034302,0.0273785363663
897,1521988297,783717440,0.0236177348181,0.0273824531812
898,1521988297,787051319,0.023612667722,0.027376578379
899,1521988297,790384103,0.0236194243335,0.027384412009
900,1521988297,793717792,0.0243175234749,0.0277275601531
901,1521988297,797056792,0.0242810576085,0.0276859806927
902,1521988297,800383436,0.0243698079804,0.027787176494
903,1521988297,803717706,0.024314045817,0.0266708000843
904,1521988297,807051166,0.024319262677,0.0266765226133
905,1521988297,810384362,0.0243227418276,0.0266803389971
906,1521988297,813717569,0.0243210021279,0.0266784306687
907,1521988297,817051362,0.0232602398456,0.0266746148308
908,1521988297,820384646,0.0218536540859,0.0270294626512
909,1521988297,823717690,0.0218567807265,0.0284376586247
910,1521988297,827051015,0.0218536540859,0.0291356545461
911,1521988297,830383744,0.0225618381693,0.0291398230352
912,1521988297,833717265,0.0225569972656,0.0291335707488
913,1521988297,837051193,0.0225553840927,0.0291314872495
914,1521988297,840384819,0.0225569972656,0.0284315569958
915,1521988297,843717888,0.0225602243039,0.0280845673654
916,1521988297,847050625,0.0225618381693,0.0277354942142
917,1521988297,850384030,0.0225586106694,0.0273804946337
918,1521988297,853717525,0.0225569972656,0.0273785363663
919,1521988297,857051117,0.0225569972656,0.0273785363663
920,1521988297,860383870,0.0225618381693,0.027384412009
921,1521988297,863717238,0.0232635672528,0.0273804946337
922,1521988297,867049427,0.0243297031161,0.0273902901741
923,1521988297,870383798,0.024314045817,0.0287763895647
924,1521988297,873717380,0.024319262677,0.0291335707488
925,1521988297,877057924,0.0239154961286,0.0290711951334
926,1521988297,880383561,0.0236719194693,0.0292045874827
927,1521988297,883716223,0.0236211140905,0.0287908004051
928,1521988297,887050441,0.0232569133901,0.0287763895647
929,1521988297,890383475,0.0222077207991,0.0287866815495
930,1521988297,893717070,0.0222045441834,0.0291335707488
931,1521988297,897049854,0.0222093094479,0.0294909052404
932,1521988297,900383134,0.0232635672528,0.0294866865286
933,1521988297,903717084,0.0243175234749,0.0291314872495
934,1521988297,907050236,0.0253802523419,0.0287866815495
935,1521988297,910384056,0.0253748071043,0.0266746148308
936,1521988297,913717497,0.0253766219238,0.0266765226133
937,1521988297,917049309,0.025036703309,0.0266898847356
938,1521988297,920383838,0.0250170119221,0.0270197996086
939,1521988297,923717792,0.0250223792278,0.0280785419272
940,1521988297,927052252,0.0250170119221,0.0291252385392
941,1521988297,930384557,0.0250331207514,0.0294951251596
942,1521988297,933717726,0.0243227418276,0.0298398528257
943,1521988297,937050602,0.0243244817762,0.0298419874457
944,1521988297,940384130,0.0239668095947,0.0298355845017
945,1521988297,943718568,0.0239599550803,0.029827051516
946,1521988297,947051574,0.0236194243335,0.0298419874457
947,1521988297,950384117,0.0232685601489,0.0291419077271
948,1521988297,953717067,0.0232668956121,0.0280865764195
949,1521988297,957050140,0.0229127278086,0.0280845673654
950,1521988297,960384053,0.0229061738247,0.0280765340223
951,1521988297,963718228,0.0229061738247,0.0284274906976
952,1521988297,967052786,0.0229028982386,0.0294761450276
953,1521988297,970386616,0.0232602398456,0.0305354143458
954,1521988297,973719597,0.0239702383229,0.0319461953781
955,1521988297,977050999,0.0243349266979,0.0319621993406
956,1521988297,980384427,0.0243210021279,0.031943910406
957,1521988297,983716726,0.0243279624204,0.0316019198139
958,1521988297,987050632,0.0243175234749,0.0315883596681
959,1521988297,990355998,0.0238153442554,0.031505500223
960,1521988297,993717362,0.0234183936987,0.0309803713094
961,1521988297,997050198,0.0236194243335,0.0312463162667
962,1521988298,383915,0.0239668095947,0.0312396120077
963,1521988298,3717634,0.0243175234749,0.0308863961199
964,1521988298,7065661,0.0249154688274,0.0300554668269
965,1521988298,10385450,0.0254823274734,0.0296073947397
966,1521988298,13718139,0.0260889916821,0.0294930150491
967,1521988298,17051717,0.0260815280884,0.0294845776252
968,1521988298,20384977,0.0260833935864,0.0294866865286
969,1521988298,23717390,0.0264434374135,0.0301973900444
970,1521988298,27051050,0.0264339811707,0.0315906188842
971,1521988298,30384005,0.0267902663609,0.0329993666543
972,1521988298,33717843,0.0267845186101,0.0329922867644
973,1521988298,37051153,0.0264358718781,0.0329970063534
974,1521988298,40385004,0.0264320907336,0.0319393414422
975,1521988298,43718335,0.0264358718781,0.0301887504936
976,1521988298,47051601,0.0264358718781,0.0301887504936
977,1521988298,50384183,0.0264415456237,0.0301952296931
978,1521988298,53717849,0.0264339811707,0.0301865913782
979,1521988298,57051707,0.0264320907336,0.0305354143458
980,1521988298,60384937,0.0271408284616,0.031241846441
981,1521988298,63719351,0.0271330656218,0.0322857053653
982,1521988298,67052864,0.0271388873352,0.0322926326372
983,1521988298,70385051,0.02715053826,0.0323064961028
984,1521988298,73717846,0.0264396541046,0.0322995628824
985,1521988298,77051723,0.0264320907336,0.0322903232163
986,1521988298,80385155,0.0260815280884,0.0319416257607
987,1521988298,83718755,0.0260815280884,0.0319416257607
988,1521988298,87051680,0.0257345966618,0.0319484806772
989,1521988298,90385010,0.0257309152947,0.0322949423885
990,1521988298,93717719,0.0257345966618,0.0322995628824
991,1521988298,97050598,0.0260871253832,0.0322995628824
992,1521988298,100384715,0.0260777978927,0.0308841874245
993,1521988298,103718192,0.0264339811707,0.0308886051312
994,1521988298,107051746,0.0264339811707,0.0298355845017
995,1521988298,110385125,0.0264358718781,0.0298377185111
996,1521988298,113718283,0.0264377628561,0.0298398528257
997,1521988298,117050485,0.026445329474,0.0301995507048
998,1521988298,120383957,0.0260815280884,0.0301865913782
999,1521988298,123718067,0.0260777978927,0.0322880141256
1000,1521988298,127052030,0.0260777978927,0.0326389708009
1001,1521988298,130384440,0.026090858248,0.0340598469105
1002,1521988298,133717765,0.0260833935864,0.0340501023009
1003,1521988298,137051292,0.0260815280884,0.0340476670196
1004,1521988298,140384168,0.0257345966618,0.0330017272929
1005,1521988298,143717430,0.0257309152947,0.031241846441
1006,1521988298,147051071,0.0257290750061,0.0308886051312
1007,1521988298,150359192,0.0259274902152,0.0311268091492
1008,1521988298,153718738,0.0258797761502,0.030649668366
1009,1521988298,157052801,0.0267826032412,0.0319370574504
1010,1521988298,160386250,0.0281962465821,0.0336966601431
1011,1521988298,163719719,0.0281982633367,0.0336990703184
1012,1521988298,167052722,0.0282002803798,0.0337014808384
1013,1521988298,170385602,0.0278497689902,0.0337038917034
1014,1521988298,173719485,0.0271369464865,0.0340452320867
1015,1521988298,177052854,0.0264358718781,0.0344011342834
1016,1521988298,180385768,0.0253802523419,0.0344035950226
1017,1521988298,183717397,0.0253911498311,0.0344183668538
1018,1521988298,187051021,0.0253766219238,0.0343986738961
1019,1521988298,190384261,0.0264377628561,0.0333504237464
1020,1521988298,193717247,0.0271427698656,0.0326483095622
1021,1521988298,197050381,0.0274952733703,0.0322972524702
1022,1521988298,200383614,0.027845785045,0.0315928784235
1023,1521988298,203716909,0.027845785045,0.0315928784235
1024,1521988298,207051291,0.027837820573,0.0315838422051
1025,1521988298,210384164,0.0282022977116,0.0322995628824
1026,1521988298,213718126,0.0285446166123,0.0336918408268
1027,1521988298,217051393,0.0285507416284,0.0347521662658
1028,1521988298,220384218,0.0285568692736,0.0347596248793
1029,1521988298,223716807,0.0285568692736,0.0347596248793
1030,1521988298,227051726,0.0285364540111,0.0347347752761
1031,1521988298,230384248,0.0289094232153,0.0330040882692
1032,1521988298,233716931,0.0289094232153,0.0330040882692
1033,1521988298,237050736,0.0288990858688,0.0329922867644
1034,1521988298,240384029,0.0292556982118,0.0333480383359
1035,1521988298,243718680,0.0295975915698,0.0340379293771
1036,1521988298,247050956,0.0296166499031,0.0351132442377
1037,1521988298,250384032,0.0296102943988,0.0358078233908
1038,1521988298,253717567,0.0296060589112,0.0368557220316
1039,1521988298,257050857,0.0299627979036,0.0372120517591
1040,1521988298,260383824,0.0299627979036,0.0372120517591
1041,1521988298,263718381,0.0299499438504,0.0371960877729
1042,1521988298,267051679,0.0299606547952,0.0368583581607
1043,1521988298,270384549,0.03031747004,0.0365125493453
1044,1521988298,273717574,0.0296102943988,0.0361588804829
1045,1521988298,277051094,0.0296060589112,0.0361537082786
1046,1521988298,280383937,0.0296145310986,0.0358129468453
1047,1521988298,283716690,0.0292598838758,0.0351082205243
1048,1521988298,287051653,0.0285364540111,0.0350856315921
1049,1521988298,290383981,0.0285589124066,0.0351132442377
1050,1521988298,293717362,0.0285507416284,0.0354542302308
1051,1521988298,297050923,0.0285486996643,0.0361537082786
1052,1521988298,300384270,0.0292556982118,0.0365073261783
1053,1521988298,303718749,0.030302296131,0.0364942747961
1054,1521988298,307051322,0.0310247468652,0.0365151614894
1055,1521988298,310384378,0.0317275849255,0.0358103849348
1056,1521988298,313717758,0.0317207774048,0.0358027014021
1057,1521988298,317050929,0.0310203084178,0.0354567662988
1058,1521988298,320384001,0.0310203084178,0.0354567662988
1059,1521988298,323717113,0.0303153014083,0.0358078233908
1060,1521988298,327050548,0.0296081765035,0.0361562941958
1061,1521988298,330385045,0.0295975915698,0.0361433683077
1062,1521988298,333720597,0.0295870142017,0.0368320138264
1063,1521988298,337053164,0.0306743873996,0.0386245686614
1064,1521988298,340383848,0.0306897575293,0.0386439224181
1065,1521988298,343717581,0.030661225251,0.038958976924
1066,1521988298,347050611,0.0306678049131,0.0386162801274
1067,1521988298,350384310,0.030663418158,0.038610756414
1068,1521988298,353717978,0.030661225251,0.0379060316017
1069,1521988298,357050111,0.0299713734038,0.0375738595978
1070,1521988298,360383233,0.0299627979036,0.0361588804829
1071,1521988298,363716904,0.030663418158,0.0361537082786
1072,1521988298,367050629,0.030661225251,0.0361511227313
1073,1521988298,370383833,0.0310203084178,0.0361588804829
1074,1521988298,373717500,0.0313660810039,0.0372040680535
1075,1521988298,377050744,0.0313728119226,0.0382652230353
1076,1521988298,380384139,0.0313683243225,0.0382597495375
1077,1521988298,383716714,0.0313773008068,0.0382706980994
1078,1521988298,387051783,0.031354869222,0.0382433384354
1079,1521988298,390384139,0.0310269665652,0.0386245686614
1080,1521988298,393727115,0.0302266538541,0.0385033589745
1081,1521988298,397051245,0.0303957479516,0.0383667659782
1082,1521988298,400383929,0.0303196389819,0.0386218054214
1083,1521988298,403717736,0.0303087973746,0.038958976924
1084,1521988298,407050936,0.0303153014083,0.0396694514036
1085,1521988298,410383940,0.0310203084178,0.0403715655877
1086,1521988298,413717477,0.0313683243225,0.0414188114259
1087,1521988298,417050305,0.0320801136469,0.0414277002187
1088,1521988298,420383659,0.0320755245455,0.041421773933
1089,1521988298,423717393,0.0324233646333,0.0403629040203
1090,1521988298,427050292,0.0324326423683,0.0396722891925
1091,1521988298,430384478,0.032773448703,0.0386052342807
1092,1521988298,433717466,0.0331353294463,0.0375631088512
1093,1521988298,437044618,0.033900960491,0.0376304021311
1094,1521988298,440384373,0.0337726944355,0.0374880255382
1095,1521988298,443718207,0.0345379318919,0.0379060316017
1096,1521988298,447050323,0.0345552305127,0.0386273322969
1097,1521988298,450393895,0.0344369581892,0.0388450780325
1098,1521988298,453717510,0.0339374392864,0.0401353449619
1099,1521988298,457050499,0.0331353294463,0.0407226226798
1100,1521988298,460383695,0.0327828259416,0.0407226226798
1101,1521988298,463718686,0.0327640768275,0.0406993326468
1102,1521988298,467051594,0.0324326423683,0.0407255358082
1103,1521988298,470384219,0.0327875165734,0.0400262347095
1104,1521988298,473717224,0.0327828259416,0.0400205084956
1105,1521988298,477050777,0.0327781366516,0.04001478392
1106,1521988298,480383628,0.0327851710897,0.0410766180135
1107,1521988298,483717776,0.0331258513773,0.0417638443582
1108,1521988298,487051557,0.0331282203861,0.0421178128908
1109,1521988298,490384006,0.0331400705151,0.0421328786416
1110,1521988298,493717692,0.0331305897339,0.0421208251789
1111,1521988298,497050665,0.0345453434653,0.041775793956
1112,1521988298,500383647,0.0345478146967,0.0407255358082
1113,1521988298,503718246,0.0355875803399,0.0396524331919
1114,1521988298,507050628,0.0363156540479,0.0386245686614
1115,1521988298,510383655,0.0366603644938,0.0386162801274
1116,1521988298,513717586,0.0366498781195,0.0386052342807
1117,1521988298,517060397,0.0365557700159,0.0385061052911
1118,1521988298,520383530,0.0367681968307,0.039081955257
1119,1521988298,523717500,0.0366524991506,0.0414158493426
1120,1521988298,527050458,0.0363078609891,0.041775793956
1121,1521988298,530385948,0.0355774051919,0.0431491574048
1122,1521988298,533717395,0.034562649513,0.0435528870135
1123,1521988298,537051139,0.0345379318919,0.0435217399871
1124,1521988298,540384248,0.0345453434653,0.0435310794163
1125,1521988298,543717957,0.034540402063,0.0435248526849
1126,1521988298,547051045,0.0348978469701,0.0435310794163
1127,1521988298,550384048,0.0352503504748,0.0435310794163
1128,1521988298,553717415,0.0356003074626,0.0435279658279
1129,1521988298,557048929,0.0356181407352,0.0435497703049
1130,1521988298,560384145,0.0355824920385,0.0435061831742
1131,1521988298,563718617,0.0348828757787,0.0442142175414
1132,1521988298,567051679,0.0334878329511,0.0442331936005
1133,1521988298,570384317,0.0320824086901,0.0442395225736
1134,1521988298,573717485,0.0320755245455,0.0431769338454
1135,1521988298,577051622,0.0320686433546,0.042816714384
1136,1521988298,580384973,0.0320755245455,0.0393155820381
1137,1521988298,583718715,0.0341855040155,0.0386079951499
1138,1521988298,587050990,0.0356130436916,0.0382761747305
1139,1521988298,590383660,0.0356054008609,0.0379168781663
1140,1521988298,593716509,0.0356054008609,0.037565795961
1141,1521988298,597051592,0.0352301901371,0.0368399131717
1142,1521988298,600393985,0.0323401032646,0.0346579667995
1143,1521988298,603718557,0.0303935681073,0.0341404532608
1144,1521988298,607052025,0.0289011527466,0.0333456532667
1145,1521988298,610384235,0.026797933867,0.0333599688018
1146,1521988298,613717516,0.025378437003,0.0333480383359
1147,1521988298,617051247,0.0239650955985,0.0336942503126
1148,1521988298,620384100,0.0225618381693,0.0337038917034
1149,1521988298,623717316,0.0218552172944,0.0337014808384
1150,1521988298,627051961,0.0211396253509,0.0322810888348
1151,1521988298,630384221,0.0200984504002,0.0305507082711
1152,1521988298,633717625,0.0179763928771,0.0273804946337
1153,1521988298,637051465,0.0165629256886,0.0249179239448
1154,1521988298,640384181,0.013044495841,0.0224708686088
1155,1521988298,643718446,0.0102189467926,0.0200031000633
1156,1521988298,647051157,0.00740363277464,0.0182575807447
1157,1521988298,650384710,0.00422943698731,0.0157953094421
1158,1521988298,653717388,0.0028204315332,0.0133420782365
1159,1521988298,657050532,0.00105743487513,0.010179927492
1160,1521988298,660387875,0.000352050221201,0.00736271903765
1161,1521988298,663720464,0.0,0.0045647217509
1162,1521988298,667055483,0.0,0.00210513789552
1163,1521988298,670387355,0.0,0.000351182693889
1164,1521988298,673721009,0.0,0.0
1165,1521988298,677054681,0.0,0.0
1166,1521988298,680386837,0.0,0.0
1167,1521988298,683717206,0.0,0.0
1168,1521988298,687050299,0.0,0.0
1169,1521988298,690383737,0.0,0.0
1170,1521988298,693717218,0.0,0.0
1171,1521988298,697050918,0.0,0.0
1172,1521988298,700383220,0.0,0.0
1173,1521988298,703718822,0.0,0.0
1174,1521988298,707050289,0.0,0.0
1175,1521988298,710384035,0.0,0.0
1176,1521988298,713717588,0.0,0.0
1177,1521988298,717054382,0.0,0.0
1178,1521988298,720383732,0.0,0.0
1179,1521988298,723717400,0.00211456725869,0.0
1180,1521988298,727051096,0.00387698390503,0.0
1181,1521988298,730384127,0.00634506308547,0.0
1182,1521988298,733717438,0.0081070007093,0.0
1183,1521988298,737050615,0.0095175946282,0.0
1184,1521988298,740383945,0.00951691387613,0.0
1185,1521988298,743717442,0.00951623322144,0.0
1186,1521988298,747051211,0.00845826903476,0.0
1187,1521988298,750384018,0.0066980457065,0.0
1188,1521988298,753717743,0.00493434315186,0.0
1189,1521988298,757050176,0.0035255394165,0.0
1190,1521988298,760384118,0.00140971150579,0.0
1191,1521988298,763717397,0.000352478291709,0.0
1192,1521988298,767050765,0.0,0.0
1193,1521988298,770383875,0.0,0.0
1194,1521988298,773717351,0.0,0.0
1195,1521988298,777051206,0.0,0.0
1196,1521988298,780386726,0.0,0.0
1197,1521988298,783717541,0.0,0.0
1198,1521988298,787052575,0.0,0.0
1199,1521988298,790384504,0.0,0.0
1200,1521988298,793717610,0.0,0.0
1201,1521988298,797051042,0.0,0.0
1202,1521988298,800383609,0.0,0.0
1203,1521988298,803717199,0.0,0.0
1204,1521988298,807056069,0.0,0.0
1205,1521988298,810384340,0.0,0.0
1206,1521988298,813717451,0.0,0.0
1207,1521988298,817055086,0.0,0.0
1208,1521988298,820383870,0.0,0.0
1209,1521988298,823717611,0.0,0.0
1210,1521988298,827050842,0.0,0.0
1211,1521988298,830383716,0.0,0.0
1212,1521988298,833723858,0.0,0.0
1213,1521988298,837057465,0.0,0.0
1214,1521988298,840391250,0.0,0.0
1215,1521988298,843718855,0.0,0.0
1216,1521988298,847052568,0.0,0.0
1217,1521988298,850384037,0.0,0.0
1218,1521988298,853717435,0.0,0.0
1219,1521988298,857050671,0.0,0.0
1220,1521988298,860383897,0.0,0.0
1221,1521988298,863717739,0.0,0.0
1222,1521988298,867055872,0.0,0.0
1223,1521988298,870383850,0.0,0.0
1224,1521988298,873717669,0.0,0.0
1225,1521988298,877001835,0.0,-0.000712614802831
1226,1521988298,880383761,0.0,-0.00172991827533
1227,1521988298,883718405,0.0,-0.00456145820492
1228,1521988298,887051250,0.0,-0.00877705513109
1229,1521988298,890384090,0.0,-0.0133411237993
1230,1521988298,893717368,0.0,-0.0175528546034
1231,1521988298,897056760,0.0,-0.0206724431126
1232,1521988298,900393486,-0.000352125687487,-0.0224435728056
1233,1521988298,903722674,-0.00105872221349,-0.0224933974086
1234,1521988298,907057093,-0.0042285297073,-0.0224596211237
1235,1521988298,910389269,-0.00669948346674,-0.0210694539801
1236,1521988298,913721927,-0.0105758616418,-0.0200116856989
1237,1521988298,917055297,-0.0140991316683,-0.0189557270541
1238,1521988298,920388881,-0.016565294867,-0.0182523575775
1239,1521988298,923721163,-0.0186880328283,-0.0172067207504
1240,1521988298,927056228,-0.0186706660096,-0.0171907305174
1241,1521988298,930387993,-0.0186907075145,-0.0172091834269
1242,1521988298,933721725,-0.0183262495753,-0.0175490887045
1243,1521988298,937055237,-0.0169177479492,-0.0175503438246
1244,1521988298,940388085,-0.0155112637414,-0.0186073568779
1245,1521988298,943718480,-0.0144650600552,-0.0196760865004
1246,1521988298,947050559,-0.0130463625405,-0.0203671388474
1247,1521988298,950384199,-0.0126883109619,-0.021411419466
1248,1521988298,953717059,-0.011633447806,-0.0228203433408
1249,1521988298,957050837,-0.0116301199228,-0.023515778864
1250,1521988298,960383646,-0.011633447806,-0.0238735899566
1251,1521988298,963718128,-0.0116276252596,-0.0242125477013
1252,1521988298,967050905,-0.0116342800744,-0.0242264052189
1253,1521988298,970383910,-0.0116326156567,-0.0242229393526
1254,1521988298,973717501,-0.0119834047974,-0.0231664538484
1255,1521988298,977050936,-0.0130407640442,-0.0231664538484
1256,1521988298,980383712,-0.0133970497827,-0.0217686539648
1257,1521988298,983717538,-0.0144495429344,-0.0217608699936
1258,1521988298,987050375,-0.0155112637414,-0.0214160145198
1259,1521988298,990383939,-0.016565294867,-0.021411419466
1260,1521988298,993716712,-0.016921378627,-0.0214160145198
1261,1521988298,997050845,-0.0179725363855,-0.021408357192
1262,1521988299,383524,-0.0179789647911,-0.0217670967251
1263,1521988299,3717023,-0.0179763928771,-0.021763982914
1264,1521988299,7050345,-0.0176239145854,-0.021763982914
1265,1521988299,10384458,-0.0169141188292,-0.0214068263835
1266,1521988299,13717251,-0.0165700352575,-0.0210664393208
1267,1521988299,17060594,-0.0161654391951,-0.0209988368271
1268,1521988299,20383664,-0.0162640230904,-0.0200705520437
1269,1521988299,23717653,-0.0162105230144,-0.0200045304909
1270,1521988299,27051734,-0.0162105230144,-0.0193026171403
1271,1521988299,30384091,-0.0169237999446,-0.0189611518883
1272,1521988299,33717239,-0.0172726717327,-0.0182549687875
1273,1521988299,37050819,-0.0176226541138,-0.0182523575775
1274,1521988299,40384056,-0.0183288711688,-0.0179026311066
1275,1521988299,43717453,-0.0183288711688,-0.0175515991242
1276,1521988299,47051067,-0.0183275602783,-0.0175503438246
1277,1521988299,50384145,-0.0183301822469,-0.0175528546034
1278,1521988299,53717559,-0.0183275602783,-0.0175503438246
1279,1521988299,57050999,-0.0183288711688,-0.0172005671417
1280,1521988299,60384099,-0.0172726717327,-0.0172017975113
1281,1521988299,63718106,-0.0169153283629,-0.0171968770887
1282,1521988299,67051772,-0.0165641101931,-0.0171981069304
1283,1521988299,70383985,-0.0155145932914,-0.0172067207504
1284,1521988299,73716655,-0.0148072655493,-0.0168531514566
1285,1521988299,77050792,-0.0148009123175,-0.0164949637381
1286,1521988299,80384125,-0.0144516099601,-0.0161474711942
1287,1521988299,83718575,-0.0140940912237,-0.0161416984675
1288,1521988299,87050423,-0.0137525553387,-0.015803221225
1289,1521988299,90383898,-0.0137456702087,-0.0157953094421
1290,1521988299,93717132,-0.0130426296757,-0.015797569143
1291,1521988299,97078242,-0.0129334631058,-0.0160134625313
1292,1521988299,100393479,-0.0131129782716,-0.016235727779
1293,1521988299,103717490,-0.0120177855313,-0.0161926405657
1294,1521988299,107051149,-0.0116309517151,-0.0161463163186
1295,1521988299,110384245,-0.0116326156567,-0.0161486262351
1296,1521988299,113717314,-0.0109276086472,-0.0161486262351
1297,1521988299,117050567,-0.0105743487513,-0.0161474711942
1298,1521988299,120383403,-0.0102233329204,-0.015798699236
1299,1521988299,123717652,-0.0102196775526,-0.0154420937123
1300,1521988299,127050744,-0.00987009813295,-0.015446512051
1301,1521988299,130383712,-0.00987009813295,-0.0150954549589
1302,1521988299,133717157,-0.00951691387613,-0.0147433432643
1303,1521988299,137060229,-0.00948908664258,-0.0147002340735
1304,1521988299,140383764,-0.0095449047993,-0.0147867060386
1305,1521988299,143716966,-0.00951691387613,-0.0147433432643
1306,1521988299,147050800,-0.00916312478766,-0.0147412345118
1307,1521988299,150383995,-0.00916509112345,-0.0147443978668
1308,1521988299,153717777,-0.00916312478766,-0.0143902527377
1309,1521988299,157050697,-0.00881321803487,-0.014394370415
1310,1521988299,160384349,-0.00916312478766,-0.0140392709636
1311,1521988299,163717555,-0.00916509112345,-0.0136912265906
1312,1521988299,167051075,-0.00951623322144,-0.0136892681832
1313,1521988299,170384175,-0.0095175946282,-0.0129891124065
1314,1521988299,173717181,-0.0095175946282,-0.0126380553144
1315,1521988299,177051779,-0.00986586385661,-0.0122817270948
1316,1521988299,180384899,-0.00987009813295,-0.0119359411303
1317,1521988299,183717166,-0.00987221663437,-0.0112362381561
1318,1521988299,187051078,-0.00986798054056,-0.0108804349968
1319,1521988299,190383645,-0.00987151036619,-0.0108843269824
1320,1521988299,193716646,-0.0102226016377,-0.010531712762
1321,1521988299,197050458,-0.010220408417,-0.0101784714486
1322,1521988299,200383279,-0.0105766182495,-0.00983100501636
1323,1521988299,203717949,-0.0105698126754,-0.00947379781023
1324,1521988299,207050702,-0.0105758616418,-0.00947921954157
1325,1521988299,210383595,-0.0105758616418,-0.00877705513109
1326,1521988299,213717420,-0.0109252641699,-0.00877454435225
1327,1521988299,217050869,-0.010926827043,-0.0084247675796
1328,1521988299,220384103,-0.010926827043,-0.0084247675796
1329,1521988299,223717567,-0.010926827043,-0.00807373559711
1330,1521988299,227050310,-0.0105758616418,-0.0080748907206
1331,1521988299,230384726,-0.0105705684178,-0.00771994274533
1332,1521988299,233717557,-0.0105766182495,-0.00772436108429
1333,1521988299,237050128,-0.0105766182495,-0.00737325376227
1334,1521988299,240384044,-0.00986727487833,-0.00737009018085
1335,1521988299,243717498,-0.00986939216784,-0.00737167163215
1336,1521988299,247050399,-0.00987080419905,-0.00737272631011
1337,1521988299,250384450,-0.00951419184142,-0.00701863160114
1338,1521988299,253717763,-0.0095175946282,-0.00702114184134
1339,1521988299,257050148,-0.00916705830334,-0.00702264884753
1340,1521988299,260384061,-0.00881006685565,-0.00701913350558
1341,1521988299,263717629,-0.00881132705689,-0.00702013752982
1342,1521988299,267060389,-0.00878744471537,-0.00700111005292
1343,1521988299,270384311,-0.00848314272795,-0.00704027850681
1344,1521988299,273717800,-0.00810642089234,-0.00666913065333
1345,1521988299,277050615,-0.00775563187069,-0.00667056189963
1346,1521988299,280383992,-0.00740204412588,-0.00666960766718
1347,1521988299,283717175,-0.00740257359971,-0.00667008474927
1348,1521988299,287050209,-0.00705007009496,-0.00667008474927
1349,1521988299,290384410,-0.00634324813607,-0.0066681768303
1350,1521988299,293717076,-0.00634551698511,-0.00667056189963
1351,1521988299,297050437,-0.00599213095905,-0.00666960766718
1352,1521988299,300383161,-0.00599341700804,-0.00667103911825
1353,1521988299,303717285,-0.00563803960973,-0.00666770002108
1354,1521988299,307050399,-0.00564005607597,-0.00667008474927
1355,1521988299,310383790,-0.00528717437563,-0.00666960766718
1356,1521988299,313717365,-0.00493434315186,-0.00666913065333
1357,1521988299,317051158,-0.00493399027028,-0.00666865370771
1358,1521988299,320383844,-0.0042306472998,-0.00631993179623
1359,1521988299,323716682,-0.00423034465674,-0.00631947969438
1360,1521988299,327050824,-0.0042285297073,-0.00631676844103
1361,1521988299,330384358,-0.0042297395005,-0.0063185756847
1362,1521988299,333718056,-0.00387670664093,-0.00631767193362
1363,1521988299,337050710,-0.00387809335815,-0.00631993179623
1364,1521988299,340383984,-0.00352478291709,-0.00596754370221
1365,1521988299,343717748,-0.00352427876448,-0.00596669015953
1366,1521988299,347051213,-0.00352478291709,-0.00561651171973
1367,1521988299,350384294,-0.00317253154273,-0.00561691347307
1368,1521988299,353717925,-0.00317185088804,-0.00561570838544
1369,1521988299,357051685,-0.00317207774048,-0.00561611002386
1370,1521988299,360384132,-0.00317298547485,-0.0052666098302
1371,1521988299,363717334,-0.00317253154273,-0.00526585638101
1372,1521988299,367050788,-0.00281962465821,-0.00526510314737
1373,1521988299,370384721,-0.00281942301159,-0.00526472661135
1374,1521988299,373717347,-0.0028204315332,-0.00491550250818
1375,1521988299,377050285,-0.00282002803798,-0.00491479928894
1376,1521988299,380383711,-0.00281982633367,-0.00491444775477
1377,1521988299,383718461,-0.00317094380263,-0.0049123396053
1378,1521988299,387050978,-0.00317321248962,-0.0045647217509
1379,1521988299,390384367,-0.00317207774048,-0.00456308939438
1380,1521988299,393717657,-0.00317230462538,-0.00456341577228
1381,1521988299,397050517,-0.00317275849255,-0.00421298646292
1382,1521988299,400383242,-0.00317298547485,-0.00421328786416
1383,1521988299,403717371,-0.00281922139381,-0.00421148010335
1384,1521988299,407055440,-0.00281579829805,-0.00420636652847
1385,1521988299,410387039,-0.00282123887012,-0.00421449390047
1386,1521988299,413720251,-0.00281982633367,-0.0042123837898
1387,1521988299,417053195,-0.00282022977116,-0.00421298646292
1388,1521988299,420387589,-0.00281901980486,-0.00421117896068
1389,1521988299,423719797,-0.00282063332411,-0.00386245686614
1390,1521988299,427065824,-0.00280917713916,-0.0038467692474
1391,1521988299,430385810,-0.0028311663893,-0.00387688040345
1392,1521988299,433720035,-0.00281901980486,-0.00386024738063
1393,1521988299,437054330,-0.00281901980486,-0.00386024738063
1394,1521988299,440387093,-0.0028204315332,-0.00386218054214
1395,1521988299,443717828,-0.00282204666936,-0.00386439224181
1396,1521988299,447051591,-0.00281942301159,-0.00386079951499
1397,1521988299,450384129,-0.0028204315332,-0.00386218054214
1398,1521988299,453717424,-0.00281982633367,-0.00386135180732
1399,1521988299,457050565,-0.00282002803798,-0.00386162801274
1400,1521988299,460383888,-0.00281982633367,-0.00386135180732
1401,1521988299,463718406,-0.00281881824475,-0.00385997137266
1402,1521988299,467051180,-0.00282022977116,-0.00386190425768
1403,1521988299,470384362,-0.00282002803798,-0.00386162801274
1404,1521988299,473717453,-0.00282002803798,-0.00386162801274
1405,1521988299,477050576,-0.00282002803798,-0.00386162801274
1406,1521988299,480384221,-0.00281962465821,-0.0038610756414
1407,1521988299,483718022,-0.00281942301159,-0.00386079951499
1408,1521988299,487050619,-0.0028204315332,-0.00386218054214
1409,1521988299,490383927,-0.00246734804196,-0.00386135180732
1410,1521988299,493717695,-0.00281942301159,-0.00386079951499
1411,1521988299,497050901,-0.00246734804196,-0.00386135180732
1412,1521988299,500383258,-0.00246805415859,-0.00386245686614
1413,1521988299,503719189,-0.00246558451681,-0.00385859192467
1414,1521988299,507053317,-0.00246664232926,-0.00421117896068
1415,1521988299,510385950,-0.00246787759155,-0.00421328786416
1416,1521988299,513719444,-0.00246717157593,-0.00421208251789
1417,1521988299,517053415,-0.00246699513514,-0.00421178128908
1418,1521988299,520385618,-0.0024682307509,-0.00421389079602
1419,1521988299,523716902,-0.0024687606795,-0.00421479551744
1420,1521988299,527050164,-0.00246734804196,-0.00386135180732
1421,1521988299,530383991,-0.00281942301159,-0.00421178128908
1422,1521988299,533717148,-0.00246752453324,-0.00386162801274
1423,1521988299,537050428,-0.00281982633367,-0.00386135180732
1424,1521988299,540383976,-0.00246717157593,-0.0038610756414
1425,1521988299,543716411,-0.00282063332411,-0.00386245686614
1426,1521988299,547049734,-0.00246734804196,-0.00386135180732
1427,1521988299,550384036,-0.00281901980486,-0.00386024738063
1428,1521988299,553716952,-0.00282022977116,-0.00386190425768
1429,1521988299,557050646,-0.00281942301159,-0.00386079951499
1430,1521988299,560383726,-0.00282002803798,-0.00386162801274
1431,1521988299,563717322,-0.00281962465821,-0.0038610756414
1432,1521988299,567050705,-0.00281982633367,-0.00386135180732
1433,1521988299,570384093,-0.00281982633367,-0.00386135180732
1434,1521988299,573716966,-0.00282022977116,-0.00386190425768
1435,1521988299,577050304,-0.00281982633367,-0.00386135180732
1436,1521988299,580384264,-0.00281922139381,-0.00386052342807
1437,1521988299,583718215,-0.00281922139381,-0.00421148010335
1438,1521988299,587051119,-0.00282022977116,-0.00386190425768
1439,1521988299,590383969,-0.00282022977116,-0.00386190425768
1440,1521988299,593717441,-0.00281982633367,-0.00386135180732
1441,1521988299,597058391,-0.00281338699572,-0.00385253404825
1442,1521988299,600382649,-0.00282751143735,-0.00387187546569
1443,1521988299,603717397,-0.00281861671345,-0.00350881400379
1444,1521988299,607050707,-0.00281982633367,-0.00351031982483
1445,1521988299,610383830,-0.00282002803798,-0.00351057092067
1446,1521988299,613717184,-0.00281982633367,-0.00351031982483
1447,1521988299,617051170,-0.00281922139381,-0.00350956675279
1448,1521988299,620383635,-0.0028204315332,-0.00351107322013
1449,1521988299,623716702,-0.00246770104976,-0.00351082205243
1450,1521988299,627056966,-0.00246206501853,-0.00350280361651
1451,1521988299,630383875,-0.00247212218537,-0.00351711204465
1452,1521988299,633717541,-0.00246717157593,-0.00351006876491
1453,1521988299,637050925,-0.00246734804196,-0.00351031982483
1454,1521988299,640383986,-0.00246752453324,-0.00351057092067
1455,1521988299,643717444,-0.00246717157593,-0.00351006876491
1456,1521988299,647049637,-0.0024682307509,-0.00351157566335
1457,1521988299,650383361,-0.00246699513514,-0.0035098177409
1458,1521988299,653717566,-0.00246681871958,-0.00350956675279
1459,1521988299,657050516,-0.00246752453324,-0.00351057092067
1460,1521988299,660384224,-0.00246717157593,-0.00351006876491
1461,1521988299,663717328,-0.00246752453324,-0.00351057092067
1462,1521988299,667052018,-0.00246628962427,-0.00350881400379
1463,1521988299,670384216,-0.0024682307509,-0.00351157566335
1464,1521988299,673717091,-0.00211517232837,-0.00351082205243
1465,1521988299,677050956,-0.00211441604536,-0.00350956675279
1466,1521988299,680384040,-0.00211502102849,-0.00351057092067
1467,1521988299,683717208,-0.00211502102849,-0.00351057092067
1468,1521988299,687051350,-0.00211441604536,-0.00350956675279
1469,1521988299,690383592,-0.00211547499308,-0.00351132442377
1470,1521988299,693717115,-0.00211486975025,-0.00315928784235
1471,1521988299,697050686,-0.00211471849365,-0.00315906188842
1472,1521988299,700382914,-0.00211547499308,-0.00316019198139
1473,1521988299,703718014,-0.00211381140823,-0.00315770684329
1474,1521988299,707050045,-0.00211562635792,-0.00316041809702
1475,1521988299,710384032,-0.00211441604536,-0.00315861007751
1476,1521988299,713717165,-0.00211502102849,-0.0031595138286
1477,1521988299,717050475,-0.00211486975025,-0.00280825585987
1478,1521988299,720383671,-0.00211502102849,-0.00280845673654
1479,1521988299,723716580,-0.00211517232837,-0.00280865764195
1480,1521988299,727050557,-0.00211441604536,-0.00280765340223
1481,1521988299,730383927,-0.00211486975025,-0.00280825585987
1482,1521988299,733717780,-0.00211456725869,-0.00245687241863
1483,1521988299,737050271,-0.00176276970825,-0.00245775125409
1484,1521988299,740383633,-0.00211486975025,-0.00245722387738
1485,1521988299,743718615,-0.00176150950686,-0.00245599421144
1486,1521988299,747050765,-0.00211562635792,-0.00245810296435
1487,1521988299,750383397,-0.00176276970825,-0.00245775125409
1488,1521988299,753717283,-0.00176213938224,-0.00210589064454
1489,1521988299,757050244,-0.00176251752374,-0.0021063425524
1490,1521988299,760384205,-0.00176201337113,-0.00210574005167
1491,1521988299,763717215,-0.00176264360697,-0.00210649323146
1492,1521988299,767050145,-0.00141011488558,-0.00210649323146
1493,1521988299,770383538,-0.0014098123291,-0.00175503438246
1494,1521988299,773717226,-0.0014098123291,-0.00175503438246
1495,1521988299,777050304,-0.00141001401899,-0.00175528546034
1496,1521988299,780384643,-0.00140950990243,-0.00175465790029
1497,1521988299,783717466,-0.00141011488558,-0.00140432882097
1498,1521988299,787050657,-0.00140991316683,-0.00140412792993
1499,1521988299,790384162,-0.00105743487513,-0.00140412792993
1500,1521988299,793717505,-0.00105735924683,-0.00140402750596
1501,1521988299,797054556,-0.00105630158539,-0.00140262307719
1502,1521988299,800384410,-0.00105849480842,-0.00105415153156
1503,1521988299,803717109,-0.00105766182495,-0.00105332196604
1504,1521988299,807050924,-0.00105728362935,-0.00105294532227
1505,1521988299,810383818,-0.00105758616418,-0.00105324661573
1506,1521988299,813717712,-0.000704855752897,-0.00105294532227
1507,1521988299,817050793,-0.000705007009496,-0.0010531712762
1508,1521988299,820384277,-0.000704906164551,-0.00105302062947
1509,1521988299,823717719,-0.000704906164551,-0.000702013752982
1510,1521988299,827051497,-0.000704906164551,-0.000702013752982
1511,1521988299,830383810,-0.000705158331026,-0.000702264884753
1512,1521988299,833719427,-0.000704452719088,-0.000701562168122
1513,1521988299,837052875,-0.000352478291709,-0.000702063964966
1514,1521988299,840384707,-0.00035262962407,-0.000702365387778
1515,1521988299,843717681,-0.000352528721395,-0.000702164410487
1516,1521988299,847051818,-0.000352377475608,-0.000701863160114
1517,1521988299,850384421,-0.00035255394165,-0.000351107322013
1518,1521988299,853718214,-0.000352427876448,-0.00035098177409
1519,1521988299,857051624,-0.000352478291709,-0.000351031982483
1520,1521988299,860384966,0.0,-0.000351031982483
1521,1521988299,863717216,-0.000352579165513,-0.000351132442377
1522,1521988299,867052044,0.0,-0.000350881400379
1523,1521988299,870384408,0.0,0.0
1524,1521988299,873718262,0.0,0.0
1525,1521988299,877051646,0.0,0.0
1526,1521988299,880384991,0.0,0.0
1527,1521988299,883718989,0.0,0.0
1528,1521988299,887052089,0.0,0.0
1529,1521988299,890384334,0.0,0.0
1530,1521988299,893717913,0.0,0.0
1531,1521988299,897051216,0.0,0.0
1532,1521988299,900383783,0.0,0.0
1533,1521988299,903718889,0.0,0.0
1534,1521988299,907051877,0.0,0.0
1535,1521988299,910385224,0.0,0.0
1536,1521988299,913718035,0.0,0.0
1537,1521988299,917051348,0.0,0.0
1538,1521988299,920384846,0.0,0.0
1539,1521988299,923718900,0.0,0.0
1540,1521988299,927053675,0.0,0.0
1541,1521988299,930386258,0.0,0.0
1542,1521988299,933725944,0.0,0.0
1543,1521988299,937066669,0.0,0.0
1544,1521988299,940397795,0.0,0.0
1545,1521988299,943720752,0.0,0.0
1546,1521988299,947053631,0.0,0.0
1547,1521988299,950385448,0.0,0.0
1548,1521988299,953718804,0.0,0.0
1549,1521988299,957051998,0.0,0.0
1550,1521988299,960385828,0.0,0.0
1551,1521988299,963719812,0.0,0.0
1552,1521988299,967052005,0.0,0.0
1553,1521988299,970384919,0.0,0.0
1554,1521988299,973717977,0.0,0.0
1555,1521988299,977052668,0.0,0.0
1556,1521988299,980385169,0.0,0.0
1557,1521988299,983717441,0.0,0.0
1558,1521988299,987050697,0.0,0.0
1559,1521988299,990384042,0.0,0.0
1560,1521988299,993717364,0.0,0.0
1561,1521988299,997050955,0.0,0.0
1562,1521988300,383173,0.0,0.0
1563,1521988300,3718054,0.0,0.0
1564,1521988300,7049815,0.0,0.0
1565,1521988300,10383524,0.0,0.0
1566,1521988300,13717494,0.0,0.0
1567,1521988300,17050468,0.0,0.0
1568,1521988300,20383827,0.0,0.0
1569,1521988300,23716517,0.0,0.0
1570,1521988300,27050488,0.0,0.0
1571,1521988300,30383987,0.0,0.0
1572,1521988300,33717624,0.0,0.0
1573,1521988300,37050784,0.0,0.0
1574,1521988300,40383990,0.0,0.0
1575,1521988300,43717313,0.0,0.0
1576,1521988300,47079799,0.0,0.0
1577,1521988300,50384062,0.0,0.0
1578,1521988300,53717695,0.0,0.0
1579,1521988300,57050468,0.0,0.0
1580,1521988300,60383639,0.0,0.0
1581,1521988300,63717095,0.0,0.0
1582,1521988300,67050733,0.0,0.0
1583,1521988300,70383854,0.0,0.0
1584,1521988300,73717520,0.0,0.0
1585,1521988300,77050636,0.0,0.0
1586,1521988300,80383526,0.0,0.0
1587,1521988300,83717323,0.0,0.0
1588,1521988300,87050814,0.0,0.0
1589,1521988300,90384489,0.0,0.0
1590,1521988300,93716380,0.0,0.0
1591,1521988300,97050062,0.0,0.0
1592,1521988300,100383955,0.0,0.0
1593,1521988300,103718153,0.0,0.0
1594,1521988300,107050968,0.0,0.0
1595,1521988300,110383768,0.0,0.0
1596,1521988300,113716906,0.0,0.0
1597,1521988300,117050581,0.0,0.0
1598,1521988300,120384155,0.0,0.0
1599,1521988300,123716473,0.0,0.0
1600,1521988300,127051109,0.0,0.0
1601,1521988300,130383743,0.0,0.0
1602,1521988300,133717039,0.0,0.0
1603,1521988300,137050222,0.0,0.0
1604,1521988300,140383550,0.0,0.0
1605,1521988300,143716302,0.0,0.0
1606,1521988300,147050754,0.0,0.0
1607,1521988300,150383761,0.0,0.0
1608,1521988300,153717239,0.0,0.0
1609,1521988300,157050887,0.0,0.0
1610,1521988300,160383809,0.0,0.0
1611,1521988300,163717337,0.0,0.0
1612,1521988300,167050483,0.0,0.0
1613,1521988300,170384228,0.0,0.0
1614,1521988300,173717146,0.0,0.0
1615,1521988300,177050780,0.0,0.0
1616,1521988300,180383943,0.0,0.0
1617,1521988300,183720418,0.0,0.0
1618,1521988300,187054908,0.0,0.0
1619,1521988300,190387297,0.0,0.0
1620,1521988300,193720161,0.0,0.0
1621,1521988300,197063726,0.0,0.0
1622,1521988300,200397963,0.0,0.0
1623,1521988300,203720874,0.0,0.0
1624,1521988300,207053893,0.0,0.0
1625,1521988300,210386768,0.0,0.0
1626,1521988300,213720008,0.0,0.0
1627,1521988300,217053349,0.0,0.0
1628,1521988300,220386251,0.0,0.0
1629,1521988300,223717788,0.0,0.0
1630,1521988300,227050548,0.0,0.0
1631,1521988300,230383936,0.0,0.0
1632,1521988300,233717374,0.0,0.0
1633,1521988300,237050269,0.0,0.0
1634,1521988300,240383659,0.0,0.0
1635,1521988300,243717515,0.0,0.0
1636,1521988300,247050792,0.0,0.0
1637,1521988300,250383846,0.0,0.0
1638,1521988300,253717523,0.0,0.0
1639,1521988300,257050662,0.0,0.0
1640,1521988300,260383645,0.0,0.0
1641,1521988300,263718194,0.0,0.0
1642,1521988300,267050717,0.0,0.0
1643,1521988300,270383933,0.0,0.0
1644,1521988300,273717721,0.0,0.0
1645,1521988300,277050560,0.0,0.0
1646,1521988300,280383791,0.0,0.0
1647,1521988300,283717014,0.0,0.0
1648,1521988300,287049916,0.0,0.0
1649,1521988300,290383503,0.0,0.0
1650,1521988300,293717149,0.0,0.0
1651,1521988300,297049957,0.0,0.0
1652,1521988300,300383009,0.0,0.0
1653,1521988300,303717570,0.0,0.0
1654,1521988300,307050694,0.0,0.0
1655,1521988300,310383739,0.0,0.0
1656,1521988300,313717754,0.0,0.0
1657,1521988300,317050631,0.0,0.0
1658,1521988300,320383237,0.0,0.0
1659,1521988300,323716469,0.0,0.0
1660,1521988300,327050232,0.0,0.0
1661,1521988300,330383902,0.0,0.0
1662,1521988300,333717294,0.0,0.0
1663,1521988300,337050791,0.0,0.0
1664,1521988300,340383894,0.0,0.0
1665,1521988300,343716644,0.0,0.0
1666,1521988300,347050256,0.0,0.0
1667,1521988300,350383740,0.0,0.0
1668,1521988300,353717182,0.0,0.0
1669,1521988300,357050410,0.0,0.0
1670,1521988300,360383643,0.0,-0.000351031982483
1671,1521988300,363717095,0.0,0.0
1672,1521988300,367050503,0.0,-0.000351031982483
1673,1521988300,370384404,0.0,0.0
1674,1521988300,373717516,0.0,0.0
1675,1521988300,377050325,0.0,0.0
1676,1521988300,380385421,0.0,0.0
1677,1521988300,383718071,0.0,0.0
1678,1521988300,387076951,0.0,0.0
1679,1521988300,390384253,0.0,0.0
1680,1521988300,393717349,0.0,0.0
1681,1521988300,397050694,0.0,0.0
1682,1521988300,400384692,0.0,0.0
1683,1521988300,403717730,0.0,0.0
1684,1521988300,407050611,0.0,0.0
1685,1521988300,410383957,0.0,0.0
1686,1521988300,413717261,0.0,0.0
1687,1521988300,417050492,0.0,0.0
1688,1521988300,420383771,0.0,0.0
1689,1521988300,423717511,0.0,0.0
1690,1521988300,427050671,0.0,0.0
1691,1521988300,430384054,0.0,0.0
1692,1521988300,433719026,0.0,0.0
1693,1521988300,437052375,0.0,0.0
1694,1521988300,440385122,0.0,0.0
1695,1521988300,443719349,0.0,0.0
1696,1521988300,447052965,0.0,0.0
1697,1521988300,450386029,0.0,0.0
1698,1521988300,453719280,0.0,0.0
1699,1521988300,457052927,0.0,0.0
1700,1521988300,460385546,0.0,0.0
1701,1521988300,463720360,0.0,0.0
1702,1521988300,467053277,0.0,0.0
1703,1521988300,470385309,0.0,0.0
1704,1521988300,473719310,0.0,0.0
1705,1521988300,477052060,0.0,0.0
1706,1521988300,480385625,0.0,0.0
1707,1521988300,483720724,0.0,0.0
1708,1521988300,487052660,0.0,0.0
1709,1521988300,490385293,0.0,0.0
1710,1521988300,493719087,0.0,0.0
1711,1521988300,497062463,0.0,0.0
1712,1521988300,500384279,0.0,0.0
1713,1521988300,503718118,0.0,0.0
1714,1521988300,507050883,0.0,0.0
1715,1521988300,510383818,0.0,0.0
1716,1521988300,513717027,0.0,0.0
1717,1521988300,517050704,0.0,0.0
1718,1521988300,520383711,0.0,0.0
1719,1521988300,523716701,0.0,0.0
1720,1521988300,527050858,0.0,0.0
1721,1521988300,530384814,0.0,0.0
1722,1521988300,533717361,0.0,0.0
1723,1521988300,537050286,0.0,0.0
1724,1521988300,540383879,0.0,0.0
1725,1521988300,543716826,0.0,0.0
1726,1521988300,547050306,0.0,0.0
1727,1521988300,550383838,0.0,0.0
1728,1521988300,553717336,0.0,0.0
1729,1521988300,557050732,0.0,0.0
1730,1521988300,560383891,0.0,0.0
1731,1521988300,563717322,0.0,0.0
1732,1521988300,567050349,0.0,0.0
1733,1521988300,570383210,0.0,0.0
1734,1521988300,573717186,0.0,0.0
1735,1521988300,577050617,0.0,0.0
1736,1521988300,580383561,0.0,0.0
1737,1521988300,583716865,0.0,0.0
1738,1521988300,587061029,0.0,0.0
1739,1521988300,590384044,0.0,0.0
1740,1521988300,593716287,0.0,0.0
1741,1521988300,597050559,0.0,0.0
1742,1521988300,600394194,0.0,0.0
1743,1521988300,603717105,0.0,0.0
1744,1521988300,607050865,0.0,0.0
1745,1521988300,610384201,0.0,0.0
1746,1521988300,613717644,0.0,0.0
1747,1521988300,617050166,0.0,0.0
1748,1521988300,620393930,0.0,0.0
1749,1521988300,623719172,0.0,0.0
1750,1521988300,627064035,0.0,0.0
1751,1521988300,630383824,0.0,0.0
1752,1521988300,633717533,0.0,0.0
1753,1521988300,637050504,0.0,0.0
1754,1521988300,640383854,0.0,0.0
1755,1521988300,643717111,0.0,0.0
1756,1521988300,647050942,0.0,0.0
1757,1521988300,650384220,0.0,0.0
1758,1521988300,653717195,0.0,0.0
1759,1521988300,657050758,0.0,0.0
1760,1521988300,660383993,0.0,0.0
1761,1521988300,663718189,0.0,0.0
1762,1521988300,667050595,0.0,0.0
1763,1521988300,670383056,0.0,0.0
1764,1521988300,673717264,0.0,0.0
1765,1521988300,677050639,0.0,0.0
1766,1521988300,680383839,0.0,0.0
1767,1521988300,683716526,0.0,0.0
1768,1521988300,687051344,0.0,0.0
1769,1521988300,690383800,0.0,0.0
1770,1521988300,693717021,0.0,0.0
1771,1521988300,697050276,0.0,0.0
1772,1521988300,700383011,0.0,0.0
1773,1521988300,703716635,0.0,0.0
1774,1521988300,707050592,0.0,0.0
1775,1521988300,710384086,0.0,0.0
1776,1521988300,713717476,0.0,0.0
1777,1521988300,717050713,0.0,0.0
1778,1521988300,720383732,0.0,0.0
1779,1521988300,723717286,0.0,0.0
1780,1521988300,727050448,0.0,0.0
1781,1521988300,730384303,0.0,0.0
1782,1521988300,733717077,0.0,0.0
1783,1521988300,737050179,0.0,0.0
1784,1521988300,740383934,0.0,0.0
1785,1521988300,743717621,0.0,0.0
1786,1521988300,747051815,0.0,0.0
1787,1521988300,750383427,0.0,0.0
1788,1521988300,753717074,0.0,0.0
1789,1521988300,757050668,0.0,0.0
1790,1521988300,760383799,0.0,0.0
1791,1521988300,763717916,0.0,0.0
1792,1521988300,767050960,0.0,0.0
1793,1521988300,770383619,0.0,0.0
1794,1521988300,773716827,0.0,0.0
1795,1521988300,777075707,0.0,0.0
1796,1521988300,780383461,0.0,0.0
1797,1521988300,783718392,0.0,0.0
1798,1521988300,787053025,0.0,0.0
1799,1521988300,790384266,0.0,0.0
1800,1521988300,793717151,0.0,0.0
1801,1521988300,797050620,0.0,0.0
1802,1521988300,800383286,0.0,0.0
1803,1521988300,803717300,0.0,0.0
1804,1521988300,807056860,-0.000351824016305,0.0
1805,1521988300,810385445,-0.000352983238764,0.0
1806,1521988300,813717462,-0.00035262962407,0.0
1807,1521988300,817050470,-0.000352503504748,0.0
1808,1521988300,820383005,-0.00035255394165,0.0
1809,1521988300,823717010,-0.000352402674226,0.0
1810,1521988300,827050547,-0.000352478291709,0.0
1811,1521988300,830383081,-0.00035255394165,0.0
1812,1521988300,833717372,-0.000352377475608,0.0
1813,1521988300,837050259,-0.000352528721395,0.0
1814,1521988300,840394098,-0.00035137247746,0.0
1815,1521988300,843716262,-0.00035366721662,0.0
1816,1521988300,847053514,-0.000352050221201,0.0
1817,1521988300,850384021,-0.000352781086433,0.0
1818,1521988300,853717540,0.0,0.0
1819,1521988300,857050593,0.0,0.0
1820,1521988300,860383646,0.0,0.0
1821,1521988300,863717098,0.0,0.0
1822,1521988300,867050315,0.0,0.0
1823,1521988300,870383770,0.0,0.0
1824,1521988300,873717378,0.0,0.0
1825,1521988300,877052384,0.0,0.0
1826,1521988300,880383771,0.0,0.0
1827,1521988300,883717211,0.0,0.0
1828,1521988300,887050878,0.0,0.0
1829,1521988300,890383785,0.0,0.0
1830,1521988300,893717175,0.0,0.0
1831,1521988300,897055934,0.0,0.0
1832,1521988300,900383967,0.0,0.0
1833,1521988300,903718529,0.0,0.0
1834,1521988300,907050925,0.0,0.0
1835,1521988300,910383636,0.0,0.0
1836,1521988300,913717238,0.0,0.0
1837,1521988300,917050738,0.0,0.0
1838,1521988300,920384036,0.0,0.0
1839,1521988300,923716097,0.0,0.0
1840,1521988300,927050627,0.0,0.0
1841,1521988300,930382971,0.0,0.0
1842,1521988300,933717248,0.0,0.0
1843,1521988300,937050763,0.0,0.0
1844,1521988300,940383948,0.0,0.0
1845,1521988300,943717707,0.0,0.0
1846,1521988300,947050257,0.0,0.0
1847,1521988300,950383872,0.0,0.0
1848,1521988300,953717015,0.0,0.0
1849,1521988300,957050015,0.0,0.0
1850,1521988300,960383595,0.0,0.0
1851,1521988300,963717974,0.0,0.0
1852,1521988300,967050360,0.0,0.0
1853,1521988300,970383943,0.0,0.0
1854,1521988300,973717318,0.0,0.0
1855,1521988300,977050871,0.0,0.0
1856,1521988300,980384538,0.0,0.0
1857,1521988300,983718073,0.0,0.0
1858,1521988300,987049998,0.0,0.0
1859,1521988300,990383424,0.0,0.0
1860,1521988300,993716026,0.0,0.0
1861,1521988300,997049471,0.0,0.0
1862,1521988301,383905,0.0,0.0
1863,1521988301,3717922,0.0,0.0
1864,1521988301,7050661,0.0,0.0
1865,1521988301,10383714,0.0,0.0
1866,1521988301,13717629,0.0,-0.000350956675279
1867,1521988301,17050330,0.0,-0.000351107322013
1868,1521988301,20383363,0.0,-0.000351057092067
1869,1521988301,23716666,0.0,-0.000351031982483
1870,1521988301,27070420,0.0,-0.000348885913635
1871,1521988301,30383503,0.0,-0.000353179198841
1872,1521988301,33717150,0.0,-0.000351006876491
1873,1521988301,37075610,0.0,-0.00034841531642
1874,1521988301,40384238,0.0,-0.000707274556434
1875,1521988301,43717274,0.0,-0.000702114184134
1876,1521988301,47060802,0.0,-0.000699961227569
1877,1521988301,50384373,0.0,-0.000704128858981
1878,1521988301,53717462,0.0,-0.000702114184134
1879,1521988301,57050526,0.0,-0.000702114184134
1880,1521988301,60384022,0.0,-0.000702013752982
1881,1521988301,63717860,0.0,-0.00105294532227
1882,1521988301,67050977,0.0,-0.0010531712762
1883,1521988301,70383498,-0.00035255394165,-0.00105332196604
1884,1521988301,73716975,-0.000352478291709,-0.00105309594745
1885,1521988301,77050565,-0.000352453082276,-0.00105302062947
1886,1521988301,80383999,-0.000352453082276,-0.00105302062947
1887,1521988301,83717805,-0.000352427876448,-0.00140392709636
1888,1521988301,87053357,-0.000352251536553,-0.00140322463105
1889,1521988301,90386759,-0.000352453082276,-0.00140402750596
1890,1521988301,93720876,-0.000352402674226,-0.00140382670112
1891,1521988301,97052221,-0.000352680097071,-0.00140493183915
1892,1521988301,100386939,-0.000704704561187,-0.0014036259537
1893,1521988301,103719293,-0.000705158331026,-0.00175566221188
1894,1521988301,107053496,-0.000704754951216,-0.00175465790029
1895,1521988301,110385842,-0.000705158331026,-0.00175566221188
1896,1521988301,113719729,-0.000704855752897,-0.00175490887045
1897,1521988301,117073067,-0.000700746391238,-0.00174467762072
1898,1521988301,120385693,-0.000709370807021,-0.00176615018969
1899,1521988301,123718661,-0.000705007009496,-0.00175528546034
1900,1521988301,127081437,-0.000698808706236,-0.00173985328527
1901,1521988301,130386092,-0.000711059663282,-0.00177035500581
1902,1521988301,133719611,-0.000704906164551,-0.00175503438246
1903,1521988301,137053111,-0.000704956583417,-0.00140412792993
1904,1521988301,140386376,-0.000704956583417,-0.00140412792993
1905,1521988301,143718861,-0.00105766182495,-0.00140442928805
1906,1521988301,147052215,-0.00105743487513,-0.00105309594745
1907,1521988301,150386759,-0.00105705684178,-0.00105271946527
1908,1521988301,153719023,-0.00105781317896,-0.00105347269901
1909,1521988301,157052538,-0.00105735924683,-0.000702013752982
1910,1521988301,160386035,-0.000704906164551,-0.000702013752982
1911,1521988301,163719051,-0.00070505744279,-0.000702164410487
1912,1521988301,167053360,-0.000704704561187,-0.000350906488424
1913,1521988301,170384170,-0.000705511667341,-0.000351308385619
1914,1521988301,173718661,-0.000704704561187,-0.000350906488424
1915,1521988301,177053084,-0.000704754951216,0.0
1916,1521988301,180385012,-0.000705208785973,0.0
1917,1521988301,183717673,-0.000705107883299,0.0
1918,1521988301,187052185,-0.000704704561187,0.0
1919,1521988301,190385412,-0.000352503504748,0.0
1920,1521988301,193717521,-0.000352604392986,0.0
1921,1521988301,197051710,-0.000352377475608,0.0
1922,1521988301,200384262,-0.00035255394165,0.0
1923,1521988301,203718119,-0.000352427876448,0.0
1924,1521988301,207050190,-0.00035262962407,0.0
1925,1521988301,210383452,-0.000352478291709,0.0
1926,1521988301,213716924,0.0,0.0
1927,1521988301,217050708,0.0,0.0
1928,1521988301,220383645,0.0,0.0
1929,1521988301,223717338,0.0,0.0
1930,1521988301,227050929,0.0,0.0
1931,1521988301,230383226,0.0,0.0
1932,1521988301,233717375,0.0,0.0
1933,1521988301,237050618,0.0,0.0
1934,1521988301,240383797,0.0,0.0
1935,1521988301,243717442,0.0,0.0
1936,1521988301,247050562,0.0,0.0
1937,1521988301,250384062,0.0,0.0
1938,1521988301,253716798,0.0,0.0
1939,1521988301,257050665,0.0,0.0
1940,1521988301,260383533,0.0,0.0
1941,1521988301,263718002,0.0,0.0
1942,1521988301,267050499,0.0,0.0
1943,1521988301,270383509,0.0,0.0
1944,1521988301,273716572,0.0,0.0
1945,1521988301,277050391,0.0,0.0
1946,1521988301,280383680,0.0,0.0
1947,1521988301,283717983,0.0,0.0
1948,1521988301,287050579,0.0,0.0
1949,1521988301,290383746,0.0,0.0
1950,1521988301,293737833,0.0,0.0
1951,1521988301,297050646,0.0,0.0
1952,1521988301,300383748,0.0,0.0
1953,1521988301,303717680,0.0,0.0
1954,1521988301,307051776,0.0,0.0
1955,1521988301,310384221,0.0,0.0
1956,1521988301,313717326,0.0,0.0
1957,1521988301,317050680,0.0,0.0
1958,1521988301,320383470,0.0,0.0
1959,1521988301,323716929,0.0,0.0
1960,1521988301,327051380,0.0,0.0
1961,1521988301,330383510,0.0,0.0
1962,1521988301,333716637,0.0,0.0
1963,1521988301,337051314,0.0,0.0
1964,1521988301,340383674,0.0,0.0
1965,1521988301,343717199,0.0,0.0
1966,1521988301,347050980,0.0,0.0
1967,1521988301,350383711,0.0,0.0
1968,1521988301,353717501,0.0,0.0
1969,1521988301,357050658,0.0,0.0
1970,1521988301,360383902,0.0,0.0
1971,1521988301,363717087,0.0,0.0
1972,1521988301,367050140,0.0,0.0
1973,1521988301,370383048,0.0,0.0
1974,1521988301,373717015,0.0,0.0
1975,1521988301,377050079,0.0,0.0
1976,1521988301,380383669,0.0,0.0
1977,1521988301,383716701,0.0,0.0
1978,1521988301,387051285,0.0,0.0
1979,1521988301,390383760,0.0,0.0
1980,1521988301,393716898,0.0,0.0
1981,1521988301,397050520,0.0,0.0
1982,1521988301,400383465,0.0,0.0
1983,1521988301,403716845,0.0,0.0
1984,1521988301,407051205,0.0,0.0
1985,1521988301,410383458,0.0,0.0
1986,1521988301,413717013,0.0,0.0
1987,1521988301,417049661,0.0,0.0
1988,1521988301,420383662,0.0,0.0
1989,1521988301,423717413,0.0,0.0
1990,1521988301,427050546,0.0,0.0
1991,1521988301,430383297,0.0,0.0
1992,1521988301,433716944,0.0,0.0
1993,1521988301,437050247,0.0,0.0
1994,1521988301,440383686,0.0,0.0
1995,1521988301,443717944,0.0,0.0
1996,1521988301,447051185,0.0,0.0
1997,1521988301,450384078,0.0,0.0
1998,1521988301,453717488,0.0,0.0
1999,1521988301,457050127,0.0,0.0
2000,1521988301,460384002,0.0,0.0
2001,1521988301,463718155,0.0,0.0
2002,1521988301,467050431,0.0,0.0
2003,1521988301,470383420,0.0,0.0
2004,1521988301,473717325,0.0,0.0
2005,1521988301,477050046,0.0,0.0
2006,1521988301,480383963,0.0,0.0
2007,1521988301,483718099,0.0,0.0
2008,1521988301,487050531,0.0,0.0
2009,1521988301,490384184,0.0,0.0
2010,1521988301,493717389,0.0,0.0
2011,1521988301,497050595,0.0,0.0
2012,1521988301,500383610,0.0,0.0
2013,1521988301,503720641,0.0,0.0
2014,1521988301,507054713,0.0,0.0
2015,1521988301,510387588,0.0,0.0
2016,1521988301,513721231,0.0,0.0
2017,1521988301,517055656,0.0,0.0
2018,1521988301,520387259,0.0,0.0
2019,1521988301,523720629,0.0,0.0
2020,1521988301,527054516,0.0,0.0
2021,1521988301,530387009,0.0,0.0
2022,1521988301,533721384,0.0,0.0
2023,1521988301,537066365,0.0,0.0
2024,1521988301,540386470,0.0,0.0
2025,1521988301,543718104,0.0,0.0
2026,1521988301,547050771,0.0,0.0
2027,1521988301,550384116,0.0,0.0
2028,1521988301,553717984,0.0,0.0
2029,1521988301,557050779,0.0,0.0
2030,1521988301,560397508,0.0,0.0
2031,1521988301,563718870,0.0,0.0
2032,1521988301,567051237,0.0,0.0
2033,1521988301,570383502,0.0,0.0
2034,1521988301,573716916,0.0,0.0
2035,1521988301,577051784,0.0,0.0
2036,1521988301,580384256,0.0,0.0
2037,1521988301,583718223,0.0,0.0
2038,1521988301,587050869,0.0,0.0
2039,1521988301,590383782,0.0,0.0
2040,1521988301,593716890,0.0,0.0
2041,1521988301,597050768,0.0,0.0
2042,1521988301,600383320,0.0,0.0
2043,1521988301,603716228,0.0,0.0
2044,1521988301,607050949,0.0,0.0
2045,1521988301,610383767,0.0,0.0
2046,1521988301,613717642,0.0,0.0
2047,1521988301,617051044,0.0,0.0
2048,1521988301,620383336,0.0,0.0
2049,1521988301,623715915,0.0,0.0
2050,1521988301,627050836,0.0,0.0
2051,1521988301,630383575,0.0,0.0
2052,1521988301,633717195,0.0,0.0
2053,1521988301,637050046,0.0,0.0
2054,1521988301,640384127,0.0,0.0
2055,1521988301,643717044,0.0,0.0
2056,1521988301,647050489,0.0,0.0
2057,1521988301,650383648,0.0,0.0
2058,1521988301,653717262,0.0,0.0
2059,1521988301,657049651,0.0,0.0
2060,1521988301,660383048,0.0,0.0
2061,1521988301,663716750,0.0,0.0
2062,1521988301,667050189,0.0,0.0
2063,1521988301,670393861,0.0,0.0
2064,1521988301,673717581,0.0,0.0
2065,1521988301,677050566,0.0,0.0
2066,1521988301,680383975,0.0,0.0
2067,1521988301,683716885,0.0,0.0
2068,1521988301,687049776,0.0,0.0
2069,1521988301,690383593,0.0,0.0
2070,1521988301,693716041,0.0,0.0
2071,1521988301,697050545,0.0,0.0
2072,1521988301,700383649,0.0,0.0
2073,1521988301,703729094,0.0,0.0
2074,1521988301,707051130,0.0,0.0
2075,1521988301,710383676,0.0,0.0
2076,1521988301,713717803,0.0,0.0
2077,1521988301,717050157,0.0,0.0
2078,1521988301,720384018,0.0,0.0
2079,1521988301,723717462,0.0,0.0
2080,1521988301,727050747,0.0,0.0
2081,1521988301,730384503,0.0,0.0
2082,1521988301,733716668,0.0,0.0
2083,1521988301,737050143,0.0,0.0
2084,1521988301,740383342,0.0,0.0
2085,1521988301,743717920,0.0,0.0
2086,1521988301,747051866,0.0,0.0
2087,1521988301,750384107,0.0,0.0
2088,1521988301,753717267,0.0,0.0
2089,1521988301,757050354,0.0,0.0
2090,1521988301,760383377,0.0,0.0
2091,1521988301,763717845,0.0,0.0
2092,1521988301,767051048,0.0,0.0
2093,1521988301,770393858,0.0,0.0
2094,1521988301,773717396,0.0,0.0
2095,1521988301,777050259,0.0,0.0
2096,1521988301,780383103,0.0,0.0
2097,1521988301,783718006,0.0,0.0
2098,1521988301,787049735,0.0,0.0
2099,1521988301,790383150,0.0,0.0
2100,1521988301,793717159,0.0,0.0
2101,1521988301,797060049,0.0,0.0
2102,1521988301,800384526,0.0,0.0
2103,1521988301,803716518,0.0,0.0
2104,1521988301,807050335,0.0,0.0
2105,1521988301,810383762,0.0,0.0
2106,1521988301,813717192,0.0,0.0
2107,1521988301,817050859,0.0,0.0
2108,1521988301,820382730,0.0,0.0
2109,1521988301,823717807,0.0,0.0
2110,1521988301,827050377,0.0,0.0
2111,1521988301,830383828,0.0,0.0
2112,1521988301,833717931,0.0,0.0
2113,1521988301,837050369,0.0,0.0
2114,1521988301,840383964,0.0,0.0
2115,1521988301,843718068,0.0,0.0
2116,1521988301,847050247,0.0,0.0
