220,1521988769,410614265,0.0,0.0,0.0,0.0,0.0,0.0
221,1521988769,420599135,0.0,0.0,0.0,0.0,0.0,0.0
222,1521988769,430605627,0.0,0.0,0.0,0.0,0.0,0.0
223,1521988769,440601918,0.0,0.0,0.0,0.0,0.0,0.0
224,1521988769,450613839,0.0,0.0,0.0,0.0,0.0,0.0
225,1521988769,460600598,0.0,0.0,0.0,0.0,0.0,0.0
226,1521988769,470609072,0.0,0.0,0.0,0.0,0.0,0.0
227,1521988769,480600075,0.0,0.0,0.0,0.0,0.0,0.0
228,1521988769,490608574,0.0,0.0,0.0,0.0,0.0,0.0
229,1521988769,500600597,0.0,0.0,0.0,0.0,0.0,0.0
230,1521988769,510610293,0.0,0.0,0.0,0.0,0.0,0.0
231,1521988769,520600778,0.0,0.0,0.0,0.0,0.0,0.0
232,1521988769,530610003,0.0,0.0,0.0,0.0,0.0,0.0
233,1521988769,540599638,0.0,0.0,0.0,0.0,0.0,0.0
234,1521988769,550604384,0.0,0.0,0.0,0.0,0.0,0.0
235,1521988769,560600432,0.0,0.0,0.0,0.0,0.0,0.0
236,1521988769,570609579,0.0,0.0,0.0,0.0,0.0,0.0
237,1521988769,580600498,0.0,0.0,0.0,0.0,0.0,0.0
238,1521988769,590605817,0.0,0.0,0.0,0.0,0.0,0.0
239,1521988769,600599039,0.0,0.0,0.0,0.0,0.0,0.0
240,1521988769,610611713,0.0,0.0,0.0,0.0,0.0,0.0
241,1521988769,620601555,0.0,0.0,0.0,0.0,0.0,0.0
242,1521988769,630612112,0.0,0.0,0.0,0.0,0.0,0.0
243,1521988769,640600731,0.0,0.0,0.0,0.0,0.0,0.0
244,1521988769,650616548,0.0,0.0,0.0,0.0,0.0,0.0
245,1521988769,660601538,0.0,0.0,0.0,0.0,0.0,0.0
246,1521988769,670611566,0.0,0.0,0.0,0.0,0.0,0.0
247,1521988769,680601669,0.0,0.0,0.0,0.0,0.0,0.0
248,1521988769,690611091,0.0,0.0,0.0,0.0,0.0,0.0
249,1521988769,700599549,0.0,0.0,0.0,0.0,0.0,0.0
250,1521988769,710613001,0.0,0.0,0.0,0.0,0.0,0.0
251,1521988769,720601550,0.0,0.0,0.0,0.0,0.0,0.0
252,1521988769,730616002,0.0,0.0,0.0,0.0,0.0,0.0
253,1521988769,740600379,0.0,0.0,0.0,0.0,0.0,0.0
254,1521988769,750611847,0.0,0.0,0.0,0.0,0.0,0.0
255,1521988769,760600511,0.0,0.0,0.0,0.0,0.0,0.0
256,1521988769,770609453,0.0,0.0,0.0,0.0,0.0,0.0
257,1521988769,780551599,0.0,0.0,0.0,0.0,0.0,0.0
258,1521988769,790608840,0.0,0.0,0.0,0.0,0.0,0.0
259,1521988769,800600571,0.0,0.0,0.0,0.0,0.0,0.0
260,1521988769,810605933,0.0,0.0,0.0,0.0,0.0,0.0
261,1521988769,820601570,0.0,0.0,0.0,0.0,0.0,0.0
262,1521988769,830609268,0.0,0.0,0.0,0.0,0.0,0.0
263,1521988769,840601707,0.0,0.0,0.0,0.0,0.0,0.0
264,1521988769,850611113,0.0,0.0,0.0,0.0,0.0,0.0
265,1521988769,860599453,0.0,0.0,0.0,0.0,0.0,0.0
266,1521988769,870607413,0.0,0.0,0.0,0.0,0.0,0.0
267,1521988769,880599507,0.0,0.0,0.0,0.0,0.0,0.0
268,1521988769,890602825,0.0,0.0,0.0,0.0,0.0,0.0
269,1521988769,900600913,0.0,0.0,0.0,0.0,0.0,0.0
270,1521988769,910608294,0.0,0.0,0.0,0.0,0.0,0.0
271,1521988769,920599901,0.0,0.0,0.0,0.0,0.0,0.0
272,1521988769,930598891,0.0,0.0,0.0,0.0,0.0,0.0
273,1521988769,940599206,0.0,0.0,0.0,0.0,0.0,0.0
274,1521988769,950609314,0.0,0.0,0.0,0.0,0.0,0.0
275,1521988769,960600674,0.0,0.0,0.0,0.0,0.0,0.0
276,1521988769,970608049,0.0,0.0,0.0,0.0,0.0,0.0
277,1521988769,980600455,0.0,0.0,0.0,0.0,0.0,0.0
278,1521988769,990609703,0.0,0.0,0.0,0.0,0.0,0.0
279,1521988770,601594,0.0,0.0,0.0,0.0,0.0,0.0
280,1521988770,10610157,0.0,0.0,0.0,0.0,0.0,0.0
281,1521988770,20600938,0.0,0.0,0.0,0.0,0.0,0.0
282,1521988770,30611821,0.0,0.0,0.0,0.0,0.0,0.0
283,1521988770,40599803,0.0,0.0,0.0,0.0,0.0,0.0
284,1521988770,50608326,0.0,0.0,0.0,0.0,0.0,0.0
285,1521988770,60601319,0.0,0.0,0.0,0.0,0.0,0.0
286,1521988770,70604729,0.0,0.0,0.0,0.0,0.0,0.0
287,1521988770,80600773,0.0,0.0,0.0,0.0,0.0,0.0
288,1521988770,90604115,0.0,0.0,0.0,0.0,0.0,0.0
289,1521988770,100600212,0.0,0.0,0.0,0.0,0.0,0.0
290,1521988770,110609148,0.0,0.0,0.0,0.0,0.0,0.0
291,1521988770,120601654,0.0,0.0,0.0,0.0,0.0,0.0
292,1521988770,130611663,0.0,0.0,0.0,0.0,0.0,0.0
293,1521988770,140601003,0.0,0.0,0.0,0.0,0.0,0.0
294,1521988770,150608762,0.0,0.0,0.0,0.0,0.0,0.0
295,1521988770,160599276,0.0,0.0,0.0,0.0,0.0,0.0
296,1521988770,170611249,0.0,0.0,0.0,0.0,0.0,0.0
297,1521988770,180600868,0.0,0.0,0.0,0.0,0.0,0.0
298,1521988770,190609666,0.0,0.0,0.0,0.0,0.0,0.0
299,1521988770,200601389,0.0,0.0,0.0,0.0,0.0,0.0
300,1521988770,210607883,0.0,0.0,0.0,0.0,0.0,0.0
301,1521988770,220601600,0.0,0.0,0.0,0.0,0.0,0.0
302,1521988770,230607933,0.0,0.0,0.0,0.0,0.0,0.0
303,1521988770,240601324,0.0,0.0,0.0,0.0,0.0,0.0
304,1521988770,250610598,0.0,0.0,0.0,0.0,0.0,0.0
305,1521988770,260602139,0.0,0.0,0.0,0.0,0.0,0.0
306,1521988770,270613089,0.0,0.0,0.0,0.0,0.0,0.0
307,1521988770,280599296,0.0,0.0,0.0,0.0,0.0,0.0
308,1521988770,290610809,0.0,0.0,0.0,0.0,0.0,0.0
309,1521988770,300598232,0.0,0.0,0.0,0.0,0.0,0.0
310,1521988770,310620330,0.0,0.0,0.0,0.0,0.0,0.0
311,1521988770,320606792,0.0,0.0,0.0,0.0,0.0,0.0
312,1521988770,330613631,0.0,0.0,0.0,0.0,0.0,0.0
313,1521988770,340604822,0.0,0.0,0.0,0.0,0.0,0.0
314,1521988770,350615397,0.0,0.0,0.0,0.0,0.0,0.0
315,1521988770,360601321,0.0,0.0,0.0,0.0,0.0,0.0
316,1521988770,370610187,0.0,0.0,0.0,0.0,0.0,0.0
317,1521988770,380605757,64.0,50.0,0.0,0.0,0.0,0.0
318,1521988770,390611739,64.0,50.0,0.0,0.0,0.0,0.0
319,1521988770,400602334,64.0,50.0,0.0,0.0,0.0,0.0
320,1521988770,410609293,137.0,65.0,0.0,0.0,0.0,0.0
321,1521988770,420600108,240.0,92.0,0.0,0.0,0.0,0.0
322,1521988770,430607722,240.0,92.0,0.0,0.0,0.0,0.0
323,1521988770,440599420,240.0,92.0,0.0,0.0,0.0,0.0
324,1521988770,450604806,300.0,111.0,0.0,0.0,0.0,0.0
325,1521988770,460598858,300.0,89.0,0.0,0.0,0.0,0.0
326,1521988770,470605178,300.0,89.0,0.0,0.0,0.0,0.0
327,1521988770,480597995,300.0,89.0,0.0,0.0,0.0,0.0
328,1521988770,490605436,300.0,83.0,0.0,0.0,0.0,0.0
329,1521988770,500596882,300.0,88.0,0.0,0.0,0.0,0.0
330,1521988770,510601048,300.0,88.0,0.0,0.0,0.0,0.0
331,1521988770,520596414,300.0,88.0,0.0,0.0,0.0,0.0
332,1521988770,530606515,300.0,95.0,0.0,0.0,0.0,0.0
333,1521988770,540597754,300.0,101.0,0.0,0.0,0.0,0.0
334,1521988770,550605852,300.0,101.0,0.0,0.0,0.0,0.0
335,1521988770,560596801,300.0,101.0,0.0,0.0,0.0,0.0
336,1521988770,570605488,300.0,103.0,0.0,0.0,0.0,0.0
337,1521988770,580599422,300.0,110.0,0.0,0.0,0.0,0.0
338,1521988770,590607367,300.0,110.0,0.0,0.0,0.0,0.0
339,1521988770,600598615,300.0,110.0,0.0,0.0,0.0,0.0
340,1521988770,610605984,300.0,121.0,0.0,0.0,0.0,0.0
341,1521988770,620597846,300.0,138.0,0.0,0.0,0.0,0.0
342,1521988770,630609287,300.0,138.0,0.0,0.0,0.0,0.0
343,1521988770,640598143,300.0,138.0,0.0,0.0,0.0,0.0
344,1521988770,650610204,300.0,158.0,0.0,0.0,0.0,0.0
345,1521988770,660600000,300.0,177.0,0.0,0.0,0.0,0.0
346,1521988770,670608363,300.0,177.0,0.0,0.0,0.0,0.0
347,1521988770,680599402,300.0,177.0,0.0,0.0,0.0,0.0
348,1521988770,690609438,300.0,191.0,0.0,0.0,0.0,0.0
349,1521988770,700598202,300.0,199.0,0.0,0.0,0.0,0.0
350,1521988770,710607027,300.0,199.0,0.0,0.0,0.0,0.0
351,1521988770,720598765,300.0,199.0,0.0,0.0,0.0,0.0
352,1521988770,730607485,300.0,200.0,0.0,0.0,0.0,0.0
353,1521988770,740603897,300.0,201.0,0.0,0.0,0.0,0.0
354,1521988770,750608841,300.0,201.0,0.0,0.0,0.0,0.0
355,1521988770,760599565,300.0,201.0,0.0,0.0,0.0,0.0
356,1521988770,770609775,300.0,201.0,0.0,0.0,0.0,0.0
357,1521988770,780599632,300.0,201.0,0.0,0.0,0.0,0.0
358,1521988770,790828705,300.0,201.0,0.0,0.0,0.0,0.0
359,1521988770,800608975,300.0,201.0,0.0,0.0,0.0,0.0
360,1521988770,810626584,300.0,201.0,0.0,0.0,0.0,0.0
361,1521988770,820608382,300.0,201.0,0.0,0.0,0.0,0.0
362,1521988770,830617615,300.0,201.0,0.0,0.0,0.0,0.0
363,1521988770,840602087,300.0,201.0,0.0,0.0,0.0,0.0
364,1521988770,850605870,300.0,201.0,0.0,0.0,0.0,0.0
365,1521988770,860617681,300.0,201.0,0.0,0.0,0.0,0.0
366,1521988770,870613144,300.0,201.0,0.0,0.0,0.0,0.0
367,1521988770,880606978,300.0,201.0,0.0,0.0,0.0,0.0
368,1521988770,890613233,300.0,202.0,0.0,0.0,0.0,0.0
369,1521988770,900603634,300.0,202.0,0.0,0.0,0.0,0.0
370,1521988770,910614664,300.0,202.0,0.0,0.0,0.0,0.0
371,1521988770,920601084,300.0,202.0,0.0,0.0,0.0,0.0
372,1521988770,930607633,300.0,202.0,0.0,0.0,0.0,0.0
373,1521988770,940605043,300.0,202.0,0.0,0.0,0.0,0.0
374,1521988770,950612631,300.0,202.0,0.0,0.0,0.0,0.0
375,1521988770,960602232,300.0,202.0,0.0,0.0,0.0,0.0
376,1521988770,970612323,300.0,202.0,0.0,0.0,0.0,0.0
377,1521988770,980600661,300.0,202.0,0.0,0.0,0.0,0.0
378,1521988770,990610023,300.0,202.0,0.0,0.0,0.0,0.0
379,1521988771,604285,300.0,202.0,0.0,0.0,0.0,0.0
380,1521988771,10610149,300.0,202.0,0.0,0.0,0.0,0.0
381,1521988771,20600601,300.0,202.0,0.0,0.0,0.0,0.0
382,1521988771,30614589,300.0,202.0,0.0,0.0,0.0,0.0
383,1521988771,40600700,300.0,202.0,0.0,0.0,0.0,0.0
384,1521988771,50607600,300.0,202.0,0.0,0.0,0.0,0.0
385,1521988771,60601222,300.0,202.0,0.0,0.0,0.0,0.0
386,1521988771,70607990,300.0,202.0,0.0,0.0,0.0,0.0
387,1521988771,80600518,300.0,202.0,0.0,0.0,0.0,0.0
388,1521988771,90608359,300.0,202.0,0.0,0.0,0.0,0.0
389,1521988771,100602881,300.0,202.0,0.0,0.0,0.0,0.0
390,1521988771,110608684,300.0,202.0,0.0,0.0,0.0,0.0
391,1521988771,120599998,300.0,202.0,0.0,0.0,0.0,0.0
392,1521988771,130616416,300.0,202.0,0.0,0.0,0.0,0.0
393,1521988771,140600780,300.0,202.0,0.0,0.0,0.0,0.0
394,1521988771,150608088,300.0,202.0,0.0,0.0,0.0,0.0
395,1521988771,160600243,300.0,202.0,0.0,0.0,0.0,0.0
396,1521988771,170614610,300.0,202.0,0.0,0.0,0.0,0.0
397,1521988771,180599424,300.0,201.0,0.0,0.0,0.0,0.0
398,1521988771,190610175,300.0,201.0,0.0,0.0,0.0,0.0
399,1521988771,200603702,300.0,201.0,0.0,0.0,0.0,0.0
400,1521988771,210611675,300.0,201.0,0.0,0.0,0.0,0.0
401,1521988771,220600077,300.0,201.0,0.0,0.0,0.0,0.0
402,1521988771,230614674,300.0,201.0,0.0,0.0,0.0,0.0
403,1521988771,240602110,300.0,201.0,0.0,0.0,0.0,0.0
404,1521988771,250611226,300.0,201.0,0.0,0.0,0.0,0.0
405,1521988771,260599860,300.0,201.0,0.0,0.0,0.0,0.0
406,1521988771,270607899,300.0,201.0,0.0,0.0,0.0,0.0
407,1521988771,280599542,300.0,201.0,0.0,0.0,0.0,0.0
408,1521988771,290606669,300.0,201.0,0.0,0.0,0.0,0.0
409,1521988771,300598111,300.0,202.0,0.0,0.0,0.0,0.0
410,1521988771,310605776,300.0,202.0,0.0,0.0,0.0,0.0
411,1521988771,320598471,300.0,202.0,0.0,0.0,0.0,0.0
412,1521988771,330611197,300.0,204.0,0.0,0.0,0.0,0.0
413,1521988771,340599475,300.0,207.0,0.0,0.0,0.0,0.0
414,1521988771,350607898,300.0,207.0,0.0,0.0,0.0,0.0
415,1521988771,360597942,300.0,207.0,0.0,0.0,0.0,0.0
416,1521988771,370609209,300.0,209.0,0.0,0.0,0.0,0.0
417,1521988771,380597768,300.0,211.0,0.0,0.0,0.0,0.0
418,1521988771,390609893,300.0,211.0,0.0,0.0,0.0,0.0
419,1521988771,400599015,300.0,211.0,0.0,0.0,0.0,0.0
420,1521988771,410605463,300.0,212.0,0.0,0.0,0.0,0.0
421,1521988771,420598469,300.0,213.0,0.0,0.0,0.0,0.0
422,1521988771,430609642,300.0,213.0,0.0,0.0,0.0,0.0
423,1521988771,440599489,300.0,213.0,0.0,0.0,0.0,0.0
424,1521988771,450612867,300.0,215.0,0.0,0.0,0.0,0.0
425,1521988771,460603674,300.0,216.0,0.0,0.0,0.0,0.0
426,1521988771,470613252,300.0,216.0,0.0,0.0,0.0,0.0
427,1521988771,480600869,300.0,216.0,0.0,0.0,0.0,0.0
428,1521988771,490611925,300.0,219.0,0.0,0.0,0.0,0.0
429,1521988771,500600061,300.0,222.0,0.0,0.0,0.0,0.0
430,1521988771,510609685,300.0,222.0,0.0,0.0,0.0,0.0
431,1521988771,520594372,300.0,222.0,0.0,0.0,0.0,0.0
432,1521988771,530606250,300.0,230.0,0.0,0.0,0.0,0.0
433,1521988771,540598079,300.0,236.0,0.0,0.0,0.0,0.0
434,1521988771,550604699,300.0,236.0,0.0,0.0,0.0,0.0
435,1521988771,560599235,300.0,236.0,0.0,0.0,0.0,0.0
436,1521988771,570608490,300.0,244.0,0.0,0.0,0.0,0.0
437,1521988771,580598846,300.0,254.0,0.0,0.0,0.0,0.0
438,1521988771,590606021,300.0,254.0,0.0,0.0,0.0,0.0
439,1521988771,600598236,300.0,254.0,0.0,0.0,0.0,0.0
440,1521988771,610605622,300.0,266.0,0.0,0.0,0.0,0.0
441,1521988771,620606214,300.0,277.0,0.0,0.0,0.0,0.0
442,1521988771,630611948,300.0,277.0,0.0,0.0,0.0,0.0
443,1521988771,640601303,300.0,277.0,0.0,0.0,0.0,0.0
444,1521988771,650606748,300.0,289.0,0.0,0.0,0.0,0.0
445,1521988771,660600195,238.0,238.0,0.0,0.0,0.0,0.0
446,1521988771,670608551,238.0,238.0,0.0,0.0,0.0,0.0
447,1521988771,680599246,238.0,238.0,0.0,0.0,0.0,0.0
448,1521988771,690608255,154.0,154.0,0.0,0.0,0.0,0.0
449,1521988771,700602883,77.0,77.0,0.0,0.0,0.0,0.0
450,1521988771,710603316,77.0,77.0,0.0,0.0,0.0,0.0
451,1521988771,720601349,77.0,77.0,0.0,0.0,0.0,0.0
452,1521988771,730606568,0.0,0.0,0.0,0.0,0.0,0.0
453,1521988771,740599095,0.0,0.0,0.0,0.0,0.0,0.0
454,1521988771,750603387,0.0,0.0,0.0,0.0,0.0,0.0
455,1521988771,760599047,0.0,0.0,0.0,0.0,0.0,0.0
456,1521988771,770603016,0.0,0.0,0.0,0.0,0.0,0.0
457,1521988771,780597205,0.0,0.0,0.0,0.0,0.0,0.0
458,1521988771,790607082,0.0,0.0,0.0,0.0,0.0,0.0
459,1521988771,800599190,0.0,0.0,0.0,0.0,0.0,0.0
460,1521988771,810606607,0.0,0.0,0.0,0.0,0.0,0.0
461,1521988771,820600276,0.0,0.0,0.0,0.0,0.0,0.0
462,1521988771,830609646,0.0,0.0,0.0,0.0,0.0,0.0
463,1521988771,840601586,0.0,0.0,0.0,0.0,0.0,0.0
464,1521988771,850607462,0.0,0.0,0.0,0.0,0.0,0.0
465,1521988771,860601146,0.0,0.0,0.0,0.0,0.0,0.0
466,1521988771,870606737,0.0,0.0,0.0,0.0,0.0,0.0
467,1521988771,880601006,0.0,0.0,0.0,0.0,0.0,0.0
468,1521988771,890615265,0.0,0.0,0.0,0.0,0.0,0.0
469,1521988771,900602129,0.0,0.0,0.0,0.0,0.0,0.0
470,1521988771,910608069,0.0,0.0,0.0,0.0,0.0,0.0
471,1521988771,920600131,0.0,0.0,0.0,0.0,0.0,0.0
472,1521988771,930606735,0.0,0.0,0.0,0.0,0.0,0.0
473,1521988771,940600817,0.0,0.0,0.0,0.0,0.0,0.0
474,1521988771,950607302,0.0,0.0,0.0,0.0,0.0,0.0
475,1521988771,960600583,0.0,0.0,0.0,0.0,0.0,0.0
476,1521988771,970606049,0.0,0.0,0.0,0.0,0.0,0.0
477,1521988771,980598000,0.0,0.0,0.0,0.0,0.0,0.0
478,1521988771,990605531,0.0,0.0,0.0,0.0,0.0,0.0
479,1521988772,598832,0.0,0.0,0.0,0.0,0.0,0.0
480,1521988772,10606946,0.0,0.0,0.0,0.0,0.0,0.0
481,1521988772,20600117,0.0,0.0,0.0,0.0,0.0,0.0
482,1521988772,30609441,0.0,0.0,0.0,0.0,0.0,0.0
483,1521988772,40599497,0.0,0.0,0.0,0.0,0.0,0.0
484,1521988772,50606306,0.0,0.0,0.0,0.0,0.0,0.0
485,1521988772,60601341,0.0,0.0,0.0,0.0,0.0,0.0
486,1521988772,70607961,0.0,0.0,0.0,0.0,0.0,0.0
487,1521988772,80600659,0.0,0.0,0.0,0.0,0.0,0.0
488,1521988772,90611624,0.0,0.0,0.0,0.0,0.0,0.0
489,1521988772,100599577,0.0,0.0,0.0,0.0,0.0,0.0
490,1521988772,110610614,0.0,0.0,0.0,0.0,0.0,0.0
491,1521988772,120600606,0.0,0.0,0.0,0.0,0.0,0.0
492,1521988772,130608306,0.0,0.0,0.0,0.0,0.0,0.0
493,1521988772,140600343,0.0,0.0,0.0,0.0,0.0,0.0
494,1521988772,150606460,0.0,0.0,0.0,0.0,0.0,0.0
495,1521988772,160602220,0.0,0.0,0.0,0.0,0.0,0.0
496,1521988772,170608577,0.0,0.0,0.0,0.0,0.0,0.0
497,1521988772,180599832,0.0,0.0,0.0,0.0,0.0,0.0
498,1521988772,190611539,0.0,0.0,0.0,0.0,0.0,0.0
499,1521988772,200601898,0.0,0.0,0.0,0.0,0.0,0.0
500,1521988772,210613797,0.0,0.0,0.0,0.0,0.0,0.0
501,1521988772,220601926,0.0,0.0,0.0,0.0,0.0,0.0
502,1521988772,230605764,0.0,0.0,0.0,0.0,0.0,0.0
503,1521988772,240599650,0.0,0.0,0.0,0.0,0.0,0.0
504,1521988772,250610206,0.0,0.0,0.0,0.0,0.0,0.0
505,1521988772,260599696,0.0,0.0,0.0,0.0,0.0,0.0
506,1521988772,270609771,0.0,0.0,0.0,0.0,0.0,0.0
507,1521988772,280599588,0.0,0.0,0.0,0.0,0.0,0.0
508,1521988772,290605978,0.0,0.0,0.0,0.0,0.0,0.0
509,1521988772,300600385,0.0,0.0,0.0,0.0,0.0,0.0
510,1521988772,310606907,0.0,0.0,0.0,0.0,0.0,0.0
511,1521988772,320599186,0.0,0.0,0.0,0.0,0.0,0.0
512,1521988772,330606938,0.0,0.0,0.0,0.0,0.0,0.0
513,1521988772,340604971,0.0,0.0,0.0,0.0,0.0,0.0
514,1521988772,350610792,0.0,0.0,0.0,0.0,0.0,0.0
515,1521988772,360600104,0.0,0.0,0.0,0.0,0.0,0.0
516,1521988772,370612358,0.0,0.0,0.0,0.0,0.0,0.0
517,1521988772,380600030,0.0,0.0,0.0,0.0,0.0,0.0
518,1521988772,390608298,0.0,0.0,0.0,0.0,0.0,0.0
519,1521988772,400598868,0.0,0.0,0.0,0.0,0.0,0.0
520,1521988772,410610326,0.0,0.0,0.0,0.0,0.0,0.0
521,1521988772,420600020,0.0,0.0,0.0,0.0,0.0,0.0
522,1521988772,430607133,0.0,0.0,0.0,0.0,0.0,0.0
523,1521988772,440601736,0.0,0.0,0.0,0.0,0.0,0.0
524,1521988772,450606079,0.0,0.0,0.0,0.0,0.0,0.0
525,1521988772,460600942,0.0,0.0,0.0,0.0,0.0,0.0
526,1521988772,470608513,0.0,0.0,0.0,0.0,0.0,0.0
527,1521988772,480600727,0.0,0.0,0.0,0.0,0.0,0.0
528,1521988772,490603479,0.0,0.0,0.0,0.0,0.0,0.0
529,1521988772,500598647,0.0,0.0,0.0,0.0,0.0,0.0
530,1521988772,510607490,0.0,0.0,0.0,0.0,0.0,0.0
531,1521988772,520600541,0.0,0.0,0.0,0.0,0.0,0.0
532,1521988772,530606932,0.0,0.0,0.0,0.0,0.0,0.0
533,1521988772,540599825,0.0,0.0,0.0,0.0,0.0,0.0
534,1521988772,550607311,0.0,0.0,0.0,0.0,0.0,0.0
535,1521988772,560599286,0.0,0.0,0.0,0.0,0.0,0.0
536,1521988772,570603667,0.0,0.0,0.0,0.0,0.0,0.0
537,1521988772,580600421,0.0,0.0,0.0,0.0,0.0,0.0
538,1521988772,590607181,0.0,0.0,0.0,0.0,0.0,0.0
539,1521988772,600599991,0.0,0.0,0.0,0.0,0.0,0.0
540,1521988772,610606745,0.0,0.0,0.0,0.0,0.0,0.0
541,1521988772,620601506,0.0,0.0,0.0,0.0,0.0,0.0
542,1521988772,630611224,0.0,0.0,0.0,0.0,0.0,0.0
543,1521988772,640600548,0.0,0.0,0.0,0.0,0.0,0.0
544,1521988772,650606014,0.0,0.0,0.0,0.0,0.0,0.0
545,1521988772,660599402,0.0,0.0,0.0,0.0,0.0,0.0
546,1521988772,670605612,0.0,0.0,0.0,0.0,0.0,0.0
547,1521988772,680598638,0.0,0.0,0.0,0.0,0.0,0.0
548,1521988772,690608149,0.0,0.0,0.0,0.0,0.0,0.0
549,1521988772,700599962,0.0,0.0,0.0,0.0,0.0,0.0
550,1521988772,710608029,0.0,0.0,0.0,0.0,0.0,0.0
551,1521988772,720600289,0.0,0.0,0.0,0.0,0.0,0.0
552,1521988772,730613617,0.0,0.0,0.0,0.0,0.0,0.0
553,1521988772,740600612,0.0,0.0,0.0,0.0,0.0,0.0
554,1521988772,750609115,0.0,0.0,0.0,0.0,0.0,0.0
555,1521988772,760600195,0.0,0.0,0.0,0.0,0.0,0.0
556,1521988772,770606898,0.0,0.0,0.0,0.0,0.0,0.0
557,1521988772,780600155,0.0,0.0,0.0,0.0,0.0,0.0
558,1521988772,790615949,0.0,0.0,0.0,0.0,0.0,0.0
559,1521988772,800600607,0.0,0.0,0.0,0.0,0.0,0.0
560,1521988772,810607121,0.0,0.0,0.0,0.0,0.0,0.0
561,1521988772,820600311,0.0,0.0,0.0,0.0,0.0,0.0
562,1521988772,830607946,0.0,0.0,0.0,0.0,0.0,0.0
563,1521988772,840599611,0.0,0.0,0.0,0.0,0.0,0.0
564,1521988772,850610847,0.0,0.0,0.0,0.0,0.0,0.0
565,1521988772,860601685,0.0,0.0,0.0,0.0,0.0,0.0
566,1521988772,870608993,0.0,0.0,0.0,0.0,0.0,0.0
567,1521988772,880599691,0.0,0.0,0.0,0.0,0.0,0.0
568,1521988772,890606731,0.0,0.0,0.0,0.0,0.0,0.0
569,1521988772,900599021,0.0,0.0,0.0,0.0,0.0,0.0
570,1521988772,910607875,0.0,0.0,0.0,0.0,0.0,0.0
571,1521988772,920553058,0.0,0.0,0.0,0.0,0.0,0.0
572,1521988772,930608633,0.0,0.0,0.0,0.0,0.0,0.0
573,1521988772,940599475,0.0,0.0,0.0,0.0,0.0,0.0
574,1521988772,950608422,0.0,0.0,0.0,0.0,0.0,0.0
575,1521988772,960602139,0.0,0.0,0.0,0.0,0.0,0.0
576,1521988772,970611089,0.0,0.0,0.0,0.0,0.0,0.0
577,1521988772,980601051,0.0,0.0,0.0,0.0,0.0,0.0
578,1521988772,990607798,0.0,0.0,0.0,0.0,0.0,0.0
579,1521988773,599372,0.0,0.0,0.0,0.0,0.0,0.0
580,1521988773,10607368,0.0,0.0,0.0,0.0,0.0,0.0
581,1521988773,20598318,0.0,0.0,0.0,0.0,0.0,0.0
582,1521988773,30608150,0.0,0.0,0.0,0.0,0.0,0.0
583,1521988773,40600177,0.0,0.0,0.0,0.0,0.0,0.0
584,1521988773,50607239,0.0,0.0,0.0,0.0,0.0,0.0
585,1521988773,60599626,0.0,0.0,0.0,0.0,0.0,0.0
586,1521988773,70606003,0.0,0.0,0.0,0.0,0.0,0.0
587,1521988773,80600531,0.0,0.0,0.0,0.0,0.0,0.0
588,1521988773,90608771,0.0,0.0,0.0,0.0,0.0,0.0
589,1521988773,100599440,0.0,0.0,0.0,0.0,0.0,0.0
590,1521988773,110605818,0.0,0.0,0.0,0.0,0.0,0.0
591,1521988773,120600048,0.0,0.0,0.0,0.0,0.0,0.0
592,1521988773,130605145,0.0,0.0,0.0,0.0,0.0,0.0
593,1521988773,140600367,0.0,0.0,0.0,0.0,0.0,0.0
594,1521988773,150621251,0.0,0.0,0.0,0.0,0.0,0.0
595,1521988773,160602539,0.0,0.0,0.0,0.0,0.0,0.0
596,1521988773,170609055,0.0,0.0,0.0,0.0,0.0,0.0
597,1521988773,180601675,0.0,0.0,0.0,0.0,0.0,0.0
598,1521988773,190611018,0.0,0.0,0.0,0.0,0.0,0.0
599,1521988773,200600925,0.0,0.0,0.0,0.0,0.0,0.0
600,1521988773,210609477,0.0,0.0,0.0,0.0,0.0,0.0
601,1521988773,220599135,0.0,0.0,0.0,0.0,0.0,0.0
602,1521988773,230615552,0.0,0.0,0.0,0.0,0.0,0.0
603,1521988773,240599494,0.0,0.0,0.0,0.0,0.0,0.0
604,1521988773,250622387,0.0,0.0,0.0,0.0,0.0,0.0
605,1521988773,260600865,0.0,0.0,0.0,0.0,0.0,0.0
606,1521988773,270611265,0.0,0.0,0.0,0.0,0.0,0.0
607,1521988773,280601673,0.0,0.0,0.0,0.0,0.0,0.0
608,1521988773,290610147,0.0,0.0,0.0,0.0,0.0,0.0
609,1521988773,300599683,0.0,0.0,0.0,0.0,0.0,0.0
610,1521988773,310608569,0.0,0.0,0.0,0.0,0.0,0.0
611,1521988773,320600334,0.0,0.0,0.0,0.0,0.0,0.0
612,1521988773,330609087,0.0,0.0,0.0,0.0,0.0,0.0
613,1521988773,340599716,0.0,0.0,0.0,0.0,0.0,0.0
614,1521988773,350613592,0.0,0.0,0.0,0.0,0.0,0.0
615,1521988773,360598840,0.0,0.0,0.0,0.0,0.0,0.0
616,1521988773,370610453,0.0,0.0,0.0,0.0,0.0,0.0
617,1521988773,380600980,0.0,0.0,0.0,0.0,0.0,0.0
618,1521988773,390606887,0.0,0.0,0.0,0.0,0.0,0.0
619,1521988773,400598951,0.0,0.0,0.0,0.0,0.0,0.0
620,1521988773,410606682,0.0,0.0,0.0,0.0,0.0,0.0
621,1521988773,420601283,0.0,0.0,0.0,0.0,0.0,0.0
622,1521988773,430608186,0.0,0.0,0.0,0.0,0.0,0.0
623,1521988773,440599211,0.0,0.0,0.0,0.0,0.0,0.0
624,1521988773,450608017,0.0,0.0,0.0,0.0,0.0,0.0
625,1521988773,460599632,0.0,0.0,0.0,0.0,0.0,0.0
626,1521988773,470606841,0.0,0.0,0.0,0.0,0.0,0.0
627,1521988773,480597823,0.0,0.0,0.0,0.0,0.0,0.0
628,1521988773,490607935,0.0,0.0,0.0,0.0,0.0,0.0
629,1521988773,500600242,0.0,0.0,0.0,0.0,0.0,0.0
630,1521988773,510606372,0.0,0.0,0.0,0.0,0.0,0.0
631,1521988773,520601943,0.0,0.0,0.0,0.0,0.0,0.0
632,1521988773,530612214,0.0,0.0,0.0,0.0,0.0,0.0
633,1521988773,540577910,0.0,0.0,0.0,0.0,0.0,0.0
634,1521988773,550610682,0.0,0.0,0.0,0.0,0.0,0.0
635,1521988773,560597630,0.0,0.0,0.0,0.0,0.0,0.0
636,1521988773,570607785,0.0,0.0,0.0,0.0,0.0,0.0
637,1521988773,580598512,0.0,0.0,0.0,0.0,0.0,0.0
638,1521988773,590610305,0.0,0.0,0.0,0.0,0.0,0.0
639,1521988773,600598193,0.0,0.0,0.0,0.0,0.0,0.0
640,1521988773,610608029,0.0,0.0,0.0,0.0,0.0,0.0
641,1521988773,620599928,0.0,0.0,0.0,0.0,0.0,0.0
642,1521988773,630607964,0.0,0.0,0.0,0.0,0.0,0.0
643,1521988773,640598681,0.0,0.0,0.0,0.0,0.0,0.0
644,1521988773,650610018,0.0,0.0,0.0,0.0,0.0,0.0
645,1521988773,660604266,0.0,0.0,0.0,0.0,0.0,0.0
646,1521988773,670607908,0.0,0.0,0.0,0.0,0.0,0.0
647,1521988773,680599674,0.0,0.0,0.0,0.0,0.0,0.0
648,1521988773,690614585,0.0,0.0,0.0,0.0,0.0,0.0
649,1521988773,700600771,0.0,0.0,0.0,0.0,0.0,0.0
650,1521988773,710611362,0.0,0.0,0.0,0.0,0.0,0.0
651,1521988773,720599545,0.0,0.0,0.0,0.0,0.0,0.0
652,1521988773,730610534,0.0,0.0,0.0,0.0,0.0,0.0
653,1521988773,740599559,0.0,0.0,0.0,0.0,0.0,0.0
654,1521988773,750610130,0.0,0.0,0.0,0.0,0.0,0.0
655,1521988773,760601646,0.0,0.0,0.0,0.0,0.0,0.0
656,1521988773,770610925,0.0,0.0,0.0,0.0,0.0,0.0
657,1521988773,780600500,0.0,0.0,0.0,0.0,0.0,0.0
658,1521988773,790607418,0.0,0.0,0.0,0.0,0.0,0.0
659,1521988773,800599911,0.0,0.0,0.0,0.0,0.0,0.0
660,1521988773,810611963,0.0,0.0,0.0,0.0,0.0,0.0
661,1521988773,820603985,0.0,0.0,0.0,0.0,0.0,0.0
662,1521988773,830612018,0.0,0.0,0.0,0.0,0.0,0.0
663,1521988773,840600160,0.0,0.0,0.0,0.0,0.0,0.0
664,1521988773,850608540,0.0,0.0,0.0,0.0,0.0,0.0
665,1521988773,860601685,0.0,0.0,0.0,0.0,0.0,0.0
666,1521988773,870610293,0.0,0.0,0.0,0.0,0.0,0.0
667,1521988773,880600945,0.0,0.0,0.0,0.0,0.0,0.0
668,1521988773,890612273,0.0,0.0,0.0,0.0,0.0,0.0
669,1521988773,900601909,0.0,0.0,0.0,0.0,0.0,0.0
670,1521988773,910610766,0.0,0.0,0.0,0.0,0.0,0.0
671,1521988773,920599748,0.0,0.0,0.0,0.0,0.0,0.0
672,1521988773,930610070,0.0,0.0,0.0,0.0,0.0,0.0
673,1521988773,940600780,0.0,0.0,0.0,0.0,0.0,0.0
674,1521988773,950610191,0.0,0.0,0.0,0.0,0.0,0.0
675,1521988773,960600380,0.0,0.0,0.0,0.0,0.0,0.0
676,1521988773,970609392,0.0,0.0,0.0,0.0,0.0,0.0
677,1521988773,980601664,0.0,0.0,0.0,0.0,0.0,0.0
678,1521988773,990629421,0.0,0.0,0.0,0.0,0.0,0.0
679,1521988774,603534,0.0,0.0,0.0,0.0,0.0,0.0
680,1521988774,10607997,0.0,0.0,0.0,0.0,0.0,0.0
681,1521988774,20600493,0.0,0.0,0.0,0.0,0.0,0.0
682,1521988774,30611312,0.0,0.0,0.0,0.0,0.0,0.0
683,1521988774,40601104,0.0,0.0,0.0,0.0,0.0,0.0
684,1521988774,50611239,0.0,0.0,0.0,0.0,0.0,0.0
685,1521988774,60599957,0.0,0.0,0.0,0.0,0.0,0.0
686,1521988774,70613087,0.0,0.0,0.0,0.0,0.0,0.0
687,1521988774,80599986,0.0,0.0,0.0,0.0,0.0,0.0
688,1521988774,90614400,0.0,0.0,0.0,0.0,0.0,0.0
689,1521988774,100601046,0.0,0.0,0.0,0.0,0.0,0.0
690,1521988774,110610083,0.0,0.0,0.0,0.0,0.0,0.0
691,1521988774,120600303,0.0,0.0,0.0,0.0,0.0,0.0
692,1521988774,130612092,0.0,0.0,0.0,0.0,0.0,0.0
693,1521988774,140600023,0.0,0.0,0.0,0.0,0.0,0.0
694,1521988774,150613159,0.0,0.0,0.0,0.0,0.0,0.0
695,1521988774,160601357,0.0,0.0,0.0,0.0,0.0,0.0
696,1521988774,170609670,0.0,0.0,0.0,0.0,0.0,0.0
697,1521988774,180599812,0.0,0.0,0.0,0.0,0.0,0.0
698,1521988774,190609218,0.0,0.0,0.0,0.0,0.0,0.0
699,1521988774,200605457,0.0,0.0,0.0,0.0,0.0,0.0
700,1521988774,210609678,0.0,0.0,0.0,0.0,0.0,0.0
701,1521988774,220600601,0.0,0.0,0.0,0.0,0.0,0.0
702,1521988774,230607230,0.0,0.0,0.0,0.0,0.0,0.0
703,1521988774,240599619,0.0,0.0,0.0,0.0,0.0,0.0
704,1521988774,250612612,0.0,0.0,0.0,0.0,0.0,0.0
705,1521988774,260601932,0.0,0.0,0.0,0.0,0.0,0.0
706,1521988774,270614504,0.0,0.0,0.0,0.0,0.0,0.0
707,1521988774,280601148,0.0,0.0,0.0,0.0,0.0,0.0
708,1521988774,290610856,0.0,0.0,0.0,0.0,0.0,0.0
709,1521988774,300603232,0.0,0.0,0.0,0.0,0.0,0.0
710,1521988774,310610998,0.0,0.0,0.0,0.0,0.0,0.0
711,1521988774,320599325,0.0,0.0,0.0,0.0,0.0,0.0
712,1521988774,330622866,0.0,0.0,0.0,0.0,0.0,0.0
713,1521988774,340603662,0.0,0.0,0.0,0.0,0.0,0.0
714,1521988774,350612455,0.0,0.0,0.0,0.0,0.0,0.0
715,1521988774,360610637,0.0,0.0,0.0,0.0,0.0,0.0
716,1521988774,370625895,0.0,0.0,0.0,0.0,0.0,0.0
717,1521988774,380606840,0.0,0.0,0.0,0.0,0.0,0.0
718,1521988774,390622110,0.0,0.0,0.0,0.0,0.0,0.0
719,1521988774,400606044,0.0,0.0,0.0,0.0,0.0,0.0
720,1521988774,410618983,0.0,0.0,0.0,0.0,0.0,0.0
721,1521988774,420607945,0.0,0.0,0.0,0.0,0.0,0.0
722,1521988774,430619164,0.0,0.0,0.0,0.0,0.0,0.0
723,1521988774,440607961,0.0,0.0,0.0,0.0,0.0,0.0
724,1521988774,450616003,0.0,0.0,0.0,0.0,0.0,0.0
725,1521988774,460602806,0.0,0.0,0.0,0.0,0.0,0.0
726,1521988774,470612475,0.0,0.0,0.0,0.0,0.0,0.0
727,1521988774,480603422,0.0,0.0,0.0,0.0,0.0,0.0
728,1521988774,490615849,0.0,0.0,0.0,0.0,0.0,0.0
729,1521988774,500602622,0.0,0.0,0.0,0.0,0.0,0.0
730,1521988774,510611547,0.0,0.0,0.0,0.0,0.0,0.0
731,1521988774,520603592,0.0,0.0,0.0,0.0,0.0,0.0
732,1521988774,530610893,0.0,0.0,0.0,0.0,0.0,0.0
733,1521988774,540602155,0.0,0.0,0.0,0.0,0.0,0.0
734,1521988774,550603196,0.0,0.0,0.0,0.0,0.0,0.0
735,1521988774,560599362,0.0,0.0,0.0,0.0,0.0,0.0
736,1521988774,570611148,0.0,0.0,0.0,0.0,0.0,0.0
737,1521988774,580599340,0.0,0.0,0.0,0.0,0.0,0.0
738,1521988774,590607288,0.0,0.0,0.0,0.0,0.0,0.0
739,1521988774,600600192,0.0,0.0,0.0,0.0,0.0,0.0
740,1521988774,610611100,0.0,0.0,0.0,0.0,0.0,0.0
741,1521988774,620599189,0.0,0.0,0.0,0.0,0.0,0.0
742,1521988774,630610523,0.0,0.0,0.0,0.0,0.0,0.0
743,1521988774,640600497,0.0,0.0,0.0,0.0,0.0,0.0
744,1521988774,650608558,0.0,0.0,0.0,0.0,0.0,0.0
745,1521988774,660599526,0.0,0.0,0.0,0.0,0.0,0.0
746,1521988774,670611134,0.0,0.0,0.0,0.0,0.0,0.0
747,1521988774,680599257,0.0,0.0,0.0,0.0,0.0,0.0
748,1521988774,690608966,0.0,0.0,0.0,0.0,0.0,0.0
749,1521988774,700600060,0.0,0.0,0.0,0.0,0.0,0.0
750,1521988774,710610219,0.0,0.0,0.0,0.0,0.0,0.0
751,1521988774,720609667,0.0,0.0,0.0,0.0,0.0,0.0
752,1521988774,730609785,0.0,0.0,0.0,0.0,0.0,0.0
753,1521988774,740601122,0.0,0.0,0.0,0.0,0.0,0.0
754,1521988774,750607507,0.0,0.0,0.0,0.0,0.0,0.0
755,1521988774,760600074,0.0,0.0,0.0,0.0,0.0,0.0
756,1521988774,770609764,0.0,0.0,0.0,0.0,0.0,0.0
757,1521988774,780600453,0.0,0.0,0.0,0.0,0.0,0.0
758,1521988774,790609992,0.0,0.0,0.0,0.0,0.0,0.0
759,1521988774,800601531,0.0,0.0,0.0,0.0,0.0,0.0
760,1521988774,810609937,0.0,0.0,0.0,0.0,0.0,0.0
761,1521988774,820599327,0.0,0.0,0.0,0.0,0.0,0.0
762,1521988774,830608484,0.0,0.0,0.0,0.0,0.0,0.0
763,1521988774,840599224,0.0,0.0,0.0,0.0,0.0,0.0
764,1521988774,850610450,0.0,0.0,0.0,0.0,0.0,0.0
765,1521988774,860601036,0.0,0.0,0.0,0.0,0.0,0.0
766,1521988774,870608806,0.0,0.0,0.0,0.0,0.0,0.0
767,1521988774,880600221,0.0,0.0,0.0,0.0,0.0,0.0
768,1521988774,890622210,0.0,0.0,0.0,0.0,0.0,0.0
