887,1529965067,279219222,0.0,0.0,0.0,0.0,0.0,0.0
888,1529965067,289219074,0.0,0.0,0.0,0.0,0.0,0.0
889,1529965067,299212173,0.0,0.0,0.0,0.0,0.0,0.0
890,1529965067,309229502,0.0,0.0,0.0,0.0,0.0,0.0
891,1529965067,319272447,0.0,0.0,0.0,0.0,0.0,0.0
892,1529965067,329218946,0.0,0.0,0.0,0.0,0.0,0.0
893,1529965067,339215743,0.0,0.0,0.0,0.0,0.0,0.0
894,1529965067,349215823,0.0,0.0,0.0,0.0,0.0,0.0
895,1529965067,359214909,0.0,0.0,0.0,0.0,0.0,0.0
896,1529965067,369371550,0.0,0.0,0.0,0.0,0.0,0.0
897,1529965067,379217334,0.0,0.0,0.0,0.0,0.0,0.0
898,1529965067,389216490,0.0,0.0,0.0,0.0,0.0,0.0
899,1529965067,399214967,0.0,0.0,0.0,0.0,0.0,0.0
900,1529965067,409220428,0.0,0.0,0.0,0.0,0.0,0.0
901,1529965067,419218451,0.0,0.0,0.0,0.0,0.0,0.0
902,1529965067,429210706,0.0,0.0,0.0,0.0,0.0,0.0
903,1529965067,439213169,0.0,0.0,0.0,0.0,0.0,0.0
904,1529965067,449212756,0.0,0.0,0.0,0.0,0.0,0.0
905,1529965067,459219666,0.0,0.0,0.0,0.0,0.0,0.0
906,1529965067,469215094,0.0,0.0,0.0,0.0,0.0,0.0
907,1529965067,479213567,0.0,0.0,0.0,0.0,0.0,0.0
908,1529965067,489210161,0.0,0.0,0.0,0.0,0.0,0.0
909,1529965067,499240181,0.0,0.0,0.0,0.0,0.0,0.0
910,1529965067,509217993,0.0,0.0,0.0,0.0,0.0,0.0
911,1529965067,519214805,0.0,0.0,0.0,0.0,0.0,0.0
912,1529965067,529214421,0.0,0.0,0.0,0.0,0.0,0.0
913,1529965067,539219497,0.0,0.0,0.0,0.0,0.0,0.0
914,1529965067,549221739,0.0,0.0,0.0,0.0,0.0,0.0
915,1529965067,559215793,0.0,0.0,0.0,0.0,0.0,0.0
916,1529965067,569221964,0.0,0.0,0.0,0.0,0.0,0.0
917,1529965067,579211544,0.0,0.0,0.0,0.0,0.0,0.0
918,1529965067,589222529,0.0,0.0,0.0,0.0,0.0,0.0
919,1529965067,599217010,0.0,0.0,0.0,0.0,0.0,0.0
920,1529965067,609218719,0.0,0.0,0.0,0.0,0.0,0.0
921,1529965067,619213325,0.0,0.0,0.0,0.0,0.0,0.0
922,1529965067,629218465,0.0,0.0,0.0,0.0,0.0,0.0
923,1529965067,639218197,0.0,0.0,0.0,0.0,0.0,0.0
924,1529965067,649217822,0.0,0.0,0.0,0.0,0.0,0.0
925,1529965067,659213009,0.0,0.0,0.0,0.0,0.0,0.0
926,1529965067,669214114,0.0,0.0,0.0,0.0,0.0,0.0
927,1529965067,679230513,0.0,0.0,0.0,0.0,0.0,0.0
928,1529965067,689255106,0.0,0.0,0.0,0.0,0.0,0.0
929,1529965067,699215863,0.0,0.0,0.0,0.0,0.0,0.0
930,1529965067,709214009,0.0,0.0,0.0,0.0,0.0,0.0
931,1529965067,719218319,0.0,0.0,0.0,0.0,0.0,0.0
932,1529965067,729219305,0.0,0.0,0.0,0.0,0.0,0.0
933,1529965067,739215434,0.0,0.0,0.0,0.0,0.0,0.0
934,1529965067,749213094,0.0,0.0,0.0,0.0,0.0,0.0
935,1529965067,759219043,0.0,0.0,0.0,0.0,0.0,0.0
936,1529965067,769220464,0.0,0.0,0.0,0.0,0.0,0.0
937,1529965067,779216104,0.0,0.0,0.0,0.0,0.0,0.0
938,1529965067,789224373,0.0,0.0,0.0,0.0,0.0,0.0
939,1529965067,799212391,0.0,0.0,0.0,0.0,0.0,0.0
940,1529965067,809220801,0.0,0.0,0.0,0.0,0.0,0.0
941,1529965067,819216788,0.0,0.0,0.0,0.0,0.0,0.0
942,1529965067,829214023,0.0,0.0,0.0,0.0,0.0,0.0
943,1529965067,839212122,0.0,0.0,0.0,0.0,0.0,0.0
944,1529965067,849219999,0.0,0.0,0.0,0.0,0.0,0.0
945,1529965067,859218823,0.0,0.0,0.0,0.0,0.0,0.0
946,1529965067,869216173,0.0,0.0,0.0,0.0,0.0,0.0
947,1529965067,879213694,0.0,0.0,0.0,0.0,0.0,0.0
948,1529965067,889212402,0.0,0.0,0.0,0.0,0.0,0.0
949,1529965067,899220737,0.0,0.0,0.0,0.0,0.0,0.0
950,1529965067,909212179,0.0,0.0,0.0,0.0,0.0,0.0
951,1529965067,919213920,0.0,0.0,0.0,0.0,0.0,0.0
952,1529965067,929214636,0.0,0.0,0.0,0.0,0.0,0.0
953,1529965067,939228698,0.0,0.0,0.0,0.0,0.0,0.0
954,1529965067,949217452,0.0,0.0,0.0,0.0,0.0,0.0
955,1529965067,959217844,0.0,0.0,0.0,0.0,0.0,0.0
956,1529965067,969212409,0.0,0.0,0.0,0.0,0.0,0.0
957,1529965067,979216937,0.0,0.0,0.0,0.0,0.0,0.0
958,1529965067,989218509,0.0,0.0,0.0,0.0,0.0,0.0
959,1529965067,999214151,0.0,0.0,0.0,0.0,0.0,0.0
960,1529965068,9213473,0.0,0.0,0.0,0.0,0.0,0.0
961,1529965068,19212930,0.0,0.0,0.0,0.0,0.0,0.0
962,1529965068,29223961,0.0,0.0,0.0,0.0,0.0,0.0
963,1529965068,39214589,0.0,0.0,0.0,0.0,0.0,0.0
964,1529965068,49221672,0.0,0.0,0.0,0.0,0.0,0.0
965,1529965068,59214144,0.0,0.0,0.0,0.0,0.0,0.0
966,1529965068,69513223,0.0,0.0,0.0,0.0,0.0,0.0
967,1529965068,79219716,0.0,0.0,0.0,0.0,0.0,0.0
968,1529965068,89225294,0.0,0.0,0.0,0.0,0.0,0.0
969,1529965068,99214277,0.0,0.0,0.0,0.0,0.0,0.0
970,1529965068,109224404,0.0,0.0,0.0,0.0,0.0,0.0
971,1529965068,119229987,0.0,0.0,0.0,0.0,0.0,0.0
972,1529965068,129227070,0.0,0.0,0.0,0.0,0.0,0.0
973,1529965068,139229182,0.0,0.0,0.0,0.0,0.0,0.0
974,1529965068,149226019,0.0,0.0,0.0,0.0,0.0,0.0
975,1529965068,164767323,0.0,0.0,0.0,0.0,0.0,0.0
976,1529965068,169231182,0.0,0.0,0.0,0.0,0.0,0.0
977,1529965068,179213758,0.0,0.0,0.0,0.0,0.0,0.0
978,1529965068,189212047,0.0,0.0,0.0,0.0,0.0,0.0
979,1529965068,199223588,0.0,0.0,0.0,0.0,0.0,0.0
980,1529965068,209229660,107.0,107.0,0.0,0.0,0.0,0.0
981,1529965068,219221163,107.0,107.0,0.0,0.0,0.0,0.0
982,1529965068,229223844,132.0,132.0,0.0,0.0,0.0,0.0
983,1529965068,239222219,132.0,132.0,0.0,0.0,0.0,0.0
984,1529965068,249242374,154.0,154.0,0.0,0.0,0.0,0.0
985,1529965068,259227637,154.0,154.0,0.0,0.0,0.0,0.0
986,1529965068,269249136,171.0,171.0,0.0,0.0,0.0,0.0
987,1529965068,279230633,171.0,171.0,0.0,0.0,0.0,0.0
988,1529965068,289240550,177.0,177.0,0.0,0.0,0.0,0.0
989,1529965068,299225423,177.0,177.0,0.0,0.0,0.0,0.0
990,1529965068,309232221,183.0,183.0,0.0,0.0,0.0,0.0
991,1529965068,319255374,183.0,183.0,0.0,0.0,0.0,0.0
992,1529965068,329233070,189.0,189.0,0.0,0.0,0.0,0.0
993,1529965068,339224955,189.0,189.0,0.0,0.0,0.0,0.0
994,1529965068,349233665,193.0,193.0,0.0,0.0,0.0,0.0
995,1529965068,359232939,193.0,193.0,0.0,0.0,0.0,0.0
996,1529965068,369223049,195.0,195.0,0.0,0.0,0.0,0.0
997,1529965068,379223650,195.0,195.0,0.0,0.0,0.0,0.0
998,1529965068,389223371,196.0,196.0,0.0,0.0,0.0,0.0
999,1529965068,399218723,196.0,196.0,0.0,0.0,0.0,0.0
1000,1529965068,409217037,196.0,196.0,0.0,0.0,0.0,0.0
1001,1529965068,419227238,196.0,196.0,0.0,0.0,0.0,0.0
1002,1529965068,429227695,197.0,197.0,0.0,0.0,0.0,0.0
1003,1529965068,439243983,197.0,197.0,0.0,0.0,0.0,0.0
1004,1529965068,449221387,197.0,197.0,0.0,0.0,0.0,0.0
1005,1529965068,459232628,197.0,197.0,0.0,0.0,0.0,0.0
1006,1529965068,469223164,197.0,197.0,0.0,0.0,0.0,0.0
1007,1529965068,479221431,197.0,197.0,0.0,0.0,0.0,0.0
1008,1529965068,489218361,197.0,197.0,0.0,0.0,0.0,0.0
1009,1529965068,499220932,197.0,197.0,0.0,0.0,0.0,0.0
1010,1529965068,509228447,197.0,197.0,0.0,0.0,0.0,0.0
1011,1529965068,519229145,197.0,197.0,0.0,0.0,0.0,0.0
1012,1529965068,529220365,197.0,197.0,0.0,0.0,0.0,0.0
1013,1529965068,539221478,197.0,197.0,0.0,0.0,0.0,0.0
1014,1529965068,549236133,197.0,197.0,0.0,0.0,0.0,0.0
1015,1529965068,559229367,197.0,197.0,0.0,0.0,0.0,0.0
1016,1529965068,569224108,197.0,197.0,0.0,0.0,0.0,0.0
1017,1529965068,579223096,197.0,197.0,0.0,0.0,0.0,0.0
1018,1529965068,589228328,197.0,197.0,0.0,0.0,0.0,0.0
1019,1529965068,599231837,197.0,197.0,0.0,0.0,0.0,0.0
1020,1529965068,609231548,197.0,197.0,0.0,0.0,0.0,0.0
1021,1529965068,619223951,197.0,197.0,0.0,0.0,0.0,0.0
1022,1529965068,629242241,197.0,197.0,0.0,0.0,0.0,0.0
1023,1529965068,639240324,197.0,197.0,0.0,0.0,0.0,0.0
1024,1529965068,649226774,197.0,197.0,0.0,0.0,0.0,0.0
1025,1529965068,659222462,197.0,197.0,0.0,0.0,0.0,0.0
1026,1529965068,669219741,197.0,197.0,0.0,0.0,0.0,0.0
1027,1529965068,679229948,197.0,197.0,0.0,0.0,0.0,0.0
1028,1529965068,689233622,197.0,197.0,0.0,0.0,0.0,0.0
1029,1529965068,699223548,197.0,197.0,0.0,0.0,0.0,0.0
1030,1529965068,709222240,197.0,197.0,0.0,0.0,0.0,0.0
1031,1529965068,719230809,197.0,197.0,0.0,0.0,0.0,0.0
1032,1529965068,729235723,197.0,197.0,0.0,0.0,0.0,0.0
1033,1529965068,739226516,197.0,197.0,0.0,0.0,0.0,0.0
1034,1529965068,749242676,197.0,197.0,0.0,0.0,0.0,0.0
1035,1529965068,759230208,197.0,197.0,0.0,0.0,0.0,0.0
1036,1529965068,769236050,197.0,197.0,0.0,0.0,0.0,0.0
1037,1529965068,779231331,197.0,197.0,0.0,0.0,0.0,0.0
1038,1529965068,789235934,197.0,197.0,0.0,0.0,0.0,0.0
1039,1529965068,799222368,197.0,197.0,0.0,0.0,0.0,0.0
1040,1529965068,809231634,197.0,197.0,0.0,0.0,0.0,0.0
1041,1529965068,819223662,197.0,197.0,0.0,0.0,0.0,0.0
1042,1529965068,829221116,197.0,197.0,0.0,0.0,0.0,0.0
1043,1529965068,839221800,197.0,197.0,0.0,0.0,0.0,0.0
1044,1529965068,849221479,197.0,197.0,0.0,0.0,0.0,0.0
1045,1529965068,859234104,197.0,197.0,0.0,0.0,0.0,0.0
1046,1529965068,869228834,197.0,197.0,0.0,0.0,0.0,0.0
1047,1529965068,879237914,197.0,197.0,0.0,0.0,0.0,0.0
1048,1529965068,889229962,197.0,197.0,0.0,0.0,0.0,0.0
1049,1529965068,899242637,197.0,197.0,0.0,0.0,0.0,0.0
1050,1529965068,909232782,197.0,197.0,0.0,0.0,0.0,0.0
1051,1529965068,919231595,197.0,197.0,0.0,0.0,0.0,0.0
1052,1529965068,929230246,197.0,197.0,0.0,0.0,0.0,0.0
1053,1529965068,939225252,197.0,197.0,0.0,0.0,0.0,0.0
1054,1529965068,949222973,197.0,197.0,0.0,0.0,0.0,0.0
1055,1529965068,959221761,197.0,197.0,0.0,0.0,0.0,0.0
1056,1529965068,969221863,197.0,197.0,0.0,0.0,0.0,0.0
1057,1529965068,979220743,197.0,197.0,0.0,0.0,0.0,0.0
1058,1529965068,989225860,196.0,196.0,0.0,0.0,0.0,0.0
1059,1529965068,999223456,196.0,196.0,0.0,0.0,0.0,0.0
1060,1529965069,9223481,195.0,195.0,0.0,0.0,0.0,0.0
1061,1529965069,19221415,195.0,195.0,0.0,0.0,0.0,0.0
1062,1529965069,29227437,193.0,193.0,0.0,0.0,0.0,0.0
1063,1529965069,39223040,193.0,193.0,0.0,0.0,0.0,0.0
1064,1529965069,49234250,192.0,192.0,0.0,0.0,0.0,0.0
1065,1529965069,59218242,192.0,192.0,0.0,0.0,0.0,0.0
1066,1529965069,69223645,190.0,190.0,0.0,0.0,0.0,0.0
1067,1529965069,79225335,190.0,190.0,0.0,0.0,0.0,0.0
1068,1529965069,89219697,189.0,189.0,0.0,0.0,0.0,0.0
1069,1529965069,99222007,189.0,189.0,0.0,0.0,0.0,0.0
1070,1529965069,109218028,189.0,189.0,0.0,0.0,0.0,0.0
1071,1529965069,119234337,189.0,189.0,0.0,0.0,0.0,0.0
1072,1529965069,129224000,189.0,189.0,0.0,0.0,0.0,0.0
1073,1529965069,139222507,189.0,189.0,0.0,0.0,0.0,0.0
1074,1529965069,149219613,189.0,189.0,0.0,0.0,0.0,0.0
1075,1529965069,159225569,189.0,189.0,0.0,0.0,0.0,0.0
1076,1529965069,169221782,189.0,184.0,0.0,0.0,0.0,0.0
1077,1529965069,179223964,189.0,184.0,0.0,0.0,0.0,0.0
1078,1529965069,189219972,190.0,177.0,0.0,0.0,0.0,0.0
1079,1529965069,199223367,190.0,177.0,0.0,0.0,0.0,0.0
1080,1529965069,209228263,190.0,170.0,0.0,0.0,0.0,0.0
1081,1529965069,219221447,190.0,170.0,0.0,0.0,0.0,0.0
1082,1529965069,229225771,192.0,163.0,0.0,0.0,0.0,0.0
1083,1529965069,239219904,192.0,163.0,0.0,0.0,0.0,0.0
1084,1529965069,249236642,196.0,149.0,0.0,0.0,0.0,0.0
1085,1529965069,259222666,196.0,149.0,0.0,0.0,0.0,0.0
1086,1529965069,269218866,198.0,143.0,0.0,0.0,0.0,0.0
1087,1529965069,279220693,198.0,143.0,0.0,0.0,0.0,0.0
1088,1529965069,289228460,207.0,125.0,0.0,0.0,0.0,0.0
1089,1529965069,299223482,207.0,125.0,0.0,0.0,0.0,0.0
1090,1529965069,309221842,216.0,112.0,0.0,0.0,0.0,0.0
1091,1529965069,319221869,216.0,112.0,0.0,0.0,0.0,0.0
1092,1529965069,329222274,225.0,99.0,0.0,0.0,0.0,0.0
1093,1529965069,339224195,225.0,99.0,0.0,0.0,0.0,0.0
1094,1529965069,349222651,225.0,99.0,0.0,0.0,0.0,0.0
1095,1529965069,359221506,235.0,87.0,0.0,0.0,0.0,0.0
1096,1529965069,369218345,246.0,74.0,0.0,0.0,0.0,0.0
1097,1529965069,379236331,246.0,74.0,0.0,0.0,0.0,0.0
1098,1529965069,389225731,261.0,58.0,0.0,0.0,0.0,0.0
1099,1529965069,399221423,261.0,58.0,0.0,0.0,0.0,0.0
1100,1529965069,409218057,277.0,40.0,0.0,0.0,0.0,0.0
1101,1529965069,419242010,277.0,40.0,0.0,0.0,0.0,0.0
1102,1529965069,429234854,298.0,19.0,0.0,0.0,0.0,0.0
1103,1529965069,439222734,298.0,19.0,0.0,0.0,0.0,0.0
1104,1529965069,449221786,319.0,-1.0,0.0,0.0,0.0,0.0
1105,1529965069,459222189,319.0,-1.0,0.0,0.0,0.0,0.0
1106,1529965069,469223430,339.0,-20.0,0.0,0.0,0.0,0.0
1107,1529965069,479221416,339.0,-20.0,0.0,0.0,0.0,0.0
1108,1529965069,489220955,353.0,-34.0,0.0,0.0,0.0,0.0
1109,1529965069,499220526,353.0,-34.0,0.0,0.0,0.0,0.0
1110,1529965069,509228637,356.0,-38.0,0.0,0.0,0.0,0.0
1111,1529965069,519220048,356.0,-38.0,0.0,0.0,0.0,0.0
1112,1529965069,529224112,360.0,-41.0,0.0,0.0,0.0,0.0
1113,1529965069,539221201,360.0,-41.0,0.0,0.0,0.0,0.0
1114,1529965069,549217688,361.0,-42.0,0.0,0.0,0.0,0.0
1115,1529965069,559226973,361.0,-42.0,0.0,0.0,0.0,0.0
1116,1529965069,569227966,361.0,-42.0,0.0,0.0,0.0,0.0
1117,1529965069,579223776,361.0,-43.0,0.0,0.0,0.0,0.0
1118,1529965069,589231962,361.0,-44.0,0.0,0.0,0.0,0.0
1119,1529965069,599224920,361.0,-44.0,0.0,0.0,0.0,0.0
1120,1529965069,609223962,358.0,-42.0,0.0,0.0,0.0,0.0
1121,1529965069,619222579,358.0,-42.0,0.0,0.0,0.0,0.0
1122,1529965069,629220514,338.0,-25.0,0.0,0.0,0.0,0.0
1123,1529965069,639232453,338.0,-25.0,0.0,0.0,0.0,0.0
1124,1529965069,649251755,313.0,-4.0,0.0,0.0,0.0,0.0
1125,1529965069,659228429,313.0,-4.0,0.0,0.0,0.0,0.0
1126,1529965069,669229267,280.0,24.0,0.0,0.0,0.0,0.0
1127,1529965069,679223359,280.0,24.0,0.0,0.0,0.0,0.0
1128,1529965069,689224618,246.0,58.0,0.0,0.0,0.0,0.0
1129,1529965069,699219527,246.0,58.0,0.0,0.0,0.0,0.0
1130,1529965069,709220752,212.0,91.0,0.0,0.0,0.0,0.0
1131,1529965069,719217281,212.0,91.0,0.0,0.0,0.0,0.0
1132,1529965069,729235023,184.0,122.0,0.0,0.0,0.0,0.0
1133,1529965069,739224259,184.0,122.0,0.0,0.0,0.0,0.0
1134,1529965069,749223280,168.0,156.0,0.0,0.0,0.0,0.0
1135,1529965069,759219215,168.0,156.0,0.0,0.0,0.0,0.0
1136,1529965069,769225279,163.0,163.0,0.0,0.0,0.0,0.0
1137,1529965069,779223946,163.0,163.0,0.0,0.0,0.0,0.0
1138,1529965069,789222533,158.0,158.0,0.0,0.0,0.0,0.0
1139,1529965069,799218855,158.0,158.0,0.0,0.0,0.0,0.0
1140,1529965069,809220505,154.0,154.0,0.0,0.0,0.0,0.0
1141,1529965069,819224825,154.0,154.0,0.0,0.0,0.0,0.0
1142,1529965069,829224187,152.0,152.0,0.0,0.0,0.0,0.0
1143,1529965069,839219133,152.0,152.0,0.0,0.0,0.0,0.0
1144,1529965069,849217144,151.0,151.0,0.0,0.0,0.0,0.0
1145,1529965069,859228956,151.0,151.0,0.0,0.0,0.0,0.0
1146,1529965069,869223974,151.0,151.0,0.0,0.0,0.0,0.0
1147,1529965069,879222324,149.0,149.0,0.0,0.0,0.0,0.0
1148,1529965069,889224293,149.0,149.0,0.0,0.0,0.0,0.0
1149,1529965069,899231298,149.0,149.0,0.0,0.0,0.0,0.0
1150,1529965069,909220339,149.0,149.0,0.0,0.0,0.0,0.0
1151,1529965069,919222037,149.0,149.0,0.0,0.0,0.0,0.0
1152,1529965069,929220183,149.0,149.0,0.0,0.0,0.0,0.0
1153,1529965069,939221070,149.0,149.0,0.0,0.0,0.0,0.0
1154,1529965069,949284369,149.0,149.0,0.0,0.0,0.0,0.0
1155,1529965069,959221235,149.0,149.0,0.0,0.0,0.0,0.0
1156,1529965069,969221625,149.0,149.0,0.0,0.0,0.0,0.0
1157,1529965069,979224914,149.0,149.0,0.0,0.0,0.0,0.0
1158,1529965069,989236081,149.0,149.0,0.0,0.0,0.0,0.0
1159,1529965069,999225471,149.0,149.0,0.0,0.0,0.0,0.0
1160,1529965070,9222616,150.0,150.0,0.0,0.0,0.0,0.0
1161,1529965070,19220169,150.0,150.0,0.0,0.0,0.0,0.0
1162,1529965070,29224949,151.0,151.0,0.0,0.0,0.0,0.0
1163,1529965070,39231158,151.0,151.0,0.0,0.0,0.0,0.0
1164,1529965070,49218837,152.0,152.0,0.0,0.0,0.0,0.0
1165,1529965070,59219146,152.0,152.0,0.0,0.0,0.0,0.0
1166,1529965070,69221574,152.0,152.0,0.0,0.0,0.0,0.0
1167,1529965070,79270751,152.0,152.0,0.0,0.0,0.0,0.0
1168,1529965070,89222587,153.0,153.0,0.0,0.0,0.0,0.0
1169,1529965070,99232171,153.0,153.0,0.0,0.0,0.0,0.0
1170,1529965070,109219743,154.0,154.0,0.0,0.0,0.0,0.0
1171,1529965070,119226984,154.0,154.0,0.0,0.0,0.0,0.0
1172,1529965070,129225432,155.0,155.0,0.0,0.0,0.0,0.0
1173,1529965070,139219789,155.0,155.0,0.0,0.0,0.0,0.0
1174,1529965070,149226830,156.0,156.0,0.0,0.0,0.0,0.0
1175,1529965070,159227244,156.0,156.0,0.0,0.0,0.0,0.0
1176,1529965070,169220578,156.0,156.0,0.0,0.0,0.0,0.0
1177,1529965070,179221624,156.0,156.0,0.0,0.0,0.0,0.0
1178,1529965070,189220790,156.0,156.0,0.0,0.0,0.0,0.0
1179,1529965070,199226454,156.0,156.0,0.0,0.0,0.0,0.0
1180,1529965070,209226308,157.0,157.0,0.0,0.0,0.0,0.0
1181,1529965070,219238755,157.0,157.0,0.0,0.0,0.0,0.0
1182,1529965070,229221183,157.0,157.0,0.0,0.0,0.0,0.0
1183,1529965070,239222434,157.0,157.0,0.0,0.0,0.0,0.0
1184,1529965070,249224575,157.0,157.0,0.0,0.0,0.0,0.0
1185,1529965070,259221357,157.0,157.0,0.0,0.0,0.0,0.0
1186,1529965070,269188658,157.0,157.0,0.0,0.0,0.0,0.0
1187,1529965070,279219726,157.0,157.0,0.0,0.0,0.0,0.0
1188,1529965070,289219735,157.0,157.0,0.0,0.0,0.0,0.0
1189,1529965070,299224077,157.0,157.0,0.0,0.0,0.0,0.0
1190,1529965070,309221505,158.0,158.0,0.0,0.0,0.0,0.0
1191,1529965070,319219881,158.0,158.0,0.0,0.0,0.0,0.0
1192,1529965070,329219482,159.0,159.0,0.0,0.0,0.0,0.0
1193,1529965070,339226633,159.0,159.0,0.0,0.0,0.0,0.0
1194,1529965070,349223588,160.0,160.0,0.0,0.0,0.0,0.0
1195,1529965070,359221334,160.0,160.0,0.0,0.0,0.0,0.0
1196,1529965070,369220841,161.0,161.0,0.0,0.0,0.0,0.0
1197,1529965070,379228639,161.0,161.0,0.0,0.0,0.0,0.0
1198,1529965070,389228614,162.0,162.0,0.0,0.0,0.0,0.0
1199,1529965070,399227214,162.0,162.0,0.0,0.0,0.0,0.0
1200,1529965070,409225490,162.0,162.0,0.0,0.0,0.0,0.0
1201,1529965070,419220009,162.0,162.0,0.0,0.0,0.0,0.0
1202,1529965070,429230718,163.0,163.0,0.0,0.0,0.0,0.0
1203,1529965070,439221296,163.0,163.0,0.0,0.0,0.0,0.0
1204,1529965070,449231179,163.0,163.0,0.0,0.0,0.0,0.0
1205,1529965070,459223612,163.0,163.0,0.0,0.0,0.0,0.0
1206,1529965070,469228310,164.0,164.0,0.0,0.0,0.0,0.0
1207,1529965070,479221129,164.0,164.0,0.0,0.0,0.0,0.0
1208,1529965070,489220111,165.0,165.0,0.0,0.0,0.0,0.0
1209,1529965070,499219247,165.0,165.0,0.0,0.0,0.0,0.0
1210,1529965070,509220272,167.0,167.0,0.0,0.0,0.0,0.0
1211,1529965070,519226188,167.0,167.0,0.0,0.0,0.0,0.0
1212,1529965070,529221716,170.0,170.0,0.0,0.0,0.0,0.0
1213,1529965070,539253587,170.0,170.0,0.0,0.0,0.0,0.0
1214,1529965070,549219339,172.0,172.0,0.0,0.0,0.0,0.0
1215,1529965070,559223795,172.0,172.0,0.0,0.0,0.0,0.0
1216,1529965070,569227783,175.0,175.0,0.0,0.0,0.0,0.0
1217,1529965070,579223959,175.0,175.0,0.0,0.0,0.0,0.0
1218,1529965070,589228434,176.0,176.0,0.0,0.0,0.0,0.0
1219,1529965070,599223578,176.0,176.0,0.0,0.0,0.0,0.0
1220,1529965070,609233277,177.0,177.0,0.0,0.0,0.0,0.0
1221,1529965070,619220686,177.0,177.0,0.0,0.0,0.0,0.0
1222,1529965070,629224549,180.0,180.0,0.0,0.0,0.0,0.0
1223,1529965070,639221337,180.0,180.0,0.0,0.0,0.0,0.0
1224,1529965070,649241122,182.0,182.0,0.0,0.0,0.0,0.0
1225,1529965070,659224088,182.0,182.0,0.0,0.0,0.0,0.0
1226,1529965070,669220540,183.0,183.0,0.0,0.0,0.0,0.0
1227,1529965070,679219249,183.0,183.0,0.0,0.0,0.0,0.0
1228,1529965070,689240356,185.0,185.0,0.0,0.0,0.0,0.0
1229,1529965070,699222542,185.0,185.0,0.0,0.0,0.0,0.0
1230,1529965070,709228525,186.0,186.0,0.0,0.0,0.0,0.0
1231,1529965070,719221423,186.0,186.0,0.0,0.0,0.0,0.0
1232,1529965070,729224135,187.0,187.0,0.0,0.0,0.0,0.0
1233,1529965070,739223383,187.0,187.0,0.0,0.0,0.0,0.0
1234,1529965070,749228465,188.0,188.0,0.0,0.0,0.0,0.0
1235,1529965070,759238815,188.0,188.0,0.0,0.0,0.0,0.0
1236,1529965070,769226288,188.0,188.0,0.0,0.0,0.0,0.0
1237,1529965070,779226384,188.0,188.0,0.0,0.0,0.0,0.0
1238,1529965070,789225517,189.0,189.0,0.0,0.0,0.0,0.0
1239,1529965070,799221750,189.0,189.0,0.0,0.0,0.0,0.0
1240,1529965070,809222806,190.0,190.0,0.0,0.0,0.0,0.0
1241,1529965070,819232431,190.0,190.0,0.0,0.0,0.0,0.0
1242,1529965070,829227433,190.0,190.0,0.0,0.0,0.0,0.0
1243,1529965070,839223472,190.0,190.0,0.0,0.0,0.0,0.0
1244,1529965070,849238472,175.0,192.0,0.0,0.0,0.0,0.0
1245,1529965070,859219892,175.0,192.0,0.0,0.0,0.0,0.0
1246,1529965070,869255655,170.0,193.0,0.0,0.0,0.0,0.0
1247,1529965070,879229513,170.0,193.0,0.0,0.0,0.0,0.0
1248,1529965070,889222809,164.0,194.0,0.0,0.0,0.0,0.0
1249,1529965070,899224673,164.0,194.0,0.0,0.0,0.0,0.0
1250,1529965070,909235118,157.0,195.0,0.0,0.0,0.0,0.0
1251,1529965070,919232991,157.0,195.0,0.0,0.0,0.0,0.0
1252,1529965070,929221495,151.0,197.0,0.0,0.0,0.0,0.0
1253,1529965070,939225435,151.0,197.0,0.0,0.0,0.0,0.0
1254,1529965070,949223605,145.0,199.0,0.0,0.0,0.0,0.0
1255,1529965070,959226564,145.0,199.0,0.0,0.0,0.0,0.0
1256,1529965070,969221502,145.0,199.0,0.0,0.0,0.0,0.0
1257,1529965070,979221716,141.0,201.0,0.0,0.0,0.0,0.0
1258,1529965070,989222979,137.0,203.0,0.0,0.0,0.0,0.0
1259,1529965070,999225796,137.0,203.0,0.0,0.0,0.0,0.0
1260,1529965071,9222100,137.0,203.0,0.0,0.0,0.0,0.0
1261,1529965071,19227722,137.0,203.0,0.0,0.0,0.0,0.0
1262,1529965071,29218752,136.0,204.0,0.0,0.0,0.0,0.0
1263,1529965071,39225706,136.0,204.0,0.0,0.0,0.0,0.0
1264,1529965071,49230583,135.0,204.0,0.0,0.0,0.0,0.0
1265,1529965071,59265603,135.0,204.0,0.0,0.0,0.0,0.0
1266,1529965071,69219347,135.0,204.0,0.0,0.0,0.0,0.0
1267,1529965071,79234206,135.0,204.0,0.0,0.0,0.0,0.0
1268,1529965071,89225089,134.0,204.0,0.0,0.0,0.0,0.0
1269,1529965071,99224748,134.0,204.0,0.0,0.0,0.0,0.0
1270,1529965071,109220200,134.0,204.0,0.0,0.0,0.0,0.0
1271,1529965071,119239539,134.0,204.0,0.0,0.0,0.0,0.0
1272,1529965071,129227205,134.0,204.0,0.0,0.0,0.0,0.0
1273,1529965071,139240372,134.0,204.0,0.0,0.0,0.0,0.0
1274,1529965071,149225790,135.0,205.0,0.0,0.0,0.0,0.0
1275,1529965071,159235093,135.0,205.0,0.0,0.0,0.0,0.0
1276,1529965071,169233353,135.0,206.0,0.0,0.0,0.0,0.0
1277,1529965071,179229541,135.0,206.0,0.0,0.0,0.0,0.0
1278,1529965071,189236398,135.0,207.0,0.0,0.0,0.0,0.0
1279,1529965071,199221304,135.0,207.0,0.0,0.0,0.0,0.0
1280,1529965071,209220133,135.0,207.0,0.0,0.0,0.0,0.0
1281,1529965071,219226396,135.0,207.0,0.0,0.0,0.0,0.0
1282,1529965071,229226773,134.0,207.0,0.0,0.0,0.0,0.0
1283,1529965071,239219927,134.0,207.0,0.0,0.0,0.0,0.0
1284,1529965071,249217971,134.0,207.0,0.0,0.0,0.0,0.0
1285,1529965071,259244854,134.0,207.0,0.0,0.0,0.0,0.0
1286,1529965071,269228306,134.0,207.0,0.0,0.0,0.0,0.0
1287,1529965071,279221597,134.0,207.0,0.0,0.0,0.0,0.0
1288,1529965071,289218199,134.0,207.0,0.0,0.0,0.0,0.0
1289,1529965071,299233981,134.0,207.0,0.0,0.0,0.0,0.0
1290,1529965071,309224524,134.0,207.0,0.0,0.0,0.0,0.0
1291,1529965071,319221042,134.0,207.0,0.0,0.0,0.0,0.0
1292,1529965071,329218960,134.0,207.0,0.0,0.0,0.0,0.0
1293,1529965071,339220483,134.0,207.0,0.0,0.0,0.0,0.0
1294,1529965071,349223999,134.0,207.0,0.0,0.0,0.0,0.0
1295,1529965071,359224361,134.0,207.0,0.0,0.0,0.0,0.0
1296,1529965071,369222418,134.0,207.0,0.0,0.0,0.0,0.0
1297,1529965071,379228190,134.0,207.0,0.0,0.0,0.0,0.0
1298,1529965071,389234300,134.0,207.0,0.0,0.0,0.0,0.0
1299,1529965071,399229189,134.0,207.0,0.0,0.0,0.0,0.0
1300,1529965071,409227574,134.0,207.0,0.0,0.0,0.0,0.0
1301,1529965071,419244564,134.0,207.0,0.0,0.0,0.0,0.0
1302,1529965071,429229699,134.0,207.0,0.0,0.0,0.0,0.0
1303,1529965071,439226756,134.0,207.0,0.0,0.0,0.0,0.0
1304,1529965071,449221191,134.0,207.0,0.0,0.0,0.0,0.0
1305,1529965071,459219234,134.0,207.0,0.0,0.0,0.0,0.0
1306,1529965071,469218439,134.0,207.0,0.0,0.0,0.0,0.0
1307,1529965071,479246582,134.0,207.0,0.0,0.0,0.0,0.0
1308,1529965071,489235871,134.0,207.0,0.0,0.0,0.0,0.0
1309,1529965071,499232096,134.0,207.0,0.0,0.0,0.0,0.0
1310,1529965071,509224749,134.0,207.0,0.0,0.0,0.0,0.0
1311,1529965071,519223593,134.0,207.0,0.0,0.0,0.0,0.0
1312,1529965071,529232564,133.0,208.0,0.0,0.0,0.0,0.0
1313,1529965071,539224475,133.0,208.0,0.0,0.0,0.0,0.0
1314,1529965071,549219885,133.0,208.0,0.0,0.0,0.0,0.0
1315,1529965071,559221794,133.0,208.0,0.0,0.0,0.0,0.0
1316,1529965071,569229178,132.0,208.0,0.0,0.0,0.0,0.0
1317,1529965071,579222456,132.0,208.0,0.0,0.0,0.0,0.0
1318,1529965071,589221979,132.0,208.0,0.0,0.0,0.0,0.0
1319,1529965071,599221482,132.0,208.0,0.0,0.0,0.0,0.0
1320,1529965071,609228165,132.0,208.0,0.0,0.0,0.0,0.0
1321,1529965071,619224239,132.0,208.0,0.0,0.0,0.0,0.0
1322,1529965071,629223442,132.0,208.0,0.0,0.0,0.0,0.0
1323,1529965071,639231287,132.0,208.0,0.0,0.0,0.0,0.0
1324,1529965071,649229993,132.0,208.0,0.0,0.0,0.0,0.0
1325,1529965071,659234530,132.0,208.0,0.0,0.0,0.0,0.0
1326,1529965071,669225791,132.0,208.0,0.0,0.0,0.0,0.0
1327,1529965071,679186794,132.0,208.0,0.0,0.0,0.0,0.0
1328,1529965071,689220372,132.0,208.0,0.0,0.0,0.0,0.0
1329,1529965071,699229369,133.0,209.0,0.0,0.0,0.0,0.0
1330,1529965071,709221999,133.0,209.0,0.0,0.0,0.0,0.0
1331,1529965071,719219569,133.0,209.0,0.0,0.0,0.0,0.0
1332,1529965071,729220696,133.0,209.0,0.0,0.0,0.0,0.0
1333,1529965071,739240549,133.0,209.0,0.0,0.0,0.0,0.0
1334,1529965071,749226377,133.0,209.0,0.0,0.0,0.0,0.0
1335,1529965071,759214709,133.0,209.0,0.0,0.0,0.0,0.0
1336,1529965071,769220943,133.0,209.0,0.0,0.0,0.0,0.0
1337,1529965071,779219052,134.0,210.0,0.0,0.0,0.0,0.0
1338,1529965071,789225688,134.0,210.0,0.0,0.0,0.0,0.0
1339,1529965071,799223320,134.0,210.0,0.0,0.0,0.0,0.0
1340,1529965071,809217802,134.0,210.0,0.0,0.0,0.0,0.0
1341,1529965071,819221731,134.0,211.0,0.0,0.0,0.0,0.0
1342,1529965071,829234396,134.0,211.0,0.0,0.0,0.0,0.0
1343,1529965071,839238655,134.0,211.0,0.0,0.0,0.0,0.0
1344,1529965071,849225399,134.0,211.0,0.0,0.0,0.0,0.0
1345,1529965071,859221388,136.0,211.0,0.0,0.0,0.0,0.0
1346,1529965071,869221894,137.0,210.0,0.0,0.0,0.0,0.0
1347,1529965071,879233608,137.0,210.0,0.0,0.0,0.0,0.0
1348,1529965071,889220904,137.0,210.0,0.0,0.0,0.0,0.0
1349,1529965071,899220918,140.0,211.0,0.0,0.0,0.0,0.0
1350,1529965071,909219060,140.0,210.0,0.0,0.0,0.0,0.0
1351,1529965071,919237578,140.0,210.0,0.0,0.0,0.0,0.0
1352,1529965071,929224858,140.0,210.0,0.0,0.0,0.0,0.0
1353,1529965071,939222377,143.0,210.0,0.0,0.0,0.0,0.0
1354,1529965071,949218937,143.0,211.0,0.0,0.0,0.0,0.0
1355,1529965071,959225611,143.0,211.0,0.0,0.0,0.0,0.0
1356,1529965071,969220248,143.0,211.0,0.0,0.0,0.0,0.0
1357,1529965071,979221007,144.0,211.0,0.0,0.0,0.0,0.0
1358,1529965071,989219519,145.0,210.0,0.0,0.0,0.0,0.0
1359,1529965071,999221021,145.0,210.0,0.0,0.0,0.0,0.0
1360,1529965072,9225454,145.0,210.0,0.0,0.0,0.0,0.0
1361,1529965072,19181238,146.0,211.0,0.0,0.0,0.0,0.0
1362,1529965072,29219150,147.0,210.0,0.0,0.0,0.0,0.0
1363,1529965072,39219121,147.0,210.0,0.0,0.0,0.0,0.0
1364,1529965072,49236334,147.0,210.0,0.0,0.0,0.0,0.0
1365,1529965072,59233655,148.0,211.0,0.0,0.0,0.0,0.0
1366,1529965072,69238538,150.0,211.0,0.0,0.0,0.0,0.0
1367,1529965072,79221736,150.0,211.0,0.0,0.0,0.0,0.0
1368,1529965072,89226900,150.0,211.0,0.0,0.0,0.0,0.0
1369,1529965072,99228922,151.0,210.0,0.0,0.0,0.0,0.0
1370,1529965072,109223783,152.0,211.0,0.0,0.0,0.0,0.0
1371,1529965072,119224402,152.0,211.0,0.0,0.0,0.0,0.0
1372,1529965072,129221796,152.0,211.0,0.0,0.0,0.0,0.0
1373,1529965072,139227299,153.0,211.0,0.0,0.0,0.0,0.0
1374,1529965072,149239858,153.0,211.0,0.0,0.0,0.0,0.0
1375,1529965072,159237775,153.0,211.0,0.0,0.0,0.0,0.0
1376,1529965072,169232673,153.0,211.0,0.0,0.0,0.0,0.0
1377,1529965072,179222483,153.0,211.0,0.0,0.0,0.0,0.0
1378,1529965072,189230130,153.0,211.0,0.0,0.0,0.0,0.0
1379,1529965072,199220834,153.0,211.0,0.0,0.0,0.0,0.0
1380,1529965072,209222623,153.0,211.0,0.0,0.0,0.0,0.0
1381,1529965072,219223012,154.0,210.0,0.0,0.0,0.0,0.0
1382,1529965072,229247626,156.0,210.0,0.0,0.0,0.0,0.0
1383,1529965072,239227039,156.0,210.0,0.0,0.0,0.0,0.0
1384,1529965072,249220999,156.0,210.0,0.0,0.0,0.0,0.0
1385,1529965072,259218302,161.0,209.0,0.0,0.0,0.0,0.0
1386,1529965072,269237879,169.0,209.0,0.0,0.0,0.0,0.0
1387,1529965072,279222837,169.0,209.0,0.0,0.0,0.0,0.0
1388,1529965072,289225253,169.0,209.0,0.0,0.0,0.0,0.0
1389,1529965072,299217662,188.0,207.0,0.0,0.0,0.0,0.0
1390,1529965072,309223145,195.0,208.0,0.0,0.0,0.0,0.0
1391,1529965072,319230947,195.0,208.0,0.0,0.0,0.0,0.0
1392,1529965072,329236900,195.0,208.0,0.0,0.0,0.0,0.0
1393,1529965072,339235804,201.0,208.0,0.0,0.0,0.0,0.0
1394,1529965072,349234686,205.0,207.0,0.0,0.0,0.0,0.0
1395,1529965072,359227948,205.0,207.0,0.0,0.0,0.0,0.0
1396,1529965072,369226391,205.0,207.0,0.0,0.0,0.0,0.0
1397,1529965072,379219230,205.0,207.0,0.0,0.0,0.0,0.0
1398,1529965072,389220118,205.0,207.0,0.0,0.0,0.0,0.0
1399,1529965072,399223569,205.0,207.0,0.0,0.0,0.0,0.0
1400,1529965072,409223431,205.0,207.0,0.0,0.0,0.0,0.0
1401,1529965072,419219089,207.0,207.0,0.0,0.0,0.0,0.0
1402,1529965072,429220505,207.0,207.0,0.0,0.0,0.0,0.0
1403,1529965072,439235142,207.0,207.0,0.0,0.0,0.0,0.0
1404,1529965072,449238959,207.0,207.0,0.0,0.0,0.0,0.0
1405,1529965072,459230083,207.0,207.0,0.0,0.0,0.0,0.0
1406,1529965072,469229632,207.0,207.0,0.0,0.0,0.0,0.0
1407,1529965072,479221238,207.0,207.0,0.0,0.0,0.0,0.0
1408,1529965072,489223718,207.0,207.0,0.0,0.0,0.0,0.0
1409,1529965072,499222536,207.0,207.0,0.0,0.0,0.0,0.0
1410,1529965072,509221462,207.0,207.0,0.0,0.0,0.0,0.0
1411,1529965072,519221815,207.0,207.0,0.0,0.0,0.0,0.0
1412,1529965072,529222564,207.0,207.0,0.0,0.0,0.0,0.0
1413,1529965072,539226612,207.0,207.0,0.0,0.0,0.0,0.0
1414,1529965072,549222378,207.0,207.0,0.0,0.0,0.0,0.0
1415,1529965072,559221395,207.0,207.0,0.0,0.0,0.0,0.0
1416,1529965072,569217913,207.0,207.0,0.0,0.0,0.0,0.0
1417,1529965072,579318773,207.0,207.0,0.0,0.0,0.0,0.0
1418,1529965072,589219254,207.0,207.0,0.0,0.0,0.0,0.0
1419,1529965072,599223364,207.0,207.0,0.0,0.0,0.0,0.0
1420,1529965072,609220138,207.0,207.0,0.0,0.0,0.0,0.0
1421,1529965072,619225291,207.0,207.0,0.0,0.0,0.0,0.0
1422,1529965072,629225370,207.0,207.0,0.0,0.0,0.0,0.0
1423,1529965072,639221395,207.0,207.0,0.0,0.0,0.0,0.0
1424,1529965072,649221250,207.0,207.0,0.0,0.0,0.0,0.0
1425,1529965072,659220814,208.0,208.0,0.0,0.0,0.0,0.0
1426,1529965072,669228580,208.0,208.0,0.0,0.0,0.0,0.0
1427,1529965072,679221735,208.0,208.0,0.0,0.0,0.0,0.0
1428,1529965072,689219233,208.0,208.0,0.0,0.0,0.0,0.0
1429,1529965072,699222262,208.0,208.0,0.0,0.0,0.0,0.0
1430,1529965072,709231349,208.0,208.0,0.0,0.0,0.0,0.0
1431,1529965072,719232611,208.0,208.0,0.0,0.0,0.0,0.0
1432,1529965072,729228509,208.0,208.0,0.0,0.0,0.0,0.0
1433,1529965072,739234721,208.0,208.0,0.0,0.0,0.0,0.0
1434,1529965072,749231894,208.0,208.0,0.0,0.0,0.0,0.0
1435,1529965072,759239354,208.0,208.0,0.0,0.0,0.0,0.0
1436,1529965072,769223633,208.0,208.0,0.0,0.0,0.0,0.0
1437,1529965072,779219204,208.0,208.0,0.0,0.0,0.0,0.0
1438,1529965072,789222749,208.0,208.0,0.0,0.0,0.0,0.0
1439,1529965072,799239866,208.0,208.0,0.0,0.0,0.0,0.0
1440,1529965072,809245809,208.0,208.0,0.0,0.0,0.0,0.0
1441,1529965072,819280789,209.0,209.0,0.0,0.0,0.0,0.0
1442,1529965072,829237976,209.0,209.0,0.0,0.0,0.0,0.0
1443,1529965072,839226822,209.0,209.0,0.0,0.0,0.0,0.0
1444,1529965072,849222586,209.0,209.0,0.0,0.0,0.0,0.0
1445,1529965072,859221534,210.0,210.0,0.0,0.0,0.0,0.0
1446,1529965072,869229003,211.0,211.0,0.0,0.0,0.0,0.0
1447,1529965072,879224441,211.0,211.0,0.0,0.0,0.0,0.0
1448,1529965072,889227251,211.0,211.0,0.0,0.0,0.0,0.0
1449,1529965072,899223041,211.0,211.0,0.0,0.0,0.0,0.0
1450,1529965072,909228814,212.0,212.0,0.0,0.0,0.0,0.0
1451,1529965072,919221487,212.0,212.0,0.0,0.0,0.0,0.0
1452,1529965072,929230540,212.0,212.0,0.0,0.0,0.0,0.0
1453,1529965072,939225951,212.0,212.0,0.0,0.0,0.0,0.0
1454,1529965072,949237851,212.0,212.0,0.0,0.0,0.0,0.0
1455,1529965072,959225641,212.0,212.0,0.0,0.0,0.0,0.0
1456,1529965072,969228224,212.0,212.0,0.0,0.0,0.0,0.0
1457,1529965072,979234365,213.0,213.0,0.0,0.0,0.0,0.0
1458,1529965072,989224280,213.0,213.0,0.0,0.0,0.0,0.0
1459,1529965072,999221756,213.0,213.0,0.0,0.0,0.0,0.0
1460,1529965073,9222738,213.0,213.0,0.0,0.0,0.0,0.0
1461,1529965073,19227761,214.0,214.0,0.0,0.0,0.0,0.0
1462,1529965073,29221935,214.0,214.0,0.0,0.0,0.0,0.0
1463,1529965073,39206835,214.0,214.0,0.0,0.0,0.0,0.0
1464,1529965073,49221288,214.0,214.0,0.0,0.0,0.0,0.0
1465,1529965073,59224792,214.0,214.0,0.0,0.0,0.0,0.0
1466,1529965073,69224595,215.0,215.0,0.0,0.0,0.0,0.0
1467,1529965073,79217724,215.0,215.0,0.0,0.0,0.0,0.0
1468,1529965073,89222638,215.0,215.0,0.0,0.0,0.0,0.0
1469,1529965073,99218064,216.0,216.0,0.0,0.0,0.0,0.0
1470,1529965073,109226233,216.0,216.0,0.0,0.0,0.0,0.0
1471,1529965073,119227504,216.0,216.0,0.0,0.0,0.0,0.0
1472,1529965073,129232495,216.0,216.0,0.0,0.0,0.0,0.0
1473,1529965073,139220185,217.0,217.0,0.0,0.0,0.0,0.0
1474,1529965073,149241150,217.0,217.0,0.0,0.0,0.0,0.0
1475,1529965073,159224493,217.0,217.0,0.0,0.0,0.0,0.0
1476,1529965073,169223654,217.0,217.0,0.0,0.0,0.0,0.0
1477,1529965073,179221289,218.0,218.0,0.0,0.0,0.0,0.0
1478,1529965073,189224460,219.0,219.0,0.0,0.0,0.0,0.0
1479,1529965073,199224809,219.0,219.0,0.0,0.0,0.0,0.0
1480,1529965073,209218404,219.0,219.0,0.0,0.0,0.0,0.0
1481,1529965073,219217136,220.0,220.0,0.0,0.0,0.0,0.0
1482,1529965073,229222533,221.0,221.0,0.0,0.0,0.0,0.0
1483,1529965073,242223491,221.0,221.0,0.0,0.0,0.0,0.0
1484,1529965073,249224657,221.0,221.0,0.0,0.0,0.0,0.0
1485,1529965073,259220658,222.0,222.0,0.0,0.0,0.0,0.0
1486,1529965073,269222565,223.0,223.0,0.0,0.0,0.0,0.0
1487,1529965073,279238941,223.0,223.0,0.0,0.0,0.0,0.0
1488,1529965073,289229036,223.0,223.0,0.0,0.0,0.0,0.0
1489,1529965073,299220991,224.0,224.0,0.0,0.0,0.0,0.0
1490,1529965073,309220260,224.0,224.0,0.0,0.0,0.0,0.0
1491,1529965073,319259460,224.0,224.0,0.0,0.0,0.0,0.0
1492,1529965073,329233050,224.0,224.0,0.0,0.0,0.0,0.0
1493,1529965073,339237713,224.0,224.0,0.0,0.0,0.0,0.0
1494,1529965073,349226924,225.0,225.0,0.0,0.0,0.0,0.0
1495,1529965073,359226581,225.0,225.0,0.0,0.0,0.0,0.0
1496,1529965073,369231369,225.0,225.0,0.0,0.0,0.0,0.0
1497,1529965073,379233704,225.0,225.0,0.0,0.0,0.0,0.0
1498,1529965073,389231327,225.0,225.0,0.0,0.0,0.0,0.0
1499,1529965073,399238259,225.0,225.0,0.0,0.0,0.0,0.0
1500,1529965073,409231886,225.0,225.0,0.0,0.0,0.0,0.0
1501,1529965073,419241441,226.0,226.0,0.0,0.0,0.0,0.0
1502,1529965073,429237591,227.0,227.0,0.0,0.0,0.0,0.0
1503,1529965073,439248700,227.0,227.0,0.0,0.0,0.0,0.0
1504,1529965073,449237363,227.0,227.0,0.0,0.0,0.0,0.0
1505,1529965073,459224190,228.0,228.0,0.0,0.0,0.0,0.0
1506,1529965073,469220974,228.0,228.0,0.0,0.0,0.0,0.0
1507,1529965073,479223484,228.0,228.0,0.0,0.0,0.0,0.0
1508,1529965073,489222412,228.0,228.0,0.0,0.0,0.0,0.0
1509,1529965073,499231278,228.0,228.0,0.0,0.0,0.0,0.0
1510,1529965073,509222428,228.0,228.0,0.0,0.0,0.0,0.0
1511,1529965073,519218391,228.0,228.0,0.0,0.0,0.0,0.0
1512,1529965073,529218639,228.0,228.0,0.0,0.0,0.0,0.0
1513,1529965073,539228252,228.0,228.0,0.0,0.0,0.0,0.0
1514,1529965073,549225076,228.0,228.0,0.0,0.0,0.0,0.0
1515,1529965073,559223128,228.0,228.0,0.0,0.0,0.0,0.0
1516,1529965073,569220778,228.0,228.0,0.0,0.0,0.0,0.0
1517,1529965073,579221484,228.0,228.0,0.0,0.0,0.0,0.0
1518,1529965073,589245997,228.0,228.0,0.0,0.0,0.0,0.0
1519,1529965073,599221257,228.0,228.0,0.0,0.0,0.0,0.0
1520,1529965073,609221207,228.0,228.0,0.0,0.0,0.0,0.0
1521,1529965073,619220966,228.0,228.0,0.0,0.0,0.0,0.0
1522,1529965073,629237770,228.0,228.0,0.0,0.0,0.0,0.0
1523,1529965073,639237299,228.0,228.0,0.0,0.0,0.0,0.0
1524,1529965073,649235650,228.0,228.0,0.0,0.0,0.0,0.0
1525,1529965073,659234747,229.0,229.0,0.0,0.0,0.0,0.0
1526,1529965073,669231080,229.0,229.0,0.0,0.0,0.0,0.0
1527,1529965073,679226495,229.0,229.0,0.0,0.0,0.0,0.0
1528,1529965073,689232091,229.0,229.0,0.0,0.0,0.0,0.0
1529,1529965073,699237679,229.0,229.0,0.0,0.0,0.0,0.0
1530,1529965073,709240673,229.0,229.0,0.0,0.0,0.0,0.0
1531,1529965073,719240715,229.0,229.0,0.0,0.0,0.0,0.0
1532,1529965073,729237205,229.0,229.0,0.0,0.0,0.0,0.0
1533,1529965073,739229342,229.0,229.0,0.0,0.0,0.0,0.0
1534,1529965073,749239827,229.0,229.0,0.0,0.0,0.0,0.0
1535,1529965073,759233913,229.0,229.0,0.0,0.0,0.0,0.0
1536,1529965073,769243798,229.0,229.0,0.0,0.0,0.0,0.0
1537,1529965073,779228715,229.0,229.0,0.0,0.0,0.0,0.0
1538,1529965073,789236703,230.0,230.0,0.0,0.0,0.0,0.0
1539,1529965073,799235869,230.0,230.0,0.0,0.0,0.0,0.0
1540,1529965073,809233718,230.0,230.0,0.0,0.0,0.0,0.0
1541,1529965073,819238205,230.0,230.0,0.0,0.0,0.0,0.0
1542,1529965073,829222908,231.0,231.0,0.0,0.0,0.0,0.0
1543,1529965073,839222143,231.0,231.0,0.0,0.0,0.0,0.0
1544,1529965073,849235563,231.0,231.0,0.0,0.0,0.0,0.0
1545,1529965073,859225589,231.0,231.0,0.0,0.0,0.0,0.0
1546,1529965073,869222492,231.0,231.0,0.0,0.0,0.0,0.0
1547,1529965073,879221702,231.0,231.0,0.0,0.0,0.0,0.0
1548,1529965073,889229370,231.0,231.0,0.0,0.0,0.0,0.0
1549,1529965073,899227891,231.0,231.0,0.0,0.0,0.0,0.0
1550,1529965073,909219531,232.0,232.0,0.0,0.0,0.0,0.0
1551,1529965073,919225455,232.0,232.0,0.0,0.0,0.0,0.0
1552,1529965073,929225497,232.0,232.0,0.0,0.0,0.0,0.0
1553,1529965073,939221673,233.0,233.0,0.0,0.0,0.0,0.0
1554,1529965073,949219165,233.0,233.0,0.0,0.0,0.0,0.0
1555,1529965073,959221819,233.0,233.0,0.0,0.0,0.0,0.0
1556,1529965073,969222419,233.0,233.0,0.0,0.0,0.0,0.0
1557,1529965073,979230449,233.0,233.0,0.0,0.0,0.0,0.0
1558,1529965073,989219961,233.0,233.0,0.0,0.0,0.0,0.0
1559,1529965073,999221173,233.0,233.0,0.0,0.0,0.0,0.0
1560,1529965074,9222426,233.0,233.0,0.0,0.0,0.0,0.0
1561,1529965074,19231590,233.0,233.0,0.0,0.0,0.0,0.0
1562,1529965074,29234601,233.0,233.0,0.0,0.0,0.0,0.0
1563,1529965074,39223261,233.0,233.0,0.0,0.0,0.0,0.0
1564,1529965074,49230427,233.0,233.0,0.0,0.0,0.0,0.0
1565,1529965074,59239380,233.0,233.0,0.0,0.0,0.0,0.0
1566,1529965074,69234449,233.0,233.0,0.0,0.0,0.0,0.0
1567,1529965074,79246294,233.0,233.0,0.0,0.0,0.0,0.0
1568,1529965074,89229818,233.0,233.0,0.0,0.0,0.0,0.0
1569,1529965074,99229864,233.0,233.0,0.0,0.0,0.0,0.0
1570,1529965074,114218732,233.0,233.0,0.0,0.0,0.0,0.0
1571,1529965074,119236973,233.0,233.0,0.0,0.0,0.0,0.0
1572,1529965074,129218957,233.0,233.0,0.0,0.0,0.0,0.0
1573,1529965074,139220257,233.0,233.0,0.0,0.0,0.0,0.0
1574,1529965074,149231578,233.0,233.0,0.0,0.0,0.0,0.0
1575,1529965074,159226502,233.0,233.0,0.0,0.0,0.0,0.0
1576,1529965074,169219869,233.0,233.0,0.0,0.0,0.0,0.0
1577,1529965074,179243178,233.0,233.0,0.0,0.0,0.0,0.0
1578,1529965074,189223053,233.0,233.0,0.0,0.0,0.0,0.0
1579,1529965074,199223310,233.0,233.0,0.0,0.0,0.0,0.0
1580,1529965074,209222331,233.0,233.0,0.0,0.0,0.0,0.0
1581,1529965074,219219183,233.0,233.0,0.0,0.0,0.0,0.0
1582,1529965074,229217649,233.0,233.0,0.0,0.0,0.0,0.0
1583,1529965074,239225774,233.0,233.0,0.0,0.0,0.0,0.0
1584,1529965074,249220783,233.0,233.0,0.0,0.0,0.0,0.0
1585,1529965074,259216266,233.0,233.0,0.0,0.0,0.0,0.0
1586,1529965074,269219747,233.0,233.0,0.0,0.0,0.0,0.0
1587,1529965074,279220151,233.0,233.0,0.0,0.0,0.0,0.0
1588,1529965074,289220801,233.0,233.0,0.0,0.0,0.0,0.0
1589,1529965074,299221275,233.0,233.0,0.0,0.0,0.0,0.0
1590,1529965074,309224761,233.0,233.0,0.0,0.0,0.0,0.0
1591,1529965074,319219668,233.0,233.0,0.0,0.0,0.0,0.0
1592,1529965074,329222731,233.0,233.0,0.0,0.0,0.0,0.0
1593,1529965074,339224551,233.0,233.0,0.0,0.0,0.0,0.0
1594,1529965074,349230679,233.0,233.0,0.0,0.0,0.0,0.0
1595,1529965074,359220590,233.0,233.0,0.0,0.0,0.0,0.0
1596,1529965074,369218476,233.0,233.0,0.0,0.0,0.0,0.0
1597,1529965074,379219069,233.0,233.0,0.0,0.0,0.0,0.0
1598,1529965074,389219744,233.0,233.0,0.0,0.0,0.0,0.0
1599,1529965074,399222376,233.0,233.0,0.0,0.0,0.0,0.0
1600,1529965074,409231001,233.0,233.0,0.0,0.0,0.0,0.0
1601,1529965074,419221703,233.0,233.0,0.0,0.0,0.0,0.0
1602,1529965074,429224470,233.0,233.0,0.0,0.0,0.0,0.0
1603,1529965074,439231068,233.0,233.0,0.0,0.0,0.0,0.0
1604,1529965074,449218437,233.0,233.0,0.0,0.0,0.0,0.0
1605,1529965074,459228241,233.0,233.0,0.0,0.0,0.0,0.0
1606,1529965074,469221484,233.0,233.0,0.0,0.0,0.0,0.0
1607,1529965074,479219350,233.0,233.0,0.0,0.0,0.0,0.0
1608,1529965074,489221150,233.0,233.0,0.0,0.0,0.0,0.0
1609,1529965074,499235041,233.0,233.0,0.0,0.0,0.0,0.0
1610,1529965074,509230487,233.0,233.0,0.0,0.0,0.0,0.0
1611,1529965074,519228506,233.0,233.0,0.0,0.0,0.0,0.0
1612,1529965074,529228084,233.0,233.0,0.0,0.0,0.0,0.0
1613,1529965074,539275015,233.0,233.0,0.0,0.0,0.0,0.0
1614,1529965074,549230751,233.0,233.0,0.0,0.0,0.0,0.0
1615,1529965074,559223517,233.0,233.0,0.0,0.0,0.0,0.0
1616,1529965074,569221563,233.0,233.0,0.0,0.0,0.0,0.0
1617,1529965074,579219274,233.0,233.0,0.0,0.0,0.0,0.0
1618,1529965074,589239673,233.0,233.0,0.0,0.0,0.0,0.0
1619,1529965074,599222333,233.0,233.0,0.0,0.0,0.0,0.0
1620,1529965074,609221057,233.0,233.0,0.0,0.0,0.0,0.0
1621,1529965074,619217427,233.0,233.0,0.0,0.0,0.0,0.0
1622,1529965074,629228612,233.0,233.0,0.0,0.0,0.0,0.0
1623,1529965074,639224368,233.0,233.0,0.0,0.0,0.0,0.0
1624,1529965074,649222011,233.0,233.0,0.0,0.0,0.0,0.0
1625,1529965074,659230995,233.0,233.0,0.0,0.0,0.0,0.0
1626,1529965074,669224753,233.0,233.0,0.0,0.0,0.0,0.0
1627,1529965074,679228104,233.0,233.0,0.0,0.0,0.0,0.0
1628,1529965074,689234711,233.0,233.0,0.0,0.0,0.0,0.0
1629,1529965074,699220026,233.0,233.0,0.0,0.0,0.0,0.0
1630,1529965074,709223375,233.0,233.0,0.0,0.0,0.0,0.0
1631,1529965074,719224315,233.0,233.0,0.0,0.0,0.0,0.0
1632,1529965074,729227089,233.0,233.0,0.0,0.0,0.0,0.0
1633,1529965074,739224754,233.0,233.0,0.0,0.0,0.0,0.0
1634,1529965074,749218995,233.0,233.0,0.0,0.0,0.0,0.0
1635,1529965074,759220640,233.0,233.0,0.0,0.0,0.0,0.0
1636,1529965074,769227880,233.0,233.0,0.0,0.0,0.0,0.0
1637,1529965074,779224572,233.0,233.0,0.0,0.0,0.0,0.0
1638,1529965074,789189654,233.0,233.0,0.0,0.0,0.0,0.0
1639,1529965074,799227588,233.0,233.0,0.0,0.0,0.0,0.0
1640,1529965074,809239671,233.0,233.0,0.0,0.0,0.0,0.0
1641,1529965074,819229383,233.0,233.0,0.0,0.0,0.0,0.0
1642,1529965074,829234430,233.0,233.0,0.0,0.0,0.0,0.0
1643,1529965074,839232612,233.0,233.0,0.0,0.0,0.0,0.0
1644,1529965074,849223645,233.0,233.0,0.0,0.0,0.0,0.0
1645,1529965074,859245956,233.0,233.0,0.0,0.0,0.0,0.0
1646,1529965074,869228361,233.0,233.0,0.0,0.0,0.0,0.0
1647,1529965074,879222035,233.0,233.0,0.0,0.0,0.0,0.0
1648,1529965074,889222765,233.0,233.0,0.0,0.0,0.0,0.0
1649,1529965074,899231258,233.0,233.0,0.0,0.0,0.0,0.0
1650,1529965074,909222309,233.0,233.0,0.0,0.0,0.0,0.0
1651,1529965074,919226797,233.0,233.0,0.0,0.0,0.0,0.0
1652,1529965074,929218639,233.0,233.0,0.0,0.0,0.0,0.0
1653,1529965074,939223667,233.0,233.0,0.0,0.0,0.0,0.0
1654,1529965074,949222620,232.0,232.0,0.0,0.0,0.0,0.0
1655,1529965074,959222901,232.0,232.0,0.0,0.0,0.0,0.0
1656,1529965074,969220208,232.0,232.0,0.0,0.0,0.0,0.0
1657,1529965074,979236327,230.0,230.0,0.0,0.0,0.0,0.0
1658,1529965074,989241485,228.0,228.0,0.0,0.0,0.0,0.0
1659,1529965074,999233090,228.0,228.0,0.0,0.0,0.0,0.0
1660,1529965075,9234470,228.0,228.0,0.0,0.0,0.0,0.0
1661,1529965075,19233255,224.0,224.0,0.0,0.0,0.0,0.0
1662,1529965075,29241619,220.0,220.0,0.0,0.0,0.0,0.0
1663,1529965075,39242723,220.0,220.0,0.0,0.0,0.0,0.0
1664,1529965075,49220157,220.0,220.0,0.0,0.0,0.0,0.0
1665,1529965075,59219385,216.0,216.0,0.0,0.0,0.0,0.0
1666,1529965075,69229451,213.0,213.0,0.0,0.0,0.0,0.0
1667,1529965075,79225737,213.0,213.0,0.0,0.0,0.0,0.0
1668,1529965075,89219452,213.0,213.0,0.0,0.0,0.0,0.0
1669,1529965075,99220519,211.0,211.0,0.0,0.0,0.0,0.0
1670,1529965075,109220546,207.0,207.0,0.0,0.0,0.0,0.0
1671,1529965075,119223314,207.0,207.0,0.0,0.0,0.0,0.0
1672,1529965075,129220846,207.0,207.0,0.0,0.0,0.0,0.0
1673,1529965075,139219113,206.0,206.0,0.0,0.0,0.0,0.0
1674,1529965075,149219312,204.0,204.0,0.0,0.0,0.0,0.0
1675,1529965075,159225389,204.0,204.0,0.0,0.0,0.0,0.0
1676,1529965075,169223314,204.0,204.0,0.0,0.0,0.0,0.0
1677,1529965075,179218388,200.0,200.0,0.0,0.0,0.0,0.0
1678,1529965075,189233594,196.0,196.0,0.0,0.0,0.0,0.0
1679,1529965075,199227649,196.0,196.0,0.0,0.0,0.0,0.0
1680,1529965075,209236419,196.0,196.0,0.0,0.0,0.0,0.0
1681,1529965075,219222103,191.0,191.0,0.0,0.0,0.0,0.0
1682,1529965075,229226603,186.0,186.0,0.0,0.0,0.0,0.0
1683,1529965075,239221677,186.0,186.0,0.0,0.0,0.0,0.0
1684,1529965075,249225673,186.0,186.0,0.0,0.0,0.0,0.0
1685,1529965075,259225559,181.0,181.0,0.0,0.0,0.0,0.0
1686,1529965075,269217642,177.0,177.0,0.0,0.0,0.0,0.0
1687,1529965075,279220872,177.0,177.0,0.0,0.0,0.0,0.0
1688,1529965075,289258846,177.0,177.0,0.0,0.0,0.0,0.0
1689,1529965075,299233426,173.0,173.0,0.0,0.0,0.0,0.0
1690,1529965075,309241860,169.0,169.0,0.0,0.0,0.0,0.0
1691,1529965075,319223829,169.0,169.0,0.0,0.0,0.0,0.0
1692,1529965075,329233570,169.0,169.0,0.0,0.0,0.0,0.0
1693,1529965075,339224329,168.0,168.0,0.0,0.0,0.0,0.0
1694,1529965075,349228280,163.0,163.0,0.0,0.0,0.0,0.0
1695,1529965075,359221421,163.0,163.0,0.0,0.0,0.0,0.0
1696,1529965075,369220941,163.0,163.0,0.0,0.0,0.0,0.0
1697,1529965075,379233535,159.0,159.0,0.0,0.0,0.0,0.0
1698,1529965075,389222101,155.0,155.0,0.0,0.0,0.0,0.0
1699,1529965075,399224417,155.0,155.0,0.0,0.0,0.0,0.0
1700,1529965075,409231607,155.0,155.0,0.0,0.0,0.0,0.0
1701,1529965075,419227867,151.0,151.0,0.0,0.0,0.0,0.0
1702,1529965075,429225468,151.0,151.0,0.0,0.0,0.0,0.0
1703,1529965075,439221332,147.0,147.0,0.0,0.0,0.0,0.0
1704,1529965075,449223601,147.0,147.0,0.0,0.0,0.0,0.0
1705,1529965075,459226120,143.0,143.0,0.0,0.0,0.0,0.0
1706,1529965075,469226521,139.0,139.0,0.0,0.0,0.0,0.0
1707,1529965075,479231455,139.0,139.0,0.0,0.0,0.0,0.0
1708,1529965075,489222232,139.0,139.0,0.0,0.0,0.0,0.0
1709,1529965075,499220483,134.0,134.0,0.0,0.0,0.0,0.0
1710,1529965075,509236657,129.0,129.0,0.0,0.0,0.0,0.0
1711,1529965075,519245818,129.0,129.0,0.0,0.0,0.0,0.0
1712,1529965075,529232910,129.0,129.0,0.0,0.0,0.0,0.0
1713,1529965075,539232727,124.0,124.0,0.0,0.0,0.0,0.0
1714,1529965075,549229709,118.0,118.0,0.0,0.0,0.0,0.0
1715,1529965075,559224782,118.0,118.0,0.0,0.0,0.0,0.0
1716,1529965075,569223699,118.0,118.0,0.0,0.0,0.0,0.0
1717,1529965075,579231315,113.0,113.0,0.0,0.0,0.0,0.0
1718,1529965075,589225275,107.0,107.0,0.0,0.0,0.0,0.0
1719,1529965075,599225368,107.0,107.0,0.0,0.0,0.0,0.0
1720,1529965075,609225591,107.0,107.0,0.0,0.0,0.0,0.0
1721,1529965075,619221168,102.0,102.0,0.0,0.0,0.0,0.0
1722,1529965075,629220861,96.0,96.0,0.0,0.0,0.0,0.0
1723,1529965075,639224649,96.0,96.0,0.0,0.0,0.0,0.0
1724,1529965075,649221017,96.0,96.0,0.0,0.0,0.0,0.0
1725,1529965075,659221905,0.0,0.0,0.0,0.0,0.0,0.0
1726,1529965075,669217513,0.0,0.0,0.0,0.0,0.0,0.0
1727,1529965075,679241051,0.0,0.0,0.0,0.0,0.0,0.0
1728,1529965075,689222619,0.0,0.0,0.0,0.0,0.0,0.0
1729,1529965075,699215760,0.0,0.0,0.0,0.0,0.0,0.0
1730,1529965075,709217551,0.0,0.0,0.0,0.0,0.0,0.0
1731,1529965075,719232755,0.0,0.0,0.0,0.0,0.0,0.0
1732,1529965075,729220052,0.0,0.0,0.0,0.0,0.0,0.0
1733,1529965075,739219804,0.0,0.0,0.0,0.0,0.0,0.0
1734,1529965075,749220629,0.0,0.0,0.0,0.0,0.0,0.0
1735,1529965075,759221975,0.0,0.0,0.0,0.0,0.0,0.0
1736,1529965075,769225233,0.0,0.0,0.0,0.0,0.0,0.0
1737,1529965075,779217291,0.0,0.0,0.0,0.0,0.0,0.0
1738,1529965075,789190035,0.0,0.0,0.0,0.0,0.0,0.0
1739,1529965075,799215637,0.0,0.0,0.0,0.0,0.0,0.0
1740,1529965075,809223692,0.0,0.0,0.0,0.0,0.0,0.0
1741,1529965075,819219285,0.0,0.0,0.0,0.0,0.0,0.0
1742,1529965075,829222014,0.0,0.0,0.0,0.0,0.0,0.0
1743,1529965075,839213318,0.0,0.0,0.0,0.0,0.0,0.0
1744,1529965075,849216857,0.0,0.0,0.0,0.0,0.0,0.0
1745,1529965075,859216169,0.0,0.0,0.0,0.0,0.0,0.0
1746,1529965075,869214937,0.0,0.0,0.0,0.0,0.0,0.0
1747,1529965075,879215135,0.0,0.0,0.0,0.0,0.0,0.0
1748,1529965075,889219025,0.0,0.0,0.0,0.0,0.0,0.0
1749,1529965075,899248649,0.0,0.0,0.0,0.0,0.0,0.0
1750,1529965075,909216028,0.0,0.0,0.0,0.0,0.0,0.0
1751,1529965075,919216829,0.0,0.0,0.0,0.0,0.0,0.0
1752,1529965075,929215106,0.0,0.0,0.0,0.0,0.0,0.0
1753,1529965075,939233182,0.0,0.0,0.0,0.0,0.0,0.0
1754,1529965075,949217201,0.0,0.0,0.0,0.0,0.0,0.0
1755,1529965075,959217193,0.0,0.0,0.0,0.0,0.0,0.0
1756,1529965075,969213463,0.0,0.0,0.0,0.0,0.0,0.0
1757,1529965075,979215934,0.0,0.0,0.0,0.0,0.0,0.0
1758,1529965075,989220932,0.0,0.0,0.0,0.0,0.0,0.0
1759,1529965075,999215072,0.0,0.0,0.0,0.0,0.0,0.0
1760,1529965076,9213917,0.0,0.0,0.0,0.0,0.0,0.0
1761,1529965076,19217393,0.0,0.0,0.0,0.0,0.0,0.0
1762,1529965076,29225279,0.0,0.0,0.0,0.0,0.0,0.0
1763,1529965076,39219360,0.0,0.0,0.0,0.0,0.0,0.0
1764,1529965076,49214879,0.0,0.0,0.0,0.0,0.0,0.0
1765,1529965076,59212975,0.0,0.0,0.0,0.0,0.0,0.0
1766,1529965076,69220574,0.0,0.0,0.0,0.0,0.0,0.0
1767,1529965076,79216736,0.0,0.0,0.0,0.0,0.0,0.0
1768,1529965076,89206688,0.0,0.0,0.0,0.0,0.0,0.0
1769,1529965076,99214947,0.0,0.0,0.0,0.0,0.0,0.0
1770,1529965076,109211623,0.0,0.0,0.0,0.0,0.0,0.0
1771,1529965076,119222494,0.0,0.0,0.0,0.0,0.0,0.0
1772,1529965076,129216793,0.0,0.0,0.0,0.0,0.0,0.0
1773,1529965076,139221437,0.0,0.0,0.0,0.0,0.0,0.0
1774,1529965076,149219491,0.0,0.0,0.0,0.0,0.0,0.0
1775,1529965076,159222948,0.0,0.0,0.0,0.0,0.0,0.0
1776,1529965076,169221813,0.0,0.0,0.0,0.0,0.0,0.0
1777,1529965076,179213604,0.0,0.0,0.0,0.0,0.0,0.0
1778,1529965076,189215891,0.0,0.0,0.0,0.0,0.0,0.0
1779,1529965076,199219460,0.0,0.0,0.0,0.0,0.0,0.0
1780,1529965076,209218261,0.0,0.0,0.0,0.0,0.0,0.0
1781,1529965076,219212886,0.0,0.0,0.0,0.0,0.0,0.0
1782,1529965076,229214460,0.0,0.0,0.0,0.0,0.0,0.0
1783,1529965076,239212897,0.0,0.0,0.0,0.0,0.0,0.0
1784,1529965076,249221306,0.0,0.0,0.0,0.0,0.0,0.0
1785,1529965076,259216603,0.0,0.0,0.0,0.0,0.0,0.0
1786,1529965076,269185729,0.0,0.0,0.0,0.0,0.0,0.0
1787,1529965076,279214066,0.0,0.0,0.0,0.0,0.0,0.0
1788,1529965076,289224648,0.0,0.0,0.0,0.0,0.0,0.0
1789,1529965076,299225664,0.0,0.0,0.0,0.0,0.0,0.0
1790,1529965076,309218295,0.0,0.0,0.0,0.0,0.0,0.0
1791,1529965076,319212773,0.0,0.0,0.0,0.0,0.0,0.0
1792,1529965076,329218796,0.0,0.0,0.0,0.0,0.0,0.0
1793,1529965076,339225318,0.0,0.0,0.0,0.0,0.0,0.0
1794,1529965076,349214399,0.0,0.0,0.0,0.0,0.0,0.0
1795,1529965076,359215365,0.0,0.0,0.0,0.0,0.0,0.0
1796,1529965076,369212610,0.0,0.0,0.0,0.0,0.0,0.0
1797,1529965076,379246942,0.0,0.0,0.0,0.0,0.0,0.0
1798,1529965076,389220913,0.0,0.0,0.0,0.0,0.0,0.0
1799,1529965076,399217469,0.0,0.0,0.0,0.0,0.0,0.0
1800,1529965076,409219970,0.0,0.0,0.0,0.0,0.0,0.0
1801,1529965076,419216165,0.0,0.0,0.0,0.0,0.0,0.0
1802,1529965076,429219501,0.0,0.0,0.0,0.0,0.0,0.0
1803,1529965076,439226054,0.0,0.0,0.0,0.0,0.0,0.0
1804,1529965076,449227683,0.0,0.0,0.0,0.0,0.0,0.0
1805,1529965076,459212944,0.0,0.0,0.0,0.0,0.0,0.0
1806,1529965076,469219584,0.0,0.0,0.0,0.0,0.0,0.0
1807,1529965076,479223808,0.0,0.0,0.0,0.0,0.0,0.0
1808,1529965076,489214258,0.0,0.0,0.0,0.0,0.0,0.0
1809,1529965076,499219862,0.0,0.0,0.0,0.0,0.0,0.0
1810,1529965076,509222334,0.0,0.0,0.0,0.0,0.0,0.0
1811,1529965076,519214810,0.0,0.0,0.0,0.0,0.0,0.0
1812,1529965076,529216558,0.0,0.0,0.0,0.0,0.0,0.0
1813,1529965076,539217367,0.0,0.0,0.0,0.0,0.0,0.0
1814,1529965076,549216228,0.0,0.0,0.0,0.0,0.0,0.0
1815,1529965076,559226592,0.0,0.0,0.0,0.0,0.0,0.0
1816,1529965076,569218736,0.0,0.0,0.0,0.0,0.0,0.0
1817,1529965076,579214442,0.0,0.0,0.0,0.0,0.0,0.0
1818,1529965076,589213313,0.0,0.0,0.0,0.0,0.0,0.0
1819,1529965076,599223049,0.0,0.0,0.0,0.0,0.0,0.0
