600,1529965138,38285172,0.0,0.0,0.0,0.0,0.0,0.0
601,1529965138,48278796,0.0,0.0,0.0,0.0,0.0,0.0
602,1529965138,58276507,0.0,0.0,0.0,0.0,0.0,0.0
603,1529965138,68289677,0.0,0.0,0.0,0.0,0.0,0.0
604,1529965138,78273487,0.0,0.0,0.0,0.0,0.0,0.0
605,1529965138,88276586,0.0,0.0,0.0,0.0,0.0,0.0
606,1529965138,98272860,0.0,0.0,0.0,0.0,0.0,0.0
607,1529965138,108279375,0.0,0.0,0.0,0.0,0.0,0.0
608,1529965138,118277875,0.0,0.0,0.0,0.0,0.0,0.0
609,1529965138,128277782,0.0,0.0,0.0,0.0,0.0,0.0
610,1529965138,138275122,0.0,0.0,0.0,0.0,0.0,0.0
611,1529965138,148273680,0.0,0.0,0.0,0.0,0.0,0.0
612,1529965138,158282025,0.0,0.0,0.0,0.0,0.0,0.0
613,1529965138,168281414,0.0,0.0,0.0,0.0,0.0,0.0
614,1529965138,178273931,0.0,0.0,0.0,0.0,0.0,0.0
615,1529965138,188276579,0.0,0.0,0.0,0.0,0.0,0.0
616,1529965138,198277160,0.0,0.0,0.0,0.0,0.0,0.0
617,1529965138,208289711,0.0,0.0,0.0,0.0,0.0,0.0
618,1529965138,218285226,0.0,0.0,0.0,0.0,0.0,0.0
619,1529965138,228274774,0.0,0.0,0.0,0.0,0.0,0.0
620,1529965138,238275908,0.0,0.0,0.0,0.0,0.0,0.0
621,1529965138,248282016,0.0,0.0,0.0,0.0,0.0,0.0
622,1529965138,258276983,0.0,0.0,0.0,0.0,0.0,0.0
623,1529965138,268275610,0.0,0.0,0.0,0.0,0.0,0.0
624,1529965138,278274358,0.0,0.0,0.0,0.0,0.0,0.0
625,1529965138,288241149,0.0,0.0,0.0,0.0,0.0,0.0
626,1529965138,298280147,0.0,0.0,0.0,0.0,0.0,0.0
627,1529965138,308275421,0.0,0.0,0.0,0.0,0.0,0.0
628,1529965138,318275440,0.0,0.0,0.0,0.0,0.0,0.0
629,1529965138,328285818,0.0,0.0,0.0,0.0,0.0,0.0
630,1529965138,338281692,0.0,0.0,0.0,0.0,0.0,0.0
631,1529965138,348275334,0.0,0.0,0.0,0.0,0.0,0.0
632,1529965138,358299848,0.0,0.0,0.0,0.0,0.0,0.0
633,1529965138,368276039,0.0,0.0,0.0,0.0,0.0,0.0
634,1529965138,378279134,0.0,0.0,0.0,0.0,0.0,0.0
635,1529965138,388279760,0.0,0.0,0.0,0.0,0.0,0.0
636,1529965138,398275033,0.0,0.0,0.0,0.0,0.0,0.0
637,1529965138,408276199,0.0,0.0,0.0,0.0,0.0,0.0
638,1529965138,418283034,0.0,0.0,0.0,0.0,0.0,0.0
639,1529965138,428275892,0.0,0.0,0.0,0.0,0.0,0.0
640,1529965138,438275362,0.0,0.0,0.0,0.0,0.0,0.0
641,1529965138,448272608,0.0,0.0,0.0,0.0,0.0,0.0
642,1529965138,458276142,0.0,0.0,0.0,0.0,0.0,0.0
643,1529965138,468281598,0.0,0.0,0.0,0.0,0.0,0.0
644,1529965138,478289238,0.0,0.0,0.0,0.0,0.0,0.0
645,1529965138,488275977,0.0,0.0,0.0,0.0,0.0,0.0
646,1529965138,498277286,0.0,0.0,0.0,0.0,0.0,0.0
647,1529965138,508289201,0.0,0.0,0.0,0.0,0.0,0.0
648,1529965138,518278180,0.0,0.0,0.0,0.0,0.0,0.0
649,1529965138,528291583,0.0,0.0,0.0,0.0,0.0,0.0
650,1529965138,538284461,0.0,0.0,0.0,0.0,0.0,0.0
651,1529965138,548293484,0.0,0.0,0.0,0.0,0.0,0.0
652,1529965138,558276381,0.0,0.0,0.0,0.0,0.0,0.0
653,1529965138,568274498,0.0,0.0,0.0,0.0,0.0,0.0
654,1529965138,578274004,0.0,0.0,0.0,0.0,0.0,0.0
655,1529965138,588276425,0.0,0.0,0.0,0.0,0.0,0.0
656,1529965138,598305489,0.0,0.0,0.0,0.0,0.0,0.0
657,1529965138,608278954,0.0,0.0,0.0,0.0,0.0,0.0
658,1529965138,618276507,0.0,0.0,0.0,0.0,0.0,0.0
659,1529965138,628274624,0.0,0.0,0.0,0.0,0.0,0.0
660,1529965138,638320252,0.0,0.0,0.0,0.0,0.0,0.0
661,1529965138,648291386,0.0,0.0,0.0,0.0,0.0,0.0
662,1529965138,658276524,0.0,0.0,0.0,0.0,0.0,0.0
663,1529965138,668275032,0.0,0.0,0.0,0.0,0.0,0.0
664,1529965138,678278741,0.0,0.0,0.0,0.0,0.0,0.0
665,1529965138,688280617,0.0,0.0,0.0,0.0,0.0,0.0
666,1529965138,698278482,0.0,0.0,0.0,0.0,0.0,0.0
667,1529965138,708274298,0.0,0.0,0.0,0.0,0.0,0.0
668,1529965138,718274300,0.0,0.0,0.0,0.0,0.0,0.0
669,1529965138,728282340,0.0,0.0,0.0,0.0,0.0,0.0
670,1529965138,738274140,0.0,0.0,0.0,0.0,0.0,0.0
671,1529965138,748273071,0.0,0.0,0.0,0.0,0.0,0.0
672,1529965138,758272931,0.0,0.0,0.0,0.0,0.0,0.0
673,1529965138,768298774,0.0,0.0,0.0,0.0,0.0,0.0
674,1529965138,778279089,0.0,0.0,0.0,0.0,0.0,0.0
675,1529965138,788279075,0.0,0.0,0.0,0.0,0.0,0.0
676,1529965138,798277451,0.0,0.0,0.0,0.0,0.0,0.0
677,1529965138,808280425,0.0,0.0,0.0,0.0,0.0,0.0
678,1529965138,818351863,0.0,0.0,0.0,0.0,0.0,0.0
679,1529965138,828275141,0.0,0.0,0.0,0.0,0.0,0.0
680,1529965138,838276275,0.0,0.0,0.0,0.0,0.0,0.0
681,1529965138,848273940,0.0,0.0,0.0,0.0,0.0,0.0
682,1529965138,858295506,0.0,0.0,0.0,0.0,0.0,0.0
683,1529965138,868290496,0.0,0.0,0.0,0.0,0.0,0.0
684,1529965138,878280399,103.0,103.0,0.0,0.0,0.0,0.0
685,1529965138,888280022,103.0,103.0,0.0,0.0,0.0,0.0
686,1529965138,898296572,103.0,103.0,0.0,0.0,0.0,0.0
687,1529965138,908287817,121.0,121.0,0.0,0.0,0.0,0.0
688,1529965138,918279918,138.0,138.0,0.0,0.0,0.0,0.0
689,1529965138,928281141,138.0,138.0,0.0,0.0,0.0,0.0
690,1529965138,938284347,138.0,138.0,0.0,0.0,0.0,0.0
691,1529965138,948282001,152.0,152.0,0.0,0.0,0.0,0.0
692,1529965138,958282742,156.0,156.0,0.0,0.0,0.0,0.0
693,1529965138,968280019,156.0,156.0,0.0,0.0,0.0,0.0
694,1529965138,978283916,156.0,156.0,0.0,0.0,0.0,0.0
695,1529965138,988286999,162.0,162.0,0.0,0.0,0.0,0.0
696,1529965138,998282327,166.0,166.0,0.0,0.0,0.0,0.0
697,1529965139,8278414,166.0,166.0,0.0,0.0,0.0,0.0
698,1529965139,18277246,166.0,166.0,0.0,0.0,0.0,0.0
699,1529965139,29123741,169.0,169.0,0.0,0.0,0.0,0.0
700,1529965139,38286095,170.0,170.0,0.0,0.0,0.0,0.0
701,1529965139,48277804,170.0,170.0,0.0,0.0,0.0,0.0
702,1529965139,58279588,170.0,170.0,0.0,0.0,0.0,0.0
703,1529965139,68279933,174.0,174.0,0.0,0.0,0.0,0.0
704,1529965139,78299204,178.0,178.0,0.0,0.0,0.0,0.0
705,1529965139,88294810,178.0,178.0,0.0,0.0,0.0,0.0
706,1529965139,98291235,178.0,178.0,0.0,0.0,0.0,0.0
707,1529965139,108288451,181.0,181.0,0.0,0.0,0.0,0.0
708,1529965139,118291052,183.0,183.0,0.0,0.0,0.0,0.0
709,1529965139,128297781,183.0,183.0,0.0,0.0,0.0,0.0
710,1529965139,138300453,183.0,183.0,0.0,0.0,0.0,0.0
711,1529965139,148289523,186.0,186.0,0.0,0.0,0.0,0.0
712,1529965139,158299923,187.0,187.0,0.0,0.0,0.0,0.0
713,1529965139,168304359,187.0,187.0,0.0,0.0,0.0,0.0
714,1529965139,178299571,187.0,187.0,0.0,0.0,0.0,0.0
715,1529965139,188294174,187.0,187.0,0.0,0.0,0.0,0.0
716,1529965139,198281617,187.0,187.0,0.0,0.0,0.0,0.0
717,1529965139,208282380,187.0,187.0,0.0,0.0,0.0,0.0
718,1529965139,218282010,187.0,187.0,0.0,0.0,0.0,0.0
719,1529965139,228281933,187.0,187.0,0.0,0.0,0.0,0.0
720,1529965139,238281526,187.0,187.0,0.0,0.0,0.0,0.0
721,1529965139,248290537,187.0,187.0,0.0,0.0,0.0,0.0
722,1529965139,258284489,187.0,187.0,0.0,0.0,0.0,0.0
723,1529965139,268291503,187.0,187.0,0.0,0.0,0.0,0.0
724,1529965139,278295442,187.0,187.0,0.0,0.0,0.0,0.0
725,1529965139,288289213,187.0,187.0,0.0,0.0,0.0,0.0
726,1529965139,298284351,187.0,187.0,0.0,0.0,0.0,0.0
727,1529965139,308281098,187.0,187.0,0.0,0.0,0.0,0.0
728,1529965139,318279206,188.0,188.0,0.0,0.0,0.0,0.0
729,1529965139,328278187,188.0,188.0,0.0,0.0,0.0,0.0
730,1529965139,338312769,188.0,188.0,0.0,0.0,0.0,0.0
731,1529965139,348288221,189.0,189.0,0.0,0.0,0.0,0.0
732,1529965139,358295315,190.0,190.0,0.0,0.0,0.0,0.0
733,1529965139,368297423,190.0,190.0,0.0,0.0,0.0,0.0
734,1529965139,378293439,190.0,190.0,0.0,0.0,0.0,0.0
735,1529965139,388284936,190.0,190.0,0.0,0.0,0.0,0.0
736,1529965139,398282172,191.0,191.0,0.0,0.0,0.0,0.0
737,1529965139,408278102,191.0,191.0,0.0,0.0,0.0,0.0
738,1529965139,418280923,191.0,191.0,0.0,0.0,0.0,0.0
739,1529965139,428281859,192.0,192.0,0.0,0.0,0.0,0.0
740,1529965139,438278677,196.0,196.0,0.0,0.0,0.0,0.0
741,1529965139,448292581,196.0,196.0,0.0,0.0,0.0,0.0
742,1529965139,458301941,196.0,196.0,0.0,0.0,0.0,0.0
743,1529965139,468283512,200.0,200.0,0.0,0.0,0.0,0.0
744,1529965139,478282068,204.0,204.0,0.0,0.0,0.0,0.0
745,1529965139,488282121,204.0,204.0,0.0,0.0,0.0,0.0
746,1529965139,498280365,204.0,204.0,0.0,0.0,0.0,0.0
747,1529965139,508288244,211.0,211.0,0.0,0.0,0.0,0.0
748,1529965139,518293694,224.0,224.0,0.0,0.0,0.0,0.0
749,1529965139,528279687,224.0,224.0,0.0,0.0,0.0,0.0
750,1529965139,538279544,224.0,224.0,0.0,0.0,0.0,0.0
751,1529965139,548296261,228.0,228.0,0.0,0.0,0.0,0.0
752,1529965139,558284177,233.0,233.0,0.0,0.0,0.0,0.0
753,1529965139,568282303,233.0,233.0,0.0,0.0,0.0,0.0
754,1529965139,578283157,233.0,233.0,0.0,0.0,0.0,0.0
755,1529965139,588278692,238.0,238.0,0.0,0.0,0.0,0.0
756,1529965139,598292189,239.0,239.0,0.0,0.0,0.0,0.0
757,1529965139,608286517,239.0,239.0,0.0,0.0,0.0,0.0
758,1529965139,618281735,239.0,239.0,0.0,0.0,0.0,0.0
759,1529965139,628281410,240.0,240.0,0.0,0.0,0.0,0.0
760,1529965139,638285212,240.0,240.0,0.0,0.0,0.0,0.0
761,1529965139,648283582,240.0,240.0,0.0,0.0,0.0,0.0
762,1529965139,658280145,240.0,240.0,0.0,0.0,0.0,0.0
763,1529965139,668279621,240.0,240.0,0.0,0.0,0.0,0.0
764,1529965139,678290645,241.0,241.0,0.0,0.0,0.0,0.0
765,1529965139,688285530,241.0,241.0,0.0,0.0,0.0,0.0
766,1529965139,698278389,241.0,241.0,0.0,0.0,0.0,0.0
767,1529965139,708280288,243.0,243.0,0.0,0.0,0.0,0.0
768,1529965139,718280862,244.0,244.0,0.0,0.0,0.0,0.0
769,1529965139,728295712,244.0,244.0,0.0,0.0,0.0,0.0
770,1529965139,738300075,244.0,244.0,0.0,0.0,0.0,0.0
771,1529965139,748292527,245.0,245.0,0.0,0.0,0.0,0.0
772,1529965139,758288471,246.0,246.0,0.0,0.0,0.0,0.0
773,1529965139,768285985,246.0,246.0,0.0,0.0,0.0,0.0
774,1529965139,778288776,246.0,246.0,0.0,0.0,0.0,0.0
775,1529965139,788290410,246.0,246.0,0.0,0.0,0.0,0.0
776,1529965139,798282451,247.0,247.0,0.0,0.0,0.0,0.0
777,1529965139,808281402,247.0,247.0,0.0,0.0,0.0,0.0
778,1529965139,818293437,247.0,247.0,0.0,0.0,0.0,0.0
779,1529965139,828281939,248.0,248.0,0.0,0.0,0.0,0.0
780,1529965139,838282870,248.0,248.0,0.0,0.0,0.0,0.0
781,1529965139,848279004,248.0,248.0,0.0,0.0,0.0,0.0
782,1529965139,858285006,248.0,248.0,0.0,0.0,0.0,0.0
783,1529965139,868282515,248.0,248.0,0.0,0.0,0.0,0.0
784,1529965139,878284032,248.0,248.0,0.0,0.0,0.0,0.0
785,1529965139,888279842,248.0,248.0,0.0,0.0,0.0,0.0
786,1529965139,898280120,248.0,248.0,0.0,0.0,0.0,0.0
787,1529965139,908285567,247.0,247.0,0.0,0.0,0.0,0.0
788,1529965139,918281835,246.0,246.0,0.0,0.0,0.0,0.0
789,1529965139,928281821,246.0,246.0,0.0,0.0,0.0,0.0
790,1529965139,938280703,246.0,246.0,0.0,0.0,0.0,0.0
791,1529965139,948290460,246.0,246.0,0.0,0.0,0.0,0.0
792,1529965139,958285838,245.0,245.0,0.0,0.0,0.0,0.0
793,1529965139,968284814,245.0,245.0,0.0,0.0,0.0,0.0
794,1529965139,978279550,245.0,245.0,0.0,0.0,0.0,0.0
795,1529965139,988292735,244.0,244.0,0.0,0.0,0.0,0.0
796,1529965139,998296886,243.0,243.0,0.0,0.0,0.0,0.0
797,1529965140,8278983,243.0,243.0,0.0,0.0,0.0,0.0
798,1529965140,18282086,243.0,243.0,0.0,0.0,0.0,0.0
799,1529965140,28277970,241.0,241.0,0.0,0.0,0.0,0.0
800,1529965140,38287636,240.0,240.0,0.0,0.0,0.0,0.0
801,1529965140,48280566,240.0,240.0,0.0,0.0,0.0,0.0
802,1529965140,58280135,240.0,240.0,0.0,0.0,0.0,0.0
803,1529965140,68278106,239.0,239.0,0.0,0.0,0.0,0.0
804,1529965140,78302730,238.0,238.0,0.0,0.0,0.0,0.0
805,1529965140,88295829,238.0,238.0,0.0,0.0,0.0,0.0
806,1529965140,98287077,238.0,238.0,0.0,0.0,0.0,0.0
807,1529965140,108277984,238.0,238.0,0.0,0.0,0.0,0.0
808,1529965140,118283600,238.0,238.0,0.0,0.0,0.0,0.0
809,1529965140,128281615,238.0,238.0,0.0,0.0,0.0,0.0
810,1529965140,138290555,238.0,238.0,0.0,0.0,0.0,0.0
811,1529965140,148278633,238.0,238.0,0.0,0.0,0.0,0.0
812,1529965140,158280002,238.0,238.0,0.0,0.0,0.0,0.0
813,1529965140,168286015,238.0,238.0,0.0,0.0,0.0,0.0
814,1529965140,178283418,238.0,238.0,0.0,0.0,0.0,0.0
815,1529965140,188283763,238.0,238.0,0.0,0.0,0.0,0.0
816,1529965140,198280361,238.0,238.0,0.0,0.0,0.0,0.0
817,1529965140,208283958,238.0,238.0,0.0,0.0,0.0,0.0
818,1529965140,218299118,238.0,238.0,0.0,0.0,0.0,0.0
819,1529965140,228294515,240.0,240.0,0.0,0.0,0.0,0.0
820,1529965140,238288368,244.0,244.0,0.0,0.0,0.0,0.0
821,1529965140,248292272,244.0,244.0,0.0,0.0,0.0,0.0
822,1529965140,258311740,244.0,244.0,0.0,0.0,0.0,0.0
823,1529965140,268292076,247.0,247.0,0.0,0.0,0.0,0.0
824,1529965140,278292365,249.0,242.0,0.0,0.0,0.0,0.0
825,1529965140,288293313,249.0,242.0,0.0,0.0,0.0,0.0
826,1529965140,298282810,249.0,242.0,0.0,0.0,0.0,0.0
827,1529965140,308297233,255.0,221.0,0.0,0.0,0.0,0.0
828,1529965140,318289047,261.0,207.0,0.0,0.0,0.0,0.0
829,1529965140,328290193,261.0,207.0,0.0,0.0,0.0,0.0
830,1529965140,338286870,261.0,207.0,0.0,0.0,0.0,0.0
831,1529965140,348280951,264.0,202.0,0.0,0.0,0.0,0.0
832,1529965140,358282309,273.0,188.0,0.0,0.0,0.0,0.0
833,1529965140,368279198,273.0,188.0,0.0,0.0,0.0,0.0
834,1529965140,378285355,273.0,188.0,0.0,0.0,0.0,0.0
835,1529965140,388280506,276.0,184.0,0.0,0.0,0.0,0.0
836,1529965140,398295101,279.0,179.0,0.0,0.0,0.0,0.0
837,1529965140,408290970,279.0,179.0,0.0,0.0,0.0,0.0
838,1529965140,418284768,279.0,179.0,0.0,0.0,0.0,0.0
839,1529965140,428281958,282.0,173.0,0.0,0.0,0.0,0.0
840,1529965140,438279106,286.0,168.0,0.0,0.0,0.0,0.0
841,1529965140,448277524,286.0,168.0,0.0,0.0,0.0,0.0
842,1529965140,458279230,286.0,168.0,0.0,0.0,0.0,0.0
843,1529965140,468286147,293.0,155.0,0.0,0.0,0.0,0.0
844,1529965140,478283199,295.0,150.0,0.0,0.0,0.0,0.0
845,1529965140,488280483,295.0,150.0,0.0,0.0,0.0,0.0
846,1529965140,498276759,295.0,150.0,0.0,0.0,0.0,0.0
847,1529965140,508284000,304.0,136.0,0.0,0.0,0.0,0.0
848,1529965140,518283638,308.0,131.0,0.0,0.0,0.0,0.0
849,1529965140,528287354,308.0,131.0,0.0,0.0,0.0,0.0
850,1529965140,538284995,308.0,131.0,0.0,0.0,0.0,0.0
851,1529965140,548278384,316.0,118.0,0.0,0.0,0.0,0.0
852,1529965140,558288959,316.0,116.0,0.0,0.0,0.0,0.0
853,1529965140,568282682,316.0,116.0,0.0,0.0,0.0,0.0
854,1529965140,578282186,316.0,116.0,0.0,0.0,0.0,0.0
855,1529965140,588276655,316.0,113.0,0.0,0.0,0.0,0.0
856,1529965140,598285707,316.0,113.0,0.0,0.0,0.0,0.0
857,1529965140,608286335,316.0,113.0,0.0,0.0,0.0,0.0
858,1529965140,618285402,316.0,113.0,0.0,0.0,0.0,0.0
859,1529965140,628278140,315.0,112.0,0.0,0.0,0.0,0.0
860,1529965140,638373341,315.0,112.0,0.0,0.0,0.0,0.0
861,1529965140,648294164,315.0,112.0,0.0,0.0,0.0,0.0
862,1529965140,658286385,315.0,112.0,0.0,0.0,0.0,0.0
863,1529965140,668281096,313.0,115.0,0.0,0.0,0.0,0.0
864,1529965140,678278509,310.0,122.0,0.0,0.0,0.0,0.0
865,1529965140,688309183,310.0,122.0,0.0,0.0,0.0,0.0
866,1529965140,698282048,310.0,122.0,0.0,0.0,0.0,0.0
867,1529965140,708276855,304.0,140.0,0.0,0.0,0.0,0.0
868,1529965140,718277678,304.0,148.0,0.0,0.0,0.0,0.0
869,1529965140,728281731,304.0,148.0,0.0,0.0,0.0,0.0
870,1529965140,738286455,304.0,148.0,0.0,0.0,0.0,0.0
871,1529965140,748281925,298.0,167.0,0.0,0.0,0.0,0.0
872,1529965140,758276978,292.0,181.0,0.0,0.0,0.0,0.0
873,1529965140,768281784,292.0,181.0,0.0,0.0,0.0,0.0
874,1529965140,778282362,292.0,181.0,0.0,0.0,0.0,0.0
875,1529965140,788292704,287.0,197.0,0.0,0.0,0.0,0.0
876,1529965140,798288687,283.0,215.0,0.0,0.0,0.0,0.0
877,1529965140,808277620,283.0,215.0,0.0,0.0,0.0,0.0
878,1529965140,818285403,283.0,215.0,0.0,0.0,0.0,0.0
879,1529965140,828281678,280.0,231.0,0.0,0.0,0.0,0.0
880,1529965140,838285319,280.0,239.0,0.0,0.0,0.0,0.0
881,1529965140,848277888,280.0,239.0,0.0,0.0,0.0,0.0
882,1529965140,858286916,280.0,239.0,0.0,0.0,0.0,0.0
883,1529965140,868291315,282.0,264.0,0.0,0.0,0.0,0.0
884,1529965140,878279591,283.0,273.0,0.0,0.0,0.0,0.0
885,1529965140,888281610,283.0,273.0,0.0,0.0,0.0,0.0
886,1529965140,898283886,283.0,273.0,0.0,0.0,0.0,0.0
887,1529965140,908288322,286.0,286.0,0.0,0.0,0.0,0.0
888,1529965140,918288522,288.0,288.0,0.0,0.0,0.0,0.0
889,1529965140,928281735,288.0,288.0,0.0,0.0,0.0,0.0
890,1529965140,938289276,288.0,288.0,0.0,0.0,0.0,0.0
891,1529965140,948284512,289.0,289.0,0.0,0.0,0.0,0.0
892,1529965140,958292438,290.0,290.0,0.0,0.0,0.0,0.0
893,1529965140,968293531,290.0,290.0,0.0,0.0,0.0,0.0
894,1529965140,978280033,290.0,290.0,0.0,0.0,0.0,0.0
895,1529965140,988282827,290.0,290.0,0.0,0.0,0.0,0.0
896,1529965140,998306394,289.0,289.0,0.0,0.0,0.0,0.0
897,1529965141,8278765,289.0,289.0,0.0,0.0,0.0,0.0
898,1529965141,18279736,289.0,289.0,0.0,0.0,0.0,0.0
899,1529965141,28279717,285.0,285.0,0.0,0.0,0.0,0.0
900,1529965141,38282151,280.0,280.0,0.0,0.0,0.0,0.0
901,1529965141,48281450,280.0,280.0,0.0,0.0,0.0,0.0
902,1529965141,58278471,280.0,280.0,0.0,0.0,0.0,0.0
903,1529965141,68279990,274.0,274.0,0.0,0.0,0.0,0.0
904,1529965141,78298903,270.0,270.0,0.0,0.0,0.0,0.0
905,1529965141,88287409,270.0,270.0,0.0,0.0,0.0,0.0
906,1529965141,98287525,270.0,270.0,0.0,0.0,0.0,0.0
907,1529965141,108283244,266.0,266.0,0.0,0.0,0.0,0.0
908,1529965141,118296853,262.0,262.0,0.0,0.0,0.0,0.0
909,1529965141,128283022,262.0,262.0,0.0,0.0,0.0,0.0
910,1529965141,138284731,262.0,262.0,0.0,0.0,0.0,0.0
911,1529965141,148279040,260.0,260.0,0.0,0.0,0.0,0.0
912,1529965141,158295579,256.0,256.0,0.0,0.0,0.0,0.0
913,1529965141,168286845,256.0,256.0,0.0,0.0,0.0,0.0
914,1529965141,178281284,256.0,256.0,0.0,0.0,0.0,0.0
915,1529965141,188279882,252.0,252.0,0.0,0.0,0.0,0.0
916,1529965141,198283761,249.0,249.0,0.0,0.0,0.0,0.0
917,1529965141,208282149,249.0,249.0,0.0,0.0,0.0,0.0
918,1529965141,218282967,249.0,249.0,0.0,0.0,0.0,0.0
919,1529965141,228279615,245.0,245.0,0.0,0.0,0.0,0.0
920,1529965141,238279309,241.0,241.0,0.0,0.0,0.0,0.0
921,1529965141,248279564,241.0,241.0,0.0,0.0,0.0,0.0
922,1529965141,258287747,241.0,241.0,0.0,0.0,0.0,0.0
923,1529965141,268293497,237.0,237.0,0.0,0.0,0.0,0.0
924,1529965141,278282038,235.0,235.0,0.0,0.0,0.0,0.0
925,1529965141,288276897,235.0,235.0,0.0,0.0,0.0,0.0
926,1529965141,298288691,235.0,235.0,0.0,0.0,0.0,0.0
927,1529965141,308280115,234.0,234.0,0.0,0.0,0.0,0.0
928,1529965141,318283047,233.0,233.0,0.0,0.0,0.0,0.0
929,1529965141,328282504,233.0,233.0,0.0,0.0,0.0,0.0
930,1529965141,338281510,233.0,233.0,0.0,0.0,0.0,0.0
931,1529965141,348281987,233.0,233.0,0.0,0.0,0.0,0.0
932,1529965141,358290059,232.0,232.0,0.0,0.0,0.0,0.0
933,1529965141,368279110,232.0,232.0,0.0,0.0,0.0,0.0
934,1529965141,378292304,232.0,232.0,0.0,0.0,0.0,0.0
935,1529965141,388287535,232.0,232.0,0.0,0.0,0.0,0.0
936,1529965141,398289479,232.0,232.0,0.0,0.0,0.0,0.0
937,1529965141,408286782,232.0,232.0,0.0,0.0,0.0,0.0
938,1529965141,418289586,232.0,232.0,0.0,0.0,0.0,0.0
939,1529965141,428288532,232.0,232.0,0.0,0.0,0.0,0.0
940,1529965141,438280363,232.0,232.0,0.0,0.0,0.0,0.0
941,1529965141,448278795,232.0,232.0,0.0,0.0,0.0,0.0
942,1529965141,458278141,232.0,232.0,0.0,0.0,0.0,0.0
943,1529965141,468286082,232.0,232.0,0.0,0.0,0.0,0.0
944,1529965141,478280822,232.0,232.0,0.0,0.0,0.0,0.0
945,1529965141,488278320,232.0,232.0,0.0,0.0,0.0,0.0
946,1529965141,498278422,232.0,232.0,0.0,0.0,0.0,0.0
947,1529965141,508278938,232.0,232.0,0.0,0.0,0.0,0.0
948,1529965141,518318973,232.0,232.0,0.0,0.0,0.0,0.0
949,1529965141,528280149,232.0,232.0,0.0,0.0,0.0,0.0
950,1529965141,538277542,232.0,232.0,0.0,0.0,0.0,0.0
951,1529965141,548276918,232.0,232.0,0.0,0.0,0.0,0.0
952,1529965141,558306379,232.0,232.0,0.0,0.0,0.0,0.0
953,1529965141,568287053,232.0,232.0,0.0,0.0,0.0,0.0
954,1529965141,578286687,232.0,232.0,0.0,0.0,0.0,0.0
955,1529965141,588277524,232.0,232.0,0.0,0.0,0.0,0.0
956,1529965141,598282196,232.0,232.0,0.0,0.0,0.0,0.0
957,1529965141,608282607,232.0,232.0,0.0,0.0,0.0,0.0
958,1529965141,618278557,232.0,232.0,0.0,0.0,0.0,0.0
959,1529965141,628286310,232.0,232.0,0.0,0.0,0.0,0.0
960,1529965141,638284648,233.0,233.0,0.0,0.0,0.0,0.0
961,1529965141,648280963,233.0,233.0,0.0,0.0,0.0,0.0
962,1529965141,658279283,233.0,233.0,0.0,0.0,0.0,0.0
963,1529965141,668283045,233.0,233.0,0.0,0.0,0.0,0.0
964,1529965141,678278102,233.0,233.0,0.0,0.0,0.0,0.0
965,1529965141,688284080,233.0,233.0,0.0,0.0,0.0,0.0
966,1529965141,698293112,233.0,233.0,0.0,0.0,0.0,0.0
967,1529965141,708277254,233.0,233.0,0.0,0.0,0.0,0.0
968,1529965141,718285324,233.0,233.0,0.0,0.0,0.0,0.0
969,1529965141,728280237,233.0,233.0,0.0,0.0,0.0,0.0
970,1529965141,738280768,233.0,233.0,0.0,0.0,0.0,0.0
971,1529965141,748285759,234.0,234.0,0.0,0.0,0.0,0.0
972,1529965141,758277583,235.0,235.0,0.0,0.0,0.0,0.0
973,1529965141,768277770,235.0,235.0,0.0,0.0,0.0,0.0
974,1529965141,778285189,235.0,235.0,0.0,0.0,0.0,0.0
975,1529965141,788278165,235.0,235.0,0.0,0.0,0.0,0.0
976,1529965141,798278591,235.0,235.0,0.0,0.0,0.0,0.0
977,1529965141,808277566,235.0,235.0,0.0,0.0,0.0,0.0
978,1529965141,818283956,235.0,235.0,0.0,0.0,0.0,0.0
979,1529965141,828281023,235.0,235.0,0.0,0.0,0.0,0.0
980,1529965141,838279819,235.0,235.0,0.0,0.0,0.0,0.0
981,1529965141,848279100,235.0,235.0,0.0,0.0,0.0,0.0
982,1529965141,858280584,235.0,235.0,0.0,0.0,0.0,0.0
983,1529965141,868284710,235.0,235.0,0.0,0.0,0.0,0.0
984,1529965141,878280186,235.0,235.0,0.0,0.0,0.0,0.0
985,1529965141,888277529,235.0,235.0,0.0,0.0,0.0,0.0
986,1529965141,898278621,235.0,235.0,0.0,0.0,0.0,0.0
987,1529965141,908297180,235.0,235.0,0.0,0.0,0.0,0.0
988,1529965141,918279738,235.0,235.0,0.0,0.0,0.0,0.0
989,1529965141,928281302,235.0,235.0,0.0,0.0,0.0,0.0
990,1529965141,938274549,235.0,235.0,0.0,0.0,0.0,0.0
991,1529965141,948282835,235.0,235.0,0.0,0.0,0.0,0.0
992,1529965141,958282950,235.0,235.0,0.0,0.0,0.0,0.0
993,1529965141,968277708,235.0,235.0,0.0,0.0,0.0,0.0
994,1529965141,978285633,235.0,235.0,0.0,0.0,0.0,0.0
995,1529965141,988282792,235.0,235.0,0.0,0.0,0.0,0.0
996,1529965141,998287066,233.0,235.0,0.0,0.0,0.0,0.0
997,1529965142,8281678,233.0,235.0,0.0,0.0,0.0,0.0
998,1529965142,18279728,233.0,235.0,0.0,0.0,0.0,0.0
999,1529965142,28278334,228.0,236.0,0.0,0.0,0.0,0.0
1000,1529965142,38293967,224.0,236.0,0.0,0.0,0.0,0.0
1001,1529965142,48288808,224.0,236.0,0.0,0.0,0.0,0.0
1002,1529965142,58278452,224.0,236.0,0.0,0.0,0.0,0.0
1003,1529965142,68276302,218.0,236.0,0.0,0.0,0.0,0.0
1004,1529965142,78281165,212.0,237.0,0.0,0.0,0.0,0.0
1005,1529965142,88278150,212.0,237.0,0.0,0.0,0.0,0.0
1006,1529965142,98280558,212.0,237.0,0.0,0.0,0.0,0.0
1007,1529965142,108276523,208.0,238.0,0.0,0.0,0.0,0.0
1008,1529965142,118276428,204.0,240.0,0.0,0.0,0.0,0.0
1009,1529965142,128285549,204.0,240.0,0.0,0.0,0.0,0.0
1010,1529965142,138276228,204.0,240.0,0.0,0.0,0.0,0.0
1011,1529965142,148278436,202.0,244.0,0.0,0.0,0.0,0.0
1012,1529965142,158276606,199.0,246.0,0.0,0.0,0.0,0.0
1013,1529965142,168285301,199.0,246.0,0.0,0.0,0.0,0.0
1014,1529965142,178283083,199.0,246.0,0.0,0.0,0.0,0.0
1015,1529965142,188278842,198.0,251.0,0.0,0.0,0.0,0.0
1016,1529965142,198277722,198.0,255.0,0.0,0.0,0.0,0.0
1017,1529965142,208279775,198.0,255.0,0.0,0.0,0.0,0.0
1018,1529965142,218281536,198.0,255.0,0.0,0.0,0.0,0.0
1019,1529965142,228281898,197.0,260.0,0.0,0.0,0.0,0.0
1020,1529965142,238276082,197.0,261.0,0.0,0.0,0.0,0.0
1021,1529965142,248278483,197.0,261.0,0.0,0.0,0.0,0.0
1022,1529965142,258285973,197.0,261.0,0.0,0.0,0.0,0.0
1023,1529965142,268279237,197.0,263.0,0.0,0.0,0.0,0.0
1024,1529965142,278280412,195.0,265.0,0.0,0.0,0.0,0.0
1025,1529965142,288280281,195.0,265.0,0.0,0.0,0.0,0.0
1026,1529965142,298284503,195.0,265.0,0.0,0.0,0.0,0.0
1027,1529965142,308278878,195.0,265.0,0.0,0.0,0.0,0.0
1028,1529965142,318281113,195.0,266.0,0.0,0.0,0.0,0.0
1029,1529965142,328277445,195.0,266.0,0.0,0.0,0.0,0.0
1030,1529965142,338277769,195.0,266.0,0.0,0.0,0.0,0.0
1031,1529965142,348281353,195.0,266.0,0.0,0.0,0.0,0.0
1032,1529965142,358284910,195.0,266.0,0.0,0.0,0.0,0.0
1033,1529965142,368279134,195.0,266.0,0.0,0.0,0.0,0.0
1034,1529965142,378287452,195.0,266.0,0.0,0.0,0.0,0.0
1035,1529965142,388402458,195.0,266.0,0.0,0.0,0.0,0.0
1036,1529965142,398279583,195.0,266.0,0.0,0.0,0.0,0.0
1037,1529965142,408279575,195.0,266.0,0.0,0.0,0.0,0.0
1038,1529965142,418278283,195.0,266.0,0.0,0.0,0.0,0.0
1039,1529965142,428290398,195.0,266.0,0.0,0.0,0.0,0.0
1040,1529965142,438281591,195.0,266.0,0.0,0.0,0.0,0.0
1041,1529965142,448279228,195.0,266.0,0.0,0.0,0.0,0.0
1042,1529965142,458279005,195.0,266.0,0.0,0.0,0.0,0.0
1043,1529965142,468282968,194.0,267.0,0.0,0.0,0.0,0.0
1044,1529965142,478282859,193.0,267.0,0.0,0.0,0.0,0.0
1045,1529965142,488280809,193.0,267.0,0.0,0.0,0.0,0.0
1046,1529965142,498281723,193.0,267.0,0.0,0.0,0.0,0.0
1047,1529965142,508279104,193.0,267.0,0.0,0.0,0.0,0.0
1048,1529965142,518289315,193.0,267.0,0.0,0.0,0.0,0.0
1049,1529965142,528283956,193.0,267.0,0.0,0.0,0.0,0.0
1050,1529965142,538280211,193.0,267.0,0.0,0.0,0.0,0.0
1051,1529965142,548289371,192.0,268.0,0.0,0.0,0.0,0.0
1052,1529965142,558291741,192.0,268.0,0.0,0.0,0.0,0.0
1053,1529965142,568297612,192.0,268.0,0.0,0.0,0.0,0.0
1054,1529965142,578296263,192.0,268.0,0.0,0.0,0.0,0.0
1055,1529965142,588283041,192.0,268.0,0.0,0.0,0.0,0.0
1056,1529965142,598282170,192.0,268.0,0.0,0.0,0.0,0.0
1057,1529965142,608291582,192.0,268.0,0.0,0.0,0.0,0.0
1058,1529965142,618290597,192.0,268.0,0.0,0.0,0.0,0.0
1059,1529965142,628281627,192.0,268.0,0.0,0.0,0.0,0.0
1060,1529965142,638281967,193.0,268.0,0.0,0.0,0.0,0.0
1061,1529965142,648300261,193.0,268.0,0.0,0.0,0.0,0.0
1062,1529965142,658304654,193.0,268.0,0.0,0.0,0.0,0.0
1063,1529965142,668288193,199.0,268.0,0.0,0.0,0.0,0.0
1064,1529965142,678296391,209.0,269.0,0.0,0.0,0.0,0.0
1065,1529965142,688282980,209.0,269.0,0.0,0.0,0.0,0.0
1066,1529965142,698291549,209.0,269.0,0.0,0.0,0.0,0.0
1067,1529965142,708282527,234.0,268.0,0.0,0.0,0.0,0.0
1068,1529965142,718282320,256.0,270.0,0.0,0.0,0.0,0.0
1069,1529965142,728279229,256.0,270.0,0.0,0.0,0.0,0.0
1070,1529965142,738295477,256.0,270.0,0.0,0.0,0.0,0.0
1071,1529965142,748279773,271.0,271.0,0.0,0.0,0.0,0.0
1072,1529965142,758281376,272.0,272.0,0.0,0.0,0.0,0.0
1073,1529965142,768279796,272.0,272.0,0.0,0.0,0.0,0.0
1074,1529965142,779185376,272.0,272.0,0.0,0.0,0.0,0.0
1075,1529965142,788283587,273.0,273.0,0.0,0.0,0.0,0.0
1076,1529965142,798278092,273.0,273.0,0.0,0.0,0.0,0.0
1077,1529965142,808279725,273.0,273.0,0.0,0.0,0.0,0.0
1078,1529965142,818283867,273.0,273.0,0.0,0.0,0.0,0.0
1079,1529965142,828282086,273.0,273.0,0.0,0.0,0.0,0.0
1080,1529965142,838286016,273.0,273.0,0.0,0.0,0.0,0.0
1081,1529965142,848297500,273.0,273.0,0.0,0.0,0.0,0.0
1082,1529965142,858279730,273.0,273.0,0.0,0.0,0.0,0.0
1083,1529965142,868286532,273.0,273.0,0.0,0.0,0.0,0.0
1084,1529965142,878283502,273.0,273.0,0.0,0.0,0.0,0.0
1085,1529965142,888288518,273.0,273.0,0.0,0.0,0.0,0.0
1086,1529965142,898278533,273.0,273.0,0.0,0.0,0.0,0.0
1087,1529965142,908291333,273.0,273.0,0.0,0.0,0.0,0.0
1088,1529965142,918312600,273.0,273.0,0.0,0.0,0.0,0.0
1089,1529965142,928281376,273.0,273.0,0.0,0.0,0.0,0.0
1090,1529965142,938280988,273.0,273.0,0.0,0.0,0.0,0.0
1091,1529965142,948282796,273.0,273.0,0.0,0.0,0.0,0.0
1092,1529965142,958287952,273.0,273.0,0.0,0.0,0.0,0.0
1093,1529965142,968287155,273.0,273.0,0.0,0.0,0.0,0.0
1094,1529965142,978285983,273.0,273.0,0.0,0.0,0.0,0.0
1095,1529965142,988278837,273.0,273.0,0.0,0.0,0.0,0.0
1096,1529965142,998285984,273.0,273.0,0.0,0.0,0.0,0.0
1097,1529965143,8278624,273.0,273.0,0.0,0.0,0.0,0.0
1098,1529965143,18276821,273.0,273.0,0.0,0.0,0.0,0.0
1099,1529965143,28277556,273.0,273.0,0.0,0.0,0.0,0.0
1100,1529965143,38285642,273.0,273.0,0.0,0.0,0.0,0.0
1101,1529965143,48282949,273.0,273.0,0.0,0.0,0.0,0.0
1102,1529965143,58278189,273.0,273.0,0.0,0.0,0.0,0.0
1103,1529965143,68280897,272.0,272.0,0.0,0.0,0.0,0.0
1104,1529965143,78283328,272.0,272.0,0.0,0.0,0.0,0.0
1105,1529965143,88279061,272.0,272.0,0.0,0.0,0.0,0.0
1106,1529965143,98278302,272.0,272.0,0.0,0.0,0.0,0.0
1107,1529965143,108286757,272.0,272.0,0.0,0.0,0.0,0.0
1108,1529965143,118277700,272.0,272.0,0.0,0.0,0.0,0.0
1109,1529965143,128288707,272.0,272.0,0.0,0.0,0.0,0.0
1110,1529965143,138305884,272.0,272.0,0.0,0.0,0.0,0.0
1111,1529965143,148286674,272.0,272.0,0.0,0.0,0.0,0.0
1112,1529965143,158276165,272.0,272.0,0.0,0.0,0.0,0.0
1113,1529965143,168287495,272.0,272.0,0.0,0.0,0.0,0.0
1114,1529965143,178309631,272.0,272.0,0.0,0.0,0.0,0.0
1115,1529965143,188284478,272.0,272.0,0.0,0.0,0.0,0.0
1116,1529965143,198278091,272.0,272.0,0.0,0.0,0.0,0.0
1117,1529965143,208281450,272.0,272.0,0.0,0.0,0.0,0.0
1118,1529965143,218278809,272.0,272.0,0.0,0.0,0.0,0.0
1119,1529965143,228281439,272.0,272.0,0.0,0.0,0.0,0.0
1120,1529965143,238277928,272.0,272.0,0.0,0.0,0.0,0.0
1121,1529965143,248277237,272.0,272.0,0.0,0.0,0.0,0.0
1122,1529965143,258284482,272.0,272.0,0.0,0.0,0.0,0.0
1123,1529965143,268282626,272.0,272.0,0.0,0.0,0.0,0.0
1124,1529965143,278277632,272.0,272.0,0.0,0.0,0.0,0.0
1125,1529965143,288285081,272.0,272.0,0.0,0.0,0.0,0.0
1126,1529965143,298280918,272.0,272.0,0.0,0.0,0.0,0.0
1127,1529965143,308296407,273.0,273.0,0.0,0.0,0.0,0.0
1128,1529965143,318301164,273.0,273.0,0.0,0.0,0.0,0.0
1129,1529965143,328297209,273.0,273.0,0.0,0.0,0.0,0.0
1130,1529965143,338291050,273.0,273.0,0.0,0.0,0.0,0.0
1131,1529965143,348292067,274.0,274.0,0.0,0.0,0.0,0.0
1132,1529965143,358302513,275.0,275.0,0.0,0.0,0.0,0.0
1133,1529965143,368290512,275.0,275.0,0.0,0.0,0.0,0.0
1134,1529965143,378299371,275.0,275.0,0.0,0.0,0.0,0.0
1135,1529965143,388298525,275.0,275.0,0.0,0.0,0.0,0.0
1136,1529965143,398296505,275.0,275.0,0.0,0.0,0.0,0.0
1137,1529965143,408281730,275.0,275.0,0.0,0.0,0.0,0.0
1138,1529965143,418276944,275.0,275.0,0.0,0.0,0.0,0.0
1139,1529965143,428294310,275.0,275.0,0.0,0.0,0.0,0.0
1140,1529965143,438296504,275.0,275.0,0.0,0.0,0.0,0.0
1141,1529965143,448296418,275.0,275.0,0.0,0.0,0.0,0.0
1142,1529965143,458283990,275.0,275.0,0.0,0.0,0.0,0.0
1143,1529965143,468296700,275.0,275.0,0.0,0.0,0.0,0.0
1144,1529965143,478303713,275.0,275.0,0.0,0.0,0.0,0.0
1145,1529965143,488284857,275.0,275.0,0.0,0.0,0.0,0.0
1146,1529965143,498298435,275.0,275.0,0.0,0.0,0.0,0.0
1147,1529965143,508279999,275.0,275.0,0.0,0.0,0.0,0.0
1148,1529965143,518284570,275.0,275.0,0.0,0.0,0.0,0.0
1149,1529965143,528286623,275.0,275.0,0.0,0.0,0.0,0.0
1150,1529965143,538276427,275.0,275.0,0.0,0.0,0.0,0.0
1151,1529965143,548280458,275.0,275.0,0.0,0.0,0.0,0.0
1152,1529965143,558293082,275.0,275.0,0.0,0.0,0.0,0.0
1153,1529965143,568341874,275.0,275.0,0.0,0.0,0.0,0.0
1154,1529965143,578278603,275.0,275.0,0.0,0.0,0.0,0.0
1155,1529965143,588278407,275.0,275.0,0.0,0.0,0.0,0.0
1156,1529965143,598277278,273.0,273.0,0.0,0.0,0.0,0.0
1157,1529965143,608284864,273.0,273.0,0.0,0.0,0.0,0.0
1158,1529965143,618282369,273.0,273.0,0.0,0.0,0.0,0.0
1159,1529965143,628290539,272.0,272.0,0.0,0.0,0.0,0.0
1160,1529965143,638282589,271.0,271.0,0.0,0.0,0.0,0.0
1161,1529965143,648286323,271.0,271.0,0.0,0.0,0.0,0.0
1162,1529965143,658284550,271.0,271.0,0.0,0.0,0.0,0.0
1163,1529965143,668296492,269.0,269.0,0.0,0.0,0.0,0.0
1164,1529965143,678277716,269.0,269.0,0.0,0.0,0.0,0.0
1165,1529965143,688278015,269.0,269.0,0.0,0.0,0.0,0.0
1166,1529965143,698284164,269.0,269.0,0.0,0.0,0.0,0.0
1167,1529965143,708290119,269.0,269.0,0.0,0.0,0.0,0.0
1168,1529965143,718279285,269.0,269.0,0.0,0.0,0.0,0.0
1169,1529965143,728281929,269.0,269.0,0.0,0.0,0.0,0.0
1170,1529965143,738320241,269.0,269.0,0.0,0.0,0.0,0.0
1171,1529965143,748298846,269.0,269.0,0.0,0.0,0.0,0.0
1172,1529965143,758293378,269.0,269.0,0.0,0.0,0.0,0.0
1173,1529965143,768281164,269.0,269.0,0.0,0.0,0.0,0.0
1174,1529965143,778284612,269.0,269.0,0.0,0.0,0.0,0.0
1175,1529965143,788281163,269.0,269.0,0.0,0.0,0.0,0.0
1176,1529965143,798280254,269.0,269.0,0.0,0.0,0.0,0.0
1177,1529965143,808275113,269.0,269.0,0.0,0.0,0.0,0.0
1178,1529965143,818290491,269.0,269.0,0.0,0.0,0.0,0.0
1179,1529965143,828282393,269.0,269.0,0.0,0.0,0.0,0.0
1180,1529965143,838283851,269.0,269.0,0.0,0.0,0.0,0.0
1181,1529965143,848278396,269.0,269.0,0.0,0.0,0.0,0.0
1182,1529965143,858278257,269.0,269.0,0.0,0.0,0.0,0.0
1183,1529965143,868287202,269.0,269.0,0.0,0.0,0.0,0.0
1184,1529965143,878284143,269.0,269.0,0.0,0.0,0.0,0.0
1185,1529965143,888281574,269.0,269.0,0.0,0.0,0.0,0.0
1186,1529965143,898280585,269.0,269.0,0.0,0.0,0.0,0.0
1187,1529965143,908286903,269.0,269.0,0.0,0.0,0.0,0.0
1188,1529965143,918285021,269.0,269.0,0.0,0.0,0.0,0.0
1189,1529965143,928281539,269.0,269.0,0.0,0.0,0.0,0.0
1190,1529965143,938276680,269.0,269.0,0.0,0.0,0.0,0.0
1191,1529965143,948310642,269.0,269.0,0.0,0.0,0.0,0.0
1192,1529965143,958295034,269.0,269.0,0.0,0.0,0.0,0.0
1193,1529965143,968283686,269.0,269.0,0.0,0.0,0.0,0.0
1194,1529965143,978293436,269.0,269.0,0.0,0.0,0.0,0.0
1195,1529965143,988294582,269.0,269.0,0.0,0.0,0.0,0.0
1196,1529965143,998289533,269.0,269.0,0.0,0.0,0.0,0.0
1197,1529965144,8283298,269.0,269.0,0.0,0.0,0.0,0.0
1198,1529965144,18279282,269.0,269.0,0.0,0.0,0.0,0.0
1199,1529965144,28279217,269.0,269.0,0.0,0.0,0.0,0.0
1200,1529965144,38292046,269.0,269.0,0.0,0.0,0.0,0.0
1201,1529965144,48282813,269.0,269.0,0.0,0.0,0.0,0.0
1202,1529965144,58280285,269.0,269.0,0.0,0.0,0.0,0.0
1203,1529965144,68278119,269.0,269.0,0.0,0.0,0.0,0.0
1204,1529965144,78278702,269.0,269.0,0.0,0.0,0.0,0.0
1205,1529965144,88285856,269.0,269.0,0.0,0.0,0.0,0.0
1206,1529965144,98281122,269.0,269.0,0.0,0.0,0.0,0.0
1207,1529965144,108280862,269.0,269.0,0.0,0.0,0.0,0.0
1208,1529965144,118277114,269.0,269.0,0.0,0.0,0.0,0.0
1209,1529965144,128284704,269.0,269.0,0.0,0.0,0.0,0.0
1210,1529965144,138284836,269.0,269.0,0.0,0.0,0.0,0.0
1211,1529965144,148295617,269.0,269.0,0.0,0.0,0.0,0.0
1212,1529965144,158291295,269.0,269.0,0.0,0.0,0.0,0.0
1213,1529965144,168292377,269.0,269.0,0.0,0.0,0.0,0.0
1214,1529965144,178326037,269.0,269.0,0.0,0.0,0.0,0.0
1215,1529965144,188279007,269.0,269.0,0.0,0.0,0.0,0.0
1216,1529965144,198281211,269.0,269.0,0.0,0.0,0.0,0.0
1217,1529965144,208279131,269.0,269.0,0.0,0.0,0.0,0.0
1218,1529965144,218293636,269.0,269.0,0.0,0.0,0.0,0.0
1219,1529965144,228279043,269.0,269.0,0.0,0.0,0.0,0.0
1220,1529965144,238283656,269.0,269.0,0.0,0.0,0.0,0.0
1221,1529965144,248279583,269.0,269.0,0.0,0.0,0.0,0.0
1222,1529965144,258282602,269.0,269.0,0.0,0.0,0.0,0.0
1223,1529965144,268285128,269.0,269.0,0.0,0.0,0.0,0.0
1224,1529965144,278282153,269.0,269.0,0.0,0.0,0.0,0.0
1225,1529965144,288280595,269.0,269.0,0.0,0.0,0.0,0.0
1226,1529965144,298277275,269.0,269.0,0.0,0.0,0.0,0.0
1227,1529965144,308649257,269.0,269.0,0.0,0.0,0.0,0.0
1228,1529965144,318283820,269.0,269.0,0.0,0.0,0.0,0.0
1229,1529965144,328282841,269.0,269.0,0.0,0.0,0.0,0.0
1230,1529965144,338276830,269.0,269.0,0.0,0.0,0.0,0.0
1231,1529965144,348285066,269.0,269.0,0.0,0.0,0.0,0.0
1232,1529965144,358286626,269.0,269.0,0.0,0.0,0.0,0.0
1233,1529965144,368283681,269.0,269.0,0.0,0.0,0.0,0.0
1234,1529965144,378282023,269.0,269.0,0.0,0.0,0.0,0.0
1235,1529965144,388281228,269.0,269.0,0.0,0.0,0.0,0.0
1236,1529965144,398282021,269.0,269.0,0.0,0.0,0.0,0.0
1237,1529965144,408361616,269.0,269.0,0.0,0.0,0.0,0.0
1238,1529965144,418278827,269.0,269.0,0.0,0.0,0.0,0.0
1239,1529965144,428278505,269.0,269.0,0.0,0.0,0.0,0.0
1240,1529965144,438306097,269.0,269.0,0.0,0.0,0.0,0.0
1241,1529965144,448302892,269.0,269.0,0.0,0.0,0.0,0.0
1242,1529965144,458286414,269.0,269.0,0.0,0.0,0.0,0.0
1243,1529965144,468297202,269.0,269.0,0.0,0.0,0.0,0.0
1244,1529965144,478289947,269.0,269.0,0.0,0.0,0.0,0.0
1245,1529965144,488287884,269.0,269.0,0.0,0.0,0.0,0.0
1246,1529965144,498298483,269.0,269.0,0.0,0.0,0.0,0.0
1247,1529965144,508283678,269.0,269.0,0.0,0.0,0.0,0.0
1248,1529965144,518278900,269.0,269.0,0.0,0.0,0.0,0.0
1249,1529965144,528287600,269.0,269.0,0.0,0.0,0.0,0.0
1250,1529965144,538280737,269.0,269.0,0.0,0.0,0.0,0.0
1251,1529965144,548280079,269.0,269.0,0.0,0.0,0.0,0.0
1252,1529965144,558280164,269.0,269.0,0.0,0.0,0.0,0.0
1253,1529965144,568284645,269.0,269.0,0.0,0.0,0.0,0.0
1254,1529965144,578286048,269.0,269.0,0.0,0.0,0.0,0.0
1255,1529965144,588312171,269.0,269.0,0.0,0.0,0.0,0.0
1256,1529965144,598278782,269.0,269.0,0.0,0.0,0.0,0.0
1257,1529965144,608278088,269.0,269.0,0.0,0.0,0.0,0.0
1258,1529965144,618282565,269.0,269.0,0.0,0.0,0.0,0.0
1259,1529965144,628278308,269.0,269.0,0.0,0.0,0.0,0.0
1260,1529965144,638279544,269.0,269.0,0.0,0.0,0.0,0.0
1261,1529965144,648278601,269.0,269.0,0.0,0.0,0.0,0.0
1262,1529965144,658285015,269.0,269.0,0.0,0.0,0.0,0.0
1263,1529965144,668318650,269.0,269.0,0.0,0.0,0.0,0.0
1264,1529965144,678293059,269.0,269.0,0.0,0.0,0.0,0.0
1265,1529965144,688279726,269.0,269.0,0.0,0.0,0.0,0.0
1266,1529965144,698283335,269.0,269.0,0.0,0.0,0.0,0.0
1267,1529965144,708284386,269.0,269.0,0.0,0.0,0.0,0.0
1268,1529965144,718277753,269.0,269.0,0.0,0.0,0.0,0.0
1269,1529965144,728278562,269.0,269.0,0.0,0.0,0.0,0.0
1270,1529965144,738281628,269.0,269.0,0.0,0.0,0.0,0.0
1271,1529965144,748284408,269.0,269.0,0.0,0.0,0.0,0.0
1272,1529965144,758277459,269.0,269.0,0.0,0.0,0.0,0.0
1273,1529965144,768278251,269.0,269.0,0.0,0.0,0.0,0.0
1274,1529965144,778278272,269.0,269.0,0.0,0.0,0.0,0.0
1275,1529965144,788286512,269.0,269.0,0.0,0.0,0.0,0.0
1276,1529965144,798281485,269.0,269.0,0.0,0.0,0.0,0.0
1277,1529965144,808281387,269.0,269.0,0.0,0.0,0.0,0.0
1278,1529965144,818277660,269.0,269.0,0.0,0.0,0.0,0.0
1279,1529965144,828283021,268.0,268.0,0.0,0.0,0.0,0.0
1280,1529965144,838284732,268.0,268.0,0.0,0.0,0.0,0.0
1281,1529965144,848280715,268.0,268.0,0.0,0.0,0.0,0.0
1282,1529965144,858276831,268.0,268.0,0.0,0.0,0.0,0.0
1283,1529965144,868285482,266.0,266.0,0.0,0.0,0.0,0.0
1284,1529965144,878319724,264.0,264.0,0.0,0.0,0.0,0.0
1285,1529965144,888279811,264.0,264.0,0.0,0.0,0.0,0.0
1286,1529965144,898277515,264.0,264.0,0.0,0.0,0.0,0.0
1287,1529965144,908282701,263.0,263.0,0.0,0.0,0.0,0.0
1288,1529965144,918290677,259.0,259.0,0.0,0.0,0.0,0.0
1289,1529965144,928283053,259.0,259.0,0.0,0.0,0.0,0.0
1290,1529965144,938280221,259.0,259.0,0.0,0.0,0.0,0.0
1291,1529965144,948278467,257.0,257.0,0.0,0.0,0.0,0.0
1292,1529965144,958284894,254.0,254.0,0.0,0.0,0.0,0.0
1293,1529965144,968301887,254.0,254.0,0.0,0.0,0.0,0.0
1294,1529965144,978288014,254.0,254.0,0.0,0.0,0.0,0.0
1295,1529965144,988276989,249.0,249.0,0.0,0.0,0.0,0.0
1296,1529965144,998279410,243.0,243.0,0.0,0.0,0.0,0.0
1297,1529965145,8286675,243.0,243.0,0.0,0.0,0.0,0.0
1298,1529965145,18277914,243.0,243.0,0.0,0.0,0.0,0.0
1299,1529965145,28283195,227.0,227.0,0.0,0.0,0.0,0.0
1300,1529965145,38276315,209.0,209.0,0.0,0.0,0.0,0.0
1301,1529965145,48287615,209.0,209.0,0.0,0.0,0.0,0.0
1302,1529965145,58287076,209.0,209.0,0.0,0.0,0.0,0.0
1303,1529965145,68280471,185.0,185.0,0.0,0.0,0.0,0.0
1304,1529965145,78275093,153.0,153.0,0.0,0.0,0.0,0.0
1305,1529965145,88281431,153.0,153.0,0.0,0.0,0.0,0.0
1306,1529965145,98285395,153.0,153.0,0.0,0.0,0.0,0.0
1307,1529965145,108282799,114.0,114.0,0.0,0.0,0.0,0.0
1308,1529965145,118284105,0.0,0.0,0.0,0.0,0.0,0.0
1309,1529965145,128273314,0.0,0.0,0.0,0.0,0.0,0.0
1310,1529965145,138283320,0.0,0.0,0.0,0.0,0.0,0.0
1311,1529965145,148280279,0.0,0.0,0.0,0.0,0.0,0.0
1312,1529965145,158279632,0.0,0.0,0.0,0.0,0.0,0.0
1313,1529965145,168276802,0.0,0.0,0.0,0.0,0.0,0.0
1314,1529965145,178286544,0.0,0.0,0.0,0.0,0.0,0.0
1315,1529965145,188279144,0.0,0.0,0.0,0.0,0.0,0.0
1316,1529965145,198279645,0.0,0.0,0.0,0.0,0.0,0.0
1317,1529965145,208277993,0.0,0.0,0.0,0.0,0.0,0.0
1318,1529965145,218310748,0.0,0.0,0.0,0.0,0.0,0.0
1319,1529965145,228285283,0.0,0.0,0.0,0.0,0.0,0.0
1320,1529965145,238287737,0.0,0.0,0.0,0.0,0.0,0.0
1321,1529965145,248280266,0.0,0.0,0.0,0.0,0.0,0.0
1322,1529965145,258280056,0.0,0.0,0.0,0.0,0.0,0.0
1323,1529965145,268277725,0.0,0.0,0.0,0.0,0.0,0.0
1324,1529965145,278274752,0.0,0.0,0.0,0.0,0.0,0.0
1325,1529965145,288283282,0.0,0.0,0.0,0.0,0.0,0.0
1326,1529965145,298272749,0.0,0.0,0.0,0.0,0.0,0.0
1327,1529965145,308301894,0.0,0.0,0.0,0.0,0.0,0.0
1328,1529965145,318289101,0.0,0.0,0.0,0.0,0.0,0.0
1329,1529965145,328281300,0.0,0.0,0.0,0.0,0.0,0.0
1330,1529965145,338273436,0.0,0.0,0.0,0.0,0.0,0.0
1331,1529965145,348279259,0.0,0.0,0.0,0.0,0.0,0.0
1332,1529965145,358283375,0.0,0.0,0.0,0.0,0.0,0.0
1333,1529965145,368272301,0.0,0.0,0.0,0.0,0.0,0.0
1334,1529965145,378276083,0.0,0.0,0.0,0.0,0.0,0.0
1335,1529965145,388279675,0.0,0.0,0.0,0.0,0.0,0.0
1336,1529965145,398314433,0.0,0.0,0.0,0.0,0.0,0.0
1337,1529965145,408277923,0.0,0.0,0.0,0.0,0.0,0.0
1338,1529965145,418275125,0.0,0.0,0.0,0.0,0.0,0.0
1339,1529965145,428273532,0.0,0.0,0.0,0.0,0.0,0.0
1340,1529965145,438281127,0.0,0.0,0.0,0.0,0.0,0.0
1341,1529965145,448286619,0.0,0.0,0.0,0.0,0.0,0.0
1342,1529965145,458276153,0.0,0.0,0.0,0.0,0.0,0.0
1343,1529965145,468273138,0.0,0.0,0.0,0.0,0.0,0.0
1344,1529965145,478281405,0.0,0.0,0.0,0.0,0.0,0.0
1345,1529965145,488294873,0.0,0.0,0.0,0.0,0.0,0.0
1346,1529965145,498274845,0.0,0.0,0.0,0.0,0.0,0.0
1347,1529965145,508271151,0.0,0.0,0.0,0.0,0.0,0.0
1348,1529965145,518277181,0.0,0.0,0.0,0.0,0.0,0.0
1349,1529965145,528284675,0.0,0.0,0.0,0.0,0.0,0.0
1350,1529965145,538310870,0.0,0.0,0.0,0.0,0.0,0.0
1351,1529965145,548275656,0.0,0.0,0.0,0.0,0.0,0.0
1352,1529965145,558273974,0.0,0.0,0.0,0.0,0.0,0.0
1353,1529965145,568278645,0.0,0.0,0.0,0.0,0.0,0.0
1354,1529965145,578283918,0.0,0.0,0.0,0.0,0.0,0.0
1355,1529965145,588286182,0.0,0.0,0.0,0.0,0.0,0.0
1356,1529965145,598274437,0.0,0.0,0.0,0.0,0.0,0.0
1357,1529965145,608282594,0.0,0.0,0.0,0.0,0.0,0.0
1358,1529965145,618283573,0.0,0.0,0.0,0.0,0.0,0.0
1359,1529965145,628276418,0.0,0.0,0.0,0.0,0.0,0.0
1360,1529965145,638274926,0.0,0.0,0.0,0.0,0.0,0.0
1361,1529965145,648275206,0.0,0.0,0.0,0.0,0.0,0.0
1362,1529965145,658275469,0.0,0.0,0.0,0.0,0.0,0.0
1363,1529965145,668277209,0.0,0.0,0.0,0.0,0.0,0.0
1364,1529965145,678277613,0.0,0.0,0.0,0.0,0.0,0.0
1365,1529965145,688277783,0.0,0.0,0.0,0.0,0.0,0.0
1366,1529965145,698302990,0.0,0.0,0.0,0.0,0.0,0.0
1367,1529965145,708278990,0.0,0.0,0.0,0.0,0.0,0.0
1368,1529965145,718280258,0.0,0.0,0.0,0.0,0.0,0.0
1369,1529965145,728276909,0.0,0.0,0.0,0.0,0.0,0.0
1370,1529965145,738277272,0.0,0.0,0.0,0.0,0.0,0.0
1371,1529965145,748280039,0.0,0.0,0.0,0.0,0.0,0.0
1372,1529965145,758281512,0.0,0.0,0.0,0.0,0.0,0.0
1373,1529965145,768272183,0.0,0.0,0.0,0.0,0.0,0.0
1374,1529965145,781938132,0.0,0.0,0.0,0.0,0.0,0.0
1375,1529965145,788286162,0.0,0.0,0.0,0.0,0.0,0.0
1376,1529965145,798277520,0.0,0.0,0.0,0.0,0.0,0.0
1377,1529965145,808279390,0.0,0.0,0.0,0.0,0.0,0.0
1378,1529965145,818278370,0.0,0.0,0.0,0.0,0.0,0.0
1379,1529965145,828280765,0.0,0.0,0.0,0.0,0.0,0.0
