648,1529965104,648249252,0.0,0.0,0.0,0.0,0.0,0.0
649,1529965104,658221879,0.0,0.0,0.0,0.0,0.0,0.0
650,1529965104,668243934,0.0,0.0,0.0,0.0,0.0,0.0
651,1529965104,678518151,0.0,0.0,0.0,0.0,0.0,0.0
652,1529965104,688242479,0.0,0.0,0.0,0.0,0.0,0.0
653,1529965104,698225155,0.0,0.0,0.0,0.0,0.0,0.0
654,1529965104,708249581,0.0,0.0,0.0,0.0,0.0,0.0
655,1529965104,718235545,0.0,0.0,0.0,0.0,0.0,0.0
656,1529965104,728237503,0.0,0.0,0.0,0.0,0.0,0.0
657,1529965104,738209440,0.0,0.0,0.0,0.0,0.0,0.0
658,1529965104,748244840,0.0,0.0,0.0,0.0,0.0,0.0
659,1529965104,758222413,0.0,0.0,0.0,0.0,0.0,0.0
660,1529965104,768236431,0.0,0.0,0.0,0.0,0.0,0.0
661,1529965104,778227339,0.0,0.0,0.0,0.0,0.0,0.0
662,1529965104,788236835,0.0,0.0,0.0,0.0,0.0,0.0
663,1529965104,798221314,0.0,0.0,0.0,0.0,0.0,0.0
664,1529965104,808237334,0.0,0.0,0.0,0.0,0.0,0.0
665,1529965104,818215274,0.0,0.0,0.0,0.0,0.0,0.0
666,1529965104,828252112,0.0,0.0,0.0,0.0,0.0,0.0
667,1529965104,842513704,0.0,0.0,0.0,0.0,0.0,0.0
668,1529965104,848239282,0.0,0.0,0.0,0.0,0.0,0.0
669,1529965104,858216512,0.0,0.0,0.0,0.0,0.0,0.0
670,1529965104,868241353,0.0,0.0,0.0,0.0,0.0,0.0
671,1529965104,878227125,0.0,0.0,0.0,0.0,0.0,0.0
672,1529965104,888226859,0.0,0.0,0.0,0.0,0.0,0.0
673,1529965104,898235490,0.0,0.0,0.0,0.0,0.0,0.0
674,1529965104,908234882,0.0,0.0,0.0,0.0,0.0,0.0
675,1529965104,918235887,0.0,0.0,0.0,0.0,0.0,0.0
676,1529965104,928240094,0.0,0.0,0.0,0.0,0.0,0.0
677,1529965104,938248597,0.0,0.0,0.0,0.0,0.0,0.0
678,1529965104,948236654,0.0,0.0,0.0,0.0,0.0,0.0
679,1529965104,958224200,0.0,0.0,0.0,0.0,0.0,0.0
680,1529965104,968253259,0.0,0.0,0.0,0.0,0.0,0.0
681,1529965104,978221112,0.0,0.0,0.0,0.0,0.0,0.0
682,1529965104,988238566,0.0,0.0,0.0,0.0,0.0,0.0
683,1529965104,998213682,0.0,0.0,0.0,0.0,0.0,0.0
684,1529965105,8242420,0.0,0.0,0.0,0.0,0.0,0.0
685,1529965105,18244202,0.0,0.0,0.0,0.0,0.0,0.0
686,1529965105,28237345,0.0,0.0,0.0,0.0,0.0,0.0
687,1529965105,38241167,0.0,0.0,0.0,0.0,0.0,0.0
688,1529965105,48237254,0.0,0.0,0.0,0.0,0.0,0.0
689,1529965105,58214893,0.0,0.0,0.0,0.0,0.0,0.0
690,1529965105,68236775,0.0,0.0,0.0,0.0,0.0,0.0
691,1529965105,78235670,0.0,0.0,0.0,0.0,0.0,0.0
692,1529965105,88276605,0.0,0.0,0.0,0.0,0.0,0.0
693,1529965105,98241202,0.0,0.0,0.0,0.0,0.0,0.0
694,1529965105,108249983,0.0,0.0,0.0,0.0,0.0,0.0
695,1529965105,118235512,0.0,0.0,0.0,0.0,0.0,0.0
696,1529965105,128241081,0.0,0.0,0.0,0.0,0.0,0.0
697,1529965105,138246669,0.0,0.0,0.0,0.0,0.0,0.0
698,1529965105,148255337,0.0,0.0,0.0,0.0,0.0,0.0
699,1529965105,158214076,0.0,0.0,0.0,0.0,0.0,0.0
700,1529965105,168235787,0.0,0.0,0.0,0.0,0.0,0.0
701,1529965105,178223340,0.0,0.0,0.0,0.0,0.0,0.0
702,1529965105,188248262,0.0,0.0,0.0,0.0,0.0,0.0
703,1529965105,198213066,0.0,0.0,0.0,0.0,0.0,0.0
704,1529965105,208241620,0.0,0.0,0.0,0.0,0.0,0.0
705,1529965105,218209646,0.0,0.0,0.0,0.0,0.0,0.0
706,1529965105,228243217,0.0,0.0,0.0,0.0,0.0,0.0
707,1529965105,238239415,0.0,0.0,0.0,0.0,0.0,0.0
708,1529965105,248235964,0.0,0.0,0.0,0.0,0.0,0.0
709,1529965105,258222530,0.0,0.0,0.0,0.0,0.0,0.0
710,1529965105,268242092,0.0,0.0,0.0,0.0,0.0,0.0
711,1529965105,278226806,0.0,0.0,0.0,0.0,0.0,0.0
712,1529965105,288235849,0.0,0.0,0.0,0.0,0.0,0.0
713,1529965105,298209756,0.0,0.0,0.0,0.0,0.0,0.0
714,1529965105,308235767,0.0,0.0,0.0,0.0,0.0,0.0
715,1529965105,318352788,0.0,0.0,0.0,0.0,0.0,0.0
716,1529965105,328240984,0.0,0.0,0.0,0.0,0.0,0.0
717,1529965105,338236916,0.0,0.0,0.0,0.0,0.0,0.0
718,1529965105,348238252,0.0,0.0,0.0,0.0,0.0,0.0
719,1529965105,358236682,0.0,0.0,0.0,0.0,0.0,0.0
720,1529965105,368251003,0.0,0.0,0.0,0.0,0.0,0.0
721,1529965105,378211143,0.0,0.0,0.0,0.0,0.0,0.0
722,1529965105,388242833,0.0,0.0,0.0,0.0,0.0,0.0
723,1529965105,398213766,0.0,0.0,0.0,0.0,0.0,0.0
724,1529965105,408247628,0.0,0.0,0.0,0.0,0.0,0.0
725,1529965105,418235463,0.0,0.0,0.0,0.0,0.0,0.0
726,1529965105,428316731,0.0,0.0,0.0,0.0,0.0,0.0
727,1529965105,438241526,0.0,0.0,0.0,0.0,0.0,0.0
728,1529965105,448257708,0.0,0.0,0.0,0.0,0.0,0.0
729,1529965105,458211964,0.0,0.0,0.0,0.0,0.0,0.0
730,1529965105,468237849,0.0,0.0,0.0,0.0,0.0,0.0
731,1529965105,478217219,0.0,0.0,0.0,0.0,0.0,0.0
732,1529965105,488247374,0.0,0.0,0.0,0.0,0.0,0.0
733,1529965105,498213622,0.0,0.0,0.0,0.0,0.0,0.0
734,1529965105,508236016,0.0,0.0,0.0,0.0,0.0,0.0
735,1529965105,518214678,0.0,0.0,0.0,0.0,0.0,0.0
736,1529965105,528237829,0.0,0.0,0.0,0.0,0.0,0.0
737,1529965105,538231010,0.0,0.0,0.0,0.0,0.0,0.0
738,1529965105,548236247,0.0,0.0,0.0,0.0,0.0,0.0
739,1529965105,558222798,0.0,0.0,0.0,0.0,0.0,0.0
740,1529965105,568236575,0.0,0.0,0.0,0.0,0.0,0.0
741,1529965105,578248322,0.0,0.0,0.0,0.0,0.0,0.0
742,1529965105,588243714,0.0,0.0,0.0,0.0,0.0,0.0
743,1529965105,598246532,0.0,0.0,0.0,0.0,0.0,0.0
744,1529965105,608238005,0.0,0.0,0.0,0.0,0.0,0.0
745,1529965105,618250239,0.0,0.0,0.0,0.0,0.0,0.0
746,1529965105,628246028,0.0,0.0,0.0,0.0,0.0,0.0
747,1529965105,638213929,0.0,0.0,0.0,0.0,0.0,0.0
748,1529965105,648236719,0.0,0.0,0.0,0.0,0.0,0.0
749,1529965105,658219885,0.0,0.0,0.0,0.0,0.0,0.0
750,1529965105,668243215,0.0,0.0,0.0,0.0,0.0,0.0
751,1529965105,678219560,0.0,0.0,0.0,0.0,0.0,0.0
752,1529965105,688239036,0.0,0.0,0.0,0.0,0.0,0.0
753,1529965105,698267138,0.0,0.0,0.0,0.0,0.0,0.0
754,1529965105,708252571,0.0,0.0,0.0,0.0,0.0,0.0
755,1529965105,718213429,0.0,0.0,0.0,0.0,0.0,0.0
756,1529965105,728242698,0.0,0.0,0.0,0.0,0.0,0.0
757,1529965105,738224523,0.0,0.0,0.0,0.0,0.0,0.0
758,1529965105,748240798,0.0,0.0,0.0,0.0,0.0,0.0
759,1529965105,758240859,0.0,0.0,0.0,0.0,0.0,0.0
760,1529965105,768244776,0.0,0.0,0.0,0.0,0.0,0.0
761,1529965105,778210214,0.0,0.0,0.0,0.0,0.0,0.0
762,1529965105,788254073,0.0,0.0,0.0,0.0,0.0,0.0
763,1529965105,798244137,0.0,0.0,0.0,0.0,0.0,0.0
764,1529965105,808253613,0.0,0.0,0.0,0.0,0.0,0.0
765,1529965105,818235880,0.0,0.0,0.0,0.0,0.0,0.0
766,1529965105,828246375,0.0,0.0,0.0,0.0,0.0,0.0
767,1529965105,838227062,0.0,0.0,0.0,0.0,0.0,0.0
768,1529965105,848236842,0.0,0.0,0.0,0.0,0.0,0.0
769,1529965105,858221246,0.0,0.0,0.0,0.0,0.0,0.0
770,1529965105,868245654,0.0,0.0,0.0,0.0,0.0,0.0
771,1529965105,878216242,0.0,0.0,0.0,0.0,0.0,0.0
772,1529965105,888245233,0.0,0.0,0.0,0.0,0.0,0.0
773,1529965105,898238260,0.0,0.0,0.0,0.0,0.0,0.0
774,1529965105,908243256,0.0,0.0,0.0,0.0,0.0,0.0
775,1529965105,918233008,0.0,0.0,0.0,0.0,0.0,0.0
776,1529965105,928243951,0.0,0.0,0.0,0.0,0.0,0.0
777,1529965105,938213950,0.0,0.0,0.0,0.0,0.0,0.0
778,1529965105,948237113,0.0,0.0,0.0,0.0,0.0,0.0
779,1529965105,958214081,0.0,0.0,0.0,0.0,0.0,0.0
780,1529965105,968818826,0.0,0.0,0.0,0.0,0.0,0.0
781,1529965105,978255719,0.0,0.0,0.0,0.0,0.0,0.0
782,1529965105,988237876,0.0,0.0,0.0,0.0,0.0,0.0
783,1529965105,998217907,0.0,0.0,0.0,0.0,0.0,0.0
784,1529965106,8239577,0.0,0.0,0.0,0.0,0.0,0.0
785,1529965106,18237992,0.0,0.0,0.0,0.0,0.0,0.0
786,1529965106,28235163,0.0,0.0,0.0,0.0,0.0,0.0
787,1529965106,38224886,0.0,0.0,0.0,0.0,0.0,0.0
788,1529965106,48234990,0.0,0.0,0.0,0.0,0.0,0.0
789,1529965106,58251259,0.0,0.0,0.0,0.0,0.0,0.0
790,1529965106,68238695,0.0,0.0,0.0,0.0,0.0,0.0
791,1529965106,78236813,0.0,0.0,0.0,0.0,0.0,0.0
792,1529965106,88235587,0.0,0.0,0.0,0.0,0.0,0.0
793,1529965106,98214998,0.0,0.0,0.0,0.0,0.0,0.0
794,1529965106,108242078,0.0,0.0,0.0,0.0,0.0,0.0
795,1529965106,118214288,0.0,0.0,0.0,0.0,0.0,0.0
796,1529965106,128237258,0.0,0.0,0.0,0.0,0.0,0.0
797,1529965106,138218597,0.0,0.0,0.0,0.0,0.0,0.0
798,1529965106,148247936,0.0,0.0,0.0,0.0,0.0,0.0
799,1529965106,158216489,0.0,0.0,0.0,0.0,0.0,0.0
800,1529965106,168237598,0.0,0.0,0.0,0.0,0.0,0.0
801,1529965106,178209343,0.0,0.0,0.0,0.0,0.0,0.0
802,1529965106,188242950,0.0,0.0,0.0,0.0,0.0,0.0
803,1529965106,198220461,0.0,0.0,0.0,0.0,0.0,0.0
804,1529965106,208240069,0.0,0.0,0.0,0.0,0.0,0.0
805,1529965106,218237898,0.0,0.0,0.0,0.0,0.0,0.0
806,1529965106,228233288,0.0,0.0,0.0,0.0,0.0,0.0
807,1529965106,238211451,0.0,0.0,0.0,0.0,0.0,0.0
808,1529965106,248239958,0.0,0.0,0.0,0.0,0.0,0.0
809,1529965106,258213367,0.0,0.0,0.0,0.0,0.0,0.0
810,1529965106,268237834,105.0,105.0,0.0,0.0,0.0,0.0
811,1529965106,278209977,105.0,105.0,0.0,0.0,0.0,0.0
812,1529965106,288244650,111.0,111.0,0.0,0.0,0.0,0.0
813,1529965106,298259070,111.0,111.0,0.0,0.0,0.0,0.0
814,1529965106,308258691,129.0,129.0,0.0,0.0,0.0,0.0
815,1529965106,318226535,129.0,129.0,0.0,0.0,0.0,0.0
816,1529965106,328244075,134.0,134.0,0.0,0.0,0.0,0.0
817,1529965106,338240989,134.0,134.0,0.0,0.0,0.0,0.0
818,1529965106,348249357,149.0,149.0,0.0,0.0,0.0,0.0
819,1529965106,358241474,149.0,149.0,0.0,0.0,0.0,0.0
820,1529965106,368244567,152.0,152.0,0.0,0.0,0.0,0.0
821,1529965106,378221432,152.0,152.0,0.0,0.0,0.0,0.0
822,1529965106,388239793,156.0,156.0,0.0,0.0,0.0,0.0
823,1529965106,398211349,156.0,156.0,0.0,0.0,0.0,0.0
824,1529965106,408252083,160.0,160.0,0.0,0.0,0.0,0.0
825,1529965106,418209518,160.0,160.0,0.0,0.0,0.0,0.0
826,1529965106,428239635,164.0,164.0,0.0,0.0,0.0,0.0
827,1529965106,438230855,164.0,164.0,0.0,0.0,0.0,0.0
828,1529965106,448252609,168.0,168.0,0.0,0.0,0.0,0.0
829,1529965106,458259348,168.0,168.0,0.0,0.0,0.0,0.0
830,1529965106,468243324,173.0,173.0,0.0,0.0,0.0,0.0
831,1529965106,478238549,173.0,173.0,0.0,0.0,0.0,0.0
832,1529965106,488257049,176.0,176.0,0.0,0.0,0.0,0.0
833,1529965106,498242887,176.0,176.0,0.0,0.0,0.0,0.0
834,1529965106,508243279,177.0,177.0,0.0,0.0,0.0,0.0
835,1529965106,518254270,177.0,177.0,0.0,0.0,0.0,0.0
836,1529965106,528239898,181.0,181.0,0.0,0.0,0.0,0.0
837,1529965106,538242789,181.0,181.0,0.0,0.0,0.0,0.0
838,1529965106,548248169,185.0,185.0,0.0,0.0,0.0,0.0
839,1529965106,558245498,185.0,185.0,0.0,0.0,0.0,0.0
840,1529965106,568242697,189.0,189.0,0.0,0.0,0.0,0.0
841,1529965106,578254737,189.0,189.0,0.0,0.0,0.0,0.0
842,1529965106,588242833,190.0,190.0,0.0,0.0,0.0,0.0
843,1529965106,598244928,190.0,190.0,0.0,0.0,0.0,0.0
844,1529965106,608241403,191.0,191.0,0.0,0.0,0.0,0.0
845,1529965106,618240589,191.0,191.0,0.0,0.0,0.0,0.0
846,1529965106,628802452,193.0,193.0,0.0,0.0,0.0,0.0
847,1529965106,638253488,193.0,193.0,0.0,0.0,0.0,0.0
848,1529965106,648241722,194.0,194.0,0.0,0.0,0.0,0.0
849,1529965106,658252810,194.0,194.0,0.0,0.0,0.0,0.0
850,1529965106,668252958,194.0,194.0,0.0,0.0,0.0,0.0
851,1529965106,678247819,194.0,194.0,0.0,0.0,0.0,0.0
852,1529965106,688244677,195.0,195.0,0.0,0.0,0.0,0.0
853,1529965106,698239288,195.0,195.0,0.0,0.0,0.0,0.0
854,1529965106,708241115,195.0,195.0,0.0,0.0,0.0,0.0
855,1529965106,718228399,195.0,195.0,0.0,0.0,0.0,0.0
856,1529965106,728243846,196.0,196.0,0.0,0.0,0.0,0.0
857,1529965106,738240295,196.0,196.0,0.0,0.0,0.0,0.0
858,1529965106,748240362,197.0,197.0,0.0,0.0,0.0,0.0
859,1529965106,758244534,197.0,197.0,0.0,0.0,0.0,0.0
860,1529965106,768241347,197.0,197.0,0.0,0.0,0.0,0.0
861,1529965106,778244305,197.0,197.0,0.0,0.0,0.0,0.0
862,1529965106,788261613,198.0,198.0,0.0,0.0,0.0,0.0
863,1529965106,798251828,198.0,198.0,0.0,0.0,0.0,0.0
864,1529965106,808254513,199.0,199.0,0.0,0.0,0.0,0.0
865,1529965106,818222841,199.0,199.0,0.0,0.0,0.0,0.0
866,1529965106,828242680,199.0,199.0,0.0,0.0,0.0,0.0
867,1529965106,838242490,199.0,199.0,0.0,0.0,0.0,0.0
868,1529965106,848256698,200.0,200.0,0.0,0.0,0.0,0.0
869,1529965106,858243814,200.0,200.0,0.0,0.0,0.0,0.0
870,1529965106,868259637,201.0,201.0,0.0,0.0,0.0,0.0
871,1529965106,878222806,201.0,201.0,0.0,0.0,0.0,0.0
872,1529965106,888246398,202.0,202.0,0.0,0.0,0.0,0.0
873,1529965106,898252345,202.0,202.0,0.0,0.0,0.0,0.0
874,1529965106,908242927,203.0,203.0,0.0,0.0,0.0,0.0
875,1529965106,918242599,203.0,203.0,0.0,0.0,0.0,0.0
876,1529965106,928241230,204.0,204.0,0.0,0.0,0.0,0.0
877,1529965106,938245113,204.0,204.0,0.0,0.0,0.0,0.0
878,1529965106,948246327,205.0,205.0,0.0,0.0,0.0,0.0
879,1529965106,958240835,205.0,205.0,0.0,0.0,0.0,0.0
880,1529965106,968240492,206.0,206.0,0.0,0.0,0.0,0.0
881,1529965106,978226346,206.0,206.0,0.0,0.0,0.0,0.0
882,1529965106,988242227,206.0,206.0,0.0,0.0,0.0,0.0
883,1529965106,998242248,206.0,206.0,0.0,0.0,0.0,0.0
884,1529965107,8242658,207.0,207.0,0.0,0.0,0.0,0.0
885,1529965107,18242392,207.0,207.0,0.0,0.0,0.0,0.0
886,1529965107,28243631,207.0,207.0,0.0,0.0,0.0,0.0
887,1529965107,38242636,207.0,207.0,0.0,0.0,0.0,0.0
888,1529965107,48242648,207.0,207.0,0.0,0.0,0.0,0.0
889,1529965107,58240839,207.0,207.0,0.0,0.0,0.0,0.0
890,1529965107,68252408,205.0,205.0,0.0,0.0,0.0,0.0
891,1529965107,78243764,205.0,205.0,0.0,0.0,0.0,0.0
892,1529965107,88241938,201.0,201.0,0.0,0.0,0.0,0.0
893,1529965107,98239894,201.0,201.0,0.0,0.0,0.0,0.0
894,1529965107,108241666,197.0,197.0,0.0,0.0,0.0,0.0
895,1529965107,118244528,197.0,197.0,0.0,0.0,0.0,0.0
896,1529965107,128241101,193.0,193.0,0.0,0.0,0.0,0.0
897,1529965107,138253013,193.0,193.0,0.0,0.0,0.0,0.0
898,1529965107,148255315,191.0,191.0,0.0,0.0,0.0,0.0
899,1529965107,158265256,191.0,191.0,0.0,0.0,0.0,0.0
900,1529965107,168261466,188.0,188.0,0.0,0.0,0.0,0.0
901,1529965107,178254128,188.0,188.0,0.0,0.0,0.0,0.0
902,1529965107,188256828,186.0,186.0,0.0,0.0,0.0,0.0
903,1529965107,198247958,186.0,186.0,0.0,0.0,0.0,0.0
904,1529965107,208257458,185.0,185.0,0.0,0.0,0.0,0.0
905,1529965107,218256403,185.0,185.0,0.0,0.0,0.0,0.0
906,1529965107,228260155,184.0,184.0,0.0,0.0,0.0,0.0
907,1529965107,238235496,184.0,184.0,0.0,0.0,0.0,0.0
908,1529965107,248263689,182.0,182.0,0.0,0.0,0.0,0.0
909,1529965107,258223186,182.0,182.0,0.0,0.0,0.0,0.0
910,1529965107,268240498,181.0,181.0,0.0,0.0,0.0,0.0
911,1529965107,278228364,181.0,181.0,0.0,0.0,0.0,0.0
912,1529965107,288243769,179.0,179.0,0.0,0.0,0.0,0.0
913,1529965107,298244575,179.0,179.0,0.0,0.0,0.0,0.0
914,1529965107,308238933,178.0,178.0,0.0,0.0,0.0,0.0
915,1529965107,318239766,178.0,178.0,0.0,0.0,0.0,0.0
916,1529965107,328232775,177.0,177.0,0.0,0.0,0.0,0.0
917,1529965107,338243695,177.0,177.0,0.0,0.0,0.0,0.0
918,1529965107,348243079,175.0,175.0,0.0,0.0,0.0,0.0
919,1529965107,358243840,175.0,175.0,0.0,0.0,0.0,0.0
920,1529965107,368240784,175.0,175.0,0.0,0.0,0.0,0.0
921,1529965107,378235201,175.0,175.0,0.0,0.0,0.0,0.0
922,1529965107,388240702,175.0,175.0,0.0,0.0,0.0,0.0
923,1529965107,398215124,175.0,175.0,0.0,0.0,0.0,0.0
924,1529965107,408239200,175.0,175.0,0.0,0.0,0.0,0.0
925,1529965107,418224516,175.0,175.0,0.0,0.0,0.0,0.0
926,1529965107,428242316,174.0,174.0,0.0,0.0,0.0,0.0
927,1529965107,438241049,174.0,174.0,0.0,0.0,0.0,0.0
928,1529965107,448238922,174.0,174.0,0.0,0.0,0.0,0.0
929,1529965107,458240978,174.0,174.0,0.0,0.0,0.0,0.0
930,1529965107,468240957,173.0,173.0,0.0,0.0,0.0,0.0
931,1529965107,478240372,173.0,173.0,0.0,0.0,0.0,0.0
932,1529965107,488241061,173.0,173.0,0.0,0.0,0.0,0.0
933,1529965107,498239899,173.0,173.0,0.0,0.0,0.0,0.0
934,1529965107,508249012,173.0,173.0,0.0,0.0,0.0,0.0
935,1529965107,518217355,173.0,173.0,0.0,0.0,0.0,0.0
936,1529965107,528240562,173.0,173.0,0.0,0.0,0.0,0.0
937,1529965107,538232618,173.0,173.0,0.0,0.0,0.0,0.0
938,1529965107,548241892,173.0,173.0,0.0,0.0,0.0,0.0
939,1529965107,558246875,173.0,173.0,0.0,0.0,0.0,0.0
940,1529965107,568247233,173.0,173.0,0.0,0.0,0.0,0.0
941,1529965107,578214692,173.0,173.0,0.0,0.0,0.0,0.0
942,1529965107,588243164,173.0,173.0,0.0,0.0,0.0,0.0
943,1529965107,598224862,173.0,173.0,0.0,0.0,0.0,0.0
944,1529965107,608240155,173.0,173.0,0.0,0.0,0.0,0.0
945,1529965107,618213040,173.0,173.0,0.0,0.0,0.0,0.0
946,1529965107,628239009,173.0,173.0,0.0,0.0,0.0,0.0
947,1529965107,638246266,173.0,173.0,0.0,0.0,0.0,0.0
948,1529965107,648242672,173.0,173.0,0.0,0.0,0.0,0.0
949,1529965107,658241160,173.0,173.0,0.0,0.0,0.0,0.0
950,1529965107,668240187,170.0,172.0,0.0,0.0,0.0,0.0
951,1529965107,678241057,170.0,172.0,0.0,0.0,0.0,0.0
952,1529965107,688244396,152.0,173.0,0.0,0.0,0.0,0.0
953,1529965107,698240534,152.0,173.0,0.0,0.0,0.0,0.0
954,1529965107,708241031,149.0,174.0,0.0,0.0,0.0,0.0
955,1529965107,718218331,149.0,174.0,0.0,0.0,0.0,0.0
956,1529965107,734229207,145.0,175.0,0.0,0.0,0.0,0.0
957,1529965107,738246271,140.0,176.0,0.0,0.0,0.0,0.0
958,1529965107,748241337,140.0,176.0,0.0,0.0,0.0,0.0
959,1529965107,758215867,140.0,176.0,0.0,0.0,0.0,0.0
960,1529965107,768244256,136.0,178.0,0.0,0.0,0.0,0.0
961,1529965107,778243183,136.0,178.0,0.0,0.0,0.0,0.0
962,1529965107,788240035,132.0,179.0,0.0,0.0,0.0,0.0
963,1529965107,798242134,132.0,179.0,0.0,0.0,0.0,0.0
964,1529965107,808194232,127.0,181.0,0.0,0.0,0.0,0.0
965,1529965107,818225172,127.0,181.0,0.0,0.0,0.0,0.0
966,1529965107,828240969,123.0,184.0,0.0,0.0,0.0,0.0
967,1529965107,838240260,123.0,184.0,0.0,0.0,0.0,0.0
968,1529965107,848239809,119.0,186.0,0.0,0.0,0.0,0.0
969,1529965107,858245627,119.0,186.0,0.0,0.0,0.0,0.0
970,1529965107,868246613,116.0,188.0,0.0,0.0,0.0,0.0
971,1529965107,878241407,116.0,188.0,0.0,0.0,0.0,0.0
972,1529965107,888239760,115.0,188.0,0.0,0.0,0.0,0.0
973,1529965107,898241820,115.0,188.0,0.0,0.0,0.0,0.0
974,1529965107,908245887,115.0,189.0,0.0,0.0,0.0,0.0
975,1529965107,918242352,115.0,189.0,0.0,0.0,0.0,0.0
976,1529965107,928241115,114.0,189.0,0.0,0.0,0.0,0.0
977,1529965107,938240218,114.0,189.0,0.0,0.0,0.0,0.0
978,1529965107,948244148,113.0,190.0,0.0,0.0,0.0,0.0
979,1529965107,958249771,113.0,190.0,0.0,0.0,0.0,0.0
980,1529965107,968244002,113.0,190.0,0.0,0.0,0.0,0.0
981,1529965107,978239079,113.0,190.0,0.0,0.0,0.0,0.0
982,1529965107,988245625,112.0,190.0,0.0,0.0,0.0,0.0
983,1529965107,998239204,112.0,190.0,0.0,0.0,0.0,0.0
984,1529965108,8241791,111.0,191.0,0.0,0.0,0.0,0.0
985,1529965108,18247780,111.0,191.0,0.0,0.0,0.0,0.0
986,1529965108,28238063,110.0,191.0,0.0,0.0,0.0,0.0
987,1529965108,38246320,110.0,191.0,0.0,0.0,0.0,0.0
988,1529965108,48241522,110.0,192.0,0.0,0.0,0.0,0.0
989,1529965108,58251524,110.0,192.0,0.0,0.0,0.0,0.0
990,1529965108,68239524,109.0,193.0,0.0,0.0,0.0,0.0
991,1529965108,78236372,109.0,193.0,0.0,0.0,0.0,0.0
992,1529965108,88243675,107.0,193.0,0.0,0.0,0.0,0.0
993,1529965108,98242304,107.0,193.0,0.0,0.0,0.0,0.0
994,1529965108,108237865,106.0,194.0,0.0,0.0,0.0,0.0
995,1529965108,118242941,106.0,194.0,0.0,0.0,0.0,0.0
996,1529965108,128243727,103.0,196.0,0.0,0.0,0.0,0.0
997,1529965108,138240348,103.0,196.0,0.0,0.0,0.0,0.0
998,1529965108,148242308,100.0,199.0,0.0,0.0,0.0,0.0
999,1529965108,158250383,100.0,199.0,0.0,0.0,0.0,0.0
1000,1529965108,168245184,98.0,201.0,0.0,0.0,0.0,0.0
1001,1529965108,178239926,98.0,201.0,0.0,0.0,0.0,0.0
1002,1529965108,188239475,96.0,202.0,0.0,0.0,0.0,0.0
1003,1529965108,198238122,96.0,202.0,0.0,0.0,0.0,0.0
1004,1529965108,208244900,95.0,203.0,0.0,0.0,0.0,0.0
1005,1529965108,218219724,95.0,203.0,0.0,0.0,0.0,0.0
1006,1529965108,228239158,94.0,204.0,0.0,0.0,0.0,0.0
1007,1529965108,238238444,94.0,204.0,0.0,0.0,0.0,0.0
1008,1529965108,248244422,93.0,205.0,0.0,0.0,0.0,0.0
1009,1529965108,258242827,93.0,205.0,0.0,0.0,0.0,0.0
1010,1529965108,268239226,93.0,207.0,0.0,0.0,0.0,0.0
1011,1529965108,278240489,93.0,207.0,0.0,0.0,0.0,0.0
1012,1529965108,288238635,91.0,208.0,0.0,0.0,0.0,0.0
1013,1529965108,298661228,91.0,208.0,0.0,0.0,0.0,0.0
1014,1529965108,308244208,89.0,210.0,0.0,0.0,0.0,0.0
1015,1529965108,318242097,89.0,210.0,0.0,0.0,0.0,0.0
1016,1529965108,328237604,89.0,212.0,0.0,0.0,0.0,0.0
1017,1529965108,338240237,89.0,212.0,0.0,0.0,0.0,0.0
1018,1529965108,348239347,90.0,212.0,0.0,0.0,0.0,0.0
1019,1529965108,358238308,90.0,212.0,0.0,0.0,0.0,0.0
1020,1529965108,368236544,91.0,213.0,0.0,0.0,0.0,0.0
1021,1529965108,378238020,91.0,213.0,0.0,0.0,0.0,0.0
1022,1529965108,388250765,91.0,213.0,0.0,0.0,0.0,0.0
1023,1529965108,398242508,91.0,213.0,0.0,0.0,0.0,0.0
1024,1529965108,408237898,91.0,213.0,0.0,0.0,0.0,0.0
1025,1529965108,418217286,91.0,213.0,0.0,0.0,0.0,0.0
1026,1529965108,428244623,91.0,214.0,0.0,0.0,0.0,0.0
1027,1529965108,438242007,91.0,214.0,0.0,0.0,0.0,0.0
1028,1529965108,448239003,92.0,215.0,0.0,0.0,0.0,0.0
1029,1529965108,458239361,92.0,215.0,0.0,0.0,0.0,0.0
1030,1529965108,468237874,93.0,215.0,0.0,0.0,0.0,0.0
1031,1529965108,478220729,93.0,215.0,0.0,0.0,0.0,0.0
1032,1529965108,488239654,94.0,216.0,0.0,0.0,0.0,0.0
1033,1529965108,498240754,94.0,216.0,0.0,0.0,0.0,0.0
1034,1529965108,508238765,95.0,217.0,0.0,0.0,0.0,0.0
1035,1529965108,518222532,95.0,217.0,0.0,0.0,0.0,0.0
1036,1529965108,528249088,95.0,217.0,0.0,0.0,0.0,0.0
1037,1529965108,538249567,95.0,217.0,0.0,0.0,0.0,0.0
1038,1529965108,548237390,95.0,217.0,0.0,0.0,0.0,0.0
1039,1529965108,558239030,95.0,217.0,0.0,0.0,0.0,0.0
1040,1529965108,568248035,97.0,217.0,0.0,0.0,0.0,0.0
1041,1529965108,578240641,97.0,217.0,0.0,0.0,0.0,0.0
1042,1529965108,588240418,99.0,217.0,0.0,0.0,0.0,0.0
1043,1529965108,598212471,99.0,217.0,0.0,0.0,0.0,0.0
1044,1529965108,608257910,100.0,218.0,0.0,0.0,0.0,0.0
1045,1529965108,618244670,100.0,218.0,0.0,0.0,0.0,0.0
1046,1529965108,628241317,100.0,218.0,0.0,0.0,0.0,0.0
1047,1529965108,638240273,100.0,218.0,0.0,0.0,0.0,0.0
1048,1529965108,648241265,100.0,218.0,0.0,0.0,0.0,0.0
1049,1529965108,658294592,100.0,218.0,0.0,0.0,0.0,0.0
1050,1529965108,668243443,100.0,218.0,0.0,0.0,0.0,0.0
1051,1529965108,678230886,100.0,218.0,0.0,0.0,0.0,0.0
1052,1529965108,688244790,100.0,218.0,0.0,0.0,0.0,0.0
1053,1529965108,698260768,100.0,218.0,0.0,0.0,0.0,0.0
1054,1529965108,708244620,101.0,218.0,0.0,0.0,0.0,0.0
1055,1529965108,718247074,101.0,218.0,0.0,0.0,0.0,0.0
1056,1529965108,728241571,101.0,218.0,0.0,0.0,0.0,0.0
1057,1529965108,738224437,101.0,218.0,0.0,0.0,0.0,0.0
1058,1529965108,748245769,102.0,219.0,0.0,0.0,0.0,0.0
1059,1529965108,758238814,102.0,219.0,0.0,0.0,0.0,0.0
1060,1529965108,768238499,102.0,219.0,0.0,0.0,0.0,0.0
1061,1529965108,778226225,102.0,219.0,0.0,0.0,0.0,0.0
1062,1529965108,788241887,102.0,219.0,0.0,0.0,0.0,0.0
1063,1529965108,798242411,102.0,219.0,0.0,0.0,0.0,0.0
1064,1529965108,808240742,103.0,220.0,0.0,0.0,0.0,0.0
1065,1529965108,818238431,103.0,220.0,0.0,0.0,0.0,0.0
1066,1529965108,828247187,105.0,220.0,0.0,0.0,0.0,0.0
1067,1529965108,838217793,105.0,220.0,0.0,0.0,0.0,0.0
1068,1529965108,848241224,107.0,220.0,0.0,0.0,0.0,0.0
1069,1529965108,858246051,107.0,220.0,0.0,0.0,0.0,0.0
1070,1529965108,868246317,111.0,221.0,0.0,0.0,0.0,0.0
1071,1529965108,878247723,111.0,221.0,0.0,0.0,0.0,0.0
1072,1529965108,888240330,116.0,220.0,0.0,0.0,0.0,0.0
1073,1529965108,898237732,116.0,220.0,0.0,0.0,0.0,0.0
1074,1529965108,908243675,123.0,220.0,0.0,0.0,0.0,0.0
1075,1529965108,918245133,123.0,220.0,0.0,0.0,0.0,0.0
1076,1529965108,928239493,131.0,220.0,0.0,0.0,0.0,0.0
1077,1529965108,938240410,131.0,220.0,0.0,0.0,0.0,0.0
1078,1529965108,948240463,137.0,219.0,0.0,0.0,0.0,0.0
1079,1529965108,958244989,137.0,219.0,0.0,0.0,0.0,0.0
1080,1529965108,968244057,146.0,220.0,0.0,0.0,0.0,0.0
1081,1529965108,978237538,146.0,220.0,0.0,0.0,0.0,0.0
1082,1529965108,988239546,156.0,220.0,0.0,0.0,0.0,0.0
1083,1529965108,998255540,156.0,220.0,0.0,0.0,0.0,0.0
1084,1529965109,8259311,178.0,218.0,0.0,0.0,0.0,0.0
1085,1529965109,18224905,178.0,218.0,0.0,0.0,0.0,0.0
1086,1529965109,28240288,198.0,220.0,0.0,0.0,0.0,0.0
1087,1529965109,38246306,198.0,220.0,0.0,0.0,0.0,0.0
1088,1529965109,48244711,220.0,223.0,0.0,0.0,0.0,0.0
1089,1529965109,58239510,220.0,223.0,0.0,0.0,0.0,0.0
1090,1529965109,68242306,226.0,226.0,0.0,0.0,0.0,0.0
1091,1529965109,78240077,226.0,226.0,0.0,0.0,0.0,0.0
1092,1529965109,88256401,230.0,230.0,0.0,0.0,0.0,0.0
1093,1529965109,98251693,230.0,230.0,0.0,0.0,0.0,0.0
1094,1529965109,108259458,234.0,234.0,0.0,0.0,0.0,0.0
1095,1529965109,118247327,234.0,234.0,0.0,0.0,0.0,0.0
1096,1529965109,128253125,238.0,238.0,0.0,0.0,0.0,0.0
1097,1529965109,138256166,238.0,238.0,0.0,0.0,0.0,0.0
1098,1529965109,148250339,242.0,242.0,0.0,0.0,0.0,0.0
1099,1529965109,158257322,242.0,242.0,0.0,0.0,0.0,0.0
1100,1529965109,168241948,243.0,243.0,0.0,0.0,0.0,0.0
1101,1529965109,178230580,243.0,243.0,0.0,0.0,0.0,0.0
1102,1529965109,188242260,245.0,245.0,0.0,0.0,0.0,0.0
1103,1529965109,198241742,245.0,245.0,0.0,0.0,0.0,0.0
1104,1529965109,208240649,246.0,246.0,0.0,0.0,0.0,0.0
1105,1529965109,218236918,246.0,246.0,0.0,0.0,0.0,0.0
1106,1529965109,228245836,246.0,246.0,0.0,0.0,0.0,0.0
1107,1529965109,238241692,246.0,246.0,0.0,0.0,0.0,0.0
1108,1529965109,248240403,247.0,247.0,0.0,0.0,0.0,0.0
1109,1529965109,258244920,247.0,247.0,0.0,0.0,0.0,0.0
1110,1529965109,268243126,247.0,247.0,0.0,0.0,0.0,0.0
1111,1529965109,278241764,247.0,247.0,0.0,0.0,0.0,0.0
1112,1529965109,288253004,247.0,247.0,0.0,0.0,0.0,0.0
1113,1529965109,298254970,247.0,247.0,0.0,0.0,0.0,0.0
1114,1529965109,308253704,248.0,248.0,0.0,0.0,0.0,0.0
1115,1529965109,318248373,248.0,248.0,0.0,0.0,0.0,0.0
1116,1529965109,328240084,248.0,248.0,0.0,0.0,0.0,0.0
1117,1529965109,338223896,248.0,248.0,0.0,0.0,0.0,0.0
1118,1529965109,348241163,248.0,248.0,0.0,0.0,0.0,0.0
1119,1529965109,358218225,248.0,248.0,0.0,0.0,0.0,0.0
1120,1529965109,368259418,248.0,248.0,0.0,0.0,0.0,0.0
1121,1529965109,378239676,248.0,248.0,0.0,0.0,0.0,0.0
1122,1529965109,388238853,248.0,248.0,0.0,0.0,0.0,0.0
1123,1529965109,398242260,248.0,248.0,0.0,0.0,0.0,0.0
1124,1529965109,408242498,248.0,248.0,0.0,0.0,0.0,0.0
1125,1529965109,418241036,248.0,248.0,0.0,0.0,0.0,0.0
1126,1529965109,428245356,249.0,249.0,0.0,0.0,0.0,0.0
1127,1529965109,438226905,249.0,249.0,0.0,0.0,0.0,0.0
1128,1529965109,448246947,249.0,249.0,0.0,0.0,0.0,0.0
1129,1529965109,458242378,249.0,249.0,0.0,0.0,0.0,0.0
1130,1529965109,468242041,250.0,250.0,0.0,0.0,0.0,0.0
1131,1529965109,478215230,250.0,250.0,0.0,0.0,0.0,0.0
1132,1529965109,488245838,251.0,251.0,0.0,0.0,0.0,0.0
1133,1529965109,498245371,251.0,251.0,0.0,0.0,0.0,0.0
1134,1529965109,508249983,251.0,251.0,0.0,0.0,0.0,0.0
1135,1529965109,518242985,251.0,251.0,0.0,0.0,0.0,0.0
1136,1529965109,528250334,251.0,251.0,0.0,0.0,0.0,0.0
1137,1529965109,538241584,251.0,251.0,0.0,0.0,0.0,0.0
1138,1529965109,548242552,252.0,252.0,0.0,0.0,0.0,0.0
1139,1529965109,558240269,252.0,252.0,0.0,0.0,0.0,0.0
1140,1529965109,568252427,252.0,252.0,0.0,0.0,0.0,0.0
1141,1529965109,578220794,252.0,252.0,0.0,0.0,0.0,0.0
1142,1529965109,588241820,253.0,253.0,0.0,0.0,0.0,0.0
1143,1529965109,598254289,253.0,253.0,0.0,0.0,0.0,0.0
1144,1529965109,608258066,254.0,254.0,0.0,0.0,0.0,0.0
1145,1529965109,618261911,254.0,254.0,0.0,0.0,0.0,0.0
1146,1529965109,628257972,255.0,255.0,0.0,0.0,0.0,0.0
1147,1529965109,638239426,255.0,255.0,0.0,0.0,0.0,0.0
1148,1529965109,648244123,255.0,255.0,0.0,0.0,0.0,0.0
1149,1529965109,658257216,255.0,255.0,0.0,0.0,0.0,0.0
1150,1529965109,668246541,256.0,256.0,0.0,0.0,0.0,0.0
1151,1529965109,678239667,256.0,256.0,0.0,0.0,0.0,0.0
1152,1529965109,688240379,257.0,257.0,0.0,0.0,0.0,0.0
1153,1529965109,698240656,257.0,257.0,0.0,0.0,0.0,0.0
1154,1529965109,708247594,257.0,257.0,0.0,0.0,0.0,0.0
1155,1529965109,718243911,257.0,257.0,0.0,0.0,0.0,0.0
1156,1529965109,728240780,257.0,257.0,0.0,0.0,0.0,0.0
1157,1529965109,738229022,257.0,257.0,0.0,0.0,0.0,0.0
1158,1529965109,748244706,257.0,257.0,0.0,0.0,0.0,0.0
1159,1529965109,758242530,257.0,257.0,0.0,0.0,0.0,0.0
1160,1529965109,768241068,257.0,257.0,0.0,0.0,0.0,0.0
1161,1529965109,778216581,257.0,257.0,0.0,0.0,0.0,0.0
1162,1529965109,788241232,257.0,257.0,0.0,0.0,0.0,0.0
1163,1529965109,798244973,257.0,257.0,0.0,0.0,0.0,0.0
1164,1529965109,808242534,257.0,257.0,0.0,0.0,0.0,0.0
1165,1529965109,818260266,257.0,257.0,0.0,0.0,0.0,0.0
1166,1529965109,828251955,257.0,257.0,0.0,0.0,0.0,0.0
1167,1529965109,838226909,257.0,257.0,0.0,0.0,0.0,0.0
1168,1529965109,848240578,258.0,258.0,0.0,0.0,0.0,0.0
1169,1529965109,858241145,258.0,258.0,0.0,0.0,0.0,0.0
1170,1529965109,868237988,258.0,258.0,0.0,0.0,0.0,0.0
1171,1529965109,878227137,258.0,258.0,0.0,0.0,0.0,0.0
1172,1529965109,888244070,259.0,259.0,0.0,0.0,0.0,0.0
1173,1529965109,898240029,259.0,259.0,0.0,0.0,0.0,0.0
1174,1529965109,908239396,260.0,260.0,0.0,0.0,0.0,0.0
1175,1529965109,918238676,260.0,260.0,0.0,0.0,0.0,0.0
1176,1529965109,928238437,261.0,261.0,0.0,0.0,0.0,0.0
1177,1529965109,938238182,261.0,261.0,0.0,0.0,0.0,0.0
1178,1529965109,948240712,262.0,262.0,0.0,0.0,0.0,0.0
1179,1529965109,958237514,262.0,262.0,0.0,0.0,0.0,0.0
1180,1529965109,968238204,262.0,262.0,0.0,0.0,0.0,0.0
1181,1529965109,978239569,262.0,262.0,0.0,0.0,0.0,0.0
1182,1529965109,988250679,262.0,262.0,0.0,0.0,0.0,0.0
1183,1529965109,998242806,262.0,262.0,0.0,0.0,0.0,0.0
1184,1529965110,8239298,262.0,262.0,0.0,0.0,0.0,0.0
1185,1529965110,18241128,262.0,262.0,0.0,0.0,0.0,0.0
1186,1529965110,28245758,262.0,262.0,0.0,0.0,0.0,0.0
1187,1529965110,38237777,262.0,262.0,0.0,0.0,0.0,0.0
1188,1529965110,48237435,262.0,262.0,0.0,0.0,0.0,0.0
1189,1529965110,58238225,262.0,262.0,0.0,0.0,0.0,0.0
1190,1529965110,68239134,262.0,262.0,0.0,0.0,0.0,0.0
1191,1529965110,78239631,262.0,262.0,0.0,0.0,0.0,0.0
1192,1529965110,88240849,262.0,262.0,0.0,0.0,0.0,0.0
1193,1529965110,98234726,262.0,262.0,0.0,0.0,0.0,0.0
1194,1529965110,108274565,262.0,262.0,0.0,0.0,0.0,0.0
1195,1529965110,118253684,262.0,262.0,0.0,0.0,0.0,0.0
1196,1529965110,128242706,262.0,262.0,0.0,0.0,0.0,0.0
1197,1529965110,138254856,262.0,262.0,0.0,0.0,0.0,0.0
1198,1529965110,148247606,262.0,262.0,0.0,0.0,0.0,0.0
1199,1529965110,158254499,262.0,262.0,0.0,0.0,0.0,0.0
1200,1529965110,168242472,262.0,262.0,0.0,0.0,0.0,0.0
1201,1529965110,178257659,262.0,262.0,0.0,0.0,0.0,0.0
1202,1529965110,188260463,263.0,246.0,0.0,0.0,0.0,0.0
1203,1529965110,198221318,263.0,246.0,0.0,0.0,0.0,0.0
1204,1529965110,208254565,263.0,240.0,0.0,0.0,0.0,0.0
1205,1529965110,218262293,263.0,240.0,0.0,0.0,0.0,0.0
1206,1529965110,228241231,264.0,233.0,0.0,0.0,0.0,0.0
1207,1529965110,238239148,264.0,233.0,0.0,0.0,0.0,0.0
1208,1529965110,248239338,265.0,225.0,0.0,0.0,0.0,0.0
1209,1529965110,258238603,265.0,225.0,0.0,0.0,0.0,0.0
1210,1529965110,268238024,269.0,210.0,0.0,0.0,0.0,0.0
1211,1529965110,278244128,269.0,210.0,0.0,0.0,0.0,0.0
1212,1529965110,288241762,270.0,206.0,0.0,0.0,0.0,0.0
1213,1529965110,298239238,270.0,206.0,0.0,0.0,0.0,0.0
1214,1529965110,308238326,271.0,200.0,0.0,0.0,0.0,0.0
1215,1529965110,318242199,271.0,200.0,0.0,0.0,0.0,0.0
1216,1529965110,328241739,273.0,194.0,0.0,0.0,0.0,0.0
1217,1529965110,338240522,273.0,194.0,0.0,0.0,0.0,0.0
1218,1529965110,348238545,276.0,188.0,0.0,0.0,0.0,0.0
1219,1529965110,358239229,276.0,188.0,0.0,0.0,0.0,0.0
1220,1529965110,368239034,278.0,183.0,0.0,0.0,0.0,0.0
1221,1529965110,378238188,278.0,183.0,0.0,0.0,0.0,0.0
1222,1529965110,388238532,280.0,179.0,0.0,0.0,0.0,0.0
1223,1529965110,398212559,280.0,179.0,0.0,0.0,0.0,0.0
1224,1529965110,408236618,282.0,175.0,0.0,0.0,0.0,0.0
1225,1529965110,418221654,282.0,175.0,0.0,0.0,0.0,0.0
1226,1529965110,428245751,283.0,174.0,0.0,0.0,0.0,0.0
1227,1529965110,438242761,283.0,174.0,0.0,0.0,0.0,0.0
1228,1529965110,448238459,284.0,174.0,0.0,0.0,0.0,0.0
1229,1529965110,458239887,284.0,174.0,0.0,0.0,0.0,0.0
1230,1529965110,468237554,285.0,175.0,0.0,0.0,0.0,0.0
1231,1529965110,478216846,285.0,175.0,0.0,0.0,0.0,0.0
1232,1529965110,488238002,286.0,176.0,0.0,0.0,0.0,0.0
1233,1529965110,498237623,286.0,176.0,0.0,0.0,0.0,0.0
1234,1529965110,508241648,287.0,177.0,0.0,0.0,0.0,0.0
1235,1529965110,518239412,287.0,177.0,0.0,0.0,0.0,0.0
1236,1529965110,528238818,288.0,178.0,0.0,0.0,0.0,0.0
1237,1529965110,538215289,288.0,178.0,0.0,0.0,0.0,0.0
1238,1529965110,548245667,290.0,185.0,0.0,0.0,0.0,0.0
1239,1529965110,558220482,290.0,185.0,0.0,0.0,0.0,0.0
1240,1529965110,568241447,291.0,192.0,0.0,0.0,0.0,0.0
1241,1529965110,578239683,291.0,192.0,0.0,0.0,0.0,0.0
1242,1529965110,588241258,292.0,202.0,0.0,0.0,0.0,0.0
1243,1529965110,598221999,292.0,202.0,0.0,0.0,0.0,0.0
1244,1529965110,608242203,288.0,223.0,0.0,0.0,0.0,0.0
1245,1529965110,618243115,288.0,223.0,0.0,0.0,0.0,0.0
1246,1529965110,628240910,290.0,233.0,0.0,0.0,0.0,0.0
1247,1529965110,638243497,290.0,233.0,0.0,0.0,0.0,0.0
1248,1529965110,648250833,287.0,256.0,0.0,0.0,0.0,0.0
1249,1529965110,658240916,287.0,256.0,0.0,0.0,0.0,0.0
1250,1529965110,668238796,289.0,276.0,0.0,0.0,0.0,0.0
1251,1529965110,678242096,289.0,276.0,0.0,0.0,0.0,0.0
1252,1529965110,688245539,290.0,285.0,0.0,0.0,0.0,0.0
1253,1529965110,698241238,290.0,285.0,0.0,0.0,0.0,0.0
1254,1529965110,708238428,290.0,290.0,0.0,0.0,0.0,0.0
1255,1529965110,718239313,290.0,290.0,0.0,0.0,0.0,0.0
1256,1529965110,728256732,291.0,291.0,0.0,0.0,0.0,0.0
1257,1529965110,738251647,291.0,291.0,0.0,0.0,0.0,0.0
1258,1529965110,748261775,291.0,291.0,0.0,0.0,0.0,0.0
1259,1529965110,758247184,291.0,291.0,0.0,0.0,0.0,0.0
1260,1529965110,768244134,291.0,291.0,0.0,0.0,0.0,0.0
1261,1529965110,778238820,291.0,291.0,0.0,0.0,0.0,0.0
1262,1529965110,788241652,291.0,291.0,0.0,0.0,0.0,0.0
1263,1529965110,798240603,291.0,291.0,0.0,0.0,0.0,0.0
1264,1529965110,808248144,291.0,291.0,0.0,0.0,0.0,0.0
1265,1529965110,818253294,291.0,291.0,0.0,0.0,0.0,0.0
1266,1529965110,828242842,290.0,290.0,0.0,0.0,0.0,0.0
1267,1529965110,838238753,290.0,290.0,0.0,0.0,0.0,0.0
1268,1529965110,848240391,286.0,286.0,0.0,0.0,0.0,0.0
1269,1529965110,858233298,286.0,286.0,0.0,0.0,0.0,0.0
1270,1529965110,868244084,282.0,282.0,0.0,0.0,0.0,0.0
1271,1529965110,878243253,282.0,282.0,0.0,0.0,0.0,0.0
1272,1529965110,888239141,278.0,278.0,0.0,0.0,0.0,0.0
1273,1529965110,898224945,278.0,278.0,0.0,0.0,0.0,0.0
1274,1529965110,908238574,276.0,276.0,0.0,0.0,0.0,0.0
1275,1529965110,918241569,276.0,276.0,0.0,0.0,0.0,0.0
1276,1529965110,928241394,275.0,275.0,0.0,0.0,0.0,0.0
1277,1529965110,938243926,275.0,275.0,0.0,0.0,0.0,0.0
1278,1529965110,948243565,273.0,273.0,0.0,0.0,0.0,0.0
1279,1529965110,958221604,273.0,273.0,0.0,0.0,0.0,0.0
1280,1529965110,968240169,273.0,273.0,0.0,0.0,0.0,0.0
1281,1529965110,978244671,273.0,273.0,0.0,0.0,0.0,0.0
1282,1529965110,988249129,273.0,273.0,0.0,0.0,0.0,0.0
1283,1529965110,998220811,273.0,273.0,0.0,0.0,0.0,0.0
1284,1529965111,8241599,273.0,273.0,0.0,0.0,0.0,0.0
1285,1529965111,18237621,273.0,273.0,0.0,0.0,0.0,0.0
1286,1529965111,28246172,273.0,273.0,0.0,0.0,0.0,0.0
1287,1529965111,38240493,273.0,273.0,0.0,0.0,0.0,0.0
1288,1529965111,48251650,273.0,273.0,0.0,0.0,0.0,0.0
1289,1529965111,58214207,273.0,273.0,0.0,0.0,0.0,0.0
1290,1529965111,68240372,273.0,273.0,0.0,0.0,0.0,0.0
1291,1529965111,78406616,273.0,273.0,0.0,0.0,0.0,0.0
1292,1529965111,88241323,273.0,273.0,0.0,0.0,0.0,0.0
1293,1529965111,98224640,273.0,273.0,0.0,0.0,0.0,0.0
1294,1529965111,108241586,272.0,272.0,0.0,0.0,0.0,0.0
1295,1529965111,118312541,272.0,272.0,0.0,0.0,0.0,0.0
1296,1529965111,128244995,272.0,272.0,0.0,0.0,0.0,0.0
1297,1529965111,138243654,272.0,272.0,0.0,0.0,0.0,0.0
1298,1529965111,148247844,271.0,271.0,0.0,0.0,0.0,0.0
1299,1529965111,158233881,271.0,271.0,0.0,0.0,0.0,0.0
1300,1529965111,168268162,270.0,270.0,0.0,0.0,0.0,0.0
1301,1529965111,178219207,270.0,270.0,0.0,0.0,0.0,0.0
1302,1529965111,188241051,269.0,269.0,0.0,0.0,0.0,0.0
1303,1529965111,198218257,269.0,269.0,0.0,0.0,0.0,0.0
1304,1529965111,208244251,268.0,268.0,0.0,0.0,0.0,0.0
1305,1529965111,218238432,268.0,268.0,0.0,0.0,0.0,0.0
1306,1529965111,228241598,266.0,266.0,0.0,0.0,0.0,0.0
1307,1529965111,238237730,266.0,266.0,0.0,0.0,0.0,0.0
1308,1529965111,248246001,265.0,265.0,0.0,0.0,0.0,0.0
1309,1529965111,258242344,265.0,265.0,0.0,0.0,0.0,0.0
1310,1529965111,268242813,263.0,263.0,0.0,0.0,0.0,0.0
1311,1529965111,278238314,263.0,263.0,0.0,0.0,0.0,0.0
1312,1529965111,288239404,263.0,263.0,0.0,0.0,0.0,0.0
1313,1529965111,298227124,263.0,263.0,0.0,0.0,0.0,0.0
1314,1529965111,308241641,262.0,262.0,0.0,0.0,0.0,0.0
1315,1529965111,318239735,262.0,262.0,0.0,0.0,0.0,0.0
1316,1529965111,328237800,262.0,262.0,0.0,0.0,0.0,0.0
1317,1529965111,338232907,262.0,262.0,0.0,0.0,0.0,0.0
1318,1529965111,348240427,262.0,262.0,0.0,0.0,0.0,0.0
1319,1529965111,358239902,262.0,262.0,0.0,0.0,0.0,0.0
1320,1529965111,368237481,262.0,262.0,0.0,0.0,0.0,0.0
1321,1529965111,378240563,262.0,262.0,0.0,0.0,0.0,0.0
1322,1529965111,388244146,262.0,262.0,0.0,0.0,0.0,0.0
1323,1529965111,398257508,262.0,262.0,0.0,0.0,0.0,0.0
1324,1529965111,408246905,262.0,262.0,0.0,0.0,0.0,0.0
1325,1529965111,418218448,262.0,262.0,0.0,0.0,0.0,0.0
1326,1529965111,428261162,262.0,262.0,0.0,0.0,0.0,0.0
1327,1529965111,438249290,262.0,262.0,0.0,0.0,0.0,0.0
1328,1529965111,448257195,262.0,262.0,0.0,0.0,0.0,0.0
1329,1529965111,458254555,262.0,262.0,0.0,0.0,0.0,0.0
1330,1529965111,468259520,262.0,262.0,0.0,0.0,0.0,0.0
1331,1529965111,478221851,262.0,262.0,0.0,0.0,0.0,0.0
1332,1529965111,488240236,262.0,262.0,0.0,0.0,0.0,0.0
1333,1529965111,498225037,262.0,262.0,0.0,0.0,0.0,0.0
1334,1529965111,508238934,262.0,262.0,0.0,0.0,0.0,0.0
1335,1529965111,518241692,262.0,262.0,0.0,0.0,0.0,0.0
1336,1529965111,528250742,262.0,262.0,0.0,0.0,0.0,0.0
1337,1529965111,538258123,262.0,262.0,0.0,0.0,0.0,0.0
1338,1529965111,548255186,262.0,262.0,0.0,0.0,0.0,0.0
1339,1529965111,558270236,262.0,262.0,0.0,0.0,0.0,0.0
1340,1529965111,568261151,262.0,262.0,0.0,0.0,0.0,0.0
1341,1529965111,578244543,262.0,262.0,0.0,0.0,0.0,0.0
1342,1529965111,588257714,262.0,262.0,0.0,0.0,0.0,0.0
1343,1529965111,598227739,262.0,262.0,0.0,0.0,0.0,0.0
1344,1529965111,608239559,262.0,262.0,0.0,0.0,0.0,0.0
1345,1529965111,618242240,262.0,262.0,0.0,0.0,0.0,0.0
1346,1529965111,628242137,262.0,262.0,0.0,0.0,0.0,0.0
1347,1529965111,638230142,262.0,262.0,0.0,0.0,0.0,0.0
1348,1529965111,648248678,262.0,262.0,0.0,0.0,0.0,0.0
1349,1529965111,658251854,262.0,262.0,0.0,0.0,0.0,0.0
1350,1529965111,668238920,262.0,262.0,0.0,0.0,0.0,0.0
1351,1529965111,678217959,262.0,262.0,0.0,0.0,0.0,0.0
1352,1529965111,688259204,263.0,263.0,0.0,0.0,0.0,0.0
1353,1529965111,698256152,263.0,263.0,0.0,0.0,0.0,0.0
1354,1529965111,708255746,263.0,263.0,0.0,0.0,0.0,0.0
1355,1529965111,718213564,263.0,263.0,0.0,0.0,0.0,0.0
1356,1529965111,728247423,263.0,263.0,0.0,0.0,0.0,0.0
1357,1529965111,738244342,263.0,263.0,0.0,0.0,0.0,0.0
1358,1529965111,748240511,263.0,263.0,0.0,0.0,0.0,0.0
1359,1529965111,758244147,263.0,263.0,0.0,0.0,0.0,0.0
1360,1529965111,773441400,263.0,263.0,0.0,0.0,0.0,0.0
1361,1529965111,778243227,263.0,263.0,0.0,0.0,0.0,0.0
1362,1529965111,788240599,263.0,263.0,0.0,0.0,0.0,0.0
1363,1529965111,798213944,263.0,263.0,0.0,0.0,0.0,0.0
1364,1529965111,808259903,263.0,263.0,0.0,0.0,0.0,0.0
1365,1529965111,818406873,263.0,263.0,0.0,0.0,0.0,0.0
1366,1529965111,828265251,263.0,263.0,0.0,0.0,0.0,0.0
1367,1529965111,838240292,263.0,263.0,0.0,0.0,0.0,0.0
1368,1529965111,848247329,263.0,263.0,0.0,0.0,0.0,0.0
1369,1529965111,858226705,263.0,263.0,0.0,0.0,0.0,0.0
1370,1529965111,868246076,263.0,263.0,0.0,0.0,0.0,0.0
1371,1529965111,878224394,263.0,263.0,0.0,0.0,0.0,0.0
1372,1529965111,888248747,263.0,263.0,0.0,0.0,0.0,0.0
1373,1529965111,898239010,263.0,263.0,0.0,0.0,0.0,0.0
1374,1529965111,908248153,263.0,263.0,0.0,0.0,0.0,0.0
1375,1529965111,918221791,263.0,263.0,0.0,0.0,0.0,0.0
1376,1529965111,928240742,263.0,263.0,0.0,0.0,0.0,0.0
1377,1529965111,938245343,263.0,263.0,0.0,0.0,0.0,0.0
1378,1529965111,948252646,263.0,263.0,0.0,0.0,0.0,0.0
1379,1529965111,958251447,263.0,263.0,0.0,0.0,0.0,0.0
1380,1529965111,968239233,263.0,263.0,0.0,0.0,0.0,0.0
1381,1529965111,978245938,263.0,263.0,0.0,0.0,0.0,0.0
1382,1529965111,988236875,263.0,263.0,0.0,0.0,0.0,0.0
1383,1529965111,998229966,263.0,263.0,0.0,0.0,0.0,0.0
1384,1529965112,8279014,263.0,263.0,0.0,0.0,0.0,0.0
1385,1529965112,18245816,263.0,263.0,0.0,0.0,0.0,0.0
1386,1529965112,28240532,263.0,263.0,0.0,0.0,0.0,0.0
1387,1529965112,38245942,263.0,263.0,0.0,0.0,0.0,0.0
1388,1529965112,48250341,263.0,263.0,0.0,0.0,0.0,0.0
1389,1529965112,58219534,263.0,263.0,0.0,0.0,0.0,0.0
1390,1529965112,68264655,263.0,263.0,0.0,0.0,0.0,0.0
1391,1529965112,78234762,263.0,263.0,0.0,0.0,0.0,0.0
1392,1529965112,88244857,263.0,263.0,0.0,0.0,0.0,0.0
1393,1529965112,98215803,263.0,263.0,0.0,0.0,0.0,0.0
1394,1529965112,108244839,263.0,263.0,0.0,0.0,0.0,0.0
1395,1529965112,118225865,263.0,263.0,0.0,0.0,0.0,0.0
1396,1529965112,128252402,263.0,263.0,0.0,0.0,0.0,0.0
1397,1529965112,138242568,263.0,263.0,0.0,0.0,0.0,0.0
1398,1529965112,148241247,262.0,262.0,0.0,0.0,0.0,0.0
1399,1529965112,158263376,262.0,262.0,0.0,0.0,0.0,0.0
1400,1529965112,168253640,261.0,261.0,0.0,0.0,0.0,0.0
1401,1529965112,178246302,261.0,261.0,0.0,0.0,0.0,0.0
1402,1529965112,188238889,260.0,260.0,0.0,0.0,0.0,0.0
1403,1529965112,198225477,260.0,260.0,0.0,0.0,0.0,0.0
1404,1529965112,208241456,258.0,258.0,0.0,0.0,0.0,0.0
1405,1529965112,218252182,258.0,258.0,0.0,0.0,0.0,0.0
1406,1529965112,228238927,257.0,257.0,0.0,0.0,0.0,0.0
1407,1529965112,238240781,257.0,257.0,0.0,0.0,0.0,0.0
1408,1529965112,248236432,256.0,256.0,0.0,0.0,0.0,0.0
1409,1529965112,258246555,256.0,256.0,0.0,0.0,0.0,0.0
1410,1529965112,268249770,254.0,254.0,0.0,0.0,0.0,0.0
1411,1529965112,278249008,254.0,254.0,0.0,0.0,0.0,0.0
1412,1529965112,288246262,253.0,253.0,0.0,0.0,0.0,0.0
1413,1529965112,298230023,253.0,253.0,0.0,0.0,0.0,0.0
1414,1529965112,308244589,252.0,252.0,0.0,0.0,0.0,0.0
1415,1529965112,318245352,252.0,252.0,0.0,0.0,0.0,0.0
1416,1529965112,328241035,252.0,252.0,0.0,0.0,0.0,0.0
1417,1529965112,338226012,252.0,252.0,0.0,0.0,0.0,0.0
1418,1529965112,348248645,252.0,252.0,0.0,0.0,0.0,0.0
1419,1529965112,358216767,252.0,252.0,0.0,0.0,0.0,0.0
1420,1529965112,368240440,252.0,252.0,0.0,0.0,0.0,0.0
1421,1529965112,378238252,252.0,252.0,0.0,0.0,0.0,0.0
1422,1529965112,388237538,252.0,252.0,0.0,0.0,0.0,0.0
1423,1529965112,398240005,252.0,252.0,0.0,0.0,0.0,0.0
1424,1529965112,408240953,252.0,252.0,0.0,0.0,0.0,0.0
1425,1529965112,418214634,252.0,252.0,0.0,0.0,0.0,0.0
1426,1529965112,428247976,252.0,252.0,0.0,0.0,0.0,0.0
1427,1529965112,438230814,252.0,252.0,0.0,0.0,0.0,0.0
1428,1529965112,448240371,252.0,252.0,0.0,0.0,0.0,0.0
1429,1529965112,458240085,252.0,252.0,0.0,0.0,0.0,0.0
1430,1529965112,468244103,251.0,251.0,0.0,0.0,0.0,0.0
1431,1529965112,478225093,251.0,251.0,0.0,0.0,0.0,0.0
1432,1529965112,488228774,251.0,251.0,0.0,0.0,0.0,0.0
1433,1529965112,498215515,251.0,251.0,0.0,0.0,0.0,0.0
1434,1529965112,508240601,250.0,250.0,0.0,0.0,0.0,0.0
1435,1529965112,518245799,250.0,250.0,0.0,0.0,0.0,0.0
1436,1529965112,528246463,250.0,250.0,0.0,0.0,0.0,0.0
1437,1529965112,538240526,250.0,250.0,0.0,0.0,0.0,0.0
1438,1529965112,548241316,248.0,249.0,0.0,0.0,0.0,0.0
1439,1529965112,558226545,248.0,249.0,0.0,0.0,0.0,0.0
1440,1529965112,568253101,247.0,249.0,0.0,0.0,0.0,0.0
1441,1529965112,578250966,247.0,249.0,0.0,0.0,0.0,0.0
1442,1529965112,588248183,245.0,248.0,0.0,0.0,0.0,0.0
1443,1529965112,598230241,245.0,248.0,0.0,0.0,0.0,0.0
1444,1529965112,608247336,242.0,247.0,0.0,0.0,0.0,0.0
1445,1529965112,618241815,242.0,247.0,0.0,0.0,0.0,0.0
1446,1529965112,628250314,240.0,247.0,0.0,0.0,0.0,0.0
1447,1529965112,638238039,240.0,247.0,0.0,0.0,0.0,0.0
1448,1529965112,648232871,237.0,246.0,0.0,0.0,0.0,0.0
1449,1529965112,658243818,237.0,246.0,0.0,0.0,0.0,0.0
1450,1529965112,668240497,232.0,244.0,0.0,0.0,0.0,0.0
1451,1529965112,678214563,232.0,244.0,0.0,0.0,0.0,0.0
1452,1529965112,688242396,226.0,243.0,0.0,0.0,0.0,0.0
1453,1529965112,698242909,226.0,243.0,0.0,0.0,0.0,0.0
1454,1529965112,708240566,221.0,242.0,0.0,0.0,0.0,0.0
1455,1529965112,718240846,221.0,242.0,0.0,0.0,0.0,0.0
1456,1529965112,728240024,216.0,241.0,0.0,0.0,0.0,0.0
1457,1529965112,738889066,216.0,241.0,0.0,0.0,0.0,0.0
1458,1529965112,748231875,210.0,240.0,0.0,0.0,0.0,0.0
1459,1529965112,758238466,210.0,240.0,0.0,0.0,0.0,0.0
1460,1529965112,768258171,203.0,239.0,0.0,0.0,0.0,0.0
1461,1529965112,778215430,203.0,239.0,0.0,0.0,0.0,0.0
1462,1529965112,788251026,197.0,238.0,0.0,0.0,0.0,0.0
1463,1529965112,798226236,197.0,238.0,0.0,0.0,0.0,0.0
1464,1529965112,808249429,192.0,237.0,0.0,0.0,0.0,0.0
1465,1529965112,818232141,192.0,237.0,0.0,0.0,0.0,0.0
1466,1529965112,828238037,189.0,236.0,0.0,0.0,0.0,0.0
1467,1529965112,838220893,189.0,236.0,0.0,0.0,0.0,0.0
1468,1529965112,848242047,184.0,235.0,0.0,0.0,0.0,0.0
1469,1529965112,858218768,184.0,235.0,0.0,0.0,0.0,0.0
1470,1529965112,868241380,179.0,232.0,0.0,0.0,0.0,0.0
1471,1529965112,878358765,179.0,232.0,0.0,0.0,0.0,0.0
1472,1529965112,888240513,173.0,232.0,0.0,0.0,0.0,0.0
1473,1529965112,898246301,173.0,232.0,0.0,0.0,0.0,0.0
1474,1529965112,908242475,170.0,230.0,0.0,0.0,0.0,0.0
1475,1529965112,918221229,170.0,230.0,0.0,0.0,0.0,0.0
1476,1529965112,928243066,164.0,230.0,0.0,0.0,0.0,0.0
1477,1529965112,938242804,164.0,230.0,0.0,0.0,0.0,0.0
1478,1529965112,948241185,160.0,227.0,0.0,0.0,0.0,0.0
1479,1529965112,958245530,160.0,227.0,0.0,0.0,0.0,0.0
1480,1529965112,968242594,158.0,227.0,0.0,0.0,0.0,0.0
1481,1529965112,978214127,158.0,227.0,0.0,0.0,0.0,0.0
1482,1529965112,988238261,158.0,227.0,0.0,0.0,0.0,0.0
1483,1529965112,998216932,158.0,227.0,0.0,0.0,0.0,0.0
1484,1529965113,8247995,157.0,226.0,0.0,0.0,0.0,0.0
1485,1529965113,18233532,157.0,226.0,0.0,0.0,0.0,0.0
1486,1529965113,28231213,157.0,226.0,0.0,0.0,0.0,0.0
1487,1529965113,38238766,157.0,226.0,0.0,0.0,0.0,0.0
1488,1529965113,49005965,157.0,226.0,0.0,0.0,0.0,0.0
1489,1529965113,58235059,157.0,226.0,0.0,0.0,0.0,0.0
1490,1529965113,68240823,157.0,226.0,0.0,0.0,0.0,0.0
1491,1529965113,78252153,157.0,226.0,0.0,0.0,0.0,0.0
1492,1529965113,88243470,157.0,226.0,0.0,0.0,0.0,0.0
1493,1529965113,98233276,157.0,226.0,0.0,0.0,0.0,0.0
1494,1529965113,108242120,157.0,226.0,0.0,0.0,0.0,0.0
1495,1529965113,118216525,157.0,226.0,0.0,0.0,0.0,0.0
1496,1529965113,128231039,157.0,226.0,0.0,0.0,0.0,0.0
1497,1529965113,138234929,157.0,226.0,0.0,0.0,0.0,0.0
1498,1529965113,148242468,157.0,226.0,0.0,0.0,0.0,0.0
1499,1529965113,158242343,157.0,226.0,0.0,0.0,0.0,0.0
1500,1529965113,168238294,157.0,226.0,0.0,0.0,0.0,0.0
1501,1529965113,178222140,157.0,226.0,0.0,0.0,0.0,0.0
1502,1529965113,188244021,157.0,226.0,0.0,0.0,0.0,0.0
1503,1529965113,198235858,157.0,226.0,0.0,0.0,0.0,0.0
1504,1529965113,208239885,157.0,226.0,0.0,0.0,0.0,0.0
1505,1529965113,218243166,157.0,226.0,0.0,0.0,0.0,0.0
1506,1529965113,228262869,156.0,225.0,0.0,0.0,0.0,0.0
1507,1529965113,238231241,156.0,225.0,0.0,0.0,0.0,0.0
1508,1529965113,248229963,156.0,225.0,0.0,0.0,0.0,0.0
1509,1529965113,258230097,156.0,225.0,0.0,0.0,0.0,0.0
1510,1529965113,268250826,156.0,225.0,0.0,0.0,0.0,0.0
1511,1529965113,278241278,156.0,225.0,0.0,0.0,0.0,0.0
1512,1529965113,288245012,156.0,225.0,0.0,0.0,0.0,0.0
1513,1529965113,298254509,156.0,225.0,0.0,0.0,0.0,0.0
1514,1529965113,308247554,156.0,225.0,0.0,0.0,0.0,0.0
1515,1529965113,318248320,156.0,225.0,0.0,0.0,0.0,0.0
1516,1529965113,328241911,156.0,225.0,0.0,0.0,0.0,0.0
1517,1529965113,338241055,156.0,225.0,0.0,0.0,0.0,0.0
1518,1529965113,348240964,160.0,223.0,0.0,0.0,0.0,0.0
1519,1529965113,358245970,160.0,223.0,0.0,0.0,0.0,0.0
1520,1529965113,368246950,160.0,223.0,0.0,0.0,0.0,0.0
1521,1529965113,378241015,166.0,221.0,0.0,0.0,0.0,0.0
1522,1529965113,388239354,185.0,216.0,0.0,0.0,0.0,0.0
1523,1529965113,398239168,185.0,216.0,0.0,0.0,0.0,0.0
1524,1529965113,408243313,201.0,214.0,0.0,0.0,0.0,0.0
1525,1529965113,418214663,201.0,214.0,0.0,0.0,0.0,0.0
1526,1529965113,428231484,214.0,214.0,0.0,0.0,0.0,0.0
1527,1529965113,438217035,214.0,214.0,0.0,0.0,0.0,0.0
1528,1529965113,448241604,213.0,213.0,0.0,0.0,0.0,0.0
1529,1529965113,458241143,213.0,213.0,0.0,0.0,0.0,0.0
1530,1529965113,468242243,208.0,208.0,0.0,0.0,0.0,0.0
1531,1529965113,478253041,208.0,208.0,0.0,0.0,0.0,0.0
1532,1529965113,488314087,201.0,201.0,0.0,0.0,0.0,0.0
1533,1529965113,498231123,201.0,201.0,0.0,0.0,0.0,0.0
1534,1529965113,508240487,179.0,179.0,0.0,0.0,0.0,0.0
1535,1529965113,518214976,179.0,179.0,0.0,0.0,0.0,0.0
1536,1529965113,528243500,156.0,156.0,0.0,0.0,0.0,0.0
1537,1529965113,538231422,156.0,156.0,0.0,0.0,0.0,0.0
1538,1529965113,548240082,129.0,129.0,0.0,0.0,0.0,0.0
1539,1529965113,558214279,129.0,129.0,0.0,0.0,0.0,0.0
1540,1529965113,568242846,102.0,102.0,0.0,0.0,0.0,0.0
1541,1529965113,578306199,102.0,102.0,0.0,0.0,0.0,0.0
1542,1529965113,588241600,0.0,0.0,0.0,0.0,0.0,0.0
1543,1529965113,598229782,0.0,0.0,0.0,0.0,0.0,0.0
1544,1529965113,608235404,0.0,0.0,0.0,0.0,0.0,0.0
1545,1529965113,618235072,0.0,0.0,0.0,0.0,0.0,0.0
1546,1529965113,628235475,0.0,0.0,0.0,0.0,0.0,0.0
1547,1529965113,638255396,0.0,0.0,0.0,0.0,0.0,0.0
1548,1529965113,648248363,0.0,0.0,0.0,0.0,0.0,0.0
1549,1529965113,658234135,0.0,0.0,0.0,0.0,0.0,0.0
1550,1529965113,668242733,0.0,0.0,0.0,0.0,0.0,0.0
1551,1529965113,678239781,0.0,0.0,0.0,0.0,0.0,0.0
1552,1529965113,688225341,0.0,0.0,0.0,0.0,0.0,0.0
1553,1529965113,698213967,0.0,0.0,0.0,0.0,0.0,0.0
1554,1529965113,708236398,0.0,0.0,0.0,0.0,0.0,0.0
1555,1529965113,718205493,0.0,0.0,0.0,0.0,0.0,0.0
1556,1529965113,728230334,0.0,0.0,0.0,0.0,0.0,0.0
1557,1529965113,738237207,0.0,0.0,0.0,0.0,0.0,0.0
1558,1529965113,748281041,0.0,0.0,0.0,0.0,0.0,0.0
1559,1529965113,758243021,0.0,0.0,0.0,0.0,0.0,0.0
1560,1529965113,768232928,0.0,0.0,0.0,0.0,0.0,0.0
1561,1529965113,778248906,0.0,0.0,0.0,0.0,0.0,0.0
1562,1529965113,788246546,0.0,0.0,0.0,0.0,0.0,0.0
1563,1529965113,798251122,0.0,0.0,0.0,0.0,0.0,0.0
1564,1529965113,808225150,0.0,0.0,0.0,0.0,0.0,0.0
1565,1529965113,818233657,0.0,0.0,0.0,0.0,0.0,0.0
1566,1529965113,828237038,0.0,0.0,0.0,0.0,0.0,0.0
1567,1529965113,838236994,0.0,0.0,0.0,0.0,0.0,0.0
1568,1529965113,848235281,0.0,0.0,0.0,0.0,0.0,0.0
1569,1529965113,858233369,0.0,0.0,0.0,0.0,0.0,0.0
1570,1529965113,868237184,0.0,0.0,0.0,0.0,0.0,0.0
1571,1529965113,878243525,0.0,0.0,0.0,0.0,0.0,0.0
1572,1529965113,888233399,0.0,0.0,0.0,0.0,0.0,0.0
1573,1529965113,898193101,0.0,0.0,0.0,0.0,0.0,0.0
1574,1529965113,908235455,0.0,0.0,0.0,0.0,0.0,0.0
1575,1529965113,918240461,0.0,0.0,0.0,0.0,0.0,0.0
1576,1529965113,928245810,0.0,0.0,0.0,0.0,0.0,0.0
1577,1529965113,938217447,0.0,0.0,0.0,0.0,0.0,0.0
1578,1529965113,948253767,0.0,0.0,0.0,0.0,0.0,0.0
1579,1529965113,958226401,0.0,0.0,0.0,0.0,0.0,0.0
1580,1529965113,968244038,0.0,0.0,0.0,0.0,0.0,0.0
1581,1529965113,978237515,0.0,0.0,0.0,0.0,0.0,0.0
1582,1529965113,988234151,0.0,0.0,0.0,0.0,0.0,0.0
1583,1529965113,998211769,0.0,0.0,0.0,0.0,0.0,0.0
1584,1529965114,8230229,0.0,0.0,0.0,0.0,0.0,0.0
1585,1529965114,18235509,0.0,0.0,0.0,0.0,0.0,0.0
1586,1529965114,28237179,0.0,0.0,0.0,0.0,0.0,0.0
1587,1529965114,38188229,0.0,0.0,0.0,0.0,0.0,0.0
1588,1529965114,48251012,0.0,0.0,0.0,0.0,0.0,0.0
1589,1529965114,58263445,0.0,0.0,0.0,0.0,0.0,0.0
1590,1529965114,68247710,0.0,0.0,0.0,0.0,0.0,0.0
1591,1529965114,78247222,0.0,0.0,0.0,0.0,0.0,0.0
1592,1529965114,88214386,0.0,0.0,0.0,0.0,0.0,0.0
1593,1529965114,98235192,0.0,0.0,0.0,0.0,0.0,0.0
1594,1529965114,108247251,0.0,0.0,0.0,0.0,0.0,0.0
1595,1529965114,118233792,0.0,0.0,0.0,0.0,0.0,0.0
1596,1529965114,128225920,0.0,0.0,0.0,0.0,0.0,0.0
1597,1529965114,138222615,0.0,0.0,0.0,0.0,0.0,0.0
1598,1529965114,148234225,0.0,0.0,0.0,0.0,0.0,0.0
1599,1529965114,158233597,0.0,0.0,0.0,0.0,0.0,0.0
1600,1529965114,168232292,0.0,0.0,0.0,0.0,0.0,0.0
1601,1529965114,178241111,0.0,0.0,0.0,0.0,0.0,0.0
1602,1529965114,188233266,0.0,0.0,0.0,0.0,0.0,0.0
1603,1529965114,198234678,0.0,0.0,0.0,0.0,0.0,0.0
1604,1529965114,208233201,0.0,0.0,0.0,0.0,0.0,0.0
1605,1529965114,218230975,0.0,0.0,0.0,0.0,0.0,0.0
1606,1529965114,228236292,0.0,0.0,0.0,0.0,0.0,0.0
1607,1529965114,238233268,0.0,0.0,0.0,0.0,0.0,0.0
1608,1529965114,248237014,0.0,0.0,0.0,0.0,0.0,0.0
1609,1529965114,258237538,0.0,0.0,0.0,0.0,0.0,0.0
1610,1529965114,268238736,0.0,0.0,0.0,0.0,0.0,0.0
1611,1529965114,278236832,0.0,0.0,0.0,0.0,0.0,0.0
1612,1529965114,288234432,0.0,0.0,0.0,0.0,0.0,0.0
1613,1529965114,298231735,0.0,0.0,0.0,0.0,0.0,0.0
1614,1529965114,308241084,0.0,0.0,0.0,0.0,0.0,0.0
1615,1529965114,318237560,0.0,0.0,0.0,0.0,0.0,0.0
1616,1529965114,328236090,0.0,0.0,0.0,0.0,0.0,0.0
1617,1529965114,338235855,0.0,0.0,0.0,0.0,0.0,0.0
1618,1529965114,348232580,0.0,0.0,0.0,0.0,0.0,0.0
1619,1529965114,358237517,0.0,0.0,0.0,0.0,0.0,0.0
1620,1529965114,368232674,0.0,0.0,0.0,0.0,0.0,0.0
1621,1529965114,378234383,0.0,0.0,0.0,0.0,0.0,0.0
1622,1529965114,388230593,0.0,0.0,0.0,0.0,0.0,0.0
1623,1529965114,398239332,0.0,0.0,0.0,0.0,0.0,0.0
1624,1529965114,408236202,0.0,0.0,0.0,0.0,0.0,0.0
1625,1529965114,418234427,0.0,0.0,0.0,0.0,0.0,0.0
1626,1529965114,428236108,0.0,0.0,0.0,0.0,0.0,0.0
1627,1529965114,438215104,0.0,0.0,0.0,0.0,0.0,0.0
1628,1529965114,448244596,0.0,0.0,0.0,0.0,0.0,0.0
1629,1529965114,458233289,0.0,0.0,0.0,0.0,0.0,0.0
1630,1529965114,468236332,0.0,0.0,0.0,0.0,0.0,0.0
1631,1529965114,478219955,0.0,0.0,0.0,0.0,0.0,0.0
1632,1529965114,488237379,0.0,0.0,0.0,0.0,0.0,0.0
1633,1529965114,498232796,0.0,0.0,0.0,0.0,0.0,0.0
1634,1529965114,508233105,0.0,0.0,0.0,0.0,0.0,0.0
1635,1529965114,518234077,0.0,0.0,0.0,0.0,0.0,0.0
1636,1529965114,528240253,0.0,0.0,0.0,0.0,0.0,0.0
1637,1529965114,538216946,0.0,0.0,0.0,0.0,0.0,0.0
1638,1529965114,548234748,0.0,0.0,0.0,0.0,0.0,0.0
1639,1529965114,558234165,0.0,0.0,0.0,0.0,0.0,0.0
1640,1529965114,568238328,0.0,0.0,0.0,0.0,0.0,0.0
1641,1529965114,578215926,0.0,0.0,0.0,0.0,0.0,0.0
1642,1529965114,588234711,0.0,0.0,0.0,0.0,0.0,0.0
1643,1529965114,598233756,0.0,0.0,0.0,0.0,0.0,0.0
1644,1529965114,608232686,0.0,0.0,0.0,0.0,0.0,0.0
1645,1529965114,618237955,0.0,0.0,0.0,0.0,0.0,0.0
1646,1529965114,628232340,0.0,0.0,0.0,0.0,0.0,0.0
1647,1529965114,638233736,0.0,0.0,0.0,0.0,0.0,0.0
1648,1529965114,648233917,0.0,0.0,0.0,0.0,0.0,0.0
1649,1529965114,662219145,0.0,0.0,0.0,0.0,0.0,0.0
1650,1529965114,668234349,0.0,0.0,0.0,0.0,0.0,0.0
1651,1529965114,678233242,0.0,0.0,0.0,0.0,0.0,0.0
1652,1529965114,688241628,0.0,0.0,0.0,0.0,0.0,0.0
1653,1529965114,698234306,0.0,0.0,0.0,0.0,0.0,0.0
1654,1529965114,708238939,0.0,0.0,0.0,0.0,0.0,0.0
1655,1529965114,718236900,0.0,0.0,0.0,0.0,0.0,0.0
1656,1529965114,728232822,0.0,0.0,0.0,0.0,0.0,0.0
1657,1529965114,738236161,0.0,0.0,0.0,0.0,0.0,0.0
1658,1529965114,748239145,0.0,0.0,0.0,0.0,0.0,0.0
1659,1529965114,758238051,0.0,0.0,0.0,0.0,0.0,0.0
1660,1529965114,768234364,0.0,0.0,0.0,0.0,0.0,0.0
1661,1529965114,778209257,0.0,0.0,0.0,0.0,0.0,0.0
1662,1529965114,788236212,0.0,0.0,0.0,0.0,0.0,0.0
1663,1529965114,798235423,0.0,0.0,0.0,0.0,0.0,0.0
1664,1529965114,808236458,0.0,0.0,0.0,0.0,0.0,0.0
1665,1529965114,818215040,0.0,0.0,0.0,0.0,0.0,0.0
1666,1529965114,828237829,0.0,0.0,0.0,0.0,0.0,0.0
1667,1529965114,838239376,0.0,0.0,0.0,0.0,0.0,0.0
1668,1529965114,848232531,0.0,0.0,0.0,0.0,0.0,0.0
1669,1529965114,858232284,0.0,0.0,0.0,0.0,0.0,0.0
1670,1529965114,868230146,0.0,0.0,0.0,0.0,0.0,0.0
1671,1529965114,878223651,0.0,0.0,0.0,0.0,0.0,0.0
1672,1529965114,888231584,0.0,0.0,0.0,0.0,0.0,0.0
1673,1529965114,898236362,0.0,0.0,0.0,0.0,0.0,0.0
1674,1529965114,908236106,0.0,0.0,0.0,0.0,0.0,0.0
1675,1529965114,918216373,0.0,0.0,0.0,0.0,0.0,0.0
1676,1529965114,928239771,0.0,0.0,0.0,0.0,0.0,0.0
1677,1529965114,938216697,0.0,0.0,0.0,0.0,0.0,0.0
1678,1529965114,948230960,0.0,0.0,0.0,0.0,0.0,0.0
1679,1529965114,958222935,0.0,0.0,0.0,0.0,0.0,0.0
1680,1529965114,968237671,0.0,0.0,0.0,0.0,0.0,0.0
1681,1529965114,978211964,0.0,0.0,0.0,0.0,0.0,0.0
1682,1529965114,988230277,0.0,0.0,0.0,0.0,0.0,0.0
1683,1529965114,998232272,0.0,0.0,0.0,0.0,0.0,0.0
1684,1529965115,8247065,0.0,0.0,0.0,0.0,0.0,0.0
1685,1529965115,18233128,0.0,0.0,0.0,0.0,0.0,0.0
1686,1529965115,28245098,0.0,0.0,0.0,0.0,0.0,0.0
