250,1521993633,494666205,0.0,0.0,0.0,0.0,0.0,0.0
251,1521993633,504652378,0.0,0.0,0.0,0.0,0.0,0.0
252,1521993633,514657996,0.0,0.0,0.0,0.0,0.0,0.0
253,1521993633,524648883,0.0,0.0,0.0,0.0,0.0,0.0
254,1521993633,534656947,0.0,0.0,0.0,0.0,0.0,0.0
255,1521993633,544649449,0.0,0.0,0.0,0.0,0.0,0.0
256,1521993633,554649676,0.0,0.0,0.0,0.0,0.0,0.0
257,1521993633,564649377,0.0,0.0,0.0,0.0,0.0,0.0
258,1521993633,574652287,0.0,0.0,0.0,0.0,0.0,0.0
259,1521993633,584651495,0.0,0.0,0.0,0.0,0.0,0.0
260,1521993633,594650268,0.0,0.0,0.0,0.0,0.0,0.0
261,1521993633,604650042,0.0,0.0,0.0,0.0,0.0,0.0
262,1521993633,614649911,0.0,0.0,0.0,0.0,0.0,0.0
263,1521993633,624650029,0.0,0.0,0.0,0.0,0.0,0.0
264,1521993633,634648564,0.0,0.0,0.0,0.0,0.0,0.0
265,1521993633,644648416,0.0,0.0,0.0,0.0,0.0,0.0
266,1521993633,654650257,0.0,0.0,0.0,0.0,0.0,0.0
267,1521993633,664649739,0.0,0.0,0.0,0.0,0.0,0.0
268,1521993633,674650312,0.0,0.0,0.0,0.0,0.0,0.0
269,1521993633,684649290,0.0,0.0,0.0,0.0,0.0,0.0
270,1521993633,694615869,0.0,0.0,0.0,0.0,0.0,0.0
271,1521993633,704650788,0.0,0.0,0.0,0.0,0.0,0.0
272,1521993633,714653145,0.0,0.0,0.0,0.0,0.0,0.0
273,1521993633,724649677,0.0,0.0,0.0,0.0,0.0,0.0
274,1521993633,734648386,0.0,0.0,0.0,0.0,0.0,0.0
275,1521993633,744651359,0.0,0.0,0.0,0.0,0.0,0.0
276,1521993633,754650291,0.0,0.0,0.0,0.0,0.0,0.0
277,1521993633,764650623,0.0,0.0,0.0,0.0,0.0,0.0
278,1521993633,774644749,0.0,0.0,0.0,0.0,0.0,0.0
279,1521993633,784649622,0.0,0.0,0.0,0.0,0.0,0.0
280,1521993633,794648976,0.0,0.0,0.0,0.0,0.0,0.0
281,1521993633,804648469,0.0,0.0,0.0,0.0,0.0,0.0
282,1521993633,814649895,0.0,0.0,0.0,0.0,0.0,0.0
283,1521993633,824649919,0.0,0.0,0.0,0.0,0.0,0.0
284,1521993633,834650369,0.0,0.0,0.0,0.0,0.0,0.0
285,1521993633,844649168,0.0,0.0,0.0,0.0,0.0,0.0
286,1521993633,854651460,0.0,0.0,0.0,0.0,0.0,0.0
287,1521993633,864648509,0.0,0.0,0.0,0.0,0.0,0.0
288,1521993633,874650618,0.0,0.0,0.0,0.0,0.0,0.0
289,1521993633,884650379,0.0,0.0,0.0,0.0,0.0,0.0
290,1521993633,894649781,0.0,0.0,0.0,0.0,0.0,0.0
291,1521993633,904650046,0.0,0.0,0.0,0.0,0.0,0.0
292,1521993633,914649080,0.0,0.0,0.0,0.0,0.0,0.0
293,1521993633,924648436,0.0,0.0,0.0,0.0,0.0,0.0
294,1521993633,934650299,0.0,0.0,0.0,0.0,0.0,0.0
295,1521993633,944649980,0.0,0.0,0.0,0.0,0.0,0.0
296,1521993633,954649524,0.0,0.0,0.0,0.0,0.0,0.0
297,1521993633,964649578,0.0,0.0,0.0,0.0,0.0,0.0
298,1521993633,974649566,0.0,0.0,0.0,0.0,0.0,0.0
299,1521993633,984648555,0.0,0.0,0.0,0.0,0.0,0.0
300,1521993633,994650207,0.0,0.0,0.0,0.0,0.0,0.0
301,1521993634,4643153,0.0,0.0,0.0,0.0,0.0,0.0
302,1521993634,14649920,0.0,0.0,0.0,0.0,0.0,0.0
303,1521993634,24649134,0.0,0.0,0.0,0.0,0.0,0.0
304,1521993634,34691950,0.0,0.0,0.0,0.0,0.0,0.0
305,1521993634,44655245,0.0,0.0,0.0,0.0,0.0,0.0
306,1521993634,54650083,0.0,0.0,0.0,0.0,0.0,0.0
307,1521993634,64650092,0.0,0.0,0.0,0.0,0.0,0.0
308,1521993634,74649073,0.0,0.0,0.0,0.0,0.0,0.0
309,1521993634,84649166,0.0,0.0,0.0,0.0,0.0,0.0
310,1521993634,94650760,0.0,0.0,0.0,0.0,0.0,0.0
311,1521993634,104648099,0.0,0.0,0.0,0.0,0.0,0.0
312,1521993634,114650292,0.0,0.0,0.0,0.0,0.0,0.0
313,1521993634,124649820,0.0,0.0,0.0,0.0,0.0,0.0
314,1521993634,134649215,0.0,0.0,0.0,0.0,0.0,0.0
315,1521993634,144648596,0.0,0.0,0.0,0.0,0.0,0.0
316,1521993634,154650859,0.0,0.0,0.0,0.0,0.0,0.0
317,1521993634,164650424,0.0,0.0,0.0,0.0,0.0,0.0
318,1521993634,174650161,0.0,0.0,0.0,0.0,0.0,0.0
319,1521993634,184651859,0.0,0.0,0.0,0.0,0.0,0.0
320,1521993634,194654237,0.0,0.0,0.0,0.0,0.0,0.0
321,1521993634,204651333,0.0,0.0,0.0,0.0,0.0,0.0
322,1521993634,214652426,0.0,0.0,0.0,0.0,0.0,0.0
323,1521993634,224651989,0.0,0.0,0.0,0.0,0.0,0.0
324,1521993634,234652179,0.0,0.0,0.0,0.0,0.0,0.0
325,1521993634,244651513,0.0,0.0,0.0,0.0,0.0,0.0
326,1521993634,254720879,0.0,0.0,0.0,0.0,0.0,0.0
327,1521993634,264660025,0.0,0.0,0.0,0.0,0.0,0.0
328,1521993634,274652820,0.0,0.0,0.0,0.0,0.0,0.0
329,1521993634,284642924,0.0,0.0,0.0,0.0,0.0,0.0
330,1521993634,294649765,0.0,0.0,0.0,0.0,0.0,0.0
331,1521993634,304653460,0.0,0.0,0.0,0.0,0.0,0.0
332,1521993634,314650987,0.0,0.0,0.0,0.0,0.0,0.0
333,1521993634,324650433,0.0,0.0,0.0,0.0,0.0,0.0
334,1521993634,334651387,0.0,0.0,0.0,0.0,0.0,0.0
335,1521993634,344647944,0.0,0.0,0.0,0.0,0.0,0.0
336,1521993634,354692014,0.0,0.0,0.0,0.0,0.0,0.0
337,1521993634,364673848,0.0,0.0,0.0,0.0,0.0,0.0
338,1521993634,374661589,0.0,0.0,0.0,0.0,0.0,0.0
339,1521993634,384657583,0.0,0.0,0.0,0.0,0.0,0.0
340,1521993634,394657136,0.0,0.0,0.0,0.0,0.0,0.0
341,1521993634,404653691,0.0,0.0,0.0,0.0,0.0,0.0
342,1521993634,414651019,0.0,0.0,0.0,0.0,0.0,0.0
343,1521993634,424649079,0.0,0.0,0.0,0.0,0.0,0.0
344,1521993634,434650941,0.0,0.0,0.0,0.0,0.0,0.0
345,1521993634,444648307,0.0,0.0,0.0,0.0,0.0,0.0
346,1521993634,454651030,0.0,0.0,0.0,0.0,0.0,0.0
347,1521993634,464650038,0.0,0.0,0.0,0.0,0.0,0.0
348,1521993634,474649436,0.0,0.0,0.0,0.0,0.0,0.0
349,1521993634,484648663,0.0,0.0,0.0,0.0,0.0,0.0
350,1521993634,494650609,0.0,0.0,0.0,0.0,0.0,0.0
351,1521993634,504648952,0.0,0.0,0.0,0.0,0.0,0.0
352,1521993634,514650010,0.0,0.0,0.0,0.0,0.0,0.0
353,1521993634,524649398,0.0,0.0,0.0,0.0,0.0,0.0
354,1521993634,534656239,0.0,0.0,0.0,0.0,0.0,0.0
355,1521993634,544648900,0.0,0.0,0.0,0.0,0.0,0.0
356,1521993634,554650652,0.0,0.0,0.0,0.0,0.0,0.0
357,1521993634,564648515,0.0,0.0,0.0,0.0,0.0,0.0
358,1521993634,574655938,0.0,0.0,0.0,0.0,0.0,0.0
359,1521993634,584650314,0.0,0.0,0.0,0.0,0.0,0.0
360,1521993634,594648841,0.0,0.0,0.0,0.0,0.0,0.0
361,1521993634,604648396,0.0,0.0,0.0,0.0,0.0,0.0
362,1521993634,614680154,0.0,0.0,0.0,0.0,0.0,0.0
363,1521993634,624679423,0.0,0.0,0.0,0.0,0.0,0.0
364,1521993634,634681237,0.0,0.0,0.0,0.0,0.0,0.0
365,1521993634,644654619,0.0,0.0,0.0,0.0,0.0,0.0
366,1521993634,654654284,0.0,0.0,0.0,0.0,0.0,0.0
367,1521993634,664653604,0.0,0.0,0.0,0.0,0.0,0.0
368,1521993634,674652173,0.0,0.0,0.0,0.0,0.0,0.0
369,1521993634,684651195,0.0,0.0,0.0,0.0,0.0,0.0
370,1521993634,694653475,0.0,0.0,0.0,0.0,0.0,0.0
371,1521993634,704649654,0.0,0.0,0.0,0.0,0.0,0.0
372,1521993634,714651286,0.0,0.0,0.0,0.0,0.0,0.0
373,1521993634,724648922,0.0,0.0,0.0,0.0,0.0,0.0
374,1521993634,734650781,0.0,0.0,0.0,0.0,0.0,0.0
375,1521993634,744650621,0.0,0.0,0.0,0.0,0.0,0.0
376,1521993634,754650570,0.0,0.0,0.0,0.0,0.0,0.0
377,1521993634,764659703,0.0,0.0,0.0,0.0,0.0,0.0
378,1521993634,774654237,0.0,0.0,0.0,0.0,0.0,0.0
379,1521993634,784653130,0.0,0.0,0.0,0.0,0.0,0.0
380,1521993634,794648603,0.0,0.0,0.0,0.0,0.0,0.0
381,1521993634,804633919,0.0,0.0,0.0,0.0,0.0,0.0
382,1521993634,814651964,0.0,0.0,0.0,0.0,0.0,0.0
383,1521993634,824648901,0.0,0.0,0.0,0.0,0.0,0.0
384,1521993634,834650935,0.0,0.0,0.0,0.0,0.0,0.0
385,1521993634,844647910,0.0,0.0,0.0,0.0,0.0,0.0
386,1521993634,854650742,0.0,0.0,0.0,0.0,0.0,0.0
387,1521993634,864649820,0.0,0.0,0.0,0.0,0.0,0.0
388,1521993634,874648704,0.0,0.0,0.0,0.0,0.0,0.0
389,1521993634,884649464,0.0,0.0,0.0,0.0,0.0,0.0
390,1521993634,894650504,0.0,0.0,0.0,0.0,0.0,0.0
391,1521993634,904671578,0.0,0.0,0.0,0.0,0.0,0.0
392,1521993634,914652243,0.0,0.0,0.0,0.0,0.0,0.0
393,1521993634,924649977,0.0,0.0,0.0,0.0,0.0,0.0
394,1521993634,934648506,0.0,0.0,0.0,0.0,0.0,0.0
395,1521993634,944648877,0.0,0.0,0.0,0.0,0.0,0.0
396,1521993634,954651140,0.0,0.0,0.0,0.0,0.0,0.0
397,1521993634,964649775,0.0,0.0,0.0,0.0,0.0,0.0
398,1521993634,974649800,0.0,0.0,0.0,0.0,0.0,0.0
399,1521993634,984649220,0.0,0.0,0.0,0.0,0.0,0.0
400,1521993634,994651280,0.0,0.0,0.0,0.0,0.0,0.0
401,1521993635,4648138,0.0,0.0,0.0,0.0,0.0,0.0
402,1521993635,14668393,0.0,0.0,0.0,0.0,0.0,0.0
403,1521993635,24667714,0.0,0.0,0.0,0.0,0.0,0.0
404,1521993635,34663380,0.0,0.0,0.0,0.0,0.0,0.0
405,1521993635,44658483,0.0,0.0,0.0,0.0,0.0,0.0
406,1521993635,54651140,0.0,0.0,0.0,0.0,0.0,0.0
407,1521993635,64650794,0.0,0.0,0.0,0.0,0.0,0.0
408,1521993635,74647556,0.0,0.0,0.0,0.0,0.0,0.0
409,1521993635,84649987,0.0,0.0,0.0,0.0,0.0,0.0
410,1521993635,94650227,0.0,0.0,0.0,0.0,0.0,0.0
411,1521993635,104648961,0.0,0.0,0.0,0.0,0.0,0.0
412,1521993635,114650611,0.0,0.0,0.0,0.0,0.0,0.0
413,1521993635,124649306,0.0,0.0,0.0,0.0,0.0,0.0
414,1521993635,134650188,0.0,0.0,0.0,0.0,0.0,0.0
415,1521993635,144649402,0.0,0.0,0.0,0.0,0.0,0.0
416,1521993635,154651617,61.0,61.0,0.0,0.0,0.0,0.0
417,1521993635,164652518,61.0,61.0,0.0,0.0,0.0,0.0
418,1521993635,174654083,83.0,83.0,0.0,0.0,0.0,0.0
419,1521993635,184651162,83.0,83.0,0.0,0.0,0.0,0.0
420,1521993635,194650541,109.0,109.0,0.0,0.0,0.0,0.0
421,1521993635,204650009,109.0,109.0,0.0,0.0,0.0,0.0
422,1521993635,214648679,140.0,140.0,0.0,0.0,0.0,0.0
423,1521993635,224648091,140.0,140.0,0.0,0.0,0.0,0.0
424,1521993635,234650856,180.0,169.0,0.0,0.0,0.0,0.0
425,1521993635,244650073,180.0,169.0,0.0,0.0,0.0,0.0
426,1521993635,254649622,232.0,205.0,0.0,0.0,0.0,0.0
427,1521993635,264645304,232.0,205.0,0.0,0.0,0.0,0.0
428,1521993635,274648774,302.0,257.0,0.0,0.0,0.0,0.0
429,1521993635,284646265,302.0,257.0,0.0,0.0,0.0,0.0
430,1521993635,294647813,378.0,299.0,0.0,0.0,0.0,0.0
431,1521993635,304648127,378.0,299.0,0.0,0.0,0.0,0.0
432,1521993635,314647518,400.0,273.0,0.0,0.0,0.0,0.0
433,1521993635,324646942,400.0,273.0,0.0,0.0,0.0,0.0
434,1521993635,334649740,400.0,218.0,0.0,0.0,0.0,0.0
435,1521993635,344647378,400.0,218.0,0.0,0.0,0.0,0.0
436,1521993635,354648696,400.0,169.0,0.0,0.0,0.0,0.0
437,1521993635,364649112,400.0,169.0,0.0,0.0,0.0,0.0
438,1521993635,374648563,400.0,135.0,0.0,0.0,0.0,0.0
439,1521993635,384647711,400.0,135.0,0.0,0.0,0.0,0.0
440,1521993635,394648963,400.0,120.0,0.0,0.0,0.0,0.0
441,1521993635,404649291,400.0,120.0,0.0,0.0,0.0,0.0
442,1521993635,414648971,400.0,114.0,0.0,0.0,0.0,0.0
443,1521993635,424648439,400.0,114.0,0.0,0.0,0.0,0.0
444,1521993635,434648601,400.0,114.0,0.0,0.0,0.0,0.0
445,1521993635,444648024,400.0,114.0,0.0,0.0,0.0,0.0
446,1521993635,454647917,400.0,112.0,0.0,0.0,0.0,0.0
447,1521993635,464648529,400.0,112.0,0.0,0.0,0.0,0.0
448,1521993635,474649500,400.0,112.0,0.0,0.0,0.0,0.0
449,1521993635,484648881,400.0,112.0,0.0,0.0,0.0,0.0
450,1521993635,494648695,400.0,112.0,0.0,0.0,0.0,0.0
451,1521993635,504653058,400.0,112.0,0.0,0.0,0.0,0.0
452,1521993635,514659454,400.0,112.0,0.0,0.0,0.0,0.0
453,1521993635,524649737,400.0,112.0,0.0,0.0,0.0,0.0
454,1521993635,534648953,400.0,112.0,0.0,0.0,0.0,0.0
455,1521993635,544648654,400.0,112.0,0.0,0.0,0.0,0.0
456,1521993635,554650994,400.0,112.0,0.0,0.0,0.0,0.0
457,1521993635,564648113,400.0,112.0,0.0,0.0,0.0,0.0
458,1521993635,574648177,400.0,111.0,0.0,0.0,0.0,0.0
459,1521993635,584648720,400.0,111.0,0.0,0.0,0.0,0.0
460,1521993635,594649510,400.0,111.0,0.0,0.0,0.0,0.0
461,1521993635,604649046,400.0,111.0,0.0,0.0,0.0,0.0
462,1521993635,614648921,400.0,111.0,0.0,0.0,0.0,0.0
463,1521993635,624648288,400.0,111.0,0.0,0.0,0.0,0.0
464,1521993635,634649780,400.0,110.0,0.0,0.0,0.0,0.0
465,1521993635,644649575,400.0,110.0,0.0,0.0,0.0,0.0
466,1521993635,654649350,400.0,109.0,0.0,0.0,0.0,0.0
467,1521993635,664649000,400.0,109.0,0.0,0.0,0.0,0.0
468,1521993635,674648793,400.0,107.0,0.0,0.0,0.0,0.0
469,1521993635,684647653,400.0,107.0,0.0,0.0,0.0,0.0
470,1521993635,694647667,400.0,100.0,0.0,0.0,0.0,0.0
471,1521993635,704649241,400.0,100.0,0.0,0.0,0.0,0.0
472,1521993635,714648930,400.0,90.0,0.0,0.0,0.0,0.0
473,1521993635,724649299,400.0,90.0,0.0,0.0,0.0,0.0
474,1521993635,734650934,400.0,77.0,0.0,0.0,0.0,0.0
475,1521993635,744647497,400.0,77.0,0.0,0.0,0.0,0.0
476,1521993635,754650474,400.0,65.0,0.0,0.0,0.0,0.0
477,1521993635,764650875,400.0,65.0,0.0,0.0,0.0,0.0
478,1521993635,774651419,400.0,56.0,0.0,0.0,0.0,0.0
479,1521993635,784649114,400.0,56.0,0.0,0.0,0.0,0.0
480,1521993635,794650779,400.0,51.0,0.0,0.0,0.0,0.0
481,1521993635,804647821,400.0,51.0,0.0,0.0,0.0,0.0
482,1521993635,814650570,400.0,51.0,0.0,0.0,0.0,0.0
483,1521993635,824649578,400.0,51.0,0.0,0.0,0.0,0.0
484,1521993635,834649148,400.0,51.0,0.0,0.0,0.0,0.0
485,1521993635,844655189,400.0,51.0,0.0,0.0,0.0,0.0
486,1521993635,854650465,400.0,53.0,0.0,0.0,0.0,0.0
487,1521993635,864655403,400.0,53.0,0.0,0.0,0.0,0.0
488,1521993635,874652834,400.0,62.0,0.0,0.0,0.0,0.0
489,1521993635,884649803,400.0,62.0,0.0,0.0,0.0,0.0
490,1521993635,894651963,400.0,82.0,0.0,0.0,0.0,0.0
491,1521993635,904648095,400.0,82.0,0.0,0.0,0.0,0.0
492,1521993635,914650748,400.0,124.0,0.0,0.0,0.0,0.0
493,1521993635,924648033,400.0,124.0,0.0,0.0,0.0,0.0
494,1521993635,934649708,400.0,188.0,0.0,0.0,0.0,0.0
495,1521993635,944649608,400.0,188.0,0.0,0.0,0.0,0.0
496,1521993635,954649226,400.0,264.0,0.0,0.0,0.0,0.0
497,1521993635,964648451,400.0,264.0,0.0,0.0,0.0,0.0
498,1521993635,974650127,400.0,330.0,0.0,0.0,0.0,0.0
499,1521993635,984647776,400.0,330.0,0.0,0.0,0.0,0.0
500,1521993635,994649482,400.0,376.0,0.0,0.0,0.0,0.0
501,1521993636,4648821,400.0,376.0,0.0,0.0,0.0,0.0
502,1521993636,14650345,400.0,400.0,0.0,0.0,0.0,0.0
503,1521993636,24648320,400.0,400.0,0.0,0.0,0.0,0.0
504,1521993636,34650448,400.0,400.0,0.0,0.0,0.0,0.0
505,1521993636,44650216,400.0,400.0,0.0,0.0,0.0,0.0
506,1521993636,54649843,400.0,400.0,0.0,0.0,0.0,0.0
507,1521993636,64649116,400.0,400.0,0.0,0.0,0.0,0.0
508,1521993636,74648546,400.0,400.0,0.0,0.0,0.0,0.0
509,1521993636,84648498,400.0,400.0,0.0,0.0,0.0,0.0
510,1521993636,94650323,358.0,400.0,0.0,0.0,0.0,0.0
511,1521993636,104654554,358.0,400.0,0.0,0.0,0.0,0.0
512,1521993636,114650191,315.0,400.0,0.0,0.0,0.0,0.0
513,1521993636,124650023,315.0,400.0,0.0,0.0,0.0,0.0
514,1521993636,134650489,281.0,400.0,0.0,0.0,0.0,0.0
515,1521993636,144649981,281.0,400.0,0.0,0.0,0.0,0.0
516,1521993636,154650045,254.0,400.0,0.0,0.0,0.0,0.0
517,1521993636,164649305,254.0,400.0,0.0,0.0,0.0,0.0
518,1521993636,174648928,231.0,400.0,0.0,0.0,0.0,0.0
519,1521993636,184648242,231.0,400.0,0.0,0.0,0.0,0.0
520,1521993636,194650023,211.0,400.0,0.0,0.0,0.0,0.0
521,1521993636,204650123,211.0,400.0,0.0,0.0,0.0,0.0
522,1521993636,214649277,195.0,400.0,0.0,0.0,0.0,0.0
523,1521993636,224648917,195.0,400.0,0.0,0.0,0.0,0.0
524,1521993636,234648688,184.0,400.0,0.0,0.0,0.0,0.0
525,1521993636,244647915,184.0,400.0,0.0,0.0,0.0,0.0
526,1521993636,254649402,181.0,400.0,0.0,0.0,0.0,0.0
527,1521993636,264647309,181.0,400.0,0.0,0.0,0.0,0.0
528,1521993636,274648887,172.0,400.0,0.0,0.0,0.0,0.0
529,1521993636,284646603,172.0,400.0,0.0,0.0,0.0,0.0
530,1521993636,294650497,163.0,400.0,0.0,0.0,0.0,0.0
531,1521993636,304648371,163.0,400.0,0.0,0.0,0.0,0.0
532,1521993636,314649717,152.0,400.0,0.0,0.0,0.0,0.0
533,1521993636,324647158,152.0,400.0,0.0,0.0,0.0,0.0
534,1521993636,334648853,141.0,400.0,0.0,0.0,0.0,0.0
535,1521993636,344648584,141.0,400.0,0.0,0.0,0.0,0.0
536,1521993636,354648659,132.0,400.0,0.0,0.0,0.0,0.0
537,1521993636,364647490,132.0,400.0,0.0,0.0,0.0,0.0
538,1521993636,374649578,130.0,400.0,0.0,0.0,0.0,0.0
539,1521993636,384646562,130.0,400.0,0.0,0.0,0.0,0.0
540,1521993636,394648169,127.0,400.0,0.0,0.0,0.0,0.0
541,1521993636,404647471,127.0,400.0,0.0,0.0,0.0,0.0
542,1521993636,414648319,125.0,400.0,0.0,0.0,0.0,0.0
543,1521993636,424648148,125.0,400.0,0.0,0.0,0.0,0.0
544,1521993636,434650255,125.0,400.0,0.0,0.0,0.0,0.0
545,1521993636,444649559,125.0,400.0,0.0,0.0,0.0,0.0
546,1521993636,454649120,125.0,400.0,0.0,0.0,0.0,0.0
547,1521993636,464648296,125.0,400.0,0.0,0.0,0.0,0.0
548,1521993636,474648783,125.0,400.0,0.0,0.0,0.0,0.0
549,1521993636,484647617,125.0,400.0,0.0,0.0,0.0,0.0
550,1521993636,494650110,125.0,400.0,0.0,0.0,0.0,0.0
551,1521993636,504649318,125.0,400.0,0.0,0.0,0.0,0.0
552,1521993636,514649751,125.0,400.0,0.0,0.0,0.0,0.0
553,1521993636,524648305,125.0,400.0,0.0,0.0,0.0,0.0
554,1521993636,534648046,125.0,400.0,0.0,0.0,0.0,0.0
555,1521993636,544647726,125.0,400.0,0.0,0.0,0.0,0.0
556,1521993636,554649590,131.0,400.0,0.0,0.0,0.0,0.0
557,1521993636,564648874,131.0,400.0,0.0,0.0,0.0,0.0
558,1521993636,574648704,140.0,400.0,0.0,0.0,0.0,0.0
559,1521993636,584648424,140.0,400.0,0.0,0.0,0.0,0.0
560,1521993636,594650213,154.0,400.0,0.0,0.0,0.0,0.0
561,1521993636,604649601,154.0,400.0,0.0,0.0,0.0,0.0
562,1521993636,614648669,174.0,400.0,0.0,0.0,0.0,0.0
563,1521993636,624648455,174.0,400.0,0.0,0.0,0.0,0.0
564,1521993636,634648803,200.0,400.0,0.0,0.0,0.0,0.0
565,1521993636,644648057,200.0,400.0,0.0,0.0,0.0,0.0
566,1521993636,654647975,235.0,400.0,0.0,0.0,0.0,0.0
567,1521993636,664649254,235.0,400.0,0.0,0.0,0.0,0.0
568,1521993636,674649024,275.0,400.0,0.0,0.0,0.0,0.0
569,1521993636,684646954,275.0,400.0,0.0,0.0,0.0,0.0
570,1521993636,694647889,309.0,400.0,0.0,0.0,0.0,0.0
571,1521993636,704653550,309.0,400.0,0.0,0.0,0.0,0.0
572,1521993636,714650149,332.0,400.0,0.0,0.0,0.0,0.0
573,1521993636,724649230,332.0,400.0,0.0,0.0,0.0,0.0
574,1521993636,734651501,342.0,400.0,0.0,0.0,0.0,0.0
575,1521993636,744648805,342.0,400.0,0.0,0.0,0.0,0.0
576,1521993636,754652444,342.0,400.0,0.0,0.0,0.0,0.0
577,1521993636,764648048,342.0,400.0,0.0,0.0,0.0,0.0
578,1521993636,774649705,342.0,400.0,0.0,0.0,0.0,0.0
579,1521993636,784648784,342.0,400.0,0.0,0.0,0.0,0.0
580,1521993636,794649749,342.0,400.0,0.0,0.0,0.0,0.0
581,1521993636,804648743,342.0,400.0,0.0,0.0,0.0,0.0
582,1521993636,814650268,342.0,400.0,0.0,0.0,0.0,0.0
583,1521993636,824647885,342.0,400.0,0.0,0.0,0.0,0.0
584,1521993636,834650474,342.0,400.0,0.0,0.0,0.0,0.0
585,1521993636,844647668,342.0,400.0,0.0,0.0,0.0,0.0
586,1521993636,854649405,342.0,400.0,0.0,0.0,0.0,0.0
587,1521993636,864648772,342.0,400.0,0.0,0.0,0.0,0.0
588,1521993636,874648229,342.0,400.0,0.0,0.0,0.0,0.0
589,1521993636,884649706,342.0,400.0,0.0,0.0,0.0,0.0
590,1521993636,894649865,343.0,400.0,0.0,0.0,0.0,0.0
591,1521993636,904649396,343.0,400.0,0.0,0.0,0.0,0.0
592,1521993636,914648887,343.0,400.0,0.0,0.0,0.0,0.0
593,1521993636,924648174,343.0,400.0,0.0,0.0,0.0,0.0
594,1521993636,934650976,343.0,400.0,0.0,0.0,0.0,0.0
595,1521993636,944650034,343.0,400.0,0.0,0.0,0.0,0.0
596,1521993636,954649939,344.0,400.0,0.0,0.0,0.0,0.0
597,1521993636,964649166,344.0,400.0,0.0,0.0,0.0,0.0
598,1521993636,974648573,345.0,400.0,0.0,0.0,0.0,0.0
599,1521993636,984648301,345.0,400.0,0.0,0.0,0.0,0.0
600,1521993636,994650298,350.0,400.0,0.0,0.0,0.0,0.0
601,1521993637,4647593,350.0,400.0,0.0,0.0,0.0,0.0
602,1521993637,14649436,366.0,400.0,0.0,0.0,0.0,0.0
603,1521993637,24688766,366.0,400.0,0.0,0.0,0.0,0.0
604,1521993637,34650557,388.0,400.0,0.0,0.0,0.0,0.0
605,1521993637,44648017,388.0,400.0,0.0,0.0,0.0,0.0
606,1521993637,54650244,400.0,400.0,0.0,0.0,0.0,0.0
607,1521993637,64649502,400.0,400.0,0.0,0.0,0.0,0.0
608,1521993637,74648807,400.0,400.0,0.0,0.0,0.0,0.0
609,1521993637,84670071,400.0,400.0,0.0,0.0,0.0,0.0
610,1521993637,94659458,400.0,400.0,0.0,0.0,0.0,0.0
611,1521993637,104647817,400.0,400.0,0.0,0.0,0.0,0.0
612,1521993637,114654708,400.0,400.0,0.0,0.0,0.0,0.0
613,1521993637,124649675,400.0,400.0,0.0,0.0,0.0,0.0
614,1521993637,134649194,400.0,400.0,0.0,0.0,0.0,0.0
615,1521993637,144648500,400.0,400.0,0.0,0.0,0.0,0.0
616,1521993637,154648885,400.0,400.0,0.0,0.0,0.0,0.0
617,1521993637,164648168,400.0,400.0,0.0,0.0,0.0,0.0
618,1521993637,174649761,400.0,393.0,0.0,0.0,0.0,0.0
619,1521993637,184649112,400.0,393.0,0.0,0.0,0.0,0.0
620,1521993637,194649429,400.0,383.0,0.0,0.0,0.0,0.0
621,1521993637,204649045,400.0,383.0,0.0,0.0,0.0,0.0
622,1521993637,214649145,400.0,370.0,0.0,0.0,0.0,0.0
623,1521993637,224647793,400.0,370.0,0.0,0.0,0.0,0.0
624,1521993637,234649903,400.0,355.0,0.0,0.0,0.0,0.0
625,1521993637,244647003,400.0,355.0,0.0,0.0,0.0,0.0
626,1521993637,254649192,400.0,341.0,0.0,0.0,0.0,0.0
627,1521993637,264649002,400.0,341.0,0.0,0.0,0.0,0.0
628,1521993637,274651332,400.0,333.0,0.0,0.0,0.0,0.0
629,1521993637,284647836,400.0,333.0,0.0,0.0,0.0,0.0
630,1521993637,294649118,400.0,331.0,0.0,0.0,0.0,0.0
631,1521993637,304652565,400.0,331.0,0.0,0.0,0.0,0.0
632,1521993637,314651159,400.0,330.0,0.0,0.0,0.0,0.0
633,1521993637,324650771,400.0,330.0,0.0,0.0,0.0,0.0
634,1521993637,334649992,400.0,330.0,0.0,0.0,0.0,0.0
635,1521993637,344649290,400.0,330.0,0.0,0.0,0.0,0.0
636,1521993637,354649145,400.0,330.0,0.0,0.0,0.0,0.0
637,1521993637,364648781,400.0,330.0,0.0,0.0,0.0,0.0
638,1521993637,374648170,400.0,330.0,0.0,0.0,0.0,0.0
639,1521993637,384647835,400.0,330.0,0.0,0.0,0.0,0.0
640,1521993637,394649522,400.0,329.0,0.0,0.0,0.0,0.0
641,1521993637,404646953,400.0,329.0,0.0,0.0,0.0,0.0
642,1521993637,414656036,400.0,328.0,0.0,0.0,0.0,0.0
643,1521993637,424648821,400.0,328.0,0.0,0.0,0.0,0.0
644,1521993637,434648528,400.0,327.0,0.0,0.0,0.0,0.0
645,1521993637,444647541,400.0,327.0,0.0,0.0,0.0,0.0
646,1521993637,454649879,400.0,318.0,0.0,0.0,0.0,0.0
647,1521993637,464649421,400.0,318.0,0.0,0.0,0.0,0.0
648,1521993637,474648912,400.0,308.0,0.0,0.0,0.0,0.0
649,1521993637,484648443,400.0,308.0,0.0,0.0,0.0,0.0
650,1521993637,494648956,400.0,293.0,0.0,0.0,0.0,0.0
651,1521993637,504647286,400.0,293.0,0.0,0.0,0.0,0.0
652,1521993637,514655987,400.0,279.0,0.0,0.0,0.0,0.0
653,1521993637,524649056,400.0,279.0,0.0,0.0,0.0,0.0
654,1521993637,534647719,400.0,269.0,0.0,0.0,0.0,0.0
655,1521993637,544647573,400.0,269.0,0.0,0.0,0.0,0.0
656,1521993637,554649809,400.0,266.0,0.0,0.0,0.0,0.0
657,1521993637,564647242,400.0,266.0,0.0,0.0,0.0,0.0
658,1521993637,574640836,400.0,263.0,0.0,0.0,0.0,0.0
659,1521993637,584649108,400.0,263.0,0.0,0.0,0.0,0.0
660,1521993637,594648478,400.0,263.0,0.0,0.0,0.0,0.0
661,1521993637,604647712,400.0,263.0,0.0,0.0,0.0,0.0
662,1521993637,614654495,400.0,263.0,0.0,0.0,0.0,0.0
663,1521993637,624647193,400.0,263.0,0.0,0.0,0.0,0.0
664,1521993637,634648811,400.0,263.0,0.0,0.0,0.0,0.0
665,1521993637,644648325,400.0,263.0,0.0,0.0,0.0,0.0
666,1521993637,654647868,400.0,263.0,0.0,0.0,0.0,0.0
667,1521993637,664647889,400.0,263.0,0.0,0.0,0.0,0.0
668,1521993637,674649262,400.0,263.0,0.0,0.0,0.0,0.0
669,1521993637,684649405,400.0,263.0,0.0,0.0,0.0,0.0
670,1521993637,694649110,400.0,263.0,0.0,0.0,0.0,0.0
671,1521993637,704648073,400.0,263.0,0.0,0.0,0.0,0.0
672,1521993637,714648634,400.0,263.0,0.0,0.0,0.0,0.0
673,1521993637,724647886,400.0,263.0,0.0,0.0,0.0,0.0
674,1521993637,734649729,400.0,263.0,0.0,0.0,0.0,0.0
675,1521993637,744649941,400.0,263.0,0.0,0.0,0.0,0.0
676,1521993637,754649248,400.0,263.0,0.0,0.0,0.0,0.0
677,1521993637,764646469,400.0,263.0,0.0,0.0,0.0,0.0
678,1521993637,774647798,400.0,272.0,0.0,0.0,0.0,0.0
679,1521993637,784647994,400.0,272.0,0.0,0.0,0.0,0.0
680,1521993637,794648808,400.0,281.0,0.0,0.0,0.0,0.0
681,1521993637,804646962,400.0,281.0,0.0,0.0,0.0,0.0
682,1521993637,814651225,400.0,295.0,0.0,0.0,0.0,0.0
683,1521993637,824648640,400.0,295.0,0.0,0.0,0.0,0.0
684,1521993637,834649975,400.0,313.0,0.0,0.0,0.0,0.0
685,1521993637,844647878,400.0,313.0,0.0,0.0,0.0,0.0
686,1521993637,854649201,400.0,335.0,0.0,0.0,0.0,0.0
687,1521993637,864649117,400.0,335.0,0.0,0.0,0.0,0.0
688,1521993637,874648751,400.0,358.0,0.0,0.0,0.0,0.0
689,1521993637,884648221,400.0,358.0,0.0,0.0,0.0,0.0
690,1521993637,894651114,400.0,379.0,0.0,0.0,0.0,0.0
691,1521993637,904650995,400.0,379.0,0.0,0.0,0.0,0.0
692,1521993637,914652408,400.0,395.0,0.0,0.0,0.0,0.0
693,1521993637,924648968,400.0,395.0,0.0,0.0,0.0,0.0
694,1521993637,934649380,400.0,400.0,0.0,0.0,0.0,0.0
695,1521993637,944648725,400.0,400.0,0.0,0.0,0.0,0.0
696,1521993637,954649940,400.0,400.0,0.0,0.0,0.0,0.0
697,1521993637,964647634,400.0,400.0,0.0,0.0,0.0,0.0
698,1521993637,974649889,400.0,400.0,0.0,0.0,0.0,0.0
699,1521993637,984649046,400.0,400.0,0.0,0.0,0.0,0.0
700,1521993637,994651353,400.0,400.0,0.0,0.0,0.0,0.0
701,1521993638,4648283,400.0,400.0,0.0,0.0,0.0,0.0
702,1521993638,14649916,400.0,400.0,0.0,0.0,0.0,0.0
703,1521993638,24647520,400.0,400.0,0.0,0.0,0.0,0.0
704,1521993638,34649795,400.0,400.0,0.0,0.0,0.0,0.0
705,1521993638,44648767,400.0,400.0,0.0,0.0,0.0,0.0
706,1521993638,54649294,400.0,400.0,0.0,0.0,0.0,0.0
707,1521993638,64648694,400.0,400.0,0.0,0.0,0.0,0.0
708,1521993638,74650242,400.0,400.0,0.0,0.0,0.0,0.0
709,1521993638,84647868,400.0,400.0,0.0,0.0,0.0,0.0
710,1521993638,94649127,400.0,400.0,0.0,0.0,0.0,0.0
711,1521993638,104649412,400.0,400.0,0.0,0.0,0.0,0.0
712,1521993638,114650481,400.0,400.0,0.0,0.0,0.0,0.0
713,1521993638,124648218,400.0,400.0,0.0,0.0,0.0,0.0
714,1521993638,134650713,400.0,400.0,0.0,0.0,0.0,0.0
715,1521993638,144649893,400.0,400.0,0.0,0.0,0.0,0.0
716,1521993638,154649299,400.0,400.0,0.0,0.0,0.0,0.0
717,1521993638,164648595,400.0,400.0,0.0,0.0,0.0,0.0
718,1521993638,174650713,400.0,400.0,0.0,0.0,0.0,0.0
719,1521993638,184650454,400.0,400.0,0.0,0.0,0.0,0.0
720,1521993638,194649945,400.0,400.0,0.0,0.0,0.0,0.0
721,1521993638,204612931,400.0,400.0,0.0,0.0,0.0,0.0
722,1521993638,214658091,400.0,400.0,0.0,0.0,0.0,0.0
723,1521993638,224648716,400.0,400.0,0.0,0.0,0.0,0.0
724,1521993638,234654984,400.0,400.0,0.0,0.0,0.0,0.0
725,1521993638,244647495,400.0,400.0,0.0,0.0,0.0,0.0
726,1521993638,254649840,400.0,400.0,0.0,0.0,0.0,0.0
727,1521993638,264649267,400.0,400.0,0.0,0.0,0.0,0.0
728,1521993638,274650969,400.0,400.0,0.0,0.0,0.0,0.0
729,1521993638,284649328,400.0,400.0,0.0,0.0,0.0,0.0
730,1521993638,294648873,400.0,400.0,0.0,0.0,0.0,0.0
731,1521993638,304648042,400.0,400.0,0.0,0.0,0.0,0.0
732,1521993638,314658157,400.0,400.0,0.0,0.0,0.0,0.0
733,1521993638,324649249,400.0,400.0,0.0,0.0,0.0,0.0
734,1521993638,334648731,400.0,400.0,0.0,0.0,0.0,0.0
735,1521993638,344648875,400.0,400.0,0.0,0.0,0.0,0.0
736,1521993638,354648026,400.0,400.0,0.0,0.0,0.0,0.0
737,1521993638,364647519,400.0,400.0,0.0,0.0,0.0,0.0
738,1521993638,374649216,400.0,400.0,0.0,0.0,0.0,0.0
739,1521993638,384648802,400.0,400.0,0.0,0.0,0.0,0.0
740,1521993638,394649623,400.0,400.0,0.0,0.0,0.0,0.0
741,1521993638,404648071,400.0,400.0,0.0,0.0,0.0,0.0
742,1521993638,414648103,398.0,400.0,0.0,0.0,0.0,0.0
743,1521993638,424647650,398.0,400.0,0.0,0.0,0.0,0.0
744,1521993638,434648925,396.0,400.0,0.0,0.0,0.0,0.0
745,1521993638,444649314,396.0,400.0,0.0,0.0,0.0,0.0
746,1521993638,454648885,395.0,400.0,0.0,0.0,0.0,0.0
747,1521993638,464648537,395.0,400.0,0.0,0.0,0.0,0.0
748,1521993638,474650268,395.0,400.0,0.0,0.0,0.0,0.0
749,1521993638,484689581,395.0,400.0,0.0,0.0,0.0,0.0
750,1521993638,494651183,395.0,400.0,0.0,0.0,0.0,0.0
751,1521993638,504652146,395.0,400.0,0.0,0.0,0.0,0.0
752,1521993638,514651275,399.0,400.0,0.0,0.0,0.0,0.0
753,1521993638,524650189,399.0,400.0,0.0,0.0,0.0,0.0
754,1521993638,534649961,400.0,400.0,0.0,0.0,0.0,0.0
755,1521993638,544647198,400.0,400.0,0.0,0.0,0.0,0.0
756,1521993638,554649212,384.0,384.0,0.0,0.0,0.0,0.0
757,1521993638,564648640,384.0,384.0,0.0,0.0,0.0,0.0
758,1521993638,574650405,354.0,354.0,0.0,0.0,0.0,0.0
759,1521993638,584648421,354.0,354.0,0.0,0.0,0.0,0.0
760,1521993638,594649330,326.0,326.0,0.0,0.0,0.0,0.0
761,1521993638,604649480,326.0,326.0,0.0,0.0,0.0,0.0
762,1521993638,614648443,300.0,300.0,0.0,0.0,0.0,0.0
763,1521993638,624648270,300.0,300.0,0.0,0.0,0.0,0.0
764,1521993638,634647427,272.0,272.0,0.0,0.0,0.0,0.0
765,1521993638,644658090,272.0,272.0,0.0,0.0,0.0,0.0
766,1521993638,654647772,242.0,242.0,0.0,0.0,0.0,0.0
767,1521993638,664647259,242.0,242.0,0.0,0.0,0.0,0.0
768,1521993638,674647038,210.0,210.0,0.0,0.0,0.0,0.0
769,1521993638,684646081,210.0,210.0,0.0,0.0,0.0,0.0
770,1521993638,694650020,179.0,179.0,0.0,0.0,0.0,0.0
771,1521993638,704647340,179.0,179.0,0.0,0.0,0.0,0.0
772,1521993638,714650057,148.0,148.0,0.0,0.0,0.0,0.0
773,1521993638,724649655,148.0,148.0,0.0,0.0,0.0,0.0
774,1521993638,734649633,118.0,118.0,0.0,0.0,0.0,0.0
775,1521993638,744649260,118.0,118.0,0.0,0.0,0.0,0.0
776,1521993638,754654359,87.0,87.0,0.0,0.0,0.0,0.0
777,1521993638,764652543,87.0,87.0,0.0,0.0,0.0,0.0
778,1521993638,774654764,55.0,55.0,0.0,0.0,0.0,0.0
779,1521993638,784654348,55.0,55.0,0.0,0.0,0.0,0.0
780,1521993638,794676955,0.0,0.0,0.0,0.0,0.0,0.0
781,1521993638,804675826,0.0,0.0,0.0,0.0,0.0,0.0
782,1521993638,814653179,0.0,0.0,0.0,0.0,0.0,0.0
783,1521993638,824652518,0.0,0.0,0.0,0.0,0.0,0.0
784,1521993638,834652032,0.0,0.0,0.0,0.0,0.0,0.0
785,1521993638,844651468,0.0,0.0,0.0,0.0,0.0,0.0
786,1521993638,854651365,0.0,0.0,0.0,0.0,0.0,0.0
787,1521993638,864650875,0.0,0.0,0.0,0.0,0.0,0.0
788,1521993638,874652429,0.0,0.0,0.0,0.0,0.0,0.0
789,1521993638,884651811,0.0,0.0,0.0,0.0,0.0,0.0
790,1521993638,894651483,0.0,0.0,0.0,0.0,0.0,0.0
791,1521993638,904651474,0.0,0.0,0.0,0.0,0.0,0.0
792,1521993638,914650093,0.0,0.0,0.0,0.0,0.0,0.0
793,1521993638,924648550,0.0,0.0,0.0,0.0,0.0,0.0
794,1521993638,934650629,0.0,0.0,0.0,0.0,0.0,0.0
795,1521993638,944650483,0.0,0.0,0.0,0.0,0.0,0.0
796,1521993638,954650462,0.0,0.0,0.0,0.0,0.0,0.0
797,1521993638,964651578,0.0,0.0,0.0,0.0,0.0,0.0
798,1521993638,974651122,0.0,0.0,0.0,0.0,0.0,0.0
799,1521993638,984650539,0.0,0.0,0.0,0.0,0.0,0.0
800,1521993638,994650509,0.0,0.0,0.0,0.0,0.0,0.0
801,1521993639,4646733,0.0,0.0,0.0,0.0,0.0,0.0
802,1521993639,14649584,0.0,0.0,0.0,0.0,0.0,0.0
803,1521993639,24648933,0.0,0.0,0.0,0.0,0.0,0.0
804,1521993639,34650896,0.0,0.0,0.0,0.0,0.0,0.0
805,1521993639,44650315,0.0,0.0,0.0,0.0,0.0,0.0
806,1521993639,54650474,0.0,0.0,0.0,0.0,0.0,0.0
807,1521993639,64650100,0.0,0.0,0.0,0.0,0.0,0.0
808,1521993639,74649858,0.0,0.0,0.0,0.0,0.0,0.0
809,1521993639,84648353,0.0,0.0,0.0,0.0,0.0,0.0
810,1521993639,94651059,0.0,0.0,0.0,0.0,0.0,0.0
811,1521993639,104647772,0.0,0.0,0.0,0.0,0.0,0.0
812,1521993639,114650956,0.0,0.0,0.0,0.0,0.0,0.0
813,1521993639,124649601,0.0,0.0,0.0,0.0,0.0,0.0
814,1521993639,134650119,0.0,0.0,0.0,0.0,0.0,0.0
815,1521993639,144648877,0.0,0.0,0.0,0.0,0.0,0.0
816,1521993639,154648400,0.0,0.0,0.0,0.0,0.0,0.0
817,1521993639,164647729,0.0,0.0,0.0,0.0,0.0,0.0
818,1521993639,174649999,0.0,0.0,0.0,0.0,0.0,0.0
819,1521993639,184649904,0.0,0.0,0.0,0.0,0.0,0.0
820,1521993639,194651715,0.0,0.0,0.0,0.0,0.0,0.0
821,1521993639,204648798,0.0,0.0,0.0,0.0,0.0,0.0
822,1521993639,214648757,0.0,0.0,0.0,0.0,0.0,0.0
823,1521993639,224650071,0.0,0.0,0.0,0.0,0.0,0.0
824,1521993639,234649850,0.0,0.0,0.0,0.0,0.0,0.0
825,1521993639,244649892,0.0,0.0,0.0,0.0,0.0,0.0
826,1521993639,254651922,0.0,0.0,0.0,0.0,0.0,0.0
827,1521993639,264650969,0.0,0.0,0.0,0.0,0.0,0.0
828,1521993639,274652820,0.0,0.0,0.0,0.0,0.0,0.0
829,1521993639,284649926,0.0,0.0,0.0,0.0,0.0,0.0
830,1521993639,294651627,0.0,0.0,0.0,0.0,0.0,0.0
831,1521993639,304649506,0.0,0.0,0.0,0.0,0.0,0.0
832,1521993639,314648960,0.0,0.0,0.0,0.0,0.0,0.0
833,1521993639,324650485,0.0,0.0,0.0,0.0,0.0,0.0
834,1521993639,334649685,0.0,0.0,0.0,0.0,0.0,0.0
835,1521993639,344650023,0.0,0.0,0.0,0.0,0.0,0.0
836,1521993639,354649245,0.0,0.0,0.0,0.0,0.0,0.0
837,1521993639,364648797,0.0,0.0,0.0,0.0,0.0,0.0
838,1521993639,374651378,0.0,0.0,0.0,0.0,0.0,0.0
839,1521993639,384647786,0.0,0.0,0.0,0.0,0.0,0.0
840,1521993639,394649913,0.0,0.0,0.0,0.0,0.0,0.0
841,1521993639,404649785,0.0,0.0,0.0,0.0,0.0,0.0
842,1521993639,414657931,0.0,0.0,0.0,0.0,0.0,0.0
843,1521993639,424648898,0.0,0.0,0.0,0.0,0.0,0.0
844,1521993639,434651282,0.0,0.0,0.0,0.0,0.0,0.0
845,1521993639,444651000,0.0,0.0,0.0,0.0,0.0,0.0
846,1521993639,454650300,0.0,0.0,0.0,0.0,0.0,0.0
847,1521993639,464650231,0.0,0.0,0.0,0.0,0.0,0.0
848,1521993639,474648770,0.0,0.0,0.0,0.0,0.0,0.0
849,1521993639,484647924,0.0,0.0,0.0,0.0,0.0,0.0
850,1521993639,494650917,0.0,0.0,0.0,0.0,0.0,0.0
851,1521993639,504646466,0.0,0.0,0.0,0.0,0.0,0.0
852,1521993639,514650512,0.0,0.0,0.0,0.0,0.0,0.0
853,1521993639,524648896,0.0,0.0,0.0,0.0,0.0,0.0
854,1521993639,534648902,0.0,0.0,0.0,0.0,0.0,0.0
855,1521993639,544648322,0.0,0.0,0.0,0.0,0.0,0.0
856,1521993639,554651443,0.0,0.0,0.0,0.0,0.0,0.0
857,1521993639,564650249,0.0,0.0,0.0,0.0,0.0,0.0
858,1521993639,574651873,0.0,0.0,0.0,0.0,0.0,0.0
859,1521993639,584649636,0.0,0.0,0.0,0.0,0.0,0.0
860,1521993639,594651371,0.0,0.0,0.0,0.0,0.0,0.0
861,1521993639,604648112,0.0,0.0,0.0,0.0,0.0,0.0
