1,1521992413,644865052,0.0,0.0
2,1521992413,648197602,0.0,0.0
3,1521992413,651546579,0.0,0.0
4,1521992413,654863822,0.0,0.0
5,1521992413,658197805,0.0,0.0
6,1521992413,661530769,0.0,0.0
7,1521992413,664864725,0.0,0.0
8,1521992413,668198419,0.0,0.0
9,1521992413,671531374,0.0,0.0
10,1521992413,674863274,0.0,0.0
11,1521992413,678197347,0.0,0.0
12,1521992413,681531656,0.0,0.0
13,1521992413,684864142,0.0,0.0
14,1521992413,688197093,0.0,0.0
15,1521992413,691530718,0.0,0.0
16,1521992413,694864099,0.0,0.0
17,1521992413,698197196,0.0,0.0
18,1521992413,701531183,0.0,0.0
19,1521992413,704864474,0.0,0.0
20,1521992413,708197970,0.0,0.0
21,1521992413,711531302,0.0,0.0
22,1521992413,714875212,0.0,0.0
23,1521992413,718196923,0.0,0.0
24,1521992413,721529920,0.0,0.0
25,1521992413,724864651,0.0,0.0
26,1521992413,728197624,0.0,0.0
27,1521992413,731530885,0.0,0.0
28,1521992413,734874981,0.0,0.0
29,1521992413,738196963,0.0,0.0
30,1521992413,741530993,0.0,0.0
31,1521992413,744863542,0.0,0.0
32,1521992413,748198819,0.0,0.0
33,1521992413,751531551,0.0,0.0
34,1521992413,754864741,0.0,0.0
35,1521992413,758197663,0.0,0.0
36,1521992413,761530917,0.0,0.0
37,1521992413,764863837,0.0,0.0
38,1521992413,768207736,0.0,0.0
39,1521992413,771530729,0.0,0.0
40,1521992413,774863953,0.0,0.0
41,1521992413,778197874,0.0,0.0
42,1521992413,781530836,0.0,0.0
43,1521992413,784884971,0.0,0.0
44,1521992413,788197509,0.0,0.0
45,1521992413,791530628,0.0,0.0
46,1521992413,794864447,0.0,0.0
47,1521992413,798197068,0.0,0.0
48,1521992413,801531012,0.0,0.0
49,1521992413,804903628,0.0,0.0
50,1521992413,808197362,0.0,0.0
51,1521992413,811531535,0.0,0.0
52,1521992413,814864347,0.0,0.0
53,1521992413,818197183,0.0,0.0
54,1521992413,821530784,0.0,0.0
55,1521992413,824864467,0.0,0.0
56,1521992413,828197768,0.0,0.0
57,1521992413,831531536,0.0,0.0
58,1521992413,834864336,0.0,0.0
59,1521992413,838197590,0.0,0.0
60,1521992413,841530926,0.0,0.0
61,1521992413,844863490,0.0,0.0
62,1521992413,848202197,0.0,0.0
63,1521992413,851549647,0.0,0.0
64,1521992413,854872632,0.0,0.0
65,1521992413,858204516,0.0,0.0
66,1521992413,861537746,0.0,0.0
67,1521992413,864864147,0.0,0.0
68,1521992413,868197350,0.0,0.0
69,1521992413,871530133,0.0,0.0
70,1521992413,874864885,0.0,0.0
71,1521992413,878198450,0.0,0.0
72,1521992413,881531758,0.0,0.0
73,1521992413,884864234,0.0,0.0
74,1521992413,888197919,0.0,0.0
75,1521992413,891531266,0.0,0.0
76,1521992413,894864975,0.0,0.0
77,1521992413,898197740,0.0,0.0
78,1521992413,901531150,0.0,0.0
79,1521992413,904863830,0.0,0.0
80,1521992413,908197439,0.0,0.0
81,1521992413,911531599,0.0,0.0
82,1521992413,914865309,0.0,0.0
83,1521992413,918203412,0.0,0.0
84,1521992413,921530994,0.0,0.0
85,1521992413,924874145,0.0,0.0
86,1521992413,928197183,0.0,0.0
87,1521992413,931531864,0.0,0.0
88,1521992413,934865119,0.0,0.0
89,1521992413,938197792,0.0,0.0
90,1521992413,941530964,0.0,0.0
91,1521992413,944866710,0.0,0.0
92,1521992413,948200475,0.0,0.0
93,1521992413,951534382,0.0,0.0
94,1521992413,954865943,0.0,0.0
95,1521992413,958198808,0.0,0.0
96,1521992413,961532802,0.0,0.0
97,1521992413,964865426,0.0,0.0
98,1521992413,968198006,0.0,0.0
99,1521992413,971531130,0.0,0.0
100,1521992413,974865635,0.0,0.0
101,1521992413,978197844,0.0,0.0
102,1521992413,981531445,0.0,0.0
103,1521992413,984864199,0.0,0.0
104,1521992413,988197209,0.0,0.0
105,1521992413,991530904,0.0,0.0
106,1521992413,994864778,0.0,0.0
107,1521992413,998197894,0.0,0.0
108,1521992414,1531160,0.0,0.0
109,1521992414,4864204,0.0,0.0
110,1521992414,8197512,0.0,0.0
111,1521992414,11532410,0.0,0.0
112,1521992414,14865115,0.0,0.0
113,1521992414,18197965,0.0,0.0
114,1521992414,21531019,0.0,0.0
115,1521992414,24864403,0.0,0.0
116,1521992414,28197804,0.0,0.0
117,1521992414,31532185,0.0,0.0
118,1521992414,34865870,0.0,0.0
119,1521992414,38198000,0.0,0.0
120,1521992414,41531400,0.0,0.0
121,1521992414,44864324,0.0,0.0
122,1521992414,48207575,0.0,0.0
123,1521992414,51532610,0.0,0.0
124,1521992414,54865113,0.0,0.0
125,1521992414,58197697,0.0,0.0
126,1521992414,61541666,0.0,0.0
127,1521992414,64864573,0.0,0.0
128,1521992414,68197623,0.0,0.0
129,1521992414,71531598,0.0,0.0
130,1521992414,74864465,0.0,0.0
131,1521992414,78198862,0.0,0.0
132,1521992414,81531227,0.0,0.0
133,1521992414,84864927,0.0,0.0
134,1521992414,88198198,0.0,0.0
135,1521992414,91531863,0.0,0.0
136,1521992414,94865699,0.0,0.0
137,1521992414,98197705,0.0,0.0
138,1521992414,101531255,0.0,0.0
139,1521992414,104831139,0.0,0.0
140,1521992414,108209281,0.0,0.0
141,1521992414,111532727,0.0,0.0
142,1521992414,114865541,0.0,0.0
143,1521992414,118197097,0.0,0.0
144,1521992414,121530492,0.0,0.0
145,1521992414,124864032,0.0,0.0
146,1521992414,128197213,0.0,0.0
147,1521992414,131531825,0.0,0.0
148,1521992414,134864770,0.0,0.0
149,1521992414,138197681,0.0,0.0
150,1521992414,141530193,0.0,0.0
151,1521992414,144863968,0.0,0.0
152,1521992414,148197811,0.0,0.0
153,1521992414,151531512,0.0,0.0
154,1521992414,154865629,0.0,0.0
155,1521992414,158197672,0.0,0.0
156,1521992414,161531134,0.0,0.0
157,1521992414,164864420,0.0,0.0
158,1521992414,168198089,0.0,0.0
159,1521992414,171531941,0.0,0.0
160,1521992414,174864584,0.0,0.0
161,1521992414,178197426,0.0,0.0
162,1521992414,181531178,0.0,0.0
163,1521992414,184864555,0.0,0.0
164,1521992414,188197497,0.0,0.0
165,1521992414,191531536,0.0,0.0
166,1521992414,194865435,0.0,0.0
167,1521992414,198197621,0.0,0.0
168,1521992414,201531019,0.0,0.0
169,1521992414,204868369,0.0,0.0
170,1521992414,208200457,0.0,0.0
171,1521992414,211532944,0.0,0.0
172,1521992414,214867883,0.0,0.0
173,1521992414,218200199,0.0,0.0
174,1521992414,221534247,0.0,0.0
175,1521992414,224863742,0.0,0.0
176,1521992414,228196582,0.0,0.0
177,1521992414,231530320,0.0,0.0
178,1521992414,234864630,0.0,0.0
179,1521992414,238197693,0.0,0.0
180,1521992414,241531081,0.0,0.0
181,1521992414,244863741,0.0,0.0
182,1521992414,248197449,0.0,0.0
183,1521992414,251530861,0.0,0.0
184,1521992414,254865686,0.0,0.0
185,1521992414,258197552,0.0,0.0
186,1521992414,261530892,0.0,0.0
187,1521992414,264864851,0.0,0.0
188,1521992414,268197242,0.0,0.0
189,1521992414,271535799,0.0,0.0
190,1521992414,274898912,0.0,0.0
191,1521992414,278197446,0.0,0.0
192,1521992414,281530612,0.0,0.0
193,1521992414,284874403,0.0,0.0
194,1521992414,288207731,0.0,0.0
195,1521992414,291531686,0.0,0.0
196,1521992414,294864976,0.0,0.0
197,1521992414,298197686,0.0,0.0
198,1521992414,301530983,0.0,0.0
199,1521992414,304864399,0.0,0.0
200,1521992414,308197579,0.0,0.0
201,1521992414,311531642,0.0,0.0
202,1521992414,314874592,0.0,0.0
203,1521992414,318197230,0.0,0.0
204,1521992414,321530844,0.0,0.0
205,1521992414,324864396,0.0,0.0
206,1521992414,328197917,0.0,0.0
207,1521992414,331530820,0.0,0.0
208,1521992414,334875652,0.0,0.0
209,1521992414,338207683,0.0,0.0
210,1521992414,341531089,0.0,0.0
211,1521992414,344863675,0.0,0.0
212,1521992414,348197073,0.0,0.0
213,1521992414,351530041,0.0,0.0
214,1521992414,354891531,0.0,0.0
215,1521992414,358197395,0.0,0.0
216,1521992414,361530466,0.0,0.0
217,1521992414,364863810,0.0,0.0
218,1521992414,368197539,0.0,0.0
219,1521992414,371531795,0.0,0.0
220,1521992414,374865238,0.0,0.0
221,1521992414,378197810,0.0,0.0
222,1521992414,381530891,0.0,0.0
223,1521992414,384864226,0.0,0.0
224,1521992414,388197247,0.0,0.0
225,1521992414,391531704,0.0,0.0
226,1521992414,394865192,0.0,0.0
227,1521992414,398197502,0.0,0.0
228,1521992414,401530230,0.0,0.0
229,1521992414,404874285,0.0,0.0
230,1521992414,408197479,0.0,0.0
231,1521992414,411532197,0.0,0.0
232,1521992414,414864248,0.0,0.0
233,1521992414,418197625,0.0,0.0
234,1521992414,421530033,0.0,0.0
235,1521992414,424863398,0.0,0.0
236,1521992414,428202912,0.0,0.0
237,1521992414,431537662,0.0,0.0
238,1521992414,434867704,0.0,0.0
239,1521992414,438203302,0.0,0.0
240,1521992414,441532276,0.0,0.0
241,1521992414,444874990,0.0,0.0
242,1521992414,448207197,0.0,0.0
243,1521992414,451533066,0.0,0.0
244,1521992414,454864613,0.0,0.0
245,1521992414,458197586,0.0,0.0
246,1521992414,461530836,0.0,0.0
247,1521992414,464863818,0.0,0.0
248,1521992414,468197672,0.0,0.0
249,1521992414,471531044,0.0,0.0
250,1521992414,474864291,0.0,0.0
251,1521992414,478207950,0.0,0.0
252,1521992414,481531220,0.0,0.0
253,1521992414,484864267,0.0,0.0
254,1521992414,488198078,0.0,0.0
255,1521992414,491530419,0.0,0.0
256,1521992414,494863950,0.0,0.0
257,1521992414,498197863,0.0,0.0
258,1521992414,501530986,0.0,0.0
259,1521992414,504864624,0.0,0.0
260,1521992414,508197394,0.0,0.0
261,1521992414,511530747,0.0,0.0
262,1521992414,514863787,0.0,0.0
263,1521992414,518197229,0.0,0.0
264,1521992414,521530043,0.0,0.0
265,1521992414,524864981,0.0,0.0
266,1521992414,528498243,0.0,0.0
267,1521992414,531550599,0.0,0.0
268,1521992414,534863730,0.0,0.0
269,1521992414,538197557,0.0,0.0
270,1521992414,541532745,0.0,0.0
271,1521992414,544861511,0.0,0.0
272,1521992414,548198440,0.0,0.0
273,1521992414,551529905,0.0,0.0
274,1521992414,554870099,0.0,0.0
275,1521992414,558212434,0.0,0.0
276,1521992414,561537270,0.0,0.0
277,1521992414,564864363,0.0,0.0
278,1521992414,568197531,0.0,0.0
279,1521992414,571529718,0.0,0.0
280,1521992414,574863127,0.0,0.0
281,1521992414,578198258,0.0,0.0
282,1521992414,581530969,0.0,0.0
283,1521992414,584864333,0.0,0.0
284,1521992414,588197383,0.0,0.0
285,1521992414,591531528,0.0,0.0
286,1521992414,594864003,0.0,0.0
287,1521992414,598197212,0.0,0.0
288,1521992414,601531377,0.0,0.0
289,1521992414,604864138,0.0,0.0
290,1521992414,608196658,0.0,0.0
291,1521992414,611531516,0.0,0.0
292,1521992414,614864395,0.0,0.0
293,1521992414,618197792,0.0,0.0
294,1521992414,621530726,0.0,0.0
295,1521992414,624863353,0.0,0.0
296,1521992414,628197406,0.0,0.0
297,1521992414,631530581,0.0,0.0
298,1521992414,634864060,0.0,0.0
299,1521992414,638196916,0.0,0.0
300,1521992414,641530723,0.0,0.0
301,1521992414,644863622,0.0,0.0
302,1521992414,648197106,0.0,0.0
303,1521992414,651532153,0.0,0.0
304,1521992414,654863950,0.0,0.0
305,1521992414,658197233,0.0,0.0
306,1521992414,661531437,0.0,0.0
307,1521992414,664864465,0.0,0.0
308,1521992414,668197362,0.0,0.0
309,1521992414,671530932,0.0,0.0
310,1521992414,674864081,0.0,0.0
311,1521992414,678197507,0.0,0.0
312,1521992414,681530946,0.0,0.0
313,1521992414,684866046,0.0,0.0
314,1521992414,688199755,0.0,0.0
315,1521992414,691534052,0.0,0.0
316,1521992414,694867413,0.0,0.0
317,1521992414,698198486,0.0,0.0
318,1521992414,701532988,0.0,0.0
319,1521992414,704863468,0.0,0.0
320,1521992414,708197660,0.0,0.0
321,1521992414,711530120,0.0,0.0
322,1521992414,714864164,0.0,0.0
323,1521992414,718196589,0.0,0.0
324,1521992414,721530985,0.0,0.0
325,1521992414,724864050,0.0,0.0
326,1521992414,728197608,0.0,0.0
327,1521992414,731531937,0.0,0.0
328,1521992414,734864292,0.000705158331026,0.000702264884753
329,1521992414,738197808,0.000704906164551,0.000702013752982
330,1521992414,741532183,0.00105713242682,0.00105279474017
331,1521992414,744844779,0.00141874161404,0.00105969011381
332,1521992414,748209597,0.00279325435532,0.0013908964566
333,1521992414,751534162,0.00459437657436,0.00281570748543
334,1521992414,754867587,0.00669708754246,0.0042123837898
335,1521992414,758201544,0.00845766418143,0.00631722015502
336,1521992414,761533621,0.0109307361826,0.00842778159204
337,1521992414,764864821,0.0137555082206,0.0112402591402
338,1521992414,768197488,0.0162174813159,0.0140442928805
339,1521992414,771531271,0.0200883889576,0.0171981069304
340,1521992414,774864899,0.0232619034302,0.02000739196
341,1521992414,778197065,0.02715053826,0.0228252418118
342,1521992414,781530838,0.0317185088804,0.0266746148308
343,1521992414,784864120,0.0359527857543,0.0298377185111
344,1521992414,788197800,0.0398271982971,0.0333456532667
345,1521992414,791532046,0.0472185817315,0.0386024738063
346,1521992414,794864926,0.0482964348311,0.0414277002187
347,1521992414,798197788,0.0482964348311,0.0438852756554
348,1521992414,801530731,0.0482929801505,0.0473927074291
349,1521992414,804864375,0.0429992760376,0.0473859283263
350,1521992414,808197469,0.0334878329511,0.0473927074291
351,1521992414,811531716,0.0204378935853,0.0417608580268
352,1521992414,814864577,0.00846068931348,0.0280865764195
353,1521992414,818197310,0.00387809335815,0.0133420782365
354,1521992414,821531261,0.00387642941649,0.0066681768303
355,1521992414,824864238,0.00387781593534,0.00667056189963
356,1521992414,828196728,0.00916640248289,0.00667103911825
357,1521992414,831531258,0.0162082049073,0.011579914118
358,1521992414,834863769,0.0218599082618,0.0189611518883
359,1521992414,838196981,0.0274933067533,0.0245722387738
360,1521992414,841530406,0.0285507416284,0.0259763667038
361,1521992414,844864136,0.0285466579923,0.0259726512826
362,1521992414,848197127,0.0285527838846,0.025978224813
363,1521992414,851531086,0.0271369464865,0.0245687241863
364,1521992414,854864211,0.0250277488371,0.0217655397082
365,1521992414,858196883,0.025029539219,0.0210649323146
366,1521992414,861530617,0.0250241688416,0.020709405713
367,1521992414,864863924,0.0264358718781,0.0207108869665
368,1521992414,868197566,0.0296039416217,0.0207079246713
369,1521992414,871530668,0.0334878329511,0.0217655397082
370,1521992414,874863941,0.0363078609891,0.0231697680764
371,1521992414,878197290,0.0373626989211,0.0245722387738
372,1521992414,881530954,0.0373573549035,0.027376578379
373,1521992414,884863893,0.0377205731892,0.027384412009
374,1521992414,888196833,0.0380703785128,0.0273824531812
375,1521992414,891531801,0.0380513256316,0.0273687492295
376,1521992414,894864554,0.0391306880748,0.027384412009
377,1521992414,898197071,0.0401911493481,0.027386371117
378,1521992414,901530868,0.0437010566796,0.0277275601531
379,1521992414,904838735,0.0465307675166,0.0286528780391
380,1521992414,908197103,0.046180311481,0.0303121325286
381,1521992414,911531753,0.0486246147219,0.0340379293771
382,1521992414,914864578,0.0497065497167,0.0365125493453
383,1521992414,918197029,0.0500662415029,0.0375711713343
384,1521992414,921531213,0.0514471114388,0.0389534053863
385,1521992414,924863971,0.0525267794878,0.0393212069873
386,1521992414,928196901,0.053584365652,0.0396722891925
387,1521992414,931531967,0.0574252099235,0.0406993326468
388,1521992414,934865155,0.0602737878822,0.0407197099681
389,1521992414,938197780,0.0631071555553,0.0410795566755
390,1521992414,941530405,0.0673378028551,0.0421328786416
391,1521992414,944828128,0.069478693102,0.0429355184585
392,1521992414,948197552,0.0679940426161,0.0430598238336
393,1521992414,951531691,0.0687185214741,0.0456243677862
394,1521992414,954864824,0.0697956939401,0.0477437645211
395,1521992414,958197322,0.0701582343883,0.0488039177598
396,1521992414,961530879,0.0701381633729,0.0515980108442
397,1521992414,964864424,0.0711955226197,0.0537040521031
398,1521992414,968196792,0.0726313080957,0.054074396126
399,1521992414,971531633,0.0778642867091,0.0557901426602
400,1521992414,974864645,0.0786082815588,0.0568712489149
401,1521992414,978197391,0.083555284171,0.0572304934881
402,1521992414,981530940,0.0905804421448,0.059320162127
403,1521992414,984864329,0.0905869209691,0.0596754370221
404,1521992414,988197193,0.0923625250054,0.0596839748914
405,1521992414,991530047,0.0927150537268,0.0596839748914
406,1521992414,994864459,0.092668649796,0.0600050095205
407,1521992414,998196820,0.0937860580265,0.0617993098583
408,1521992415,1530625,0.0937458151353,0.062474755788
409,1521992415,4865093,0.0940780589184,0.06456679387
410,1521992415,8197500,0.0966066913506,0.0674174289363
411,1521992415,11531372,0.101499228417,0.0712493001402
412,1521992415,14864553,0.104341037405,0.0737219893341
413,1521992415,18197404,0.109283903632,0.0772380851536
414,1521992415,21530769,0.111375173999,0.079327554087
415,1521992415,24863358,0.112825332964,0.0800581968619
416,1521992415,28197319,0.113473661101,0.0800181219636
417,1521992415,31531636,0.113465547146,0.080012400253
418,1521992415,34864832,0.113850488222,0.0782801320938
419,1521992415,38197184,0.114940807957,0.0779514022076
420,1521992415,41530636,0.121605010639,0.0779291001113
421,1521992415,44863748,0.125138744186,0.0779346744389
422,1521992415,48196719,0.126901261709,0.0800410169913
423,1521992415,51531604,0.12930404173,0.085264180292
424,1521992415,54864477,0.130435626916,0.0884727157213
425,1521992415,58196928,0.131150066294,0.0902345817573
426,1521992415,61530989,0.133208210857,0.0926525622736
427,1521992415,64834658,0.136572720454,0.0935084750891
428,1521992415,68197563,0.13486051844,0.0918577405767
429,1521992415,71531341,0.136742016062,0.0926591883597
430,1521992415,74864121,0.137838730065,0.0926857021843
431,1521992415,78196647,0.139258806952,0.0926923330114
432,1521992415,81531840,0.142329968154,0.0950820616145
433,1521992415,84864815,0.145936450966,0.0975938715947
434,1521992415,88197852,0.148756479004,0.100051271239
435,1521992415,91530977,0.15369152807,0.104966070528
436,1521992415,94864477,0.154385491768,0.107064754657
437,1521992415,98197668,0.155442926643,0.108117850605
438,1521992415,101530694,0.157216563118,0.108827698541
439,1521992415,104837374,0.158830164495,0.110760297068
440,1521992415,108196963,0.159825104063,0.110060172769
441,1521992415,111531631,0.16347976938,0.114387336523
442,1521992415,114865057,0.165664797103,0.120403969992
443,1521992415,118197233,0.167134482276,0.122202833085
444,1521992415,121531006,0.173042087336,0.123194602706
445,1521992415,124864154,0.173079220831,0.124976324776
446,1521992415,128197742,0.175874088056,0.124958448031
447,1521992415,131531609,0.180430169204,0.124940576399
448,1521992415,134863518,0.180898997148,0.125021039024
449,1521992415,138197461,0.18255764,0.126002456898
450,1521992415,141530526,0.187884368031,0.130242181157
451,1521992415,144827415,0.190662385237,0.131673827927
452,1521992415,148196543,0.186922897322,0.129197754633
453,1521992415,151532143,0.191611139592,0.130490563271
454,1521992415,154864825,0.196372545499,0.133069675043
455,1521992415,158197655,0.198826198867,0.135166649019
456,1521992415,161530911,0.199502713107,0.140061761011
457,1521992415,164863606,0.201308300682,0.143251787381
458,1521992415,168197429,0.201941173205,0.143200563829
459,1521992415,171531495,0.201221926983,0.14494510689
460,1521992415,174864817,0.201970061149,0.145327240748
461,1521992415,178197392,0.20307107039,0.146060645957
462,1521992415,181530696,0.205494844066,0.150241688503
463,1521992415,184863989,0.207962192108,0.151645816433
464,1521992415,188196966,0.212574819001,0.153422923691
465,1521992415,191531457,0.214230186601,0.154749761395
466,1521992415,194864797,0.215364236234,0.155156136258
467,1521992415,198197541,0.217510221101,0.159391321181
468,1521992415,201531062,0.220988082587,0.165324238827
469,1521992415,204863680,0.221403875356,0.16572265599
470,1521992415,208197951,0.222718490111,0.166353464082
471,1521992415,211531029,0.228774774581,0.1681563471
472,1521992415,214864945,0.229061738247,0.168810160809
473,1521992415,218197022,0.229192855441,0.16960910454
474,1521992415,221530686,0.230504315808,0.172344376357
475,1521992415,224864152,0.233323940466,0.174450417616
476,1521992415,228197309,0.234414830657,0.175879603126
477,1521992415,231531476,0.236462194406,0.179689817743
478,1521992415,234864665,0.238275325195,0.180079407014
479,1521992415,238197401,0.23938412638,0.183278022091
480,1521992415,241531013,0.240373002112,0.188490692676
481,1521992415,244863660,0.240424587991,0.189584390831
482,1521992415,248212742,0.242067296042,0.189016016059
483,1521992415,251531660,0.24427581232,0.196381639938
484,1521992415,254864391,0.245359990091,0.196606034936
485,1521992415,258197807,0.246734804196,0.197982038121
486,1521992415,261530554,0.246065047534,0.203627679041
487,1521992415,264864616,0.248443885329,0.205660611713
488,1521992415,268197248,0.248550528863,0.207855534632
489,1521992415,271529921,0.246082651271,0.210313285886
490,1521992415,274865037,0.245889148579,0.211200403499
491,1521992415,278197703,0.247492867038,0.213122144462
492,1521992415,281530763,0.246399949819,0.216953282897
493,1521992415,284864392,0.247422063757,0.217273256548
494,1521992415,288207557,0.246716252707,0.21805347209
495,1521992415,291531948,0.248096335016,0.222792854784
496,1521992415,294865160,0.250982495381,0.225729710199
497,1521992415,298197453,0.252446682507,0.228236087545
498,1521992415,301530555,0.250982495381,0.23275085204
499,1521992415,304864167,0.252356406909,0.233419572867
500,1521992415,308198734,0.252284232905,0.23370372129
501,1521992415,311534412,0.248671809838,0.242038948002
502,1521992415,314866874,0.248920890852,0.242632517682
503,1521992415,318199027,0.248938701448,0.248268399399
504,1521992415,321532893,0.248091482655,0.251635936175
505,1521992415,324868873,0.246188629107,0.257454914235
506,1521992415,328197339,0.246046941295,0.261560669158
507,1521992415,331532545,0.245184595145,0.263474257522
508,1521992415,334865281,0.245359990091,0.265067064959
509,1521992415,338197055,0.245095126841,0.26762036268
510,1521992415,341531356,0.244549968072,0.267409864003
511,1521992415,344863996,0.244672435505,0.267894886696
512,1521992415,348208106,0.244169052719,0.266959059402
513,1521992415,351531680,0.249935099745,0.265456579836
514,1521992415,354865306,0.249536782251,0.264659184874
515,1521992415,358197577,0.249626049183,0.267914053533
516,1521992415,361531180,0.249184329169,0.268520260516
517,1521992415,364864050,0.248180219862,0.270333298037
518,1521992415,368197665,0.248126969922,0.270275294898
519,1521992415,371531330,0.248126969922,0.270275294898
520,1521992415,374864476,0.250259587113,0.270294626512
521,1521992415,378197173,0.263710348354,0.270703745272
522,1521992415,381530781,0.264339811707,0.270275294898
523,1521992415,384840845,0.267289724431,0.272556144307
524,1521992415,388197653,0.266349945756,0.269091244997
525,1521992415,391531545,0.267845186101,0.270957929597
526,1521992415,394865399,0.268178435086,0.271640466666
527,1521992415,398197629,0.268684547456,0.272849429042
528,1521992415,401530866,0.268588458282,0.274858042284
529,1521992415,404864620,0.269274154859,0.275540398045
530,1521992415,408197040,0.270428219949,0.277043497035
531,1521992415,411531739,0.269177896134,0.276845424899
532,1521992415,414865273,0.270331514105,0.28010348744
533,1521992415,418197568,0.270428219949,0.280203689017
534,1521992415,421531417,0.269254897607,0.278328546853
535,1521992415,424863789,0.269370482452,0.278448026805
536,1521992415,428196931,0.269312677628,0.280494616562
537,1521992415,431530952,0.26853083776,0.281467253574
538,1521992415,434864540,0.268569248694,0.283613556205
539,1521992415,438196943,0.270428219949,0.284768410767
540,1521992415,441529767,0.27038952931,0.289642819326
541,1521992415,444863824,0.270645253806,0.291294040481
542,1521992415,448211772,0.269527362856,0.291838395729
543,1521992415,451530556,0.271535576884,0.294396174772
544,1521992415,454863499,0.271780202161,0.29559007152
545,1521992415,458197322,0.271721892742,0.294122726687
546,1521992415,461530901,0.27420849801,0.29309074187
547,1521992415,464864039,0.274600230199,0.294185843152
548,1521992415,468197004,0.274600230199,0.29559007152
549,1521992415,471531079,0.279455320661,0.294101693884
550,1521992415,474865097,0.280512528684,0.295505520585
551,1521992415,478198222,0.281297796789,0.296994299889
552,1521992415,481530595,0.280653015749,0.300218238232
553,1521992415,484863858,0.284470328332,0.300855927902
554,1521992415,488197961,0.284368622816,0.302853953589
555,1521992415,491531332,0.284449981409,0.304695760795
556,1521992415,494863583,0.285256953926,0.306911712977
557,1521992415,498197165,0.285134543561,0.308886051312
558,1521992415,501530811,0.285114152047,0.308863961199
559,1521992415,504863874,0.285175335341,0.308930241019
560,1521992415,508197515,0.285134543561,0.309237058189
561,1521992415,511530955,0.285154937992,0.313471560358
562,1521992415,514864042,0.285880342351,0.317004554137
563,1521992415,518197077,0.286937852865,0.317004554137
564,1521992415,521530644,0.286896808972,0.329595457025
565,1521992415,524863672,0.286937852865,0.329993666543
566,1521992415,528196565,0.290131137708,0.330368355134
567,1521992415,531530732,0.288265387517,0.330250231437
568,1521992415,534864422,0.290048142317,0.334836612482
569,1521992415,538198880,0.29104298377,0.334764789956
570,1521992415,541530301,0.291313760181,0.334022544757
571,1521992415,544863811,0.291852025535,0.333831415342
572,1521992415,548196177,0.291935549045,0.3339269527
573,1521992415,551530510,0.291747688331,0.333712070491
574,1521992415,554863881,0.29502433016,0.338394831114
575,1521992415,558197288,0.29502433016,0.339798959044
576,1521992415,561531210,0.294961038327,0.341480845046
577,1521992415,564863874,0.295440203102,0.342329638963
578,1521992415,568197983,0.295313441001,0.342182758397
579,1521992415,571530803,0.2982392983,0.344762725549
580,1521992415,574863584,0.298591827021,0.345113807754
581,1521992415,578197954,0.300225609218,0.347773195837
582,1521992415,581531012,0.30139049656,0.349301806607
583,1521992415,584863839,0.301764585514,0.349677876422
584,1521992415,588196647,0.301764585514,0.350731123038
585,1521992415,591530431,0.301699838428,0.352761910874
586,1521992415,594863112,0.301412056793,0.35283761627
587,1521992415,598196699,0.303109650757,0.358027014021
588,1521992415,601529899,0.303153014083,0.358078233908
589,1521992415,604863886,0.305885521228,0.359379635485
590,1521992415,608196984,0.305973042121,0.359482462277
591,1521992415,611531439,0.307955893239,0.359328244146
592,1521992415,614864793,0.308418505245,0.360860877993
593,1521992415,618197370,0.309189806827,0.362342756317
594,1521992415,621530075,0.312715346243,0.362693863639
595,1521992415,624864266,0.31291119834,0.364266980099
596,1521992415,628197171,0.313750562041,0.364423329043
597,1521992415,631531661,0.317469404815,0.364240934984
598,1521992415,634864613,0.321858722633,0.366178740069
599,1521992415,638196845,0.322609936445,0.366582269841
600,1521992415,641530469,0.324256835694,0.36610017218
601,1521992415,644864353,0.326348213591,0.36642497215
602,1521992415,648196403,0.332153338193,0.371524705182
603,1521992415,651531534,0.335039108204,0.372609407508
604,1521992415,654866898,0.335343462799,0.372906945702
605,1521992415,658198118,0.335775482719,0.379007487884
606,1521992415,661531173,0.335230833015,0.37879060234
607,1521992415,664863202,0.337819179859,0.380330857482
608,1521992415,668197070,0.335487345863,0.381840862703
609,1521992415,671530966,0.334806482626,0.380464243113
610,1521992415,674863060,0.334621568944,0.382059432172
611,1521992415,678197738,0.328039973232,0.383540791847
612,1521992415,681531180,0.327781366516,0.383650516005
613,1521992415,684864371,0.327475755911,0.384407515813
614,1521992415,688197215,0.319038492862,0.389350165615
615,1521992415,691530236,0.319015671797,0.390024429287
616,1521992415,694865325,0.31601480553,0.392257361199
617,1521992415,698197239,0.316308772791,0.392622251768
618,1521992415,701530903,0.316127805174,0.392397623432
619,1521992415,704864393,0.320027398706,0.392425687917
620,1521992415,708196951,0.320847040617,0.393619467904
621,1521992415,711530638,0.330929775985,0.396609404722
622,1521992415,714863941,0.330977115914,0.397719236154
623,1521992415,718197585,0.331658350421,0.399445825447
624,1521992415,721530770,0.33558333652,0.398800856588
625,1521992415,724863981,0.338026681749,0.401931619943
626,1521992415,728196992,0.339108371568,0.403013541693
627,1521992415,731530852,0.337978333514,0.401874131333
628,1521992415,734864759,0.339035617143,0.402927076655
629,1521992415,738197634,0.341952859753,0.406904275877
630,1521992415,741531151,0.341879489807,0.410678045495
631,1521992415,744863430,0.342001790548,0.411176090023
632,1521992415,748195891,0.344469844706,0.411527222465
633,1521992415,751531366,0.343797499676,0.415003684633
634,1521992415,754865484,0.34605942609,0.417638443582
635,1521992415,758197667,0.346232740534,0.420305533525
636,1521992415,761530660,0.345830675688,0.420245399676
637,1521992415,764864162,0.345756473712,0.42015523116
638,1521992415,768197102,0.349355962902,0.423405139524
639,1521992415,771530706,0.348928551453,0.424718320554
640,1521992415,774864173,0.3499859107,0.428579396196
641,1521992415,778197458,0.351068378542,0.428610050612
642,1521992415,781530715,0.356733546805,0.427236481046
643,1521992415,784864206,0.358444784674,0.42717536869
644,1521992415,788197418,0.358822900959,0.429312114577
645,1521992415,791531581,0.358745922362,0.429220013866
646,1521992415,794865025,0.359149690839,0.430685437455
647,1521992415,798197369,0.362124711597,0.437191170087
648,1521992415,801530737,0.361969315497,0.437003561231
649,1521992415,804864172,0.36516751021,0.440194106034
650,1521992415,808196934,0.365219755365,0.441310331991
651,1521992415,811531593,0.365036962695,0.441089455949
652,1521992415,814864819,0.368339814835,0.445810617754
653,1521992415,818197147,0.37091328212,0.445938201818
654,1521992415,821530795,0.369018377143,0.445778733144
655,1521992415,824863454,0.37194440844,0.446959620923
656,1521992415,828196942,0.371838001801,0.446831753773
657,1521992415,831531947,0.371678505946,0.446640090167
658,1521992415,834864611,0.37617505574,0.446959620923
659,1521992415,838197230,0.379700595157,0.450470694143
660,1521992415,841530804,0.383468953516,0.449288801909
661,1521992415,844863336,0.38463635034,0.450470694143
662,1521992415,848196170,0.38672400737,0.452896044764
663,1521992415,851531594,0.390322602615,0.457133099269
664,1521992415,854864021,0.393802752823,0.458897269871
665,1521992415,858197322,0.397271449851,0.462342190252
666,1521992415,861530528,0.395128165005,0.462660152913
667,1521992415,864864311,0.397538644634,0.466454777765
668,1521992415,868197016,0.399443615889,0.466972738277
669,1521992415,871531164,0.402415077144,0.472353906757
670,1521992415,874864082,0.402940328554,0.473960977079
671,1521992415,878197192,0.402911505927,0.473927074291
672,1521992415,881530626,0.403235165715,0.473893176352
673,1521992415,884863774,0.407112426923,0.477052464195
674,1521992415,888197093,0.409227296674,0.477052464195
675,1521992415,891530650,0.409550481604,0.475614317645
676,1521992415,894863949,0.413839114574,0.475682359751
677,1521992415,898196615,0.417394006131,0.483089114415
678,1521992415,901531191,0.417889804784,0.482847328071
679,1521992415,904864424,0.41947917065,0.483054558684
680,1521992415,908197395,0.42018417766,0.484107729961
681,1521992415,911530024,0.424122391804,0.494008002072
682,1521992415,914863872,0.425028018997,0.493831356144
683,1521992415,918197022,0.427234247755,0.496043671091
684,1521992415,921530661,0.42573287475,0.495937246789
685,1521992415,924863204,0.429794002761,0.501417127714
686,1521992415,928196930,0.429609581391,0.503307864045
687,1521992415,931530234,0.429671037593,0.501273670986
688,1521992415,934864608,0.429548142766,0.503937748962
689,1521992415,938198762,0.43166240762,0.503937748962
690,1521992415,941529887,0.432769450942,0.502650338427
691,1521992415,944864151,0.435217302669,0.502219002324
692,1521992415,948198301,0.435890937327,0.506043338442
693,1521992415,951530441,0.435466425338,0.502506477425
694,1521992415,954864861,0.441145055303,0.506007156307
695,1521992415,958197564,0.441397534945,0.507701187631
696,1521992415,961530714,0.441334387945,0.507628555129
697,1521992415,964863929,0.443770169261,0.510400502531
698,1521992415,968197446,0.443770169261,0.511102566496
699,1521992415,971532095,0.443579805279,0.510181556151
700,1521992415,974863346,0.444056021789,0.507567951801
701,1521992415,978197863,0.444668578109,0.50776168875
702,1521992415,981530738,0.4448912464,0.506611622166
703,1521992415,984864360,0.447230975213,0.505413754689
704,1521992415,988197740,0.449057343637,0.505486054776
705,1521992415,991530252,0.449185856864,0.501065995271
706,1521992415,994864544,0.448928903925,0.500779364741
707,1521992415,998197445,0.447326947525,0.498150013643
708,1521992416,1530264,0.44880116772,0.501030148513
709,1521992416,4864292,0.44860860429,0.50327187235
710,1521992416,8197325,0.450499479068,0.507277498037
711,1521992416,11531046,0.450402826101,0.50716866356
712,1521992416,14863486,0.452711648519,0.510897703658
713,1521992416,18197683,0.452805056156,0.510956380563
714,1521992416,21531131,0.452582126554,0.510751534513
715,1521992416,24864428,0.452934604846,0.51320875839
716,1521992416,28197265,0.452999406992,0.513282184066
717,1521992416,31531630,0.450690791303,0.510605448983
718,1521992416,34864312,0.450884234664,0.510824608629
719,1521992416,38196969,0.457967570203,0.515776656037
720,1521992416,41530682,0.457836553876,0.510012991542
721,1521992416,44863903,0.458926735805,0.515665982268
722,1521992416,48196891,0.460402510142,0.517144088324
723,1521992416,51530441,0.464180709357,0.517033129071
724,1521992416,54864660,0.467604910132,0.517624080584
725,1521992416,58197414,0.468863199455,0.518197334939
726,1521992416,61530388,0.470625843062,0.520303828171
727,1521992416,64864605,0.472890572266,0.524291780605
728,1521992416,68197400,0.474856187719,0.524516814634
729,1521992416,71531646,0.472924388811,0.524329272866
730,1521992416,74863659,0.472489886602,0.521820143574
731,1521992416,78197165,0.475106754908,0.524404273478
732,1521992416,81530472,0.474788258931,0.52163352597
733,1521992416,84863855,0.474788258931,0.519527334075
734,1521992416,88196758,0.479439061097,0.51889949935
735,1521992416,91531201,0.480256158449,0.514078005541
736,1521992416,94864822,0.483918081964,0.514225074059
737,1521992416,98197690,0.484726991918,0.517846252734
738,1521992416,101530370,0.484056561885,0.514723334071
739,1521992416,104864288,0.485258482409,0.517661096036
740,1521992416,108197615,0.485362607683,0.519878366058
741,1521992416,111531201,0.484622988129,0.519490177207
742,1521992416,114874575,0.483206062898,0.521121133925
743,1521992416,118196961,0.48802573484,0.526172985415
744,1521992416,121530276,0.484657651099,0.522686621918
745,1521992416,124864272,0.486315690432,0.524329272866
746,1521992416,128197594,0.486420042558,0.52444178183
747,1521992416,131531609,0.485963287758,0.523276402841
748,1521992416,134864899,0.486102333048,0.523426124272
749,1521992416,138197670,0.488604807853,0.525921143455
750,1521992416,141531013,0.491707216933,0.52584590976
751,1521992416,144877052,0.491957146496,0.523860030237
752,1521992416,148196570,0.497648968535,0.528741450883
753,1521992416,151531180,0.497133522835,0.526322100568
754,1521992416,154864445,0.500519174226,0.52865416562
755,1521992416,158207438,0.500848624908,0.528896140095
756,1521992416,161530959,0.501991289445,0.530209030813
757,1521992416,164863644,0.507325122034,0.530523163562
758,1521992416,168197332,0.507143714209,0.53033346065
759,1521992416,171531478,0.503583421469,0.524680229542
760,1521992416,174863140,0.503943793175,0.525055698434
761,1521992416,178197520,0.50492081809,0.526710639124
762,1521992416,181530507,0.503763542873,0.524867896839
763,1521992416,184863766,0.505101392018,0.526899005707
764,1521992416,188207212,0.505697108735,0.526020862518
765,1521992416,191531071,0.510048956518,0.529076929787
766,1521992416,194865093,0.508553425715,0.527525606457
767,1521992416,198197137,0.51127636983,0.530247925166
768,1521992416,201531068,0.509221864257,0.527487882944
769,1521992416,204863780,0.513318539042,0.53017205624
770,1521992416,208196445,0.514376200867,0.53017205624
771,1521992416,211530673,0.513061604485,0.529906685886
772,1521992416,214865078,0.514118736912,0.529906685886
773,1521992416,218197228,0.514413002484,0.530209987989
774,1521992416,221530416,0.509720067866,0.528691980653
775,1521992416,224863972,0.509647156971,0.528616355996
776,1521992416,228197480,0.512466781629,0.53317944539
777,1521992416,231531528,0.509574266931,0.52854075297
778,1521992416,234875832,0.51082273763,0.532168714746
779,1521992416,238196662,0.514453657433,0.535951361411
780,1521992416,241530540,0.513803099022,0.532401276398
781,1521992416,244864661,0.516269917741,0.532401276398
782,1521992416,248196954,0.520796688441,0.53270602813
783,1521992416,251531247,0.519367261595,0.531974236451
784,1521992416,254864801,0.525545132938,0.531813453462
785,1521992416,258197181,0.52569553578,0.531965650201
786,1521992416,261530547,0.522687921015,0.525457294107
787,1521992416,264863055,0.520759427463,0.525645266238
788,1521992416,268196915,0.522298112897,0.526472661135
789,1521992416,271530827,0.520851152506,0.526435012918
790,1521992416,274863978,0.521000180018,0.527989866469
791,1521992416,278197336,0.522372828312,0.52865416562
792,1521992416,281530350,0.523820208056,0.529745151929
793,1521992416,284864969,0.524652545803,0.52986879752
794,1521992416,288196778,0.52506551024,0.530285867772
795,1521992416,291530186,0.524840176354,0.53005829355
796,1521992416,294863239,0.525582725579,0.530096209021
797,1521992416,298208096,0.523746988638,0.528244707543
798,1521992416,301530949,0.528265085785,0.533140282321
799,1521992416,304864178,0.526602567813,0.53146242148
800,1521992416,308197184,0.525582725579,0.529745151929
801,1521992416,311531858,0.523595488962,0.529517891032
802,1521992416,314864919,0.523820208056,0.529745151929
803,1521992416,318197456,0.517901740283,0.525256553731
804,1521992416,321530652,0.523467704551,0.529745151929
805,1521992416,324864023,0.523430263187,0.530760357515
806,1521992416,328197207,0.526955046104,0.53146242148
807,1521992416,331531698,0.528176068609,0.530570610497
808,1521992416,334864195,0.529926485766,0.531614517758
809,1521992416,338197383,0.535414525105,0.53146242148
810,1521992416,341530348,0.537606300127,0.530485212123
811,1521992416,344864197,0.540976790348,0.53033346065
812,1521992416,348197503,0.541054177773,0.530409325532
813,1521992416,351531375,0.540271934595,0.529631497102
814,1521992416,354864967,0.540271934595,0.529631497102
815,1521992416,358197284,0.540542534448,0.534110658396
816,1521992416,361530462,0.539996742898,0.533217581392
817,1521992416,364865273,0.539765100626,0.535094135578
818,1521992416,368197404,0.543715973985,0.539026864324
819,1521992416,371531900,0.539803693869,0.535132394847
820,1521992416,374864440,0.543677073221,0.538637166606
821,1521992416,378197724,0.547398787023,0.538483061129
822,1521992416,381532915,0.547085741752,0.534666802214
823,1521992416,384864306,0.547712190752,0.535279030715
824,1521992416,388197716,0.547398787023,0.534972741304
825,1521992416,391531542,0.544501069113,0.533141314842
826,1521992416,394864538,0.544617914836,0.53325572285
827,1521992416,398197177,0.544695839849,0.533332022138
828,1521992416,401530896,0.538157367337,0.532439351294
829,1521992416,404863449,0.538388385739,0.532667915085
830,1521992416,408196666,0.538939308022,0.534621709322
831,1521992416,411530356,0.536433591224,0.532477431637
832,1521992416,414864449,0.538785160205,0.532363206947
833,1521992416,418197356,0.540426529898,0.531187376533
834,1521992416,421530006,0.540112638607,0.528767626952
835,1521992416,424863599,0.540310575129,0.527914342243
836,1521992416,428197039,0.542425293622,0.52721232849
837,1521992416,431530942,0.547672920001,0.525068734038
838,1521992416,434865043,0.55115778249,0.525031186217
839,1521992416,438197190,0.551473270631,0.525331719237
840,1521992416,441530206,0.550257970912,0.525181409732
841,1521992416,444864025,0.547672920001,0.525068734038
842,1521992416,448197583,0.550179261432,0.526510314737
843,1521992416,451530804,0.546380432359,0.526585638101
844,1521992416,454863738,0.542502893807,0.526585638101
845,1521992416,458196964,0.546380432359,0.529043037745
846,1521992416,461530921,0.542347715634,0.526435012918
847,1521992416,464863902,0.542502893807,0.526585638101
848,1521992416,468197509,0.54524491828,0.528265349119
849,1521992416,471530331,0.545361931998,0.528378718891
850,1521992416,474863786,0.545283917273,0.528303133637
851,1521992416,478197435,0.54665473061,0.528265349119
852,1521992416,481530796,0.54665473061,0.526861321613
853,1521992416,484863861,0.546772046883,0.52697439007
854,1521992416,488197136,0.548103743607,0.53005829355
855,1521992416,491530413,0.54669383044,0.53005829355
856,1521992416,494864908,0.547907796323,0.531272423474
857,1521992416,498196970,0.548299831094,0.534461815962
858,1521992416,501530461,0.547046308732,0.534270677339
859,1521992416,504863936,0.547007183692,0.532477431637
860,1521992416,508197451,0.549474355268,0.532477431637
861,1521992416,511530345,0.549239747933,0.528378718891
862,1521992416,514864823,0.549317205445,0.528114265078
863,1521992416,518197273,0.552844131525,0.528454325777
864,1521992416,521530855,0.55758077616,0.523351252848
865,1521992416,524863984,0.55977556554,0.523426124272
866,1521992416,528197206,0.562202875275,0.525494877777
867,1521992416,531531474,0.563099206022,0.525344575345
868,1521992416,534863560,0.563502139264,0.530285867772
869,1521992416,538196764,0.56326031015,0.530409325532
870,1521992416,541530671,0.5596554678,0.53033346065
871,1521992416,544863381,0.559815609575,0.530485212123
872,1521992416,548197131,0.557933229242,0.530371390378
873,1521992416,551531235,0.557108788936,0.530257617466
874,1521992416,554864052,0.557347908525,0.530836294328
875,1521992416,558197367,0.557308041007,0.530798323205
876,1521992416,561530893,0.553351339173,0.528265349119
877,1521992416,564863876,0.552020488435,0.52483035264
878,1521992416,568197036,0.552020488435,0.52483035264
879,1521992416,571530574,0.54982680835,0.523702259725
880,1521992416,574863286,0.552099472623,0.524905446409
881,1521992416,578197376,0.553232636705,0.525695506925
882,1521992416,581530680,0.553430502454,0.525883523917
883,1521992416,584863907,0.548103743607,0.52584590976
884,1521992416,588197265,0.553390917983,0.526547973725
885,1521992416,591531419,0.54794697457,0.526397370086
886,1521992416,594864851,0.548103743607,0.523388685882
887,1521992416,598197455,0.548221379265,0.523501017121
888,1521992416,601531102,0.548064542939,0.514225074059
889,1521992416,604863864,0.548182161769,0.514335430682
890,1521992416,608196812,0.548182161769,0.514335430682
891,1521992416,611531526,0.547868623677,0.512286844553
892,1521992416,614865058,0.548416996021,0.512470039677
893,1521992416,618197810,0.54853469049,0.510473526424
894,1521992416,621530622,0.548573933207,0.510510046207
895,1521992416,624839039,0.555052419928,0.522006236587
896,1521992416,628197711,0.548177356948,0.51666323505
897,1521992416,631530032,0.551081235697,0.518271484948
898,1521992416,634864561,0.55213602369,0.520394322333
899,1521992416,638197188,0.551041810798,0.520692158545
900,1521992416,641530414,0.54669383044,0.52163352597
901,1521992416,644863463,0.546772046883,0.521708156992
902,1521992416,648156468,0.554453405761,0.528371423743
903,1521992416,651530919,0.541056269632,0.515604500829
904,1521992416,654864258,0.549161178482,0.521984557953
905,1521992416,658197086,0.552059977704,0.522059239197
906,1521992416,661530713,0.553351339173,0.523702259725
907,1521992416,664863126,0.562011189828,0.525294133795
908,1521992416,668197194,0.561729862716,0.525031186217
909,1521992416,671531970,0.561609380155,0.527374744769
910,1521992416,674864608,0.561970982989,0.527714304986
911,1521992416,678197161,0.557387781748,0.527714304986
912,1521992416,681530486,0.557268179191,0.527601069672
913,1521992416,684864005,0.559343041571,0.527563335366
914,1521992416,688197444,0.562202875275,0.529005197602
915,1521992416,691531802,0.559183069302,0.527412452101
916,1521992416,694864395,0.562323536931,0.527363197664
917,1521992416,698153238,0.569824445355,0.534397765473
918,1521992416,701530837,0.55760446045,0.519288447978
919,1521992416,704874640,0.563250081369,0.524546127807
920,1521992416,708207711,0.568276298888,0.52627222566
921,1521992416,711530614,0.569947939601,0.527116077357
922,1521992416,714863993,0.568195006234,0.526196941742
923,1521992416,718197031,0.568235649654,0.527989866469
924,1521992416,721530674,0.567449462464,0.525457294107
925,1521992416,724863702,0.563653104092,0.527989866469
926,1521992416,728196852,0.564710614606,0.529043037745
927,1521992416,731530629,0.561770035059,0.528929533553
928,1521992416,734864104,0.561497918692,0.529005197602
929,1521992416,738196678,0.561265875106,0.529118734274
930,1521992416,741530933,0.556404033985,0.525695506925
931,1521992416,744863495,0.556682673865,0.525958768376
932,1521992416,748196503,0.560480572549,0.525883523917
933,1521992416,751530793,0.557108788936,0.525695506925
934,1521992416,754863574,0.560560767223,0.525958768376
935,1521992416,758197466,0.563139473413,0.527487882944
936,1521992416,761530267,0.563381198756,0.527714304986
937,1521992416,764864023,0.562827318688,0.526121679361
938,1521992416,768197311,0.56326031015,0.527601069672
939,1521992416,771531203,0.562827318688,0.526121679361
940,1521992416,774864248,0.562948097083,0.526234581009
941,1521992416,778197088,0.564398482953,0.525218979044
942,1521992416,781530617,0.564277384723,0.523351252848
943,1521992416,784841664,0.568096658497,0.526893520833
944,1521992416,788197744,0.560509121427,0.519856295633
945,1521992416,791531195,0.563965266734,0.52022939804
946,1521992416,794864717,0.563924931641,0.52019219096
947,1521992416,798197214,0.564086306639,0.520341051223
948,1521992416,801530945,0.562867572394,0.519841184083
949,1521992416,804863871,0.562948097083,0.519915553351
950,1521992416,808197017,0.567530642644,0.525181409732
951,1521992416,811531853,0.562666361422,0.519655353961
952,1521992416,814864159,0.56659471898,0.525294133795
953,1521992416,818197594,0.566432614776,0.526547973725
954,1521992416,821530938,0.560088005525,0.526547973725
955,1521992416,824863858,0.560128069045,0.527638809377
956,1521992416,828197341,0.562555353567,0.527601069672
957,1521992416,831531769,0.562354239827,0.527412452101
958,1521992416,834864635,0.563340896789,0.527676554481
959,1521992416,838196974,0.569767931469,0.527752060892
960,1521992416,841530375,0.569604919401,0.527601069672
961,1521992416,844863900,0.572383805616,0.530020383502
962,1521992416,848197080,0.58127827933,0.538521579231
963,1521992416,851531342,0.580365702326,0.534819728007
964,1521992416,854864161,0.583435033908,0.537506856228
965,1521992416,858196834,0.584534435255,0.538598631968
966,1521992416,861530494,0.583268135522,0.537353096132
967,1521992416,864863103,0.583829327372,0.536491988036
968,1521992416,868201189,0.583574197271,0.536662262925
969,1521992416,871531463,0.584247303694,0.536876074511
970,1521992416,874863323,0.58395465746,0.536607156262
971,1521992416,878197374,0.583931231193,0.536963713176
972,1521992416,881530437,0.584098307368,0.537117350863
973,1521992416,884866009,0.583680796068,0.536733421377
974,1521992416,888197293,0.584432746708,0.537424890142
975,1521992416,891530809,0.583662304248,0.536338507278
976,1521992416,894864713,0.583578828518,0.536261799826
977,1521992416,898197670,0.58378756263,0.536453609612
978,1521992416,901530834,0.58057327232,0.532202551574
979,1521992416,904864174,0.579826789861,0.532164485445
980,1521992416,908196981,0.578499631809,0.531187376533
981,1521992416,911530176,0.573129702318,0.526196941742
982,1521992416,914864525,0.578251437473,0.530959480626
983,1521992416,918197003,0.578582410607,0.531263385316
984,1521992416,921530599,0.572031352533,0.525457294107
985,1521992416,924864339,0.571990443476,0.525419715812
986,1521992416,928197422,0.579515761806,0.527638809377
987,1521992416,931531208,0.577629289499,0.527525606457
988,1521992416,934864446,0.580531746444,0.529356229585
989,1521992416,938197422,0.581672390301,0.530134129918
990,1521992416,941530860,0.580490226508,0.529318369749
991,1521992416,944863314,0.578934989773,0.529507723104
992,1521992416,948196529,0.581630782834,0.530096209021
993,1521992416,951531474,0.578479722051,0.524881048617
994,1521992416,954863807,0.577877252276,0.523538471584
995,1521992416,958197637,0.578686573128,0.525068734038
996,1521992416,961530908,0.57771192011,0.52163352597
997,1521992416,964864035,0.577753244282,0.521670838812
998,1521992416,968197458,0.584056529361,0.53005829355
999,1521992416,971529920,0.584181881313,0.53017205624
1000,1521992416,974863811,0.583972991275,0.53033346065
1001,1521992416,978196736,0.584845148794,0.530836294328
1002,1521992416,981530684,0.583931231193,0.530295536346
1003,1521992416,984864225,0.583309851166,0.530722397254
1004,1521992416,988196918,0.58559209708,0.53368312946
1005,1521992416,991531259,0.583143024382,0.530570610497
1006,1521992416,994864816,0.583351572778,0.530760357515
1007,1521992416,998197707,0.583393300358,0.531149380298
1008,1521992417,1530498,0.581714003722,0.531225378206
1009,1521992417,4864049,0.581547585755,0.531073404131
1010,1521992417,8197271,0.585466442528,0.531813453462
1011,1521992417,11530771,0.58542456966,0.531073404131
1012,1521992417,14864978,0.58534084189,0.531699363047
1013,1521992417,18197687,0.585550206237,0.532240623149
1014,1521992417,21530693,0.585550206237,0.53294278756
1015,1521992417,24832472,0.591046742218,0.537945499841
1016,1521992417,28197239,0.582085618009,0.529621350388
1017,1521992417,31531695,0.585257138065,0.532676049428
1018,1521992417,34865075,0.587581312278,0.533568613375
1019,1521992417,38197101,0.587833583325,0.533797694711
1020,1521992417,41530165,0.585508321387,0.530447266113
1021,1521992417,44863949,0.585382702781,0.525419715812
1022,1521992417,48197866,0.587455257935,0.530295536346
1023,1521992417,51531170,0.585508321387,0.529394094837
1024,1521992417,54864615,0.587539288153,0.529318369749
1025,1521992417,58197000,0.591627839731,0.535476974624
1026,1521992417,61530210,0.591500880967,0.535362065402
1027,1521992417,64828433,0.594181171459,0.545269265006
1028,1521992417,68197270,0.585221678409,0.533846780757
1029,1521992417,71531630,0.587765629314,0.539381838548
1030,1521992417,74864710,0.585508321387,0.539223693415
1031,1521992417,78197328,0.588059974672,0.539651953934
1032,1521992417,81530389,0.584098307368,0.539223693415
1033,1521992417,84866719,0.583513958625,0.538684238527
1034,1521992417,88198222,0.588270401915,0.539493826232
1035,1521992417,91531870,0.587891741236,0.536689514155
1036,1521992417,94864990,0.58793379057,0.536727901217
1037,1521992417,98197111,0.590964962645,0.542889597554
1038,1521992417,101531030,0.587849697916,0.536651132583
1039,1521992417,104863987,0.598241240207,0.543124171512
1040,1521992417,108196998,0.598198447557,0.543085321428
1041,1521992417,111531414,0.585257138065,0.534079675381
1042,1521992417,114863981,0.585633993917,0.534423577297
1043,1521992417,118196522,0.585944651022,0.534385344104
1044,1521992417,121530638,0.58534084189,0.534156059774
1045,1521992417,124864005,0.584719663495,0.533881459143
1046,1521992417,128197135,0.585860824891,0.529043037745
1047,1521992417,131531620,0.579619501576,0.528465171567
1048,1521992417,134864732,0.579868265311,0.526585638101
1049,1521992417,138197460,0.583124219488,0.52666098302
1050,1521992417,141530811,0.582999094486,0.526547973725
1051,1521992417,144852229,0.58509154691,0.528437816427
1052,1521992417,148196924,0.581004372372,0.524746398221
1053,1521992417,151530435,0.577318148767,0.526861321613
1054,1521992417,154864361,0.575867150117,0.527174624683
1055,1521992417,158196785,0.577524673111,0.528805458219
1056,1521992417,161530546,0.574457438611,0.527174624683
1057,1521992417,164864070,0.574146071027,0.528616355996
1058,1521992417,168196751,0.574310370947,0.528767626952
1059,1521992417,171531820,0.57350649554,0.526597683808
1060,1521992417,174864429,0.573957817006,0.525958768376
1061,1521992417,178197044,0.574310370947,0.527012090342
1062,1521992417,181530800,0.575908336438,0.525808300984
1063,1521992417,184863825,0.577400740777,0.525883523917
1064,1521992417,188196852,0.583745803863,0.530447266113
1065,1521992417,191531838,0.58341194867,0.530143893356
1066,1521992417,194864871,0.583040796853,0.530447266113
1067,1521992417,198197259,0.584576256421,0.532316782643
1068,1521992417,201531256,0.582915707646,0.53033346065
1069,1521992417,204863771,0.579598680072,0.536140880714
1070,1521992417,208196927,0.579515761806,0.536064179586
1071,1521992417,211529764,0.575326873316,0.529783047712
1072,1521992417,214864702,0.573195193531,0.529091324408
1073,1521992417,218197494,0.575326873316,0.525218979044
1074,1521992417,221530334,0.573564229709,0.524867896839
1075,1521992417,224863978,0.573441164862,0.524755280354
1076,1521992417,228197467,0.578375508014,0.524755280354
1077,1521992417,231531195,0.578375508014,0.524755280354
1078,1521992417,234864246,0.578458251292,0.525532466824
1079,1521992417,238197799,0.580137773426,0.528265349119
1080,1521992417,241530415,0.580303787955,0.528767626952
1081,1521992417,244863531,0.578458251292,0.529394094837
1082,1521992417,248197255,0.580096284634,0.532790333068
1083,1521992417,251530639,0.578416876694,0.53286654941
1084,1521992417,254864266,0.575908336438,0.530722397254
1085,1521992417,258196690,0.57681951478,0.530912252873
1086,1521992417,261530576,0.575825969685,0.530295536346
1087,1521992417,264864068,0.575949528652,0.529005197602
1088,1521992417,268197178,0.575990726758,0.530447266113
1089,1521992417,271530080,0.575990726758,0.528691980653
1090,1521992417,274864509,0.575784795143,0.527099233246
1091,1521992417,278197412,0.577048237273,0.528691980653
1092,1521992417,281530252,0.57713080248,0.531576485528
1093,1521992417,284863955,0.576924433746,0.531386405972
1094,1521992417,288196768,0.577089516923,0.53364495197
1095,1521992417,291531036,0.57367053029,0.533416001687
1096,1521992417,294864852,0.573400154982,0.536651132583
1097,1521992417,298196982,0.573687347389,0.536919918926
1098,1521992417,301530876,0.571285587723,0.535598187261
1099,1521992417,304863905,0.565415621616,0.530798323205
1100,1521992417,308196591,0.571489939414,0.525607661053
1101,1521992417,311531752,0.565051854328,0.522387708988
1102,1521992417,314864555,0.565456069117,0.522761403607
1103,1521992417,318197812,0.569998167178,0.523426124272
1104,1521992417,321530616,0.570038942495,0.523463568018
1105,1521992417,324864145,0.56991663404,0.523351252848
1106,1521992417,328197463,0.573834658902,0.52725003769
1107,1521992417,331531407,0.57371155364,0.527487882944
1108,1521992417,334864772,0.573834658902,0.529005197602
1109,1521992417,338197248,0.573998881455,0.535828107067
1110,1521992417,341530452,0.573129702318,0.535674805269
1111,1521992417,344863340,0.570743999938,0.535400362996
1112,1521992417,348197245,0.573047727105,0.535598187261
1113,1521992417,351531844,0.570810694561,0.535132394847
1114,1521992417,354864981,0.571014832568,0.535323773287
1115,1521992417,358196979,0.57619680573,0.534148877405
1116,1521992417,361530135,0.575990726758,0.533606779942
1117,1521992417,364863547,0.575908336438,0.533530452266
1118,1521992417,368199132,0.577692519947,0.536733421377
1119,1521992417,371489195,0.583503649281,0.539855596181
1120,1521992417,374867703,0.573484145732,0.529915353921
1121,1521992417,378200537,0.58131986158,0.538560102843
1122,1521992417,381533241,0.580656341897,0.54246081251
1123,1521992417,384866559,0.579474311569,0.542344412937
1124,1521992417,388199606,0.579515761806,0.543085321428
1125,1521992417,391534304,0.578873407525,0.542111763585
1126,1521992417,394867191,0.579204689252,0.54101767828
1127,1521992417,398200191,0.579163258301,0.540978978875
1128,1521992417,401532938,0.582066557663,0.539651953934
1129,1521992417,404873372,0.581399067948,0.538380915858
1130,1521992417,408196949,0.586127857675,0.543235414704
1131,1521992417,411531602,0.58521529513,0.541410000784
1132,1521992417,414864220,0.588059974672,0.543514134476
1133,1521992417,418197073,0.588722964729,0.543826335922
1134,1521992417,421530431,0.58793379057,0.543748540867
1135,1521992417,424863529,0.58797584592,0.543787435612
1136,1521992417,428197604,0.587807660609,0.549949110162
1137,1521992417,431531488,0.585030274904,0.549988439999
1138,1521992417,434863856,0.583165939759,0.550926802089
1139,1521992417,438197636,0.582563279769,0.550690403547
1140,1521992417,441530851,0.581941659611,0.550418148534
1141,1521992417,444863777,0.582024919023,0.54768824018
1142,1521992417,448198186,0.581775212229,0.547453264889
1143,1521992417,451529828,0.582233171821,0.546830583586
1144,1521992417,454863280,0.581900038837,0.546517706697
1145,1521992417,458197130,0.581858424016,0.546478622258
1146,1521992417,461530087,0.582024919023,0.545932829154
1147,1521992417,464863863,0.581153568263,0.544021749839
1148,1521992417,468196254,0.581403043931,0.54671321278
1149,1521992417,471530738,0.577857740173,0.543905057057
1150,1521992417,474843363,0.577782522319,0.545033948537
1151,1521992417,478196906,0.570717358531,0.538369236526
1152,1521992417,481529985,0.574228209235,0.54168109306
1153,1521992417,484864120,0.57367053029,0.541487428028
1154,1521992417,488198187,0.574063956314,0.542579019981
1155,1521992417,491531123,0.573916758431,0.542773089306
1156,1521992417,494864853,0.573752582858,0.542617822743
1157,1521992417,498197530,0.57924612613,0.542811919832
1158,1521992417,501529826,0.579287568938,0.542499623472
1159,1521992417,504863767,0.579039001005,0.542266840969
1160,1521992417,508197731,0.581464412473,0.544684760033
1161,1521992417,511531658,0.579039001005,0.543670768065
1162,1521992417,514863546,0.581838879715,0.545035540916
1163,1521992417,518197278,0.58150599614,0.550690403547
1164,1521992417,521530394,0.581630782834,0.550808577453
1165,1521992417,524864143,0.58150599614,0.550690403547
1166,1521992417,528197801,0.581900038837,0.55318683735
1167,1521992417,531530496,0.582066557663,0.553345139493
1168,1521992417,534863094,0.582066557663,0.550536280916
1169,1521992417,538196834,0.582563279769,0.553147275966
1170,1521992417,541530275,0.581900038837,0.550378782338
1171,1521992417,544863586,0.581941659611,0.550418148534
1172,1521992417,548196950,0.582646616194,0.555332596288
1173,1521992417,551530310,0.581941659611,0.555332596288
1174,1521992417,554864554,0.5793085699,0.547453264889
1175,1521992417,558197239,0.582066557663,0.555451783425
1176,1521992417,561530944,0.579432867261,0.54721972045
1177,1521992417,564863447,0.577835910364,0.545620778408
1178,1521992417,568197033,0.579432867261,0.54721972045
1179,1521992417,571530658,0.57767060185,0.548272741079
1180,1521992417,574863656,0.577753244282,0.548351177809
1181,1521992417,578197617,0.582521620496,0.554160590265
1182,1521992417,581531175,0.582604945002,0.554239857979
1183,1521992417,584863602,0.585281414752,0.554438126513
1184,1521992417,588196851,0.585508321387,0.556074433834
1185,1521992417,591531425,0.584862968041,0.554041731198
1186,1521992417,594864579,0.584098307368,0.553265977098
1187,1521992417,598197067,0.585633993917,0.554438126513
1188,1521992417,601530710,0.583972991275,0.553147275966
1189,1521992417,604863490,0.581714003722,0.553345139493
1190,1521992417,608197123,0.583972991275,0.55349825774
1191,1521992417,611531443,0.5793085699,0.55482282807
1192,1521992417,614864715,0.579474311569,0.554981564306
1193,1521992417,618196583,0.581527862103,0.560527688763
1194,1521992417,621530412,0.581153568263,0.560868874996
1195,1521992417,624863592,0.581236703027,0.561300139991
1196,1521992417,628210407,0.582779677566,0.56430533087
1197,1521992417,631531448,0.587256161808,0.568639908788
1198,1521992417,634864589,0.585155817882,0.561691347307
1199,1521992417,638196788,0.585323292357,0.561852106136
1200,1521992417,641530344,0.585072116578,0.56020697488
1201,1521992417,644863562,0.579121833277,0.559193948096
1202,1521992417,648197042,0.583704051069,0.551822276464
1203,1521992417,651530337,0.578416876694,0.551471244481
1204,1521992417,654864186,0.578334145252,0.551392367095
1205,1521992417,658196566,0.579640148104,0.551629066974
1206,1521992417,661530622,0.5793085699,0.55517375965
1207,1521992417,664863675,0.579557217973,0.556465295311
1208,1521992417,668197040,0.586834381989,0.560908988633
1209,1521992417,671530844,0.586792414287,0.560868874996
1210,1521992417,674864027,0.58727083891,0.563446632768
1211,1521992417,678197436,0.590401138612,0.563757363868
1212,1521992417,681529816,0.590570102235,0.563567570014
1213,1521992417,684863878,0.585693244564,0.557670157018
1214,1521992417,688196842,0.585860824891,0.556425490926
1215,1521992417,691529558,0.58559209708,0.555802890747
1216,1521992417,694863869,0.585298986985,0.55552469123
1217,1521992417,698197290,0.58542456966,0.555643885485
1218,1521992417,701529964,0.582066557663,0.555451783425
1219,1521992417,704863909,0.581816815147,0.555213460291
1220,1521992417,708207340,0.587578572484,0.562068865738
1221,1521992417,711530605,0.587937608937,0.570737382628
1222,1521992417,714863741,0.58797584592,0.569063546241
1223,1521992417,718196981,0.589385859939,0.569414603333
1224,1521992417,721530830,0.589217271306,0.569251727302
1225,1521992417,724864041,0.58797584592,0.568712489149
1226,1521992417,728197397,0.590401138612,0.56832077964
1227,1521992417,731531614,0.590232271643,0.567807296532
1228,1521992417,734864630,0.591148377463,0.56379768986
1229,1521992417,738197484,0.59401089555,0.563838021621
1230,1521992417,741529794,0.594491006575,0.56817294233
1231,1521992417,744863635,0.593798506071,0.572059380704
1232,1521992417,748196422,0.600046808688,0.574060471491
1233,1521992417,751513156,0.602893494238,0.577489421133
1234,1521992417,754863410,0.596886869615,0.575577738857
1235,1521992417,758196331,0.604586757192,0.585254036141
1236,1521992417,761530905,0.604284161218,0.584961116203
1237,1521992417,764863757,0.600708941257,0.584200789525
1238,1521992417,768197184,0.602694770691,0.585128463111
1239,1521992417,771531069,0.600537101468,0.584033672085
1240,1521992417,774864616,0.600227599115,0.583724435605
1241,1521992417,778197436,0.596126067879,0.579636720857
1242,1521992417,781535203,0.593162247939,0.575653383637
1243,1521992417,784863978,0.592263451935,0.577178893965
1244,1521992417,788197455,0.593530990552,0.577055304951
1245,1521992417,791530739,0.591458573487,0.577096579202
1246,1521992417,794863622,0.5915431945,0.57717914542
1247,1521992417,798197272,0.593530990552,0.578810339334
1248,1521992417,801530806,0.593530990552,0.578810339334
1249,1521992417,804863837,0.59467341251,0.57573363099
1250,1521992417,808196908,0.59467341251,0.570818831701
1251,1521992417,811530407,0.591811051779,0.565161491798
1252,1521992417,814864876,0.589133013152,0.563555820409
1253,1521992417,818197200,0.591980418897,0.56286530513
1254,1521992417,821530509,0.589343703737,0.555332596288
1255,1521992417,824863196,0.589470190438,0.555451783425
1256,1521992417,828197519,0.589527516692,0.562543322831
1257,1521992417,831530180,0.58982274438,0.562825037187
1258,1521992417,834864233,0.58956967398,0.565742160549
1259,1521992417,838197748,0.593530990552,0.571439194927
1260,1521992417,841530740,0.593615901996,0.571520945885
1261,1521992417,844863830,0.592205887977,0.571520945885
1262,1521992417,848196259,0.593743314724,0.574803808171
1263,1521992417,851529312,0.592205887977,0.574680459714
1264,1521992417,854865051,0.591388057674,0.574228634608
1265,1521992417,858193470,0.592701311957,0.575503784155
1266,1521992417,861530530,0.585853420731,0.570125545987
1267,1521992417,864863690,0.586565831901,0.570818831701
1268,1521992417,868197188,0.586481928907,0.575300270569
1269,1521992417,871531129,0.586398049912,0.574516077431
1270,1521992417,874863974,0.586649758905,0.576167115423
1271,1521992417,878197535,0.591416272059,0.576002284322
1272,1521992417,881530105,0.586649758905,0.576167115423
1273,1521992417,884863756,0.59137397668,0.57666305483
1274,1521992417,888197033,0.592558391481,0.577137859358
1275,1521992417,891531684,0.592261836914,0.576498140822
1276,1521992417,894863517,0.592770398062,0.573130156427
1277,1521992417,898196821,0.592516008362,0.56972490757
1278,1521992417,901530136,0.590795873958,0.569063546241
1279,1521992417,904863941,0.589964265175,0.568239492251
1280,1521992417,908197271,0.590753616904,0.56832077964
1281,1521992417,911531107,0.587455257935,0.5664440739
1282,1521992417,914864050,0.587665378565,0.566646679263
1283,1521992417,918196549,0.593743314724,0.574101543286
1284,1521992417,921530717,0.593403668924,0.573773133393
1285,1521992417,924865079,0.593403668924,0.574825928133
1286,1521992417,928196682,0.597044675889,0.58265378174
1287,1521992417,931531666,0.596447119021,0.582070628112
1288,1521992417,934864359,0.592290621971,0.580029295966
1289,1521992417,938196901,0.592290621971,0.580029295966
1290,1521992417,941530462,0.590711365894,0.578810339334
1291,1521992417,944838270,0.593533683361,0.579778606249
1292,1521992417,948197097,0.586266774413,0.574455292771
1293,1521992417,951529802,0.589470190438,0.578975973999
1294,1521992417,954864325,0.584904785785,0.57443392155
1295,1521992417,958197376,0.587623342415,0.585212172476
1296,1521992417,961530258,0.587665378565,0.585254036141
1297,1521992417,964864034,0.587497270039,0.583331708537
1298,1521992417,968197449,0.586171399111,0.579202771097
1299,1521992417,971530717,0.586876355695,0.579202771097
1300,1521992417,974864047,0.586876355695,0.577096579202
1301,1521992417,978196851,0.587665378565,0.573317241163
1302,1521992417,981529621,0.586960321122,0.572263994547
1303,1521992417,984863873,0.586750452586,0.569251727302
1304,1521992417,988197784,0.581464412473,0.564689290524
1305,1521992417,991531232,0.57559705036,0.562353235938
1306,1521992417,994864810,0.574498524109,0.558451940497
1307,1521992417,998197371,0.565496522406,0.562473929865
1308,1521992418,1530794,0.564982290888,0.558451940497
1309,1521992418,4864046,0.565063118111,0.558531833479
1310,1521992418,8198995,0.556989306068,0.561720961789
1311,1521992418,11534132,0.55483582953,0.561680807313
1312,1521992418,14867093,0.554175150033,0.559625035158
1313,1521992418,18199526,0.554254448187,0.559705113148
1314,1521992418,21532259,0.550297334097,0.557518541927
1315,1521992418,24847680,0.552831758547,0.556916001447
1316,1521992418,28217113,0.543990831754,0.544536946975
1317,1521992418,31532991,0.548854648072,0.550837049728
1318,1521992418,34865798,0.546066989441,0.548039322385
1319,1521992418,38198184,0.54614512738,0.544957550569
1320,1521992418,41531965,0.540976790348,0.540511932098
1321,1521992418,44863238,0.537875641961,0.528994695787
1322,1521992418,48195977,0.532318369306,0.525570061249
1323,1521992418,51529325,0.530479829021,0.520580430023
1324,1521992418,54864789,0.524150286391,0.511826184176
1325,1521992418,58197317,0.519701689966,0.510897703658
1326,1521992418,61529834,0.51931195605,0.510861153529
1327,1521992418,64863756,0.518773834132,0.509976517753
1328,1521992418,68197096,0.511798479561,0.499167479091
1329,1521992418,71531464,0.505977874932,0.498287213562
1330,1521992418,74864355,0.506231243923,0.49818564924
1331,1521992418,78197058,0.511908323275,0.498221289936
1332,1521992418,81530421,0.51567574077,0.498114383144
1333,1521992418,84865365,0.526339040648,0.505233094926
1334,1521992418,88198427,0.527345243103,0.506224326761
1335,1521992418,91531041,0.535529437366,0.522447695155
1336,1521992418,94864813,0.536042800078,0.525419715812
1337,1521992418,98197208,0.536272910746,0.531965650201
1338,1521992418,101530870,0.535376231977,0.531775417884
1339,1521992418,104863843,0.534395313198,0.531851494482
1340,1521992418,108196943,0.523820208056,0.523426124272
1341,1521992418,111530594,0.513876593958,0.518086149701
1342,1521992418,114864679,0.503935824143,0.506430482427
1343,1521992418,118197134,0.496748503784,0.498221289936
1344,1521992418,121530381,0.494914920666,0.493235214354
1345,1521992418,124863481,0.491389885619,0.49253310017
1346,1521992418,128196676,0.493822086684,0.489338583582
1347,1521992418,131531393,0.491143962319,0.489128672128
1348,1521992418,134864377,0.490014922739,0.486248854262
1349,1521992418,138196570,0.489414897465,0.486353229374
1350,1521992418,141530125,0.488852425116,0.484740496434
1351,1521992418,144863621,0.484975441211,0.482634455175
1352,1521992418,148196911,0.483247737932,0.482668975914
1353,1521992418,151529360,0.472456081788,0.474731062093
1354,1521992418,154864574,0.469584863977,0.4704646862
1355,1521992418,158196928,0.462231285988,0.463143691495
1356,1521992418,161530043,0.459664570191,0.46199113316
1357,1521992418,164863438,0.456459387763,0.457394673176
1358,1521992418,168197329,0.452837436381,0.455190807837
1359,1521992418,171531385,0.452485033706,0.454488894486
1360,1521992418,174863339,0.449955400313,0.452674492423
1361,1521992418,178197055,0.44053484556,0.442588017127
1362,1521992418,181530186,0.439571870421,0.440576650544
1363,1521992418,184863391,0.437809352897,0.438821365084
1364,1521992418,188197125,0.427495014132,0.431356600356
1365,1521992418,191531340,0.427081500437,0.43094398031
1366,1521992418,194863689,0.427325948602,0.429083844584
1367,1521992418,198197542,0.417274605715,0.421880092456
1368,1521992418,201529428,0.415750326779,0.418258588422
1369,1521992418,204863931,0.410842759172,0.41406965634
1370,1521992418,208196400,0.39524124454,0.403802308733
1371,1521992418,211529524,0.394803925318,0.400556142049
1372,1521992418,214897004,0.381707087372,0.392997527922
1373,1521992418,218197071,0.385923342875,0.400649422498
1374,1521992418,221530712,0.377829704199,0.389968639782
1375,1521992418,224863708,0.375063729052,0.38721597255
1376,1521992418,228197092,0.372217076044,0.380518669012
1377,1521992418,231530356,0.370807162877,0.374200093327
1378,1521992418,234864399,0.369318002589,0.372014075795
1379,1521992418,238197117,0.357489696833,0.358129468453
1380,1521992418,241530393,0.353183248292,0.353489206361
1381,1521992418,244863625,0.351798497739,0.353514491712
1382,1521992418,248196083,0.340214553692,0.340925209675
1383,1521992418,251529665,0.339059865149,0.34012566332
1384,1521992418,254863349,0.33765005282,0.338721635814
1385,1521992418,258197270,0.331610916447,0.333408841515
1386,1521992418,261530551,0.320050288871,0.322598391902
1387,1521992418,264863787,0.319720678806,0.321919353426
1388,1521992418,268197157,0.307713548662,0.309961240533
1389,1521992418,271531071,0.301304286463,0.307438047544
1390,1521992418,274862951,0.29374047685,0.302017116744
1391,1521992418,278196958,0.285798568797,0.296558390611
1392,1521992418,281530648,0.277733028833,0.290282686858
1393,1521992418,284863960,0.2763429807,0.290303449514
1394,1521992418,288197570,0.276323216504,0.290282686858
1395,1521992418,291531788,0.276263940877,0.290220416707
1396,1521992418,294863842,0.276441844101,0.289704992226
1397,1521992418,298196662,0.276402290253,0.285801360119
1398,1521992418,301530670,0.275931293919,0.284976820326
1399,1521992418,304863683,0.273895223189,0.278388274009
1400,1521992418,308207708,0.260348442629,0.26347903499
1401,1521992418,311531099,0.259852160294,0.264419354937
1402,1521992418,314864374,0.25589923978,0.260465731003
1403,1521992418,318197106,0.24361477368,0.256659452392
1404,1521992418,321530515,0.241077908277,0.255533006085
1405,1521992418,324863053,0.24045899088,0.252815358511
1406,1521992418,328196691,0.237888816603,0.252004913796
1407,1521992418,331530945,0.235740531182,0.251968874481
1408,1521992418,334863847,0.235489185892,0.252077023365
1409,1521992418,338196673,0.229496197628,0.242246721618
1410,1521992418,341530560,0.226611124556,0.237614661059
1411,1521992418,344863530,0.223150680643,0.236629406334
1412,1521992418,348196990,0.212529208612,0.221836345942
1413,1521992418,351529407,0.210842340977,0.21419078985
1414,1521992418,354863327,0.206507967097,0.210924961843
1415,1521992418,358197085,0.196316366828,0.206392043377
1416,1521992418,361530405,0.193510582148,0.206055773718
1417,1521992418,364864469,0.191693346731,0.203891248013
1418,1521992418,368196805,0.185822515104,0.202969073342
1419,1521992418,371531128,0.182531532365,0.202838453273
1420,1521992418,374892458,0.180356584306,0.198761708064
1421,1521992418,378197039,0.182399962853,0.19687768036
1422,1521992418,381530072,0.176604255879,0.193783514821
1423,1521992418,384863393,0.171656928062,0.184291790804
1424,1521992418,388197315,0.167391270257,0.181795557794
1425,1521992418,391531173,0.164936246178,0.177596777689
1426,1521992418,394864704,0.162480870929,0.170589341975
1427,1521992418,398197179,0.159013203646,0.16397885059
1428,1521992418,401520030,0.156994443165,0.162688778357
1429,1521992418,404863866,0.152847027695,0.159918332494
1430,1521992418,408197626,0.147667280232,0.153730017051
1431,1521992418,411531553,0.146257568726,0.147763326892
1432,1521992418,414863154,0.14564645667,0.147156078691
1433,1521992418,418197416,0.143417632572,0.147040332044
1434,1521992418,421530712,0.142753708142,0.145678272731
1435,1521992418,424863299,0.138553699068,0.143602894703
1436,1521992418,428196652,0.131474402807,0.143572080836
1437,1521992418,431531158,0.128608582417,0.139660782393
1438,1521992418,434863160,0.127299294289,0.136258885229
1439,1521992418,438207609,0.123656661443,0.132245518934
1440,1521992418,441530850,0.123385583595,0.132737811999
1441,1521992418,444863422,0.120934653771,0.131674665891
1442,1521992418,448188435,0.115894720787,0.128087133114
1443,1521992418,451529494,0.112535479829,0.123631319912
1444,1521992418,454862702,0.111743611005,0.119359411303
1445,1521992418,458196797,0.111351282292,0.114052763519
1446,1521992418,461530175,0.110325705305,0.113383330342
1447,1521992418,464863924,0.108547785946,0.113016131257
1448,1521992418,468197014,0.108571079462,0.112338269461
1449,1521992418,471530564,0.106088377765,0.112322200477
1450,1521992418,474863687,0.103283526891,0.109178755633
1451,1521992418,478196858,0.0969384638057,0.102859727976
1452,1521992418,481530510,0.0941049729676,0.0982819254175
1453,1521992418,484863404,0.093765932263,0.0961896432264
1454,1521992418,488196858,0.0923493124277,0.0954806992354
1455,1521992418,491529987,0.0916509112345,0.094083300674
1456,1521992418,494864324,0.0912657661825,0.0940496634553
1457,1521992418,498196886,0.0874333775291,0.0923412256894
1458,1521992418,501530857,0.0849290444885,0.0891429955208
1459,1521992418,504863854,0.0824917208064,0.0842597292584
1460,1521992418,508196528,0.0779088474283,0.0772380851536
1461,1521992418,511529984,0.0761353110091,0.073365684339
1462,1521992418,514863584,0.075424959607,0.0726584234337
1463,1521992418,518196899,0.0754303544256,0.072663620374
1464,1521992418,521531022,0.0747040248289,0.0726428370718
1465,1521992418,524864241,0.0743782395018,0.0758283318865
1466,1521992418,528197604,0.0743729195505,0.0768760041638
1467,1521992418,531531014,0.0729577880311,0.0768705059515
1468,1521992418,534864040,0.070505744279,0.0768870029483
1469,1521992418,538196940,0.0655656518831,0.07301987515
1470,1521992418,541530689,0.0623841955628,0.0684463409158
1471,1521992418,544862840,0.0581797248428,0.061803731675
1472,1521992418,548196829,0.0556796225277,0.0572059380704
1473,1521992418,551530589,0.0553311766024,0.0540511932098
1474,1521992418,554863787,0.0553430502454,0.0540627921783
1475,1521992418,558197341,0.0553351339173,0.0540550589796
1476,1521992418,561529951,0.0557035227806,0.054772742234
1477,1521992418,564863846,0.0556796225277,0.0582588080963
1478,1521992418,568197095,0.0556955537502,0.0607328769276
1479,1521992418,571530913,0.0553311766024,0.0614218104657
1480,1521992418,574863753,0.055347009259,0.0614393859176
1481,1521992418,578197141,0.0521630561768,0.0614262033859
1482,1521992418,581530714,0.0500483376831,0.0589691552505
1483,1521992418,584863710,0.0468863199455,0.0565242350442
1484,1521992418,588197180,0.0437041822022,0.0501939833382
1485,1521992418,591530989,0.0412340615445,0.0459786124058
1486,1521992418,594863746,0.0401911493481,0.0417817713195
1487,1521992418,598196903,0.0391250903797,0.0386135180732
1488,1521992418,601530715,0.0387670664093,0.0382570133758
1489,1521992418,604863401,0.0387809335815,0.0382706980994
1490,1521992418,608196647,0.0387726120879,0.0382624860907
1491,1521992418,611530652,0.0387670664093,0.0396609404722
1492,1521992418,614863219,0.0387809335815,0.0400262347095
1493,1521992418,618196769,0.0370075736389,0.04001478392
1494,1521992418,621530425,0.0359476433977,0.0400119222462
1495,1521992418,624864111,0.0348928551453,0.04001478392
1496,1521992418,628196560,0.0327898623927,0.0382734362191
1497,1521992418,631531301,0.0317094380263,0.0371934284402
1498,1521992418,634863911,0.0310247468652,0.0358129468453
1499,1521992418,638196904,0.0296102943988,0.0333504237464
1500,1521992418,641530282,0.0296081765035,0.031943910406
1501,1521992418,644863134,0.0296124125972,0.0305441518562
1502,1521992418,648196823,0.0296039416217,0.0287805054754
1503,1521992418,651530202,0.0296081765035,0.0280825585987
1504,1521992418,654864529,0.0292473304755,0.0273726632445
1505,1521992418,658196720,0.0282083514389,0.0259856599088
1506,1521992418,661531032,0.0274854430974,0.0252670737641
1507,1521992418,664863750,0.0264396541046,0.0242246721618
1508,1521992418,668196996,0.0246752453324,0.0228187109844
1509,1521992418,671531231,0.0236092908657,0.0217577579635
1510,1521992418,674864600,0.0222061323776,0.021061918949
1511,1521992418,678197619,0.0207977067801,0.0193081400637
1512,1521992418,681530393,0.0200941371195,0.0189584390831
1513,1521992418,684864967,0.0193793754326,0.0185980438865
1514,1521992418,688198608,0.0179751071961,0.017901350701
1515,1521992418,691531158,0.0179802510241,0.0168531514566
1516,1521992418,694865387,0.0176188737804,0.0168447158427
1517,1521992418,698197325,0.0165735923313,0.015803221225
1518,1521992418,701530487,0.0158626577137,0.0147443978668
1519,1521992418,704863879,0.0155090448352,0.0133392153344
1520,1521992418,708197378,0.0144505763733,0.0122852406772
1521,1521992418,711529983,0.0133970497827,0.0105332196604
1522,1521992418,714863877,0.0123349756757,0.00912552612634
1523,1521992418,718196920,0.0112801121519,0.00772325602548
1524,1521992418,721530143,0.0105743487513,0.00702063964966
1525,1521992418,724864078,0.00916312478766,0.00596669015953
1526,1521992418,728197166,0.00846008411395,0.00526585638101
1527,1521992418,731530883,0.00740098540542,0.00491374483726
1528,1521992418,734863525,0.00634597094969,0.00456439518617
1529,1521992418,738207254,0.00562195963936,0.00384923776243
1530,1521992418,741530848,0.00459569490337,0.00352064429491
1531,1521992418,744862753,0.0035262962407,0.003160644245
1532,1521992418,748196039,0.00281982633367,0.0021061918949
1533,1521992418,751529212,0.00211502102849,0.00175528546034
1534,1521992418,754863671,0.00105705684178,0.00105271946527
1535,1521992418,758199101,0.000704503073106,0.000350806157763
1536,1521992418,761530578,0.0,0.0
1537,1521992418,764863396,0.0,0.0
1538,1521992418,768197172,0.0,0.0
1539,1521992418,771530709,0.0,0.0
1540,1521992418,774863983,0.0,-0.000351031982483
1541,1521992418,778197076,0.0,-0.000351057092067
1542,1521992418,781530300,-0.000352478291709,-0.000351031982483
1543,1521992418,784863520,-0.000352503504748,-0.000351057092067
1544,1521992418,788197290,-0.000352427876448,-0.00035098177409
1545,1521992418,791530405,-0.000352503504748,-0.000702114184134
1546,1521992418,794864562,-0.000352377475608,-0.000701863160114
1547,1521992418,798196840,-0.000352604392986,-0.00105347269901
1548,1521992418,801530408,0.0,-0.00105302062947
1549,1521992418,804864046,0.0,-0.00105302062947
1550,1521992418,808197020,0.0,-0.0010531712762
1551,1521992418,811530256,0.0,-0.00105309594745
1552,1521992418,814864226,0.0,-0.00070196354818
1553,1521992418,818197114,0.0,0.0
1554,1521992418,821530283,0.0,0.0
1555,1521992418,824863723,0.0,0.0
1556,1521992418,828196575,0.0,0.0
1557,1521992418,831530988,0.0,0.0
1558,1521992418,834864333,0.0,0.0
1559,1521992418,838197093,0.0,0.0
1560,1521992418,841530765,0.0,0.0
1561,1521992418,844863371,0.0,0.0
1562,1521992418,848196905,0.0,0.0
1563,1521992418,851529128,0.0,0.0
1564,1521992418,854864809,0.0,0.0
1565,1521992418,858196755,0.0,0.0
1566,1521992418,861530171,0.0,0.0
1567,1521992418,864863628,0.0,0.0
1568,1521992418,868196518,0.0,0.0
1569,1521992418,871531216,0.0,0.0
1570,1521992418,874864583,0.0,-0.000351031982483
1571,1521992418,878197067,0.0,-0.000351132442377
1572,1521992418,881530399,0.0,-0.000702063964966
1573,1521992418,884863980,0.0,-0.00070196354818
1574,1521992418,888196984,0.0,-0.000702164410487
1575,1521992418,891530394,0.0,-0.00105309594745
1576,1521992418,894863295,0.0,-0.0010531712762
1577,1521992418,898197876,0.0,-0.00105271946527
1578,1521992418,901530366,0.0,-0.00175566221188
1579,1521992418,904863444,0.0,-0.0021063425524
1580,1521992418,908197335,0.0,-0.00245669672695
1581,1521992418,911531040,0.0,-0.00280805501193
1582,1521992418,914864152,0.0,-0.0031595138286
1583,1521992418,918196535,0.0,-0.00316019198139
1584,1521992418,921530036,0.0,-0.00315906188842
1585,1521992418,924863449,0.0,-0.00315928784235
1586,1521992418,928196867,0.0,-0.00351006876491
