340,1521993035,329406114,0.0,0.0,0.0,0.0,0.0,0.0
341,1521993035,339392619,0.0,0.0,0.0,0.0,0.0,0.0
342,1521993035,349399504,0.0,0.0,0.0,0.0,0.0,0.0
343,1521993035,359402579,0.0,0.0,0.0,0.0,0.0,0.0
344,1521993035,369401652,0.0,0.0,0.0,0.0,0.0,0.0
345,1521993035,379402663,0.0,0.0,0.0,0.0,0.0,0.0
346,1521993035,389401680,0.0,0.0,0.0,0.0,0.0,0.0
347,1521993035,399402334,0.0,0.0,0.0,0.0,0.0,0.0
348,1521993035,409395999,0.0,0.0,0.0,0.0,0.0,0.0
349,1521993035,419381160,0.0,0.0,0.0,0.0,0.0,0.0
350,1521993035,429378134,0.0,0.0,0.0,0.0,0.0,0.0
351,1521993035,439380685,0.0,0.0,0.0,0.0,0.0,0.0
352,1521993035,449378806,0.0,0.0,0.0,0.0,0.0,0.0
353,1521993035,459383574,0.0,0.0,0.0,0.0,0.0,0.0
354,1521993035,469380320,0.0,0.0,0.0,0.0,0.0,0.0
355,1521993035,479381616,0.0,0.0,0.0,0.0,0.0,0.0
356,1521993035,489387055,0.0,0.0,0.0,0.0,0.0,0.0
357,1521993035,499379381,0.0,0.0,0.0,0.0,0.0,0.0
358,1521993035,509378278,0.0,0.0,0.0,0.0,0.0,0.0
359,1521993035,519378371,0.0,0.0,0.0,0.0,0.0,0.0
360,1521993035,529381342,0.0,0.0,0.0,0.0,0.0,0.0
361,1521993035,539380126,0.0,0.0,0.0,0.0,0.0,0.0
362,1521993035,549379015,0.0,0.0,0.0,0.0,0.0,0.0
363,1521993035,559379076,0.0,0.0,0.0,0.0,0.0,0.0
364,1521993035,569382312,0.0,0.0,0.0,0.0,0.0,0.0
365,1521993035,579379052,0.0,0.0,0.0,0.0,0.0,0.0
366,1521993035,589381630,0.0,0.0,0.0,0.0,0.0,0.0
367,1521993035,599377636,0.0,0.0,0.0,0.0,0.0,0.0
368,1521993035,609376016,0.0,0.0,0.0,0.0,0.0,0.0
369,1521993035,619378867,0.0,0.0,0.0,0.0,0.0,0.0
370,1521993035,629378304,0.0,0.0,0.0,0.0,0.0,0.0
371,1521993035,639377834,0.0,0.0,0.0,0.0,0.0,0.0
372,1521993035,649380816,0.0,0.0,0.0,0.0,0.0,0.0
373,1521993035,659372789,0.0,0.0,0.0,0.0,0.0,0.0
374,1521993035,669387365,0.0,0.0,0.0,0.0,0.0,0.0
375,1521993035,679378176,0.0,0.0,0.0,0.0,0.0,0.0
376,1521993035,689378189,0.0,0.0,0.0,0.0,0.0,0.0
377,1521993035,699382111,0.0,0.0,0.0,0.0,0.0,0.0
378,1521993035,709381441,0.0,0.0,0.0,0.0,0.0,0.0
379,1521993035,719378844,0.0,0.0,0.0,0.0,0.0,0.0
380,1521993035,729383279,0.0,0.0,0.0,0.0,0.0,0.0
381,1521993035,739374893,0.0,0.0,0.0,0.0,0.0,0.0
382,1521993035,749374159,0.0,0.0,0.0,0.0,0.0,0.0
383,1521993035,759376034,0.0,0.0,0.0,0.0,0.0,0.0
384,1521993035,769378962,0.0,0.0,0.0,0.0,0.0,0.0
385,1521993035,779375617,0.0,0.0,0.0,0.0,0.0,0.0
386,1521993035,789373804,0.0,0.0,0.0,0.0,0.0,0.0
387,1521993035,799376159,0.0,0.0,0.0,0.0,0.0,0.0
388,1521993035,809375825,0.0,0.0,0.0,0.0,0.0,0.0
389,1521993035,819375937,0.0,0.0,0.0,0.0,0.0,0.0
390,1521993035,829373344,0.0,0.0,0.0,0.0,0.0,0.0
391,1521993035,839374236,0.0,0.0,0.0,0.0,0.0,0.0
392,1521993035,849380046,0.0,0.0,0.0,0.0,0.0,0.0
393,1521993035,859376377,0.0,0.0,0.0,0.0,0.0,0.0
394,1521993035,869371559,0.0,0.0,0.0,0.0,0.0,0.0
395,1521993035,879375417,0.0,0.0,0.0,0.0,0.0,0.0
396,1521993035,889375403,0.0,0.0,0.0,0.0,0.0,0.0
397,1521993035,899374274,0.0,0.0,0.0,0.0,0.0,0.0
398,1521993035,909369382,0.0,0.0,0.0,0.0,0.0,0.0
399,1521993035,919378052,0.0,0.0,0.0,0.0,0.0,0.0
400,1521993035,929373835,0.0,0.0,0.0,0.0,0.0,0.0
401,1521993035,939373044,0.0,0.0,0.0,0.0,0.0,0.0
402,1521993035,949374813,0.0,0.0,0.0,0.0,0.0,0.0
403,1521993035,959374679,0.0,0.0,0.0,0.0,0.0,0.0
404,1521993035,969373947,0.0,0.0,0.0,0.0,0.0,0.0
405,1521993035,979372898,0.0,0.0,0.0,0.0,0.0,0.0
406,1521993035,989367333,0.0,0.0,0.0,0.0,0.0,0.0
407,1521993035,999374696,0.0,0.0,0.0,0.0,0.0,0.0
408,1521993036,9375031,0.0,0.0,0.0,0.0,0.0,0.0
409,1521993036,19374045,0.0,0.0,0.0,0.0,0.0,0.0
410,1521993036,29373214,0.0,0.0,0.0,0.0,0.0,0.0
411,1521993036,39373390,0.0,0.0,0.0,0.0,0.0,0.0
412,1521993036,49375618,0.0,0.0,0.0,0.0,0.0,0.0
413,1521993036,59375436,0.0,0.0,0.0,0.0,0.0,0.0
414,1521993036,69375081,0.0,0.0,0.0,0.0,0.0,0.0
415,1521993036,79369807,0.0,0.0,0.0,0.0,0.0,0.0
416,1521993036,89382600,0.0,0.0,0.0,0.0,0.0,0.0
417,1521993036,99374167,0.0,0.0,0.0,0.0,0.0,0.0
418,1521993036,109376632,0.0,0.0,0.0,0.0,0.0,0.0
419,1521993036,119375109,0.0,0.0,0.0,0.0,0.0,0.0
420,1521993036,129374805,0.0,0.0,0.0,0.0,0.0,0.0
421,1521993036,139374352,0.0,0.0,0.0,0.0,0.0,0.0
422,1521993036,149382865,0.0,0.0,0.0,0.0,0.0,0.0
423,1521993036,159378754,0.0,0.0,0.0,0.0,0.0,0.0
424,1521993036,169377221,0.0,0.0,0.0,0.0,0.0,0.0
425,1521993036,179376892,0.0,0.0,0.0,0.0,0.0,0.0
426,1521993036,189374396,0.0,0.0,0.0,0.0,0.0,0.0
427,1521993036,199369271,0.0,0.0,0.0,0.0,0.0,0.0
428,1521993036,209374238,0.0,0.0,0.0,0.0,0.0,0.0
429,1521993036,219373389,0.0,0.0,0.0,0.0,0.0,0.0
430,1521993036,229376052,0.0,0.0,0.0,0.0,0.0,0.0
431,1521993036,239375135,0.0,0.0,0.0,0.0,0.0,0.0
432,1521993036,249374972,0.0,0.0,0.0,0.0,0.0,0.0
433,1521993036,259377534,0.0,0.0,0.0,0.0,0.0,0.0
434,1521993036,269376406,0.0,0.0,0.0,0.0,0.0,0.0
435,1521993036,279378059,53.0,53.0,0.0,0.0,0.0,0.0
436,1521993036,289372562,53.0,53.0,0.0,0.0,0.0,0.0
437,1521993036,299378474,74.0,74.0,0.0,0.0,0.0,0.0
438,1521993036,309377815,74.0,74.0,0.0,0.0,0.0,0.0
439,1521993036,319373537,101.0,101.0,0.0,0.0,0.0,0.0
440,1521993036,329375296,101.0,101.0,0.0,0.0,0.0,0.0
441,1521993036,339373180,138.0,138.0,0.0,0.0,0.0,0.0
442,1521993036,349374487,138.0,138.0,0.0,0.0,0.0,0.0
443,1521993036,359374288,183.0,183.0,0.0,0.0,0.0,0.0
444,1521993036,369401291,183.0,183.0,0.0,0.0,0.0,0.0
445,1521993036,379374083,236.0,231.0,0.0,0.0,0.0,0.0
446,1521993036,389374820,236.0,231.0,0.0,0.0,0.0,0.0
447,1521993036,399372464,297.0,281.0,0.0,0.0,0.0,0.0
448,1521993036,409371367,297.0,281.0,0.0,0.0,0.0,0.0
449,1521993036,419372313,358.0,328.0,0.0,0.0,0.0,0.0
450,1521993036,429373198,358.0,328.0,0.0,0.0,0.0,0.0
451,1521993036,439370529,400.0,348.0,0.0,0.0,0.0,0.0
452,1521993036,449389532,400.0,348.0,0.0,0.0,0.0,0.0
453,1521993036,459361818,400.0,319.0,0.0,0.0,0.0,0.0
454,1521993036,469377244,400.0,319.0,0.0,0.0,0.0,0.0
455,1521993036,479382100,400.0,292.0,0.0,0.0,0.0,0.0
456,1521993036,489376754,400.0,292.0,0.0,0.0,0.0,0.0
457,1521993036,499373410,400.0,271.0,0.0,0.0,0.0,0.0
458,1521993036,509372137,400.0,271.0,0.0,0.0,0.0,0.0
459,1521993036,519372974,400.0,258.0,0.0,0.0,0.0,0.0
460,1521993036,529373663,400.0,258.0,0.0,0.0,0.0,0.0
461,1521993036,539374404,400.0,254.0,0.0,0.0,0.0,0.0
462,1521993036,549373439,400.0,254.0,0.0,0.0,0.0,0.0
463,1521993036,559373572,400.0,246.0,0.0,0.0,0.0,0.0
464,1521993036,569373992,400.0,246.0,0.0,0.0,0.0,0.0
465,1521993036,579374325,400.0,243.0,0.0,0.0,0.0,0.0
466,1521993036,589374149,400.0,243.0,0.0,0.0,0.0,0.0
467,1521993036,599374150,400.0,240.0,0.0,0.0,0.0,0.0
468,1521993036,609372621,400.0,240.0,0.0,0.0,0.0,0.0
469,1521993036,619353649,400.0,238.0,0.0,0.0,0.0,0.0
470,1521993036,629372401,400.0,238.0,0.0,0.0,0.0,0.0
471,1521993036,639383445,400.0,238.0,0.0,0.0,0.0,0.0
472,1521993036,649374532,400.0,238.0,0.0,0.0,0.0,0.0
473,1521993036,659374243,400.0,238.0,0.0,0.0,0.0,0.0
474,1521993036,669376069,400.0,238.0,0.0,0.0,0.0,0.0
475,1521993036,679373248,400.0,238.0,0.0,0.0,0.0,0.0
476,1521993036,689376960,400.0,238.0,0.0,0.0,0.0,0.0
477,1521993036,699377715,400.0,238.0,0.0,0.0,0.0,0.0
478,1521993036,709377332,400.0,238.0,0.0,0.0,0.0,0.0
479,1521993036,719383458,400.0,241.0,0.0,0.0,0.0,0.0
480,1521993036,729374965,400.0,241.0,0.0,0.0,0.0,0.0
481,1521993036,739375116,400.0,244.0,0.0,0.0,0.0,0.0
482,1521993036,749374850,400.0,244.0,0.0,0.0,0.0,0.0
483,1521993036,759375641,400.0,247.0,0.0,0.0,0.0,0.0
484,1521993036,769379398,400.0,247.0,0.0,0.0,0.0,0.0
485,1521993036,779383498,400.0,250.0,0.0,0.0,0.0,0.0
486,1521993036,789382959,400.0,250.0,0.0,0.0,0.0,0.0
487,1521993036,799382445,400.0,253.0,0.0,0.0,0.0,0.0
488,1521993036,809374598,400.0,253.0,0.0,0.0,0.0,0.0
489,1521993036,819374870,400.0,255.0,0.0,0.0,0.0,0.0
490,1521993036,829373556,400.0,255.0,0.0,0.0,0.0,0.0
491,1521993036,839374979,400.0,258.0,0.0,0.0,0.0,0.0
492,1521993036,849376243,400.0,258.0,0.0,0.0,0.0,0.0
493,1521993036,859371499,400.0,266.0,0.0,0.0,0.0,0.0
494,1521993036,869373302,400.0,266.0,0.0,0.0,0.0,0.0
495,1521993036,879373229,400.0,269.0,0.0,0.0,0.0,0.0
496,1521993036,889382202,400.0,269.0,0.0,0.0,0.0,0.0
497,1521993036,899373703,400.0,272.0,0.0,0.0,0.0,0.0
498,1521993036,909373876,400.0,272.0,0.0,0.0,0.0,0.0
499,1521993036,919373616,400.0,275.0,0.0,0.0,0.0,0.0
500,1521993036,929375455,400.0,275.0,0.0,0.0,0.0,0.0
501,1521993036,939374946,400.0,278.0,0.0,0.0,0.0,0.0
502,1521993036,949383916,400.0,278.0,0.0,0.0,0.0,0.0
503,1521993036,959374057,400.0,278.0,0.0,0.0,0.0,0.0
504,1521993036,969375068,400.0,278.0,0.0,0.0,0.0,0.0
505,1521993036,979375045,400.0,278.0,0.0,0.0,0.0,0.0
506,1521993036,989374294,400.0,278.0,0.0,0.0,0.0,0.0
507,1521993036,999374559,400.0,278.0,0.0,0.0,0.0,0.0
508,1521993037,9377547,400.0,278.0,0.0,0.0,0.0,0.0
509,1521993037,19373767,400.0,278.0,0.0,0.0,0.0,0.0
510,1521993037,29374788,400.0,278.0,0.0,0.0,0.0,0.0
511,1521993037,39376214,400.0,278.0,0.0,0.0,0.0,0.0
512,1521993037,49375017,400.0,278.0,0.0,0.0,0.0,0.0
513,1521993037,59373627,400.0,278.0,0.0,0.0,0.0,0.0
514,1521993037,69375972,400.0,278.0,0.0,0.0,0.0,0.0
515,1521993037,79375313,400.0,278.0,0.0,0.0,0.0,0.0
516,1521993037,89375612,400.0,278.0,0.0,0.0,0.0,0.0
517,1521993037,99375538,400.0,278.0,0.0,0.0,0.0,0.0
518,1521993037,109374722,400.0,278.0,0.0,0.0,0.0,0.0
519,1521993037,119373859,400.0,278.0,0.0,0.0,0.0,0.0
520,1521993037,129378314,400.0,278.0,0.0,0.0,0.0,0.0
521,1521993037,139376150,400.0,278.0,0.0,0.0,0.0,0.0
522,1521993037,149374966,400.0,278.0,0.0,0.0,0.0,0.0
523,1521993037,159376841,400.0,278.0,0.0,0.0,0.0,0.0
524,1521993037,169373741,400.0,278.0,0.0,0.0,0.0,0.0
525,1521993037,179375751,400.0,278.0,0.0,0.0,0.0,0.0
526,1521993037,189373728,400.0,278.0,0.0,0.0,0.0,0.0
527,1521993037,199375833,400.0,278.0,0.0,0.0,0.0,0.0
528,1521993037,209374442,400.0,278.0,0.0,0.0,0.0,0.0
529,1521993037,219374454,400.0,278.0,0.0,0.0,0.0,0.0
530,1521993037,229372787,400.0,278.0,0.0,0.0,0.0,0.0
531,1521993037,239374961,400.0,278.0,0.0,0.0,0.0,0.0
532,1521993037,249379270,400.0,278.0,0.0,0.0,0.0,0.0
533,1521993037,259383011,400.0,274.0,0.0,0.0,0.0,0.0
534,1521993037,269378933,400.0,274.0,0.0,0.0,0.0,0.0
535,1521993037,279382734,400.0,264.0,0.0,0.0,0.0,0.0
536,1521993037,289377690,400.0,264.0,0.0,0.0,0.0,0.0
537,1521993037,299384780,400.0,256.0,0.0,0.0,0.0,0.0
538,1521993037,309383949,400.0,256.0,0.0,0.0,0.0,0.0
539,1521993037,319378308,400.0,252.0,0.0,0.0,0.0,0.0
540,1521993037,329373727,400.0,252.0,0.0,0.0,0.0,0.0
541,1521993037,339373222,400.0,244.0,0.0,0.0,0.0,0.0
542,1521993037,349382853,400.0,244.0,0.0,0.0,0.0,0.0
543,1521993037,359377144,400.0,243.0,0.0,0.0,0.0,0.0
544,1521993037,369389350,400.0,243.0,0.0,0.0,0.0,0.0
545,1521993037,379378342,400.0,242.0,0.0,0.0,0.0,0.0
546,1521993037,389377151,400.0,242.0,0.0,0.0,0.0,0.0
547,1521993037,399377400,400.0,242.0,0.0,0.0,0.0,0.0
548,1521993037,409376550,400.0,242.0,0.0,0.0,0.0,0.0
549,1521993037,419376600,400.0,242.0,0.0,0.0,0.0,0.0
550,1521993037,429373834,400.0,242.0,0.0,0.0,0.0,0.0
551,1521993037,439373857,400.0,243.0,0.0,0.0,0.0,0.0
552,1521993037,449377902,400.0,243.0,0.0,0.0,0.0,0.0
553,1521993037,459375866,400.0,246.0,0.0,0.0,0.0,0.0
554,1521993037,469375746,400.0,246.0,0.0,0.0,0.0,0.0
555,1521993037,479373045,400.0,255.0,0.0,0.0,0.0,0.0
556,1521993037,489372887,400.0,255.0,0.0,0.0,0.0,0.0
557,1521993037,499373914,400.0,266.0,0.0,0.0,0.0,0.0
558,1521993037,509383774,400.0,266.0,0.0,0.0,0.0,0.0
559,1521993037,519380874,400.0,278.0,0.0,0.0,0.0,0.0
560,1521993037,529371664,400.0,278.0,0.0,0.0,0.0,0.0
561,1521993037,539375267,400.0,293.0,0.0,0.0,0.0,0.0
562,1521993037,549395588,400.0,293.0,0.0,0.0,0.0,0.0
563,1521993037,559372962,400.0,310.0,0.0,0.0,0.0,0.0
564,1521993037,569373376,400.0,310.0,0.0,0.0,0.0,0.0
565,1521993037,579374306,400.0,325.0,0.0,0.0,0.0,0.0
566,1521993037,589374970,400.0,325.0,0.0,0.0,0.0,0.0
567,1521993037,599373054,400.0,337.0,0.0,0.0,0.0,0.0
568,1521993037,609374628,400.0,337.0,0.0,0.0,0.0,0.0
569,1521993037,619373775,400.0,347.0,0.0,0.0,0.0,0.0
570,1521993037,629374837,400.0,347.0,0.0,0.0,0.0,0.0
571,1521993037,639373356,400.0,356.0,0.0,0.0,0.0,0.0
572,1521993037,649375372,400.0,356.0,0.0,0.0,0.0,0.0
573,1521993037,659375350,400.0,367.0,0.0,0.0,0.0,0.0
574,1521993037,669374650,400.0,367.0,0.0,0.0,0.0,0.0
575,1521993037,679375573,400.0,382.0,0.0,0.0,0.0,0.0
576,1521993037,689372678,400.0,382.0,0.0,0.0,0.0,0.0
577,1521993037,699375704,400.0,398.0,0.0,0.0,0.0,0.0
578,1521993037,709382665,400.0,398.0,0.0,0.0,0.0,0.0
579,1521993037,719377983,400.0,400.0,0.0,0.0,0.0,0.0
580,1521993037,729377447,400.0,400.0,0.0,0.0,0.0,0.0
581,1521993037,739385170,400.0,400.0,0.0,0.0,0.0,0.0
582,1521993037,749372571,400.0,400.0,0.0,0.0,0.0,0.0
583,1521993037,759373562,400.0,400.0,0.0,0.0,0.0,0.0
584,1521993037,769373424,400.0,400.0,0.0,0.0,0.0,0.0
585,1521993037,779374022,400.0,400.0,0.0,0.0,0.0,0.0
586,1521993037,789373518,400.0,400.0,0.0,0.0,0.0,0.0
587,1521993037,799373678,400.0,400.0,0.0,0.0,0.0,0.0
588,1521993037,809375094,400.0,400.0,0.0,0.0,0.0,0.0
589,1521993037,819375817,400.0,400.0,0.0,0.0,0.0,0.0
590,1521993037,829374478,400.0,400.0,0.0,0.0,0.0,0.0
591,1521993037,839373339,400.0,400.0,0.0,0.0,0.0,0.0
592,1521993037,849372940,400.0,400.0,0.0,0.0,0.0,0.0
593,1521993037,859371804,400.0,400.0,0.0,0.0,0.0,0.0
594,1521993037,869373268,400.0,400.0,0.0,0.0,0.0,0.0
595,1521993037,879374320,400.0,400.0,0.0,0.0,0.0,0.0
596,1521993037,889373777,400.0,400.0,0.0,0.0,0.0,0.0
597,1521993037,899377305,400.0,400.0,0.0,0.0,0.0,0.0
598,1521993037,909375546,400.0,400.0,0.0,0.0,0.0,0.0
599,1521993037,919373786,400.0,400.0,0.0,0.0,0.0,0.0
600,1521993037,929375176,400.0,400.0,0.0,0.0,0.0,0.0
601,1521993037,939374278,400.0,400.0,0.0,0.0,0.0,0.0
602,1521993037,949372923,400.0,400.0,0.0,0.0,0.0,0.0
603,1521993037,959374516,398.0,400.0,0.0,0.0,0.0,0.0
604,1521993037,969373187,398.0,400.0,0.0,0.0,0.0,0.0
605,1521993037,979374879,389.0,400.0,0.0,0.0,0.0,0.0
606,1521993037,989374413,389.0,400.0,0.0,0.0,0.0,0.0
607,1521993037,999371803,377.0,400.0,0.0,0.0,0.0,0.0
608,1521993038,9374167,377.0,400.0,0.0,0.0,0.0,0.0
609,1521993038,19376712,365.0,400.0,0.0,0.0,0.0,0.0
610,1521993038,29386489,365.0,400.0,0.0,0.0,0.0,0.0
611,1521993038,39406750,352.0,400.0,0.0,0.0,0.0,0.0
612,1521993038,49393418,352.0,400.0,0.0,0.0,0.0,0.0
613,1521993038,59393050,340.0,400.0,0.0,0.0,0.0,0.0
614,1521993038,69383675,340.0,400.0,0.0,0.0,0.0,0.0
615,1521993038,79373054,328.0,400.0,0.0,0.0,0.0,0.0
616,1521993038,89373891,328.0,400.0,0.0,0.0,0.0,0.0
617,1521993038,99373804,317.0,400.0,0.0,0.0,0.0,0.0
618,1521993038,109372897,317.0,400.0,0.0,0.0,0.0,0.0
619,1521993038,119373713,305.0,400.0,0.0,0.0,0.0,0.0
620,1521993038,129373152,305.0,400.0,0.0,0.0,0.0,0.0
621,1521993038,139375410,294.0,400.0,0.0,0.0,0.0,0.0
622,1521993038,149373086,294.0,400.0,0.0,0.0,0.0,0.0
623,1521993038,159373920,284.0,400.0,0.0,0.0,0.0,0.0
624,1521993038,169373588,284.0,400.0,0.0,0.0,0.0,0.0
625,1521993038,179373132,274.0,400.0,0.0,0.0,0.0,0.0
626,1521993038,189384466,274.0,400.0,0.0,0.0,0.0,0.0
627,1521993038,199382319,265.0,400.0,0.0,0.0,0.0,0.0
628,1521993038,209376017,265.0,400.0,0.0,0.0,0.0,0.0
629,1521993038,219373501,256.0,400.0,0.0,0.0,0.0,0.0
630,1521993038,229375017,256.0,400.0,0.0,0.0,0.0,0.0
631,1521993038,239377568,247.0,400.0,0.0,0.0,0.0,0.0
632,1521993038,249375795,247.0,400.0,0.0,0.0,0.0,0.0
633,1521993038,259372686,244.0,400.0,0.0,0.0,0.0,0.0
634,1521993038,269370076,244.0,400.0,0.0,0.0,0.0,0.0
635,1521993038,279373338,241.0,400.0,0.0,0.0,0.0,0.0
636,1521993038,289381240,241.0,400.0,0.0,0.0,0.0,0.0
637,1521993038,299386278,240.0,400.0,0.0,0.0,0.0,0.0
638,1521993038,309381253,240.0,400.0,0.0,0.0,0.0,0.0
639,1521993038,319380840,240.0,400.0,0.0,0.0,0.0,0.0
640,1521993038,329378327,240.0,400.0,0.0,0.0,0.0,0.0
641,1521993038,339377820,240.0,400.0,0.0,0.0,0.0,0.0
642,1521993038,349382539,240.0,400.0,0.0,0.0,0.0,0.0
643,1521993038,359377268,240.0,400.0,0.0,0.0,0.0,0.0
644,1521993038,369380881,240.0,400.0,0.0,0.0,0.0,0.0
645,1521993038,379380533,240.0,400.0,0.0,0.0,0.0,0.0
646,1521993038,389378293,240.0,400.0,0.0,0.0,0.0,0.0
647,1521993038,399377792,242.0,400.0,0.0,0.0,0.0,0.0
648,1521993038,409371461,242.0,400.0,0.0,0.0,0.0,0.0
649,1521993038,419371484,246.0,400.0,0.0,0.0,0.0,0.0
650,1521993038,429372833,246.0,400.0,0.0,0.0,0.0,0.0
651,1521993038,439374724,257.0,400.0,0.0,0.0,0.0,0.0
652,1521993038,449372000,257.0,400.0,0.0,0.0,0.0,0.0
653,1521993038,459377393,267.0,400.0,0.0,0.0,0.0,0.0
654,1521993038,469373410,267.0,400.0,0.0,0.0,0.0,0.0
655,1521993038,479375995,276.0,400.0,0.0,0.0,0.0,0.0
656,1521993038,489381951,276.0,400.0,0.0,0.0,0.0,0.0
657,1521993038,499374609,280.0,400.0,0.0,0.0,0.0,0.0
658,1521993038,509373592,280.0,400.0,0.0,0.0,0.0,0.0
659,1521993038,519380086,284.0,400.0,0.0,0.0,0.0,0.0
660,1521993038,529371965,284.0,400.0,0.0,0.0,0.0,0.0
661,1521993038,539372309,287.0,400.0,0.0,0.0,0.0,0.0
662,1521993038,549373090,287.0,400.0,0.0,0.0,0.0,0.0
663,1521993038,559378903,288.0,400.0,0.0,0.0,0.0,0.0
664,1521993038,569379035,288.0,400.0,0.0,0.0,0.0,0.0
665,1521993038,579378080,289.0,400.0,0.0,0.0,0.0,0.0
666,1521993038,589377923,289.0,400.0,0.0,0.0,0.0,0.0
667,1521993038,599377290,290.0,400.0,0.0,0.0,0.0,0.0
668,1521993038,609376128,290.0,400.0,0.0,0.0,0.0,0.0
669,1521993038,619373817,293.0,400.0,0.0,0.0,0.0,0.0
670,1521993038,629373496,293.0,400.0,0.0,0.0,0.0,0.0
671,1521993038,639375408,304.0,400.0,0.0,0.0,0.0,0.0
672,1521993038,649373621,304.0,400.0,0.0,0.0,0.0,0.0
673,1521993038,659372095,316.0,400.0,0.0,0.0,0.0,0.0
674,1521993038,669373209,316.0,400.0,0.0,0.0,0.0,0.0
675,1521993038,679373418,331.0,400.0,0.0,0.0,0.0,0.0
676,1521993038,689379316,331.0,400.0,0.0,0.0,0.0,0.0
677,1521993038,699373641,345.0,400.0,0.0,0.0,0.0,0.0
678,1521993038,709374594,345.0,400.0,0.0,0.0,0.0,0.0
679,1521993038,719375482,356.0,400.0,0.0,0.0,0.0,0.0
680,1521993038,729374226,356.0,400.0,0.0,0.0,0.0,0.0
681,1521993038,739374576,356.0,400.0,0.0,0.0,0.0,0.0
682,1521993038,749373455,361.0,400.0,0.0,0.0,0.0,0.0
683,1521993038,759374342,373.0,400.0,0.0,0.0,0.0,0.0
684,1521993038,769376025,373.0,400.0,0.0,0.0,0.0,0.0
685,1521993038,779375157,373.0,400.0,0.0,0.0,0.0,0.0
686,1521993038,789382165,377.0,400.0,0.0,0.0,0.0,0.0
687,1521993038,799378368,389.0,400.0,0.0,0.0,0.0,0.0
688,1521993038,809378446,389.0,400.0,0.0,0.0,0.0,0.0
689,1521993038,819378221,389.0,400.0,0.0,0.0,0.0,0.0
690,1521993038,829383852,399.0,400.0,0.0,0.0,0.0,0.0
691,1521993038,839378655,400.0,400.0,0.0,0.0,0.0,0.0
692,1521993038,849377068,400.0,400.0,0.0,0.0,0.0,0.0
693,1521993038,859382551,400.0,400.0,0.0,0.0,0.0,0.0
694,1521993038,869378168,400.0,400.0,0.0,0.0,0.0,0.0
695,1521993038,879378338,400.0,400.0,0.0,0.0,0.0,0.0
696,1521993038,889377993,400.0,400.0,0.0,0.0,0.0,0.0
697,1521993038,899383868,400.0,400.0,0.0,0.0,0.0,0.0
698,1521993038,909381696,400.0,400.0,0.0,0.0,0.0,0.0
699,1521993038,919382521,400.0,400.0,0.0,0.0,0.0,0.0
700,1521993038,929382376,400.0,400.0,0.0,0.0,0.0,0.0
701,1521993038,939377717,400.0,400.0,0.0,0.0,0.0,0.0
702,1521993038,949378308,400.0,400.0,0.0,0.0,0.0,0.0
703,1521993038,959379005,400.0,400.0,0.0,0.0,0.0,0.0
704,1521993038,969378415,400.0,400.0,0.0,0.0,0.0,0.0
705,1521993038,979378096,400.0,400.0,0.0,0.0,0.0,0.0
706,1521993038,989377990,400.0,400.0,0.0,0.0,0.0,0.0
707,1521993038,999376273,400.0,400.0,0.0,0.0,0.0,0.0
708,1521993039,9375625,400.0,400.0,0.0,0.0,0.0,0.0
709,1521993039,19373723,400.0,400.0,0.0,0.0,0.0,0.0
710,1521993039,29373380,400.0,400.0,0.0,0.0,0.0,0.0
711,1521993039,39373800,400.0,400.0,0.0,0.0,0.0,0.0
712,1521993039,49371977,400.0,400.0,0.0,0.0,0.0,0.0
713,1521993039,59409142,400.0,400.0,0.0,0.0,0.0,0.0
714,1521993039,69414649,400.0,400.0,0.0,0.0,0.0,0.0
715,1521993039,79376972,400.0,400.0,0.0,0.0,0.0,0.0
716,1521993039,89375206,400.0,400.0,0.0,0.0,0.0,0.0
717,1521993039,99376986,400.0,400.0,0.0,0.0,0.0,0.0
718,1521993039,109375118,400.0,400.0,0.0,0.0,0.0,0.0
719,1521993039,119384287,400.0,400.0,0.0,0.0,0.0,0.0
720,1521993039,129374759,400.0,400.0,0.0,0.0,0.0,0.0
721,1521993039,139374878,400.0,400.0,0.0,0.0,0.0,0.0
722,1521993039,149373857,400.0,400.0,0.0,0.0,0.0,0.0
723,1521993039,159379774,400.0,400.0,0.0,0.0,0.0,0.0
724,1521993039,169380121,400.0,400.0,0.0,0.0,0.0,0.0
725,1521993039,179379325,400.0,400.0,0.0,0.0,0.0,0.0
726,1521993039,189378383,400.0,400.0,0.0,0.0,0.0,0.0
727,1521993039,199378523,400.0,400.0,0.0,0.0,0.0,0.0
728,1521993039,209377796,400.0,400.0,0.0,0.0,0.0,0.0
729,1521993039,219375977,400.0,400.0,0.0,0.0,0.0,0.0
730,1521993039,229375439,400.0,400.0,0.0,0.0,0.0,0.0
731,1521993039,239374136,400.0,400.0,0.0,0.0,0.0,0.0
732,1521993039,249374323,400.0,400.0,0.0,0.0,0.0,0.0
733,1521993039,259373258,400.0,400.0,0.0,0.0,0.0,0.0
734,1521993039,269373634,400.0,400.0,0.0,0.0,0.0,0.0
735,1521993039,279375588,400.0,400.0,0.0,0.0,0.0,0.0
736,1521993039,289375335,400.0,400.0,0.0,0.0,0.0,0.0
737,1521993039,299374532,400.0,400.0,0.0,0.0,0.0,0.0
738,1521993039,309375365,400.0,400.0,0.0,0.0,0.0,0.0
739,1521993039,319372679,400.0,400.0,0.0,0.0,0.0,0.0
740,1521993039,329373406,400.0,400.0,0.0,0.0,0.0,0.0
741,1521993039,339379676,400.0,400.0,0.0,0.0,0.0,0.0
742,1521993039,349386759,400.0,400.0,0.0,0.0,0.0,0.0
743,1521993039,359379583,400.0,400.0,0.0,0.0,0.0,0.0
744,1521993039,369378320,400.0,400.0,0.0,0.0,0.0,0.0
745,1521993039,379382315,400.0,400.0,0.0,0.0,0.0,0.0
746,1521993039,389374619,400.0,400.0,0.0,0.0,0.0,0.0
747,1521993039,399374380,363.0,363.0,0.0,0.0,0.0,0.0
748,1521993039,409374219,363.0,363.0,0.0,0.0,0.0,0.0
749,1521993039,419374562,363.0,363.0,0.0,0.0,0.0,0.0
750,1521993039,429372739,315.0,315.0,0.0,0.0,0.0,0.0
751,1521993039,439374555,262.0,262.0,0.0,0.0,0.0,0.0
752,1521993039,449373177,262.0,262.0,0.0,0.0,0.0,0.0
753,1521993039,459374242,262.0,262.0,0.0,0.0,0.0,0.0
754,1521993039,469369934,207.0,207.0,0.0,0.0,0.0,0.0
755,1521993039,479377005,142.0,142.0,0.0,0.0,0.0,0.0
756,1521993039,489375540,142.0,142.0,0.0,0.0,0.0,0.0
757,1521993039,499375890,142.0,142.0,0.0,0.0,0.0,0.0
758,1521993039,509376683,81.0,81.0,0.0,0.0,0.0,0.0
759,1521993039,519373462,0.0,0.0,0.0,0.0,0.0,0.0
760,1521993039,529374341,0.0,0.0,0.0,0.0,0.0,0.0
761,1521993039,539375616,0.0,0.0,0.0,0.0,0.0,0.0
762,1521993039,549369697,0.0,0.0,0.0,0.0,0.0,0.0
763,1521993039,559374179,0.0,0.0,0.0,0.0,0.0,0.0
764,1521993039,569377032,0.0,0.0,0.0,0.0,0.0,0.0
765,1521993039,579376247,0.0,0.0,0.0,0.0,0.0,0.0
766,1521993039,589376691,0.0,0.0,0.0,0.0,0.0,0.0
767,1521993039,599372667,0.0,0.0,0.0,0.0,0.0,0.0
768,1521993039,609375485,0.0,0.0,0.0,0.0,0.0,0.0
769,1521993039,619376433,0.0,0.0,0.0,0.0,0.0,0.0
770,1521993039,629378028,0.0,0.0,0.0,0.0,0.0,0.0
771,1521993039,639377336,0.0,0.0,0.0,0.0,0.0,0.0
772,1521993039,649376554,0.0,0.0,0.0,0.0,0.0,0.0
773,1521993039,659377101,0.0,0.0,0.0,0.0,0.0,0.0
774,1521993039,669376854,0.0,0.0,0.0,0.0,0.0,0.0
775,1521993039,679377385,0.0,0.0,0.0,0.0,0.0,0.0
776,1521993039,689377721,0.0,0.0,0.0,0.0,0.0,0.0
777,1521993039,699379451,0.0,0.0,0.0,0.0,0.0,0.0
778,1521993039,709376783,0.0,0.0,0.0,0.0,0.0,0.0
779,1521993039,719382091,0.0,0.0,0.0,0.0,0.0,0.0
780,1521993039,729389367,0.0,0.0,0.0,0.0,0.0,0.0
781,1521993039,739380592,0.0,0.0,0.0,0.0,0.0,0.0
782,1521993039,749385108,0.0,0.0,0.0,0.0,0.0,0.0
783,1521993039,759379255,0.0,0.0,0.0,0.0,0.0,0.0
784,1521993039,769374747,0.0,0.0,0.0,0.0,0.0,0.0
785,1521993039,779376843,0.0,0.0,0.0,0.0,0.0,0.0
786,1521993039,789371773,0.0,0.0,0.0,0.0,0.0,0.0
787,1521993039,799375895,0.0,0.0,0.0,0.0,0.0,0.0
788,1521993039,809374817,0.0,0.0,0.0,0.0,0.0,0.0
789,1521993039,819374347,0.0,0.0,0.0,0.0,0.0,0.0
790,1521993039,829369296,0.0,0.0,0.0,0.0,0.0,0.0
791,1521993039,839385575,0.0,0.0,0.0,0.0,0.0,0.0
792,1521993039,849324552,0.0,0.0,0.0,0.0,0.0,0.0
793,1521993039,859374417,0.0,0.0,0.0,0.0,0.0,0.0
794,1521993039,869375454,0.0,0.0,0.0,0.0,0.0,0.0
795,1521993039,879375489,0.0,0.0,0.0,0.0,0.0,0.0
796,1521993039,889373745,0.0,0.0,0.0,0.0,0.0,0.0
797,1521993039,899371920,0.0,0.0,0.0,0.0,0.0,0.0
798,1521993039,909374172,0.0,0.0,0.0,0.0,0.0,0.0
799,1521993039,919375013,0.0,0.0,0.0,0.0,0.0,0.0
800,1521993039,929374626,0.0,0.0,0.0,0.0,0.0,0.0
801,1521993039,939368867,0.0,0.0,0.0,0.0,0.0,0.0
802,1521993039,949372600,0.0,0.0,0.0,0.0,0.0,0.0
803,1521993039,959400694,0.0,0.0,0.0,0.0,0.0,0.0
804,1521993039,969374145,0.0,0.0,0.0,0.0,0.0,0.0
805,1521993039,979374949,0.0,0.0,0.0,0.0,0.0,0.0
806,1521993039,989374312,0.0,0.0,0.0,0.0,0.0,0.0
807,1521993039,999374326,0.0,0.0,0.0,0.0,0.0,0.0
808,1521993040,9374071,0.0,0.0,0.0,0.0,0.0,0.0
809,1521993040,19375006,0.0,0.0,0.0,0.0,0.0,0.0
810,1521993040,29375378,0.0,0.0,0.0,0.0,0.0,0.0
811,1521993040,39367188,0.0,0.0,0.0,0.0,0.0,0.0
812,1521993040,49372406,0.0,0.0,0.0,0.0,0.0,0.0
813,1521993040,59374562,0.0,0.0,0.0,0.0,0.0,0.0
814,1521993040,69369486,0.0,0.0,0.0,0.0,0.0,0.0
815,1521993040,79367891,0.0,0.0,0.0,0.0,0.0,0.0
816,1521993040,89375548,0.0,0.0,0.0,0.0,0.0,0.0
817,1521993040,99375585,0.0,0.0,0.0,0.0,0.0,0.0
818,1521993040,109373130,0.0,0.0,0.0,0.0,0.0,0.0
819,1521993040,119373283,0.0,0.0,0.0,0.0,0.0,0.0
820,1521993040,129375421,0.0,0.0,0.0,0.0,0.0,0.0
821,1521993040,139375946,0.0,0.0,0.0,0.0,0.0,0.0
822,1521993040,149378123,0.0,0.0,0.0,0.0,0.0,0.0
823,1521993040,159382476,0.0,0.0,0.0,0.0,0.0,0.0
824,1521993040,169378467,0.0,0.0,0.0,0.0,0.0,0.0
825,1521993040,179371446,0.0,0.0,0.0,0.0,0.0,0.0
826,1521993040,189376186,0.0,0.0,0.0,0.0,0.0,0.0
827,1521993040,199374931,0.0,0.0,0.0,0.0,0.0,0.0
828,1521993040,209375237,0.0,0.0,0.0,0.0,0.0,0.0
829,1521993040,219375004,0.0,0.0,0.0,0.0,0.0,0.0
830,1521993040,229375505,0.0,0.0,0.0,0.0,0.0,0.0
831,1521993040,239374340,0.0,0.0,0.0,0.0,0.0,0.0
832,1521993040,249373505,0.0,0.0,0.0,0.0,0.0,0.0
833,1521993040,259376246,0.0,0.0,0.0,0.0,0.0,0.0
834,1521993040,269377998,0.0,0.0,0.0,0.0,0.0,0.0
835,1521993040,279368724,0.0,0.0,0.0,0.0,0.0,0.0
836,1521993040,289373848,0.0,0.0,0.0,0.0,0.0,0.0
837,1521993040,299375685,0.0,0.0,0.0,0.0,0.0,0.0
838,1521993040,309366685,0.0,0.0,0.0,0.0,0.0,0.0
839,1521993040,319374968,0.0,0.0,0.0,0.0,0.0,0.0
840,1521993040,329375204,0.0,0.0,0.0,0.0,0.0,0.0
841,1521993040,339374691,0.0,0.0,0.0,0.0,0.0,0.0
842,1521993040,349372825,0.0,0.0,0.0,0.0,0.0,0.0
843,1521993040,359376782,0.0,0.0,0.0,0.0,0.0,0.0
844,1521993040,369374809,0.0,0.0,0.0,0.0,0.0,0.0
845,1521993040,379374364,0.0,0.0,0.0,0.0,0.0,0.0
846,1521993040,389375297,0.0,0.0,0.0,0.0,0.0,0.0
847,1521993040,399373987,0.0,0.0,0.0,0.0,0.0,0.0
848,1521993040,409373228,0.0,0.0,0.0,0.0,0.0,0.0
849,1521993040,419368264,0.0,0.0,0.0,0.0,0.0,0.0
850,1521993040,429375650,0.0,0.0,0.0,0.0,0.0,0.0
851,1521993040,439374178,0.0,0.0,0.0,0.0,0.0,0.0
852,1521993040,449373381,0.0,0.0,0.0,0.0,0.0,0.0
853,1521993040,459375469,0.0,0.0,0.0,0.0,0.0,0.0
854,1521993040,469375906,0.0,0.0,0.0,0.0,0.0,0.0
855,1521993040,479376088,0.0,0.0,0.0,0.0,0.0,0.0
856,1521993040,489377422,0.0,0.0,0.0,0.0,0.0,0.0
857,1521993040,499375639,0.0,0.0,0.0,0.0,0.0,0.0
