1,1521992896,775840339,0.0,0.0
2,1521992896,779171846,0.0,0.0
3,1521992896,782511267,0.0,0.0
4,1521992896,785826972,0.0,0.0
5,1521992896,789160437,0.0,0.0
6,1521992896,792492384,0.0,0.0
7,1521992896,795825439,0.0,0.0
8,1521992896,799159322,0.0,0.0
9,1521992896,802491960,0.0,0.0
10,1521992896,805825356,0.0,0.0
11,1521992896,809158698,0.0,0.0
12,1521992896,812492844,0.0,0.0
13,1521992896,815826108,0.0,0.0
14,1521992896,819160414,0.0,0.0
15,1521992896,822492540,0.0,0.0
16,1521992896,825825832,0.0,0.0
17,1521992896,829159297,0.0,0.0
18,1521992896,832492494,0.0,0.0
19,1521992896,835825931,0.0,0.0
20,1521992896,839159945,0.0,0.0
21,1521992896,842491351,0.0,0.0
22,1521992896,845825657,0.0,0.0
23,1521992896,849158903,0.0,0.0
24,1521992896,852492264,0.0,0.0
25,1521992896,855825857,0.0,0.0
26,1521992896,859159833,0.0,0.0
27,1521992896,862496538,0.0,0.0
28,1521992896,865826291,0.0,0.0
29,1521992896,869158806,0.0,0.0
30,1521992896,872492275,0.0,0.0
31,1521992896,875825591,0.0,0.0
32,1521992896,879159802,0.0,0.0
33,1521992896,882492333,0.0,0.0
34,1521992896,885825563,0.0,0.0
35,1521992896,889159512,0.0,0.0
36,1521992896,892491727,0.0,0.0
37,1521992896,895825413,0.0,0.0
38,1521992896,899160018,0.0,0.0
39,1521992896,902492098,0.0,0.0
40,1521992896,905825295,0.0,0.0
41,1521992896,909159409,0.0,0.0
42,1521992896,912492189,0.0,0.0
43,1521992896,915825590,0.0,0.0
44,1521992896,919159176,0.0,0.0
45,1521992896,922505175,0.0,0.0
46,1521992896,925824936,0.0,0.0
47,1521992896,929159017,0.0,0.0
48,1521992896,932492465,0.0,0.0
49,1521992896,935825517,0.0,0.0
50,1521992896,939158727,0.0,0.0
51,1521992896,942492795,0.0,0.0
52,1521992896,945825964,0.0,0.0
53,1521992896,949159529,0.0,0.0
54,1521992896,952492680,0.0,0.0
55,1521992896,955825862,0.0,0.0
56,1521992896,959159553,0.0,0.0
57,1521992896,962492008,0.0,0.0
58,1521992896,965826012,0.0,0.0
59,1521992896,969159670,0.0,0.0
60,1521992896,972492128,0.0,0.0
61,1521992896,975824789,0.0,0.0
62,1521992896,979159181,0.0,0.0
63,1521992896,982491874,0.0,0.0
64,1521992896,985825478,0.0,0.0
65,1521992896,989158925,0.0,0.0
66,1521992896,992492614,0.0,0.0
67,1521992896,995826119,0.0,0.0
68,1521992896,999159765,0.0,0.0
69,1521992897,2492393,0.0,0.0
70,1521992897,5825876,0.0,0.0
71,1521992897,9159099,0.0,0.0
72,1521992897,12492804,0.0,0.0
73,1521992897,15825527,0.0,0.0
74,1521992897,19161202,0.0,0.0
75,1521992897,22492943,0.0,0.0
76,1521992897,25825742,0.0,0.0
77,1521992897,29159123,0.0,0.0
78,1521992897,32492495,0.0,0.0
79,1521992897,35825836,0.0,0.0
80,1521992897,39160411,0.0,0.0
81,1521992897,42491305,0.0,0.0
82,1521992897,45825784,0.0,0.0
83,1521992897,49159223,0.0,0.0
84,1521992897,52491651,0.0,0.0
85,1521992897,55825595,0.0,0.0
86,1521992897,59160279,0.0,0.0
87,1521992897,62492847,0.0,0.0
88,1521992897,65825479,0.0,0.0
89,1521992897,69159011,0.0,0.0
90,1521992897,72491816,0.0,0.0
91,1521992897,75826454,0.0,0.0
92,1521992897,79160325,0.0,0.0
93,1521992897,82491901,0.0,0.0
94,1521992897,85825457,0.0,0.0
95,1521992897,89133032,0.0,0.0
96,1521992897,92492040,0.0,0.0
97,1521992897,95825861,0.0,0.0
98,1521992897,99159519,0.0,0.0
99,1521992897,102492444,0.0,0.0
100,1521992897,105825683,0.0,0.0
101,1521992897,109158936,0.0,0.0
102,1521992897,112502202,0.0,0.0
103,1521992897,115825442,0.0,0.0
104,1521992897,119159803,0.0,0.0
105,1521992897,122502566,0.0,0.0
106,1521992897,125825733,0.0,0.0
107,1521992897,129159174,0.0,0.0
108,1521992897,132505209,0.0,0.0
109,1521992897,135825092,0.0,0.0
110,1521992897,139160153,0.0,0.0
111,1521992897,142502214,0.0,0.0
112,1521992897,145825131,0.0,0.0
113,1521992897,149158458,0.0,0.0
114,1521992897,152502607,0.0,0.0
115,1521992897,155825758,0.0,0.0
116,1521992897,159159771,0.0,0.0
117,1521992897,162492609,0.0,0.0
118,1521992897,165826346,0.0,0.0
119,1521992897,169159274,0.0,0.0
120,1521992897,172491838,0.0,0.0
121,1521992897,175825113,0.0,0.0
122,1521992897,179158807,0.0,0.0
123,1521992897,182492342,0.0,0.0
124,1521992897,185825389,0.0,0.0
125,1521992897,189159123,0.0,0.0
126,1521992897,192492194,0.0,0.0
127,1521992897,195825587,0.0,0.0
128,1521992897,199159061,0.0,0.0
129,1521992897,202502949,0.0,0.0
130,1521992897,205825737,0.0,0.0
131,1521992897,209159312,0.0,0.0
132,1521992897,212492248,0.0,0.0
133,1521992897,215825528,0.0,0.0
134,1521992897,219158992,0.0,0.0
135,1521992897,222491720,0.0,0.0
136,1521992897,225824666,0.0,0.0
137,1521992897,229158923,0.0,0.0
138,1521992897,232492305,0.0,0.0
139,1521992897,235825608,0.0,0.0
140,1521992897,239159831,0.0,0.0
141,1521992897,242491309,0.0,0.0
142,1521992897,245825427,0.0,0.0
143,1521992897,249159425,0.0,0.0
144,1521992897,252502640,0.0,0.0
145,1521992897,255825734,0.0,0.0
146,1521992897,259160157,0.0,0.0
147,1521992897,262492302,0.0,0.0
148,1521992897,265825381,0.0,0.0
149,1521992897,269158906,0.0,0.0
150,1521992897,272492120,0.0,0.0
151,1521992897,275825921,0.0,0.0
152,1521992897,279159129,0.0,0.0
153,1521992897,282492377,0.0,0.0
154,1521992897,285825911,0.0,0.0
155,1521992897,289158484,0.0,0.0
156,1521992897,292491421,0.0,0.0
157,1521992897,295826195,0.0,0.0
158,1521992897,299159983,0.0,0.0
159,1521992897,302492498,0.0,0.0
160,1521992897,305825716,0.0,0.0
161,1521992897,309159100,0.0,0.0
162,1521992897,312505940,0.0,0.0
163,1521992897,315825852,0.0,0.0
164,1521992897,319159539,0.0,0.0
165,1521992897,322492051,0.0,0.0
166,1521992897,325825986,0.0,0.0
167,1521992897,329159157,0.0,0.0
168,1521992897,332491994,0.0,0.0
169,1521992897,335826382,0.0,0.0
170,1521992897,339159847,0.0,0.0
171,1521992897,342492197,0.0,0.0
172,1521992897,345825925,0.0,0.0
173,1521992897,349158628,0.0,0.0
174,1521992897,352492296,0.0,0.0
175,1521992897,355825706,0.0,0.0
176,1521992897,359160197,0.0,0.0
177,1521992897,362493351,0.0,0.0
178,1521992897,365825419,0.0,0.0
179,1521992897,369161302,0.0,0.0
180,1521992897,372492835,0.0,0.0
181,1521992897,375826273,0.0,0.0
182,1521992897,379159576,0.0,0.0
183,1521992897,382493015,0.0,0.0
184,1521992897,385825607,0.0,0.0
185,1521992897,389159448,0.0,0.0
186,1521992897,392504791,0.0,0.0
187,1521992897,395825818,0.0,0.0
188,1521992897,399159673,0.0,0.0
189,1521992897,402492624,0.0,0.0
190,1521992897,405825665,0.0,0.0
191,1521992897,409155150,0.0,0.0
192,1521992897,412492729,0.0,0.0
193,1521992897,415826102,0.0,0.0
194,1521992897,419147730,0.0,0.0
195,1521992897,422492657,0.0,0.0
196,1521992897,425825005,0.0,0.0
197,1521992897,429158706,0.0,0.0
198,1521992897,432492574,0.0,0.0
199,1521992897,435825140,0.0,0.0
200,1521992897,439159957,0.0,0.0
201,1521992897,442493565,0.0,0.0
202,1521992897,445825704,0.0,0.0
203,1521992897,449159941,0.0,0.0
204,1521992897,452491631,0.0,0.0
205,1521992897,455825740,0.0,0.0
206,1521992897,459158743,0.0,0.0
207,1521992897,462492183,0.0,0.0
208,1521992897,465825819,0.0,0.0
209,1521992897,469160671,0.0,0.0
210,1521992897,472492383,0.0,0.0
211,1521992897,475824911,0.0,0.0
212,1521992897,479158927,0.0,0.0
213,1521992897,482493160,0.0,0.0
214,1521992897,485825386,0.0,0.0
215,1521992897,489159490,0.0,0.0
216,1521992897,492491998,0.0,0.0
217,1521992897,495825439,0.0,0.0
218,1521992897,499169587,0.0,0.0
219,1521992897,502492437,0.0,0.0
220,1521992897,505825655,0.0,0.0
221,1521992897,509159478,0.0,0.0
222,1521992897,512492487,0.0,0.0
223,1521992897,515825895,0.0,0.0
224,1521992897,519159505,0.0,0.0
225,1521992897,522492339,0.0,0.0
226,1521992897,525825721,0.0,0.0
227,1521992897,529158426,0.0,0.0
228,1521992897,532492176,0.0,0.0
229,1521992897,535825169,0.0,0.0
230,1521992897,539159876,0.0,0.0
231,1521992897,542492778,0.0,0.0
232,1521992897,545825982,0.0,0.0
233,1521992897,549159300,0.0,0.0
234,1521992897,552492577,0.0,0.0
235,1521992897,555825861,0.0,0.0
236,1521992897,559158736,0.0,0.0
237,1521992897,562492465,0.0,0.0
238,1521992897,565825476,0.0,0.0
239,1521992897,569159029,0.0,0.0
240,1521992897,572492404,0.0,0.0
241,1521992897,575824683,0.0,0.0
242,1521992897,579158056,0.0,0.0
243,1521992897,582492111,0.0,0.0
244,1521992897,585824574,0.0,0.0
245,1521992897,589159109,0.0,0.0
246,1521992897,592519547,0.0,0.0
247,1521992897,595825635,0.0,0.0
248,1521992897,599157804,0.0,0.0
249,1521992897,602492546,0.0,0.0
250,1521992897,605825650,0.0,0.0
251,1521992897,609158897,0.0,0.0
252,1521992897,612491545,0.0,0.0
253,1521992897,615825812,0.0,0.0
254,1521992897,619161299,0.0,0.0
255,1521992897,622492253,0.0,0.0
256,1521992897,625825473,0.0,0.0
257,1521992897,629159006,0.0,0.0
258,1521992897,632492309,0.0,0.0
259,1521992897,635825340,0.0,0.0
260,1521992897,639159768,0.0,0.0
261,1521992897,642492352,0.0,0.0
262,1521992897,645825512,0.0,0.0
263,1521992897,649157885,0.0,0.0
264,1521992897,652502631,0.0,0.0
265,1521992897,655825358,0.0,0.0
266,1521992897,659159768,0.0,0.0
267,1521992897,662492054,0.0,0.0
268,1521992897,665828948,0.0,0.0
269,1521992897,669157992,0.0,0.0
270,1521992897,672492471,0.0,0.0
271,1521992897,675826423,0.0,0.0
272,1521992897,679160049,0.0,0.0
273,1521992897,682492560,0.0,0.0
274,1521992897,685825597,0.0,0.0
275,1521992897,689158913,0.0,0.0
276,1521992897,692493617,0.0,0.0
277,1521992897,695824978,0.0,0.0
278,1521992897,699157797,0.0,0.0
279,1521992897,702493681,0.0,0.0
280,1521992897,705827366,0.0,0.0
281,1521992897,709159140,0.0,0.0
282,1521992897,712491823,0.0,0.0
283,1521992897,715825095,0.0,0.0
284,1521992897,719158763,0.0,0.0
285,1521992897,722492745,0.0,0.0
286,1521992897,725825830,0.0,0.0
287,1521992897,729158762,0.0,0.0
288,1521992897,732492498,0.0,0.0
289,1521992897,735825731,0.0,0.0
290,1521992897,739159048,0.0,0.0
291,1521992897,742492424,0.0,0.0
292,1521992897,745826188,0.0,0.0
293,1521992897,749161489,0.0,0.0
294,1521992897,752491604,0.0,0.0
295,1521992897,755825701,0.0,0.0
296,1521992897,759159021,0.0,0.0
297,1521992897,762502983,0.0,0.0
298,1521992897,765825609,0.0,0.0
299,1521992897,769158871,0.0,0.0
300,1521992897,772492162,0.0,0.0
301,1521992897,775825611,0.0,0.0
302,1521992897,779159249,0.0,0.0
303,1521992897,782502352,0.0,0.0
304,1521992897,785825002,0.0,0.0
305,1521992897,789159444,0.0,0.0
306,1521992897,792492418,0.0,0.0
307,1521992897,795784515,0.0,0.0
308,1521992897,799159766,0.0,0.0
309,1521992897,802492285,0.0,0.0
310,1521992897,805825227,0.0,0.0
311,1521992897,809159195,0.0,0.0
312,1521992897,812491772,0.0,0.0
313,1521992897,815824907,0.0,0.0
314,1521992897,819158676,0.0,0.0
315,1521992897,822492403,0.0,0.0
316,1521992897,825825581,0.0,0.0
317,1521992897,829158817,0.0,0.0
318,1521992897,832492533,0.0,0.0
319,1521992897,835825082,0.0,0.0
320,1521992897,839158433,0.0,0.0
321,1521992897,842492376,0.0,0.0
322,1521992897,845826738,0.0,0.0
323,1521992897,849159924,0.0,0.0
324,1521992897,852492003,0.0,0.0
325,1521992897,855825741,0.0,0.0
326,1521992897,859158235,0.0,0.0
327,1521992897,862502534,0.0,0.0
328,1521992897,865825973,0.0,0.0
329,1521992897,869159259,0.0,0.0
330,1521992897,872491578,0.0,0.0
331,1521992897,875825442,0.0,0.0
332,1521992897,879159406,0.0,0.0
333,1521992897,882492088,0.0,0.0
334,1521992897,885825622,0.0,0.0
335,1521992897,889158919,0.0,0.0
336,1521992897,892492512,0.0,0.0
337,1521992897,895825365,0.0,0.0
338,1521992897,899159809,0.0,0.0
339,1521992897,902492725,0.0,0.0
340,1521992897,905825606,0.0,0.0
341,1521992897,909158627,0.0,0.0
342,1521992897,912491735,0.0,0.0
343,1521992897,915825395,0.0,0.0
344,1521992897,919158851,0.0,0.0
345,1521992897,922491847,0.0,0.0
346,1521992897,925825280,0.0,0.0
347,1521992897,929158993,0.0,0.0
348,1521992897,932492262,0.0,0.0
349,1521992897,935825892,0.0,0.0
350,1521992897,939159982,0.0,0.0
351,1521992897,942494145,0.0,0.0
352,1521992897,945825504,0.0,0.0
353,1521992897,949158510,0.0,0.0
354,1521992897,952492392,0.0,0.0
355,1521992897,955825477,0.0,0.0
356,1521992897,959159348,0.0,0.0
357,1521992897,962496527,0.0,0.0
358,1521992897,965826423,0.0,0.0
359,1521992897,969159172,0.0,0.0
360,1521992897,972493465,0.0,0.0
361,1521992897,975835034,0.0,0.0
362,1521992897,979161731,0.0,0.0
363,1521992897,982493455,0.0,0.0
364,1521992897,985825518,0.0,0.0
365,1521992897,989158661,0.000352503504748,0.000702114184134
366,1521992897,992493615,0.000352301901371,0.00105256894776
367,1521992897,995827901,0.000352377475608,0.00105279474017
368,1521992897,999161291,0.000704956583417,0.00245722387738
369,1521992898,2492747,0.000705360194143,0.00245863071851
370,1521992898,5825512,0.00141011488558,0.00280865764195
371,1521992898,9160087,0.00246646596415,0.00280725190739
372,1521992898,12494204,0.00352402674226,0.00280765340223
373,1521992898,15826096,0.00458418511291,0.00280946155111
374,1521992898,19160521,0.00634234105068,0.00280725190739
375,1521992898,22491685,0.0077595174578,0.00281006478505
376,1521992898,25826575,0.00880754753428,0.00280685052737
377,1521992898,29166559,0.00879497250924,0.00350355378862
378,1521992898,32492718,0.00883090638015,0.00422144203033
379,1521992898,35826119,0.00881132705689,0.00561611002386
380,1521992898,39160492,0.0088094368902,0.00666770002108
381,1521992898,42493158,0.00881384854124,0.00737325376227
382,1521992898,45826689,0.00881132705689,0.0077221512828
383,1521992898,49159495,0.00881321803487,0.0080748907206
384,1521992898,52492718,0.0088125876187,0.00807431311754
385,1521992898,55825985,0.00916443558442,0.00877579956208
386,1521992898,59160206,0.0102189467926,0.00877328950143
387,1521992898,62494598,0.0119808341707,0.00947515266154
388,1521992898,65826536,0.0130463625405,0.0112370421227
389,1521992898,69159356,0.0144547116076,0.0129909709145
390,1521992898,72492330,0.0158626577137,0.0140422836827
391,1521992898,75825767,0.0162140014186,0.0154454072293
392,1521992898,79160057,0.0169141188292,0.0161428526826
393,1521992898,82491467,0.0172813247565,0.01650794911
394,1521992898,85825528,0.0176201337113,0.0164949637381
395,1521992898,89159262,0.0186786774518,0.0164961433822
396,1521992898,92492503,0.0200912626274,0.0182536630891
397,1521992898,95827099,0.0221981936774,0.0196507633517
398,1521992898,99159678,0.0243262219738,0.0210664393208
399,1521992898,102492662,0.0260871253832,0.0210649323146
400,1521992898,105826964,0.0264283106706,0.0210558948034
401,1521992898,109159582,0.027146653507,0.0214175466428
402,1521992898,112493763,0.0274854430974,0.0221086895436
403,1521992898,115825600,0.0278577403015,0.0228268751028
404,1521992898,119160420,0.029243148402,0.0249125794269
405,1521992898,122492336,0.0306787772941,0.0263387020417
406,1521992898,125825715,0.0317230462538,0.0273804946337
407,1521992898,129158867,0.0327804811289,0.0284335905811
408,1521992898,132492031,0.0327828259416,0.0284356244574
409,1521992898,135825407,0.0327804811289,0.0294866865286
410,1521992898,139158924,0.0338354958985,0.0298355845017
411,1521992898,142491838,0.0338427572539,0.0308952340614
412,1521992898,145825053,0.0352478291709,0.0326459743709
413,1521992898,149158872,0.0373573549035,0.035098177409
414,1521992898,152491558,0.0377232717565,0.0361640541673
415,1521992898,155826147,0.0387587508653,0.0368451812845
416,1521992898,159159999,0.0405292057916,0.0382570133758
417,1521992898,162492584,0.041248811173,0.0393240200655
418,1521992898,165825935,0.042297395005,0.0407197099681
419,1521992898,169159348,0.0440566352845,0.0421208251789
420,1521992898,172491683,0.0454827123512,0.0431892904123
421,1521992898,175826029,0.0472185817315,0.0438664475071
422,1521992898,179159107,0.0482929801505,0.0452863648767
423,1521992898,182492095,0.0511166646022,0.0456406866816
424,1521992898,185824892,0.0532318369306,0.0463428510921
425,1521992898,189158826,0.0563844278762,0.0470281944874
426,1521992898,192492544,0.0574498524109,0.0477369352028
427,1521992898,195825274,0.0585197677515,0.0484493443236
428,1521992898,199159818,0.0584904785785,0.0505305343331
429,1521992898,202492351,0.0585281414752,0.0533721312412
430,1521992898,205825809,0.0578023054932,0.0565121071151
431,1521992898,209158787,0.0578105747787,0.0596797056514
432,1521992898,212491993,0.0578105747787,0.0624881623879
433,1521992898,215825244,0.0595688312988,0.0642388527944
434,1521992898,219160767,0.0605872642871,0.0659515576594
435,1521992898,222493134,0.0631116706269,0.0677685613787
436,1521992898,225825991,0.0666279283436,0.0698653588434
437,1521992898,229159278,0.07014318005,0.0705574284791
438,1521992898,232492358,0.0743782395018,0.0705624755055
439,1521992898,235825656,0.0768457640351,0.0705624755055
440,1521992898,239159588,0.0796430043751,0.0701913350558
441,1521992898,242492509,0.0817866633636,0.0702164410487
442,1521992898,245825153,0.0821450684044,0.0702214644026
443,1521992898,249158295,0.0821274419681,0.0723125883915
444,1521992898,252492214,0.081763267336,0.0751100996552
445,1521992898,255827824,0.0817165154142,0.0796273060819
446,1521992898,259163773,0.0820628763691,0.0824276632767
447,1521992898,262496348,0.0839138413921,0.086729713267
448,1521992898,265830466,0.0859801040484,0.0887856897544
449,1521992898,269163968,0.0909328952271,0.0916127947642
450,1521992898,272496106,0.0934401641414,0.0920032823798
451,1521992898,275829485,0.0972840085116,0.0919703794106
452,1521992898,279159600,0.0973815223742,0.0917111832457
453,1521992898,282492256,0.0973048878953,0.0919901183674
454,1521992898,285826771,0.0968968771632,0.0919374999671
455,1521992898,289159293,0.0969523339536,0.0944478696215
456,1521992898,292492128,0.0969453983836,0.0979519352629
457,1521992898,295826117,0.0993775541318,0.100022652454
458,1521992898,299159773,0.104326112354,0.102494007935
459,1521992898,302492663,0.110341489797,0.104622497163
460,1521992898,305826232,0.113842345575,0.104600049194
461,1521992898,309159127,0.113866777011,0.104973579368
462,1521992898,312492073,0.113858632034,0.106019241804
463,1521992898,315826563,0.114514491193,0.106675572481
464,1521992898,319160047,0.113850488222,0.109521978535
465,1521992898,322492431,0.113883070461,0.112713514003
466,1521992898,325825573,0.114555444805,0.11303229836
467,1521992898,329159150,0.119129141809,0.116183276119
468,1521992898,332493001,0.120882761622,0.116525948998
469,1521992898,335825611,0.124098987461,0.118323167518
470,1521992898,339160552,0.12472378957,0.12070320173
471,1521992898,342491608,0.125563100681,0.122589076248
472,1521992898,345825298,0.126530656537,0.126713482413
473,1521992898,349161324,0.12924859799,0.131173374331
474,1521992898,352492932,0.131540262319,0.131351726565
475,1521992898,355825990,0.135723557737,0.131655826966
476,1521992898,359158854,0.136781143901,0.132006909172
477,1521992898,362493452,0.13775989187,0.132282287943
478,1521992898,365826266,0.138543787508,0.132357991377
479,1521992898,369159613,0.138523968641,0.135147313256
480,1521992898,372491738,0.140689152802,0.139409553835
481,1521992898,375825919,0.143075485736,0.141084583462
482,1521992898,379159757,0.14484785722,0.144253509151
483,1521992898,382492967,0.145573534476,0.144976208766
484,1521992898,385826295,0.145926012767,0.14989065652
485,1521992898,389159664,0.145926012767,0.15269891238
486,1521992898,392492623,0.149472177871,0.156582663539
487,1521992898,395825575,0.154044031575,0.158677805614
488,1521992898,399159961,0.157160354121,0.158972005766
489,1521992898,402492374,0.157250307819,0.161169791051
490,1521992898,405825339,0.157569066622,0.163241547811
491,1521992898,409159217,0.158944972278,0.16566339737
492,1521992898,412492659,0.160013699353,0.167781286963
493,1521992898,415825354,0.163937582867,0.168882621888
494,1521992898,419160501,0.164865503632,0.171556473939
495,1521992898,422491808,0.166829625343,0.175980307164
496,1521992898,425825373,0.168120120245,0.180768541393
497,1521992898,429158412,0.168849178774,0.180794402415
498,1521992898,432492378,0.171620102348,0.183550341171
499,1521992898,435825494,0.175546745365,0.185709201703
500,1521992898,439159977,0.176188737804,0.18634466901
501,1521992898,442506755,0.176927731456,0.188088377485
502,1521992898,445824844,0.178820111602,0.18972369355
503,1521992898,449160122,0.178604295601,0.189098035691
504,1521992898,452491871,0.183733181416,0.193515511597
505,1521992898,455825903,0.183601793272,0.195131911455
506,1521992898,459158579,0.183667463847,0.198010363757
507,1521992898,462492462,0.186786774518,0.199708629457
508,1521992898,465825295,0.190365509553,0.202925514631
509,1521992898,469158857,0.191382023676,0.203232981488
510,1521992898,472491541,0.191436790316,0.206802212666
511,1521992898,475825612,0.194526276173,0.212679745219
512,1521992898,479159355,0.195245043552,0.213396918647
513,1521992898,482492210,0.197416083981,0.21696880284
514,1521992898,485825315,0.198811976678,0.221165968002
515,1521992898,489158540,0.199502713107,0.222203244912
516,1521992898,492491992,0.203027496024,0.225011500772
517,1521992898,495825448,0.203012975391,0.225697421584
518,1521992898,499159844,0.205788445755,0.226350869137
519,1521992898,502492215,0.206611390991,0.228236087545
520,1521992898,505825584,0.211839453317,0.230628012491
521,1521992898,509158638,0.213617123877,0.231697680764
522,1521992898,512492096,0.214643927106,0.233770579743
523,1521992898,515824882,0.21576301229,0.234188583783
524,1521992898,519159621,0.217738141114,0.236844945256
525,1521992898,522491523,0.218630366923,0.238101866457
526,1521992898,525825294,0.22132470641,0.241826442348
527,1521992898,529131792,0.223854594255,0.248060601422
528,1521992898,532492222,0.221679534816,0.246538025269
529,1521992898,535827133,0.224768613075,0.252967403779
530,1521992898,539159863,0.227044738422,0.255606130425
531,1521992898,542494501,0.228307953789,0.257897829278
532,1521992898,545828366,0.229078119691,0.258673567504
533,1521992898,549161745,0.234750542278,0.25871057109
534,1521992898,552494599,0.236194243335,0.25980083188
535,1521992898,555825761,0.237017987802,0.259930992618
536,1521992898,559158681,0.237956886941,0.25980083188
537,1521992898,562492022,0.242135267523,0.262553143615
538,1521992898,565825575,0.243562499571,0.263976050827
539,1521992898,569158878,0.245324891029,0.268188434617
540,1521992898,572491131,0.245395099197,0.268265185976
541,1521992898,575825685,0.247351300976,0.272303435017
542,1521992898,579158726,0.247809963838,0.279792502377
543,1521992898,582491945,0.250629991876,0.287866815495
544,1521992898,585825413,0.251299047663,0.289580673105
545,1521992898,589158803,0.252021978572,0.292409641409
546,1521992898,592493171,0.252302272535,0.292676937768
547,1521992898,595825190,0.254580371736,0.294270040589
548,1521992898,599158197,0.257327558466,0.296292185705
549,1521992898,602491951,0.259053015473,0.296951817511
550,1521992898,605825227,0.259424022698,0.297324089163
551,1521992898,609158539,0.262596327323,0.298377185111
552,1521992898,612491113,0.263710348354,0.300196760321
553,1521992898,615825793,0.265654625243,0.301758004326
554,1521992898,619160199,0.267806881462,0.303204885169
555,1521992898,622492030,0.270819551286,0.305528943683
556,1521992898,625824941,0.271447115474,0.308250176204
557,1521992898,629158739,0.27383646,0.308161997651
558,1521992898,632491964,0.274933067533,0.308908144585
559,1521992898,635825155,0.276010244218,0.308228126835
560,1521992898,639158807,0.275970763422,0.308184037559
561,1521992898,642491735,0.280240286275,0.311036583571
562,1521992898,645825289,0.280200200409,0.31415115446
563,1521992898,649158783,0.285154937992,0.317332912165
564,1521992898,652491928,0.286917329451,0.31803497613
565,1521992898,655827935,0.290213777374,0.322344776814
566,1521992898,659159636,0.292703532775,0.324516030336
567,1521992898,662494751,0.293467483842,0.324191235911
568,1521992898,665827695,0.296102943988,0.32613203853
569,1521992898,669160867,0.298570468522,0.327887323991
570,1521992898,672493982,0.298217965017,0.327185209807
571,1521992898,675825502,0.298698665374,0.328028108587
572,1521992898,679159435,0.302735545869,0.330624831193
573,1521992898,682493147,0.303792829499,0.330624831193
574,1521992898,685826299,0.304210524598,0.331748952003
575,1521992898,689159809,0.310511165485,0.336615594555
576,1521992898,692493132,0.31159080987,0.339798959044
577,1521992898,695825459,0.312032561479,0.342354131317
578,1521992898,699159201,0.315093055554,0.345741773344
579,1521992898,702492564,0.316173027663,0.345766502746
580,1521992898,705825568,0.317958161283,0.345791235686
581,1521992898,709159377,0.318242372433,0.345717047478
582,1521992898,712502606,0.317334599852,0.344730904578
583,1521992898,715824953,0.319715163824,0.344819492322
584,1521992898,719158869,0.318924420175,0.343586585098
585,1521992898,722502497,0.325745512667,0.347505968345
586,1521992898,725825299,0.32777893877,0.349675231403
587,1521992898,729158760,0.32672400727,0.348900835232
588,1521992898,732491427,0.337041568217,0.357076146487
589,1521992898,735825259,0.336921049885,0.356948464249
590,1521992898,739158571,0.336969246873,0.355595398256
591,1521992898,742491999,0.33837916004,0.355595398256
592,1521992898,745825570,0.338707412067,0.355569965885
593,1521992898,749157927,0.338828578058,0.355697164128
594,1521992898,752491966,0.339011372606,0.355519112057
595,1521992898,755824916,0.341952859753,0.357401684938
596,1521992898,759159585,0.343871239041,0.357899028386
597,1521992898,762492320,0.344420560803,0.358454931554
598,1521992898,765825115,0.345502862817,0.361289434351
599,1521992898,769158629,0.347518739124,0.361537082786
600,1521992898,772491973,0.351420856833,0.361562941958
601,1521992898,775825936,0.352050271552,0.361836332212
602,1521992898,779159400,0.353535726584,0.362967069888
603,1521992898,782492329,0.354971029281,0.363695147382
604,1521992898,785825104,0.356432035008,0.36444940025
605,1521992898,789158786,0.358419150348,0.364319081505
606,1521992898,792492464,0.361969315497,0.364345137798
607,1521992898,795826035,0.363731580908,0.36715319281
608,1521992898,799159565,0.366198752484,0.36715319281
609,1521992898,802492651,0.369776176481,0.367907832486
610,1521992898,805825911,0.373626989211,0.369987709537
611,1521992898,809158917,0.375443088285,0.370391726532
612,1521992898,812491913,0.37717875008,0.373173688867
613,1521992898,815825690,0.378507539306,0.373444607632
614,1521992898,819160176,0.38018811076,0.378979007498
615,1521992898,822492839,0.381815918807,0.379195907774
616,1521992898,825825634,0.383551248878,0.380924192689
617,1521992898,829159182,0.385936125092,0.380842460993
618,1521992898,832491317,0.388217436678,0.385922165402
619,1521992898,835825773,0.389729488022,0.386375669643
620,1521992898,839158706,0.394098918308,0.387567029642
621,1521992898,842492308,0.395099905231,0.388564612276
622,1521992898,845824365,0.396327337717,0.389433741066
623,1521992898,849159256,0.399186592042,0.393338049825
624,1521992898,852491465,0.400558590433,0.394349946994
625,1521992898,855825152,0.403177490657,0.396609404722
626,1521992898,859159033,0.406701769421,0.396609404722
627,1521992898,862492197,0.41207659705,0.397747685312
628,1521992898,865824817,0.413545773555,0.397804595841
629,1521992898,869158502,0.418684317221,0.398013331818
630,1521992898,872491149,0.419891744505,0.398155703163
631,1521992898,875825104,0.420063987678,0.399388696467
632,1521992898,879159683,0.423175088993,0.400033396803
633,1521992898,882491954,0.423447577781,0.400290984309
634,1521992898,885824409,0.425563052774,0.402046646521
635,1521992898,889158432,0.427464443836,0.405705916622
636,1521992898,892491842,0.427908646134,0.405792971751
637,1521992898,895825533,0.429609581391,0.406436894396
638,1521992898,899159370,0.43066686502,0.408542785041
639,1521992898,902492116,0.430820916696,0.413253318009
640,1521992898,905824825,0.434315384758,0.41778782424
641,1521992898,909159171,0.435538559851,0.418310443428
642,1521992898,912492043,0.436430557087,0.418841070855
643,1521992898,915826237,0.438005202181,0.418661375008
644,1521992898,919159656,0.444122647553,0.41843012312
645,1521992898,922492237,0.444923074362,0.418871035162
646,1521992898,925824990,0.448448613778,0.421679893738
647,1521992898,929158453,0.451844851477,0.422612279295
648,1521992898,932492096,0.452902210724,0.422612279295
649,1521992898,935825485,0.455016929218,0.428579396196
650,1521992898,939158519,0.45758228037,0.429724619218
651,1521992898,942492149,0.461680518147,0.436270345194
652,1521992898,945825370,0.465304626267,0.439172422176
653,1521992898,949158993,0.465590521686,0.439811616243
654,1521992898,952492047,0.466714640286,0.44162982182
655,1521992898,955825394,0.467386214806,0.444406489824
656,1521992898,959158089,0.469920785619,0.450087387122
657,1521992898,962491910,0.472253354441,0.456978269865
658,1521992898,965825352,0.472673389181,0.458447769123
659,1521992898,969158120,0.475561245162,0.458513360048
660,1521992898,972492034,0.47824462834,0.458382196961
661,1521992898,975825080,0.482224794495,0.45848056224
662,1521992898,979158867,0.483883474364,0.458031215187
663,1521992898,982491953,0.484692319029,0.452863648767
664,1521992898,985824783,0.485784578082,0.452896044764
665,1521992898,989158541,0.486350469499,0.452766488576
666,1521992898,992491827,0.486454836552,0.452863648767
667,1521992898,995825630,0.486702897375,0.454170415672
668,1521992898,999159513,0.486668093106,0.454137937811
669,1521992899,2492661,0.486454836552,0.454267877135
670,1521992899,5825177,0.48511422371,0.456790625939
671,1521992899,9157818,0.484761669768,0.458897269871
672,1521992899,12492081,0.48381427401,0.460422233035
673,1521992899,15825882,0.481064051352,0.46083906938
674,1521992899,19159434,0.479722955015,0.460904993
675,1521992899,22492028,0.479473360643,0.460652806481
676,1521992899,25825017,0.477994752438,0.458129505148
677,1521992899,29158719,0.477539772588,0.457329251639
678,1521992899,32492007,0.476584738419,0.456023162595
679,1521992899,35829508,0.475233848497,0.455404229808
680,1521992899,39164367,0.475993897484,0.455093176291
681,1521992899,42497641,0.47443578064,0.453182289386
682,1521992899,45831448,0.471900926564,0.45136256148
683,1521992899,49123371,0.475774799897,0.456405239435
684,1521992899,52493078,0.464767416313,0.445845984214
685,1521992899,55825392,0.468930290133,0.450854056012
686,1521992899,59159482,0.459180684517,0.455541764512
687,1521992899,62492208,0.459377785969,0.461355021125
688,1521992899,65824820,0.458672678086,0.465217201667
689,1521992899,69156724,0.458065881667,0.469180079036
690,1521992899,72491114,0.45700090793,0.470565600977
691,1521992899,75825497,0.452805056156,0.470950180437
692,1521992899,79158389,0.451941820828,0.471152319437
693,1521992899,82492262,0.451427825684,0.470632901549
694,1521992899,85824789,0.451653911022,0.471219737669
695,1521992899,89159004,0.448224148973,0.469546454116
696,1521992899,92491477,0.448480698533,0.469112943015
697,1521992899,95825547,0.448256201616,0.468878118172
698,1521992899,99158673,0.448352387053,0.468978728598
699,1521992899,102491923,0.44838445804,0.469012275002
700,1521992899,105824786,0.448416533614,0.471152319437
701,1521992899,109158727,0.44614178557,0.475546295003
702,1521992899,112492089,0.445885039011,0.477052464195
703,1521992899,115825351,0.445885039011,0.482668975914
704,1521992899,119158642,0.445885039011,0.483371039879
705,1521992899,122492305,0.445853149079,0.491760633964
706,1521992899,125825164,0.445948832564,0.491866169546
707,1521992899,129159022,0.447230975213,0.492076447274
708,1521992899,132491965,0.449089465049,0.498852127827
709,1521992899,135825242,0.452261996592,0.498852127827
710,1521992899,139158647,0.452549757642,0.498780771494
711,1521992899,142492175,0.455401952888,0.499869543056
712,1521992899,145825382,0.456811866054,0.500571607021
713,1521992899,149159137,0.460270806642,0.500500009852
714,1521992899,152492493,0.46421391018,0.504081926846
715,1521992899,155825150,0.465371202977,0.504190114411
716,1521992899,159159354,0.465843022754,0.512360106883
717,1521992899,162491814,0.46751997347,0.513706763197
718,1521992899,165824673,0.469215728176,0.515388677297
719,1521992899,169158623,0.467285946024,0.515204399309
720,1521992899,172492209,0.469819958673,0.518788163454
721,1521992899,175825812,0.47087731792,0.52019219096
722,1521992899,179159049,0.469853562848,0.51882527011
723,1521992899,182492012,0.469920785619,0.51889949935
724,1521992899,185824195,0.471432073423,0.519010883043
725,1521992899,189158432,0.471128684888,0.516571285844
726,1521992899,192491509,0.473059703372,0.516756039523
727,1521992899,195824860,0.473025867473,0.516719078215
728,1521992899,199159604,0.472822953681,0.50912891195
729,1521992899,202491773,0.477073743711,0.509529628752
730,1521992899,205825604,0.478949484093,0.509976517753
731,1521992899,209158903,0.47866552014,0.510049470548
732,1521992899,212491431,0.479120806702,0.512265582817
733,1521992899,215825461,0.478915234273,0.512747702582
734,1521992899,219159665,0.478562831599,0.513449615933
735,1521992899,222492322,0.47876825276,0.519989943901
736,1521992899,225825767,0.480041098059,0.523000245972
737,1521992899,229158646,0.48014411854,0.523814650223
738,1521992899,232491981,0.480075433307,0.526196941742
739,1521992899,235825114,0.480814780476,0.526234581009
740,1521992899,239158762,0.481768907105,0.527174624683
741,1521992899,242491805,0.480849175983,0.529783047712
742,1521992899,245825106,0.482895259641,0.530760357515
743,1521992899,249158414,0.485362607683,0.534270677339
744,1521992899,252491838,0.487442612787,0.534934479772
745,1521992899,255825471,0.487442612787,0.534232466019
746,1521992899,259159811,0.489804691095,0.534819728007
747,1521992899,262493197,0.491707216933,0.535674805269
748,1521992899,265825285,0.491883128216,0.535866446227
749,1521992899,269158563,0.491707216933,0.535674805269
750,1521992899,272492102,0.494844127515,0.536338507278
751,1521992899,275825921,0.494808738534,0.536300150809
752,1521992899,279172020,0.490903705069,0.532602687618
753,1521992899,282495273,0.49424941509,0.535880503615
754,1521992899,285827713,0.492905673387,0.534423577297
755,1521992899,289162002,0.487338048766,0.527801096406
756,1521992899,292495219,0.491707216933,0.529707261567
757,1521992899,295827521,0.491847935891,0.529858855546
758,1521992899,299162571,0.492870360018,0.530143893356
759,1521992899,302494174,0.493364147412,0.530675023634
760,1521992899,305827891,0.49554903368,0.53212642476
761,1521992899,309186490,0.492904847441,0.530947248966
762,1521992899,312494572,0.500436078263,0.536583744083
763,1521992899,315825643,0.499430760011,0.539181180632
764,1521992899,319159254,0.499073564502,0.53914656229
765,1521992899,322492476,0.499144962723,0.539223693415
766,1521992899,325825256,0.499180669495,0.539262267254
767,1521992899,329157788,0.499921489259,0.542811919832
768,1521992899,332491727,0.499742728804,0.54577665871
769,1521992899,335825264,0.502245642243,0.546517706697
770,1521992899,339158804,0.502245642243,0.546517706697
771,1521992899,342491511,0.50305848543,0.546283911359
772,1521992899,345825652,0.508869461583,0.546088586734
773,1521992899,349158386,0.511203215392,0.546322993052
774,1521992899,352492189,0.511372848727,0.546127640484
775,1521992899,355825092,0.513245102913,0.546946949441
776,1521992899,359159921,0.512988241848,0.54667322179
777,1521992899,362492023,0.513391996188,0.546401173217
778,1521992899,365825395,0.513560871019,0.545854732761
779,1521992899,369158754,0.513208392728,0.545152668796
780,1521992899,372492162,0.513208392728,0.545152668796
781,1521992899,375825488,0.512855914436,0.544099572849
782,1521992899,379158445,0.512187592399,0.543787435612
783,1521992899,382491679,0.51007257137,0.543085321428
784,1521992899,385781027,0.516838047964,0.547798676997
785,1521992899,389158032,0.503446381514,0.533604797129
786,1521992899,392492126,0.512041085651,0.543631890007
787,1521992899,395824985,0.514691933236,0.545932829154
788,1521992899,399159825,0.515417681706,0.546634140204
789,1521992899,402491955,0.517270644511,0.54710348835
790,1521992899,405825136,0.521352683522,0.554319148374
791,1521992899,409158747,0.521278108686,0.555994892362
792,1521992899,412491559,0.521389978943,0.556114213106
793,1521992899,415825885,0.523280551278,0.564297980732
794,1521992899,419159055,0.523782741479,0.564810459816
795,1521992899,422492884,0.523707824402,0.567537528703
796,1521992899,425825867,0.524562737435,0.568051008084
797,1521992899,429159111,0.525897611229,0.567969747658
798,1521992899,432492172,0.525935229084,0.567659317873
799,1521992899,435824542,0.526753273277,0.566727761996
800,1521992899,439158261,0.527974717249,0.566525098657
801,1521992899,442492208,0.528604011339,0.5664440739
802,1521992899,445825567,0.529774872438,0.566565619728
803,1521992899,449158665,0.53157528516,0.566606146596
804,1521992899,452491499,0.534786070356,0.566646679263
805,1521992899,455825318,0.534633088572,0.566835565155
806,1521992899,459158564,0.534004611939,0.565863555763
807,1521992899,462492004,0.534709568522,0.566565619728
808,1521992899,465825420,0.534004611939,0.566565619728
809,1521992899,469158999,0.533613966565,0.565823084904
810,1521992899,472491966,0.529460264132,0.559585004755
811,1521992899,475825538,0.529032076496,0.558100933621
812,1521992899,479158571,0.529107760627,0.558180776387
813,1521992899,482491916,0.529069915855,0.557789820166
814,1521992899,485826973,0.529157455859,0.557510685998
815,1521992899,489158993,0.529259193873,0.557989372906
816,1521992899,492492018,0.530555725699,0.56313585721
817,1521992899,495825218,0.530479829021,0.570778003518
818,1521992899,499159295,0.53036602471,0.574867034107
819,1521992899,502492320,0.530517774646,0.574329402622
820,1521992899,505824881,0.530984223263,0.575154940613
821,1521992899,509158820,0.530718427385,0.574867034107
822,1521992899,512491537,0.530241128241,0.574411578813
823,1521992899,515824932,0.530794341907,0.568982146792
824,1521992899,519159404,0.532089988168,0.568509159692
825,1521992899,522492028,0.532356451891,0.568442754339
826,1521992899,525824823,0.533023426749,0.568402090289
827,1521992899,529158507,0.533223377066,0.567888510477
828,1521992899,532492397,0.537452511584,0.567888510477
829,1521992899,535825767,0.539996742898,0.56832077964
830,1521992899,539158908,0.542150390303,0.570467774609
831,1521992899,542492314,0.542777746704,0.570737181174
832,1521992899,545824829,0.543677073221,0.571292483747
833,1521992899,549158358,0.542777746704,0.570737181174
834,1521992899,552492545,0.543013689912,0.570263817593
835,1521992899,555826091,0.544540012116,0.570035167421
836,1521992899,559158531,0.543324494056,0.569536821535
837,1521992899,562491625,0.543207900817,0.569414603333
838,1521992899,565825052,0.543169047523,0.569373875588
839,1521992899,569158517,0.541015481293,0.569333153669
840,1521992899,572492461,0.539567078842,0.569292437574
841,1521992899,575824545,0.539837325662,0.570279887728
842,1521992899,579158373,0.539567078842,0.574206182411
843,1521992899,582491793,0.540663028211,0.582320408099
844,1521992899,585825557,0.54207284054,0.583373428728
845,1521992899,589158679,0.543521525815,0.587627538677
846,1521992899,592492454,0.543482652869,0.587585511246
847,1521992899,595825471,0.54567542535,0.58766957212
848,1521992899,599158975,0.547007183692,0.58723450437
849,1521992899,602491868,0.549239747933,0.584200789525
850,1521992899,605825785,0.546928950399,0.580131384236
851,1521992899,609158793,0.547124575605,0.579987803062
852,1521992899,612491888,0.547085439369,0.57397834553
853,1521992899,615825081,0.547398787023,0.572884195413
854,1521992899,619159689,0.547203091761,0.572679389108
855,1521992899,622492764,0.547437942874,0.573276231346
856,1521992899,625825704,0.549239747933,0.574019405573
857,1521992899,629158913,0.549161178482,0.577798643167
858,1521992899,632492163,0.549905467407,0.579595259003
859,1521992899,635825098,0.55237299194,0.579595259003
860,1521992899,639159787,0.55213602369,0.579697518876
861,1521992899,642491624,0.552570620918,0.580153810305
862,1521992899,645825274,0.552606910271,0.579821890796
863,1521992899,649168467,0.553178606497,0.57820920689
864,1521992899,652491663,0.556512442266,0.581693894318
865,1521992899,655825174,0.54982680835,0.57916134621
866,1521992899,659159670,0.549317205445,0.5789957059
867,1521992899,662492327,0.549631595032,0.579327081321
868,1521992899,665825167,0.546066989441,0.579285638652
869,1521992899,669158720,0.547712089856,0.581267387469
870,1521992899,672490801,0.547947226701,0.58537966308
871,1521992899,675825645,0.548573277855,0.585270175832
872,1521992899,679158860,0.54880870019,0.5851703148
873,1521992899,682492078,0.550962977921,0.585563229568
874,1521992899,685824987,0.55100239154,0.585605118346
875,1521992899,689159009,0.553624601209,0.583991907664
876,1521992899,692491377,0.554959606518,0.580773059691
877,1521992899,695824767,0.554761151502,0.58021436684
878,1521992899,699158524,0.554761151502,0.577055304951
879,1521992899,702492561,0.554681809232,0.576270860808
880,1521992899,705825629,0.554840516473,0.576435745174
881,1521992899,709158859,0.554800831149,0.576394515237
882,1521992899,712491913,0.554840516473,0.579595259003
883,1521992899,715825064,0.555898026988,0.580999487371
884,1521992899,719158839,0.556836044788,0.581576799667
885,1521992899,722492222,0.5569157009,0.5851703148
886,1521992899,725825241,0.558365551521,0.585563229568
887,1521992899,729158002,0.558797997515,0.58775365705
888,1521992899,732492142,0.561689696119,0.590617849236
889,1521992899,735825266,0.561890586568,0.590829085949
890,1521992899,739158562,0.560088005525,0.590786826519
891,1521992899,742491891,0.560088005525,0.592541986432
892,1521992899,745825132,0.55907055853,0.593988599778
893,1521992899,749158141,0.557660544511,0.593988599778
894,1521992899,752491965,0.558950612047,0.595967052405
895,1521992899,755825464,0.55758077616,0.597413703788
896,1521992899,759159137,0.557228323078,0.597413703788
897,1521992899,762492113,0.557308041007,0.597499170698
898,1521992899,765825429,0.560440483817,0.597456434186
899,1521992899,769158482,0.561225724461,0.596488666709
900,1521992899,772501821,0.562276145918,0.59461706282
901,1521992899,775825048,0.565664566626,0.596792019466
902,1521992899,779158717,0.563884602317,0.59386116176
903,1521992899,782491997,0.568940656663,0.592233314317
904,1521992899,785825051,0.568940656663,0.590478028857
905,1521992899,789158924,0.568818592588,0.590351344019
906,1521992899,792491826,0.568940656663,0.590829085949
907,1521992899,795832357,0.569792190003,0.590572689744
908,1521992899,799160242,0.569837396486,0.591760325374
909,1521992899,802492127,0.569144213249,0.592094021897
910,1521992899,805825528,0.566080136484,0.593595082379
911,1521992899,809158652,0.566120628625,0.596797056514
912,1521992899,812492214,0.566039650135,0.596711690035
913,1521992899,815825469,0.566080136484,0.597456434186
914,1521992899,819159773,0.565918225826,0.597285549257
915,1521992899,822492396,0.566906738173,0.597935769388
916,1521992899,825825570,0.566825635635,0.59785022779
917,1521992899,829158680,0.563965266734,0.595701274274
918,1521992899,832491795,0.563653104092,0.595743885238
919,1521992899,835825633,0.563884602317,0.596669015953
920,1521992899,839159427,0.562827318688,0.59561607063
921,1521992899,842491706,0.562756611206,0.59696786277
922,1521992899,845824628,0.562595593578,0.596797056514
923,1521992899,849158306,0.560047947736,0.596711690035
924,1521992899,852492069,0.560007895677,0.596669015953
925,1521992899,855828944,0.564417147127,0.596114807807
926,1521992899,859159182,0.565548567525,0.595904334012
927,1521992899,862492246,0.565063118111,0.591180143041
928,1521992899,865824555,0.568750885887,0.592402814407
929,1521992899,869158649,0.569442000583,0.592021575556
930,1521992899,872492232,0.569564180957,0.591095580011
931,1521992899,875826121,0.570228304094,0.59210625289
932,1521992899,879162387,0.571581674489,0.592033839227
933,1521992899,882496131,0.570228304094,0.593159198212
934,1521992899,885829124,0.570350670682,0.593286485593
935,1521992899,889161397,0.570513907852,0.598372493035
936,1521992899,892495055,0.5656467417,0.598423924823
937,1521992899,895825966,0.56511484554,0.59898079748
938,1521992899,899159943,0.56454908411,0.601890698103
939,1521992899,902491800,0.565970546632,0.602629502713
940,1521992899,905824792,0.565768125121,0.602413969987
941,1521992899,909159021,0.567368305504,0.601890698103
942,1521992899,912491911,0.57109652866,0.603159228608
943,1521992899,915825468,0.570973993287,0.601274779429
944,1521992899,919159506,0.567368305504,0.598030174675
945,1521992899,922491996,0.567611846056,0.599340198676
946,1521992899,925825569,0.567449462464,0.59916873817
947,1521992899,929158539,0.567571241446,0.599297324351
948,1521992899,932492190,0.567761308958,0.601933742564
949,1521992899,935825173,0.567923770167,0.602105981993
950,1521992899,939158161,0.569645663673,0.602062912895
951,1521992899,942491882,0.570269087122,0.600923772553
952,1521992899,945825023,0.57348218061,0.600966754011
953,1521992899,949158817,0.573400154982,0.599476870145
954,1521992899,952491600,0.579598680072,0.601095735286
955,1521992899,955825644,0.579702399102,0.600486871402
956,1521992899,959159550,0.582169217822,0.600486871402
957,1521992899,962492296,0.583829327372,0.600744627964
958,1521992899,965824736,0.584886989197,0.60179794993
959,1521992899,969158317,0.583662304248,0.606539882577
960,1521992899,972491984,0.582252491919,0.610751965094
961,1521992899,975827972,0.583245164237,0.612420000345
962,1521992899,979161921,0.583931231193,0.614174181738
963,1521992899,982475641,0.582183923452,0.617930193354
964,1521992899,985828848,0.577806480733,0.611727466714
965,1521992899,989161657,0.58131986158,0.615447105792
966,1521992899,992495426,0.581153568263,0.613867122883
967,1521992899,995825121,0.581196874116,0.610441148694
968,1521992899,999158815,0.581153568263,0.613165159335
969,1521992900,2491876,0.582335789844,0.613296739841
970,1521992900,5825304,0.582294137903,0.613954937363
971,1521992900,9158844,0.582252491919,0.614613040736
972,1521992900,12491790,0.582377447744,0.617202516818
973,1521992900,15825331,0.582252491919,0.618123109501
974,1521992900,19158614,0.582294137903,0.618167321153
975,1521992900,22495168,0.578894630228,0.616496890504
976,1521992900,25826128,0.578830889203,0.612286687452
977,1521992900,29158617,0.576114356449,0.610970449735
978,1521992900,32492070,0.575908336438,0.607943910083
979,1521992900,35825599,0.577006963527,0.606232233749
980,1521992900,39159779,0.578251437473,0.606058838759
981,1521992900,42491913,0.57968162207,0.606449117061
982,1521992900,45825533,0.579432867261,0.6061888757
983,1521992900,49157829,0.579640148104,0.607459125312
984,1521992900,52492101,0.576489550095,0.607462565079
985,1521992900,55825741,0.576613242603,0.607592903206
986,1521992900,59158701,0.575990726758,0.607679826368
987,1521992900,62491767,0.576031930759,0.607723297276
988,1521992900,65824973,0.574892093777,0.604477073836
989,1521992900,69158397,0.572424745735,0.603072945906
990,1521992900,72492796,0.571515399122,0.597593749786
991,1521992900,75825605,0.571801586102,0.59789299553
992,1521992900,79158841,0.571760684701,0.597499170698
993,1521992900,82491615,0.574974344595,0.597541913324
994,1521992900,85824781,0.575638223254,0.598201284882
995,1521992900,89159244,0.576800683331,0.597944656274
996,1521992900,92491498,0.582149852821,0.602937541397
997,1521992900,95825252,0.581858424016,0.602635706112
998,1521992900,99159917,0.581692024238,0.60176160165
999,1521992900,102492123,0.585323292357,0.602937541397
1000,1521992900,105825141,0.584450810872,0.602413969987
1001,1521992900,109158237,0.584450810872,0.602413969987
1002,1521992900,112492094,0.585030274904,0.604741596757
1003,1521992900,115825214,0.587623342415,0.606275598
1004,1521992900,119159606,0.588780660871,0.606015505508
1005,1521992900,122491371,0.592812817583,0.614613693819
1006,1521992900,125825349,0.593093700723,0.615227051764
1007,1521992900,129158566,0.5939684055,0.616807310762
1008,1521992900,132491720,0.595335834696,0.619571449083
1009,1521992900,135825277,0.595998162128,0.62022915076
1010,1521992900,139159492,0.595208116768,0.619438531867
1011,1521992900,142491263,0.595944064678,0.619837454714
1012,1521992900,145825198,0.595603111198,0.619482831269
1013,1521992900,149158754,0.59317853747,0.618123109501
1014,1521992900,152504188,0.591064873924,0.615570805223
1015,1521992900,155827925,0.592095138005,0.612548165551
1016,1521992900,159162030,0.589217271306,0.610664614985
1017,1521992900,162495640,0.589301553565,0.612506999477
1018,1521992900,165828446,0.595421010436,0.616149270202
1019,1521992900,169162002,0.592121178223,0.612506999477
1020,1521992900,172494987,0.592248251943,0.61263844815
1021,1521992900,175826677,0.594886175806,0.613867348918
1022,1521992900,179160728,0.594503311419,0.611717485011
1023,1521992900,182493695,0.592953309386,0.610883037124
1024,1521992900,185826393,0.594758499563,0.611980062269
1025,1521992900,189160431,0.594503311419,0.611717485011
1026,1521992900,192452687,0.600253045978,0.616271077346
1027,1521992900,195824335,0.586118958557,0.601759815236
1028,1521992900,199159060,0.591204855646,0.609130111058
1029,1521992900,202491955,0.5915431945,0.609478708303
1030,1521992900,205825112,0.592205887977,0.611190397289
1031,1521992900,209159269,0.591994159021,0.610971880879
1032,1521992900,212491816,0.591627839731,0.610619317293
1033,1521992900,215824924,0.591853384472,0.610488283105
1034,1521992900,219159310,0.590542422274,0.609875476881
1035,1521992900,222491975,0.590527852263,0.608117881727
1036,1521992900,225825221,0.586523877403,0.602019849959
1037,1521992900,229158497,0.584098307368,0.597148113606
1038,1521992900,232492331,0.583931231193,0.594169651247
1039,1521992900,235825079,0.582066557663,0.593722481524
1040,1521992900,239159504,0.576800683331,0.58776836811
1041,1521992900,242492142,0.57713080248,0.587402549728
1042,1521992900,245825472,0.577006963527,0.587276506694
1043,1521992900,249158812,0.577359441819,0.587978570659
1044,1521992900,252492061,0.580220768815,0.588020629212
1045,1521992900,255825440,0.581195132673,0.588287524999
1046,1521992900,259159624,0.583226425844,0.588203387767
1047,1521992900,262492191,0.587354866788,0.590211408304
1048,1521992900,265825435,0.587228833987,0.590084762554
1049,1521992900,269158583,0.587623342415,0.58766957212
1050,1521992900,272491886,0.587581312278,0.587627538677
1051,1521992900,275825454,0.587539288153,0.587936518123
1052,1521992900,279159261,0.587497270039,0.5878944716
1053,1521992900,282491593,0.588807206407,0.588849105866
1054,1521992900,285825077,0.588638747153,0.588680634624
1055,1521992900,289159182,0.588470384265,0.588512259756
1056,1521992900,292491438,0.588849336287,0.592051656841
1057,1521992900,295826010,0.590542422274,0.593382871925
1058,1521992900,299160305,0.589175139217,0.593776233457
1059,1521992900,302491867,0.59104954329,0.597404510392
1060,1521992900,305825536,0.589301553565,0.593903635023
1061,1521992900,309158132,0.589470190438,0.594073588846
1062,1521992900,312491975,0.586792414287,0.591755271115
1063,1521992900,315825361,0.585072116578,0.589691552505
1064,1521992900,319159608,0.581464412473,0.587501474417
1065,1521992900,322491949,0.580345306435,0.584284384115
1066,1521992900,325825094,0.578810754796,0.5841590012
1067,1521992900,329158452,0.578727961097,0.581267387469
1068,1521992900,332492031,0.57767060185,0.580565373716
1069,1521992900,335825017,0.577794574366,0.580689967473
1070,1521992900,339161322,0.578231695873,0.580768944662
1071,1521992900,342494100,0.582419111605,0.58073151061
1072,1521992900,345828093,0.583931231193,0.580482340911
1073,1521992900,349160975,0.584140091351,0.582445378499
1074,1521992900,352494768,0.583972991275,0.580523854345
1075,1521992900,355827275,0.584181881313,0.58073151061
1076,1521992900,359163128,0.583639077764,0.579490350869
1077,1521992900,362494910,0.580428361219,0.580153810305
1078,1521992900,365828148,0.580220768815,0.579946316095
1079,1521992900,369162582,0.577857740173,0.575486641015
1080,1521992900,372493192,0.576755788051,0.574389210487
1081,1521992900,375825272,0.578312583475,0.575939617978
1082,1521992900,379158075,0.582377447744,0.57647698101
1083,1521992900,382492359,0.582127589704,0.576229654454
1084,1521992900,385825332,0.583745803863,0.57748891645
1085,1521992900,389158877,0.585777022742,0.579863359963
1086,1521992900,392491866,0.585902734958,0.577530227625
1087,1521992900,395825221,0.59004866032,0.579904835062
1088,1521992900,399160135,0.589753382895,0.579614633901
1089,1521992900,402492308,0.589554545073,0.57870766932
1090,1521992900,405825500,0.586171399111,0.577798643167
1091,1521992900,409158923,0.586171399111,0.577798643167
1092,1521992900,412491695,0.58625526368,0.577881309831
1093,1521992900,415825710,0.583972991275,0.575259127733
1094,1521992900,419159551,0.583931231193,0.575217990782
1095,1521992900,422492147,0.586297204963,0.576518222745
1096,1521992900,425825035,0.589428022172,0.576125898804
1097,1521992900,429158973,0.591726404557,0.576312073055
1098,1521992900,432492193,0.591811051779,0.578851739115
1099,1521992900,435825555,0.59216353007,0.579904835062
1100,1521992900,439157815,0.592022775824,0.579058826886
1101,1521992900,442491397,0.592121178223,0.58021436684
1102,1521992900,445824214,0.5915431945,0.578934556446
1103,1521992900,449158836,0.591204855646,0.578603429225
1104,1521992900,452491661,0.588722964729,0.575774816599
1105,1521992900,455827060,0.587245287509,0.57395990054
1106,1521992900,459163166,0.586725243191,0.573094368067
1107,1521992900,462494748,0.587522994702,0.573873586114
1108,1521992900,465827540,0.58770742073,0.573358256847
1109,1521992900,469161686,0.587413251839,0.573071270233
1110,1521992900,472495124,0.583351572778,0.56972490757
1111,1521992900,475827164,0.588849336287,0.573440305825
1112,1521992900,479161626,0.588428308591,0.573030295596
1113,1521992900,482494396,0.583829327372,0.573358256847
1114,1521992900,485827395,0.583393300358,0.572223060069
1115,1521992900,489158520,0.58372733603,0.572550699955
1116,1521992900,492492082,0.583309851166,0.57214120868
1117,1521992900,495825740,0.582957398084,0.570737181174
1118,1521992900,499159058,0.582294137903,0.56832077964
1119,1521992900,502492041,0.582377447744,0.568402090289
1120,1521992900,505825678,0.584325419151,0.568590474026
1121,1521992900,509158543,0.586607792401,0.568753172494
1122,1521992900,512491445,0.589780550894,0.574721569984
1123,1521992900,515825597,0.591684090026,0.575919904132
1124,1521992900,519159534,0.5920364927,0.575919904132
1125,1521992900,522492241,0.592995729855,0.578273759355
1126,1521992900,525825255,0.592910894986,0.578542087727
1127,1521992900,529158595,0.592868486654,0.578500707132
1128,1521992900,532491411,0.592248251943,0.578232392036
1129,1521992900,535825271,0.59137397668,0.577365018378
1130,1521992900,539158953,0.586792414287,0.569292437574
1131,1521992900,542492250,0.586918335406,0.569063546241
1132,1521992900,545825397,0.586876355695,0.569373875588
1133,1521992900,549158599,0.586918335406,0.569063546241
1134,1521992900,552491827,0.587581312278,0.569022843605
1135,1521992900,555825508,0.590358912812,0.568982146792
1136,1521992900,559159264,0.590316693051,0.5689414558
1137,1521992900,562491719,0.588807206407,0.569185689093
1138,1521992900,565825135,0.5885966474,0.568982146792
1139,1521992900,569158736,0.5885966474,0.566525098657
1140,1521992900,572491977,0.584098307368,0.565201918228
1141,1521992900,575824537,0.585239543138,0.565282788441
1142,1521992900,579158638,0.584283633867,0.564689290524
1143,1521992900,582491929,0.584409007653,0.564108395851
1144,1521992900,585824806,0.585197677515,0.564891268237
1145,1521992900,589158790,0.584988439215,0.563987377173
1146,1521992900,592492723,0.589217271306,0.563987377173
1147,1521992900,595825214,0.5909226814,0.564972099784
1148,1521992900,599158370,0.592205887977,0.567659317873
1149,1521992900,602491719,0.592868486654,0.570075939553
1150,1521992900,605824877,0.593573443237,0.5711290355
1151,1521992900,609158506,0.593530990552,0.571088188051
1152,1521992900,612492033,0.592826084388,0.570035167421
1153,1521992900,615825720,0.588949100483,0.568280133039
1154,1521992900,619158395,0.588370436008,0.568051008084
1155,1521992900,622503637,0.586231669633,0.565986104206
1156,1521992900,625825668,0.589563250105,0.569533318778
1157,1521992900,629158674,0.584098307368,0.562393461491
1158,1521992900,632491714,0.584098307368,0.562393461491
1159,1521992900,635825169,0.584056529361,0.560598076026
1160,1521992900,639157475,0.584223677255,0.560758510475
1161,1521992900,642491635,0.584636036541,0.562934507147
1162,1521992900,645825398,0.585382702781,0.564729674511
1163,1521992900,649158439,0.584803314377,0.564850861136
1164,1521992900,652491310,0.584845148794,0.564891268237
1165,1521992900,655825305,0.583226425844,0.564338333848
1166,1521992900,659159240,0.581153568263,0.559815929673
1167,1521992900,662491720,0.577483356422,0.558611749323
1168,1521992900,665825419,0.577318148767,0.555643885485
1169,1521992900,669158614,0.577359441819,0.555683628271
1170,1521992900,672492149,0.577318148767,0.554239857979
1171,1521992900,675824877,0.577483356422,0.554398461459
1172,1521992900,679158964,0.578997593753,0.554160590265
1173,1521992900,682492510,0.579432867261,0.557047912991
1174,1521992900,685825507,0.579515761806,0.561340290215
1175,1521992900,689158520,0.580967332859,0.562082610595
1176,1521992900,692491450,0.580925775825,0.562042404399
1177,1521992900,695825683,0.58287402317,0.565391203874
1178,1521992900,699158399,0.583082505187,0.565944514852
1179,1521992900,702492523,0.581112009799,0.565742160549
1180,1521992900,705825223,0.574974344595,0.558220706337
1181,1521992900,709158627,0.572777224026,0.554630532324
1182,1521992900,712492049,0.568547484526,0.549716084569
1183,1521992900,715825717,0.568466164711,0.549637458225
1184,1521992900,719159630,0.569875876217,0.549637458225
1185,1521992900,722491650,0.570161303459,0.549912748881
1186,1521992900,725824904,0.571408181197,0.550808577453
1187,1521992900,729158465,0.571326446369,0.550729789214
1188,1521992900,732492534,0.571597137595,0.552405806889
1189,1521992900,735829010,0.574669121978,0.553023661163
1190,1521992900,739164163,0.574956703038,0.553300410207
1191,1521992900,742495663,0.575532729504,0.553854740087
1192,1521992900,745830468,0.5764071179,0.553690849798
1193,1521992900,749164090,0.576613242603,0.553888851103
1194,1521992900,752493966,0.577273833458,0.554171998996
1195,1521992900,755825765,0.576902064978,0.550654464018
1196,1521992900,759159061,0.577006963527,0.550418148534
1197,1521992900,762492145,0.577048237273,0.550457520361
1198,1521992900,765825912,0.576924433746,0.551392367095
1199,1521992900,769159014,0.578105747787,0.556425490926
1200,1521992900,772491947,0.580262275416,0.556816377516
1201,1521992900,775825738,0.58150599614,0.558762984351
1202,1521992900,779159040,0.581589181319,0.558842916113
1203,1521992900,782491682,0.581714003722,0.558962856645
1204,1521992900,785793434,0.587132525383,0.564169457014
1205,1521992900,789158184,0.578634802792,0.554350791275
1206,1521992900,792491751,0.58084267959,0.557047912991
1207,1521992900,795825167,0.581195132673,0.557749926744
1208,1521992900,799159554,0.579660947375,0.55552469123
1209,1521992900,802491991,0.579992727269,0.556193788725
1210,1521992900,805825139,0.579826789861,0.556034660253
1211,1521992900,809158607,0.580884224736,0.557789820166
1212,1521992900,812491411,0.580967332859,0.558220706337
1213,1521992900,815824938,0.582252491919,0.559504961127
1214,1521992900,819159349,0.583537099607,0.560437733351
1215,1521992900,822491668,0.588454627242,0.560758510475
1216,1521992900,825825324,0.588949100483,0.560557981756
1217,1521992900,829158482,0.59004866032,0.561300139991
1218,1521992900,832498215,0.59031855482,0.560568606179
1219,1521992900,835831230,0.5915431945,0.56173152839
1220,1521992900,839160323,0.590809304586,0.562023723928
1221,1521992900,842494637,0.591247126836,0.56109947499
1222,1521992900,845827248,0.594405945621,0.567038325051
1223,1521992900,849161214,0.588554553669,0.565431638059
1224,1521992900,852494245,0.594320909005,0.566957203688
1225,1521992900,855826296,0.594491006575,0.569928730162
1226,1521992900,859158625,0.594843610968,0.569928730162
1227,1521992900,862492709,0.594460801351,0.569561954433
1228,1521992900,865826979,0.594460801351,0.571667543913
1229,1521992900,869159230,0.594843610968,0.569928730162
1230,1521992900,872492612,0.594630878112,0.56972490757
1231,1521992900,875825936,0.587228833987,0.564108395851
1232,1521992900,879158853,0.586960321122,0.563838021621
1233,1521992900,882492535,0.585735130657,0.562272802092
1234,1521992900,885825882,0.58581892082,0.562353235938
1235,1521992900,889159783,0.580448712511,0.557710039029
1236,1521992900,892492259,0.57924612613,0.554749568781
1237,1521992900,895824923,0.57924612613,0.553696246815
1238,1521992900,899158998,0.58040720445,0.552756763564
1239,1521992900,902491887,0.582729976466,0.552252308848
1240,1521992900,905825407,0.582957398084,0.550729789214
1241,1521992900,909159480,0.584283633867,0.547492413435
1242,1521992900,912491384,0.585012546332,0.546440271691
1243,1521992900,915809427,0.589221120211,0.54907024323
1244,1521992900,919159731,0.583560370764,0.542398196872
1245,1521992900,922492026,0.586691731414,0.545308683011
1246,1521992900,925825080,0.586565831901,0.546595892348
1247,1521992900,929160774,0.582934625045,0.546516928967
1248,1521992900,932493706,0.583435033908,0.549092569001
1249,1521992900,935826397,0.579951234014,0.552291817526
1250,1521992900,939159199,0.579909746694,0.552603391053
1251,1521992900,942492791,0.579785320343,0.552484823597
1252,1521992900,945826924,0.582127589704,0.55377003333
1253,1521992900,949160664,0.582252491919,0.553888851103
1254,1521992900,952493745,0.582335789844,0.553968091282
1255,1521992900,955826457,0.582377447744,0.554007719874
1256,1521992900,959160218,0.582210851893,0.553849239514
1257,1521992900,962493150,0.581672390301,0.556114213106
1258,1521992900,965826992,0.58150599614,0.555955130158
1259,1521992900,969159266,0.581755623097,0.556193788725
1260,1521992900,972491879,0.581714003722,0.556153998069
1261,1521992900,975825165,0.581630782834,0.55712760511
1262,1521992900,979158630,0.582604945002,0.557047912991
1263,1521992900,982491568,0.583082505187,0.558922870748
1264,1521992900,985825017,0.585072116578,0.558802947374
1265,1521992900,989158249,0.588328349425,0.558882890571
1266,1521992900,992491635,0.588244194318,0.555994892362
1267,1521992900,995825354,0.590711365894,0.555643885485
1268,1521992900,999159283,0.590626882003,0.555564416966
1269,1521992901,2491981,0.591232960146,0.557558427357
1270,1521992901,5825481,0.590711365894,0.557398919868
1271,1521992901,9159024,0.590711365894,0.559504961127
1272,1521992901,12502441,0.58933568544,0.561018923896
1273,1521992901,15825480,0.591161882763,0.56444026186
1274,1521992901,19159508,0.586398049912,0.564689290524
1275,1521992901,22492203,0.581714003722,0.565282788441
1276,1521992901,25825257,0.581630782834,0.56555297532
1277,1521992901,29158447,0.58127827933,0.565201918228
1278,1521992901,32492306,0.581464412473,0.565391203874
1279,1521992901,35825689,0.584056529361,0.567267683693
1280,1521992901,39157616,0.584307287084,0.567511233325
1281,1521992901,42491194,0.584367210413,0.56722711241
1282,1521992901,45825592,0.584241854558,0.567105433372
1283,1521992901,49158465,0.577048237273,0.561340290215
1284,1521992901,52490852,0.577172093945,0.56146077536
1285,1521992901,55825036,0.576530775034,0.561179723771
1286,1521992901,59159590,0.573981865086,0.557941316594
1287,1521992901,62492263,0.568981356331,0.555412048695
1288,1521992901,65825506,0.567883146149,0.552914920006
1289,1521992901,69158319,0.567218712724,0.550145815616
1290,1521992901,72491770,0.565687197052,0.548974754832
1291,1521992901,75824169,0.565184402318,0.54671321278
1292,1521992901,79158996,0.562314034333,0.543164407786
1293,1521992901,82492984,0.5578534333,0.540122323254
1294,1521992901,85825414,0.558132819007,0.538637166606
1295,1521992901,89158707,0.556210744316,0.537429965182
1296,1521992901,92491844,0.548142949883,0.537468407955
1297,1521992901,95824556,0.547516271382,0.537545310002
1298,1521992901,99159361,0.545011041421,0.537161019675
1299,1521992901,102491519,0.539837325662,0.537622234059
1300,1521992901,105825149,0.539605668964,0.535285486649
1301,1521992901,109158178,0.539330362265,0.534308894126
1302,1521992901,112491862,0.539253215882,0.534232466019
1303,1521992901,115825201,0.538586829731,0.533217581392
1304,1521992901,119159103,0.536004467498,0.530295536346
1305,1521992901,122491488,0.533452277421,0.526347531123
1306,1521992901,125824569,0.533023426749,0.525570061249
1307,1521992901,129158103,0.532204154236,0.523702259725
1308,1521992901,132491905,0.531108809808,0.520856952749
1309,1521992901,135825534,0.525469963785,0.514539280816
1310,1521992901,139157809,0.524675336764,0.512338889283
1311,1521992901,142491925,0.5236703739,0.509589092505
1312,1521992901,145825844,0.521908360529,0.507834309128
1313,1521992901,149157939,0.517975853297,0.502857634992
1314,1521992901,152502087,0.515075326443,0.499665420937
1315,1521992901,155825530,0.515071344169,0.499227361018
1316,1521992901,159159412,0.510667992974,0.492427429048
1317,1521992901,162491503,0.510923765437,0.485299756675
1318,1521992901,165824214,0.513671092983,0.485230319022
1319,1521992901,169158879,0.519330129453,0.483865451122
1320,1521992901,172491945,0.526287732589,0.484107729961
1321,1521992901,175832437,0.527937084688,0.483036618717
1322,1521992901,179159594,0.530055642677,0.489898599707
1323,1521992901,182491706,0.529259193873,0.50110184716
1324,1521992901,185825045,0.526250089521,0.503028830898
1325,1521992901,189158300,0.525230222075,0.508681726405
1326,1521992901,192491858,0.524802639508,0.511768025924
1327,1521992901,195825393,0.514581500122,0.511768025924
1328,1521992901,199158501,0.51007257137,0.511841240234
1329,1521992901,202491661,0.498051826184,0.501273670986
1330,1521992901,205825303,0.49096714361,0.496674730235
1331,1521992901,209158488,0.4899798716,0.495341556907
1332,1521992901,212491494,0.487512347067,0.49428838563
1333,1521992901,215825199,0.485327894294,0.482985462052
1334,1521992901,219158774,0.47930191197,0.481196012277
1335,1521992901,222492103,0.479017998432,0.474244208335
1336,1521992901,225826111,0.477187344711,0.47031557728
1337,1521992901,229159407,0.47655065039,0.470031824545
1338,1521992901,232491967,0.47665292911,0.468728274887
1339,1521992901,235825061,0.473059703372,0.465150646989
1340,1521992901,239158540,0.471934677167,0.463680083845
1341,1521992901,242491821,0.464247115753,0.457076333871
1342,1521992901,245824877,0.462132094725,0.456725276779
1343,1521992901,249158499,0.455721835382,0.45314987755
1344,1521992901,252491083,0.45303181502,0.453279552719
1345,1521992901,255824890,0.44652611946,0.448554707287
1346,1521992901,259159491,0.44322747819,0.447022904083
1347,1521992901,262492322,0.442776074072,0.446225482864
1348,1521992901,265824845,0.438608481898,0.441022347625
1349,1521992901,269158627,0.435248427414,0.434866418097
1350,1521992901,272492081,0.432812385034,0.43314248559
1351,1521992901,275825931,0.42467559112,0.425038928423
1352,1521992901,279158690,0.421654514213,0.42378653767
1353,1521992901,282491403,0.419861707181,0.420596481882
1354,1521992901,285825692,0.414395911315,0.415502990788
1355,1521992901,289159051,0.412399601299,0.407899163646
1356,1521992901,292491781,0.41037278808,0.403422312993
1357,1521992901,295825042,0.407464905215,0.398772332101
1358,1521992901,299159723,0.399891246221,0.392285405623
1359,1521992901,302492382,0.392392537056,0.386920268858
1360,1521992901,305825571,0.384933827185,0.384758572906
1361,1521992901,309158401,0.381083547828,0.384083932536
1362,1521992901,312492241,0.372868693282,0.379411297791
1363,1521992901,315824893,0.370155157465,0.378466617252
1364,1521992901,319158603,0.367256111731,0.374173330339
1365,1521992901,322491933,0.363757597043,0.37033874152
1366,1521992901,325825290,0.360585292418,0.362616037905
1367,1521992901,329157702,0.357867852996,0.359208488551
1368,1521992901,332491746,0.344297412719,0.346043281825
1369,1521992901,335824989,0.338026681749,0.340149991026
1370,1521992901,339159369,0.33299671445,0.339350837915
1371,1521992901,342492435,0.326065741892,0.331046837819
1372,1521992901,345824856,0.321881748726,0.327583131438
1373,1521992901,349157840,0.319391021584,0.325102122055
1374,1521992901,352491957,0.317514809478,0.317264834452
1375,1521992901,355824992,0.313023112216,0.311738697756
1376,1521992901,359157868,0.309167688663,0.305090436357
1377,1521992901,362491184,0.304541244036,0.297675121146
1378,1521992901,365825158,0.295313441001,0.291995953832
1379,1521992901,369158745,0.292183605207,0.291686714364
1380,1521992901,372491891,0.278830272256,0.286111530035
1381,1521992901,375825553,0.275598599383,0.286050145883
1382,1521992901,379158977,0.273875632658,0.285389001759
1383,1521992901,382491851,0.272152172917,0.285429832863
1384,1521992901,385825202,0.267531023407,0.282931777881
1385,1521992901,389158419,0.266473588532,0.280474554004
1386,1521992901,392491606,0.26649264959,0.276984045641
1387,1521992901,395826867,0.264912091306,0.274700857043
1388,1521992901,399162900,0.259201548012,0.258488708241
1389,1521992901,402493685,0.252925932742,0.258562971816
1390,1521992901,405826889,0.245694942809,0.246793135723
1391,1521992901,409160344,0.242840173688,0.245353806667
1392,1521992901,412493532,0.238644872714,0.243984678987
1393,1521992901,415825901,0.231997090908,0.244388179894
1394,1521992901,419161755,0.226113161498,0.242723161649
1395,1521992901,422493755,0.222156663164,0.241964876089
1396,1521992901,425826899,0.219962186963,0.238718822606
1397,1521992901,429158707,0.219688255796,0.237399501069
1398,1521992901,432491902,0.215011757942,0.233787300334
1399,1521992901,435825445,0.213249366484,0.230276980509
1400,1521992901,439159353,0.20932718849,0.218996965374
1401,1521992901,442492014,0.208711933457,0.214877681072
1402,1521992901,445825299,0.202675017732,0.209566093542
1403,1521992901,449158335,0.198811976678,0.203964170491
1404,1521992901,452492139,0.196654755058,0.199357647683
1405,1521992901,455825378,0.193524424107,0.19694302865
1406,1521992901,459159124,0.189253769653,0.195496848168
1407,1521992901,462493379,0.183941042267,0.194767026932
1408,1521992901,465827225,0.177976077606,0.191987030427
1409,1521992901,469160861,0.175521634973,0.190245727058
1410,1521992901,472493260,0.170648316108,0.187855856671
1411,1521992901,475824999,0.166088552937,0.187531558537
1412,1521992901,479158249,0.161799108679,0.183953916243
1413,1521992901,482491288,0.159331584146,0.17833700277
1414,1521992901,485824689,0.157910274685,0.172005671417
1415,1521992901,489157320,0.157580338463,0.169923787338
1416,1521992901,492506971,0.153638234779,0.164885136695
1417,1521992901,495825479,0.15082459749,0.160783593295
1418,1521992901,499159202,0.14873520072,0.156198060039
1419,1521992901,502491916,0.142421603443,0.146050197381
1420,1521992901,505825564,0.142391045239,0.14601886062
1421,1521992901,509158789,0.140991316683,0.145678272731
1422,1521992901,512491801,0.138543787508,0.14394370415
1423,1521992901,515825355,0.133932171265,0.140753757473
1424,1521992901,519159357,0.129331781441,0.136522146683
1425,1521992901,522492362,0.125843751195,0.133401694985
1426,1521992901,525825628,0.12371988039,0.133392153344
1427,1521992901,529158578,0.121974937603,0.133060155787
1428,1521992901,532491800,0.121261205633,0.132699580801
1429,1521992901,535825251,0.117014423316,0.130925564931
1430,1521992901,539158046,0.112456662125,0.126038511682
1431,1521992901,542491473,0.107858357263,0.119350874044
1432,1521992901,545825062,0.103621206189,0.115130255489
1433,1521992901,549158276,0.102571182887,0.113734362325
1434,1521992901,552491077,0.101528271762,0.112697387883
1435,1521992901,555824986,0.100794372664,0.112314167709
1436,1521992901,559157547,0.10047787337,0.111301021078
1437,1521992901,562491766,0.099729956806,0.107743699311
1438,1521992901,565825760,0.0944439166926,0.100022652454
1439,1521992901,569158696,0.0930609252535,0.0965407003185
1440,1521992901,572491523,0.0881384854124,0.0940967622995
1441,1521992901,575824835,0.0860047031769,0.0940765713055
1442,1521992901,579158760,0.0859862525112,0.0940563889747
1443,1521992901,582491852,0.0860108551585,0.094083300674
1444,1521992901,585824941,0.0860108551585,0.094083300674
1445,1521992901,589158377,0.0860047031769,0.0923214113931
1446,1521992901,592493924,0.0852387790096,0.086292146679
1447,1521992901,595824780,0.0832503767463,0.081152237078
1448,1521992901,599158704,0.0796430043751,0.0754556851849
1449,1521992901,602490963,0.0758099444921,0.072338458665
1450,1521992901,605824252,0.0715530932168,0.0723125883915
1451,1521992901,609158058,0.0697807195368,0.0723022454625
1452,1521992901,612491419,0.0697907017583,0.072663620374
1453,1521992901,615825003,0.0697857102906,0.0744134578161
1454,1521992901,619159199,0.0704754951216,0.0743974949721
1455,1521992901,622491863,0.0705107883299,0.0744347522668
1456,1521992901,625825570,0.0704855752897,0.0730042090107
1457,1521992901,629158624,0.0705007009496,0.0688071900452
1458,1521992901,632492099,0.0676758320081,0.0649409167594
1459,1521992901,635825218,0.0638031343594,0.0603818198355
1460,1521992901,639159947,0.0613049135175,0.0571936682617
1461,1521992901,642491497,0.0578353968374,0.0554908363562
1462,1521992901,645825479,0.0563884602317,0.0554551203062
1463,1521992901,649159077,0.0560360323553,0.0554551203062
1464,1521992901,652490925,0.0560721225436,0.0572468754814
1465,1521992901,655825519,0.0560200071798,0.0582463124629
1466,1521992901,659159569,0.056032025202,0.0593116781221
1467,1521992901,662491942,0.0560600873166,0.0593413827616
1468,1521992901,665825572,0.0560400400818,0.059320162127
1469,1521992901,669158496,0.0560520667018,0.0575774816599
1470,1521992901,672491937,0.0556875869996,0.0551080796091
1471,1521992901,675824187,0.0535958677339,0.0498643744196
1472,1521992901,679158413,0.0507423564876,0.0452701738274
1473,1521992901,682491733,0.0479370476724,0.0410707419505
1474,1521992901,685824773,0.0444154415983,0.0379141659432
1475,1521992901,689157425,0.042306472998,0.0368662688114
1476,1521992901,692492077,0.0405205122682,0.0368451812845
1477,1521992901,695825069,0.0398328960365,0.036860994667
1478,1521992901,699159080,0.0394690995133,0.0379033209301
1479,1521992901,702491658,0.0391334875231,0.0393240200655
1480,1521992901,705824514,0.0380731019106,0.0396722891925
1481,1521992901,709158546,0.0380594888164,0.0396581043065
1482,1521992901,712491868,0.0366603644938,0.0393183943115
1483,1521992901,715825031,0.0352478291709,0.0393155820381
1484,1521992901,719158965,0.0331282203861,0.0379060316017
1485,1521992901,722492022,0.0313728119226,0.0358078233908
1486,1521992901,725825012,0.0299627979036,0.0329993666543
1487,1521992901,729158859,0.0292515137452,0.0315883596681
1488,1521992901,732491946,0.0289052873893,0.0294887957336
1489,1521992901,735824889,0.0289073551544,0.0280865764195
1490,1521992901,739158499,0.0285486996643,0.0270275294898
1491,1521992901,742492188,0.0285466579923,0.0259726512826
1492,1521992901,745825193,0.0285527838846,0.0256271677209
1493,1521992901,749158264,0.0278477768751,0.0245739964447
1494,1521992901,752492048,0.0274913404175,0.0242194744779
1495,1521992901,755825157,0.0257327558466,0.0228187109844
1496,1521992901,759158685,0.0246717157593,0.0224644400954
1497,1521992901,762491864,0.0225586106694,0.0214129509315
1498,1521992901,765824915,0.0204452032754,0.0203613113399
1499,1521992901,769158402,0.0190338277523,0.0196577910191
1500,1521992901,772491722,0.016918958002,0.0186046950716
1501,1521992901,775825149,0.0155079356201,0.0182523575775
1502,1521992901,779158821,0.0148030294556,0.0175503438246
1503,1521992901,782491672,0.0141011488558,0.0168519458517
1504,1521992901,785825437,0.0137446871815,0.0164961433822
1505,1521992901,789157648,0.0133989669335,0.0154509329187
1506,1521992901,792492098,0.013037034382,0.0143871660254
1507,1521992901,795824829,0.0123393879577,0.0133420782365
1508,1521992901,799158285,0.0116309517151,0.0119342338007
1509,1521992901,802491967,0.0109260455505,0.0108812131712
1510,1521992901,805824777,0.00987080419905,0.00947921954157
1511,1521992901,809158724,0.00881006685565,0.00807200353141
1512,1521992901,812491735,0.00810816059208,0.00772380851536
1513,1521992901,815825055,0.00669708754246,0.00666960766718
1514,1521992901,819159174,0.00563803960973,0.00631676844103
1515,1521992901,822491529,0.00458352915167,0.00561811907803
1516,1521992901,825826177,0.00387587508653,0.00526359732636
1517,1521992901,829158950,0.00282022977116,0.00491515087341
1518,1521992901,832491852,0.00211517232837,0.00386190425768
1519,1521992901,835824223,0.00105773749654,0.00386245686614
1520,1521992901,839158463,0.000352377475608,0.00280745264046
1521,1521992901,842491405,0.0,0.00210649323146
1522,1521992901,845825462,0.0,0.00140382670112
1523,1521992901,849158262,0.0,0.000702164410487
1524,1521992901,852493312,0.0,0.0
1525,1521992901,855825122,0.0,0.0
1526,1521992901,859158760,-0.000352453082276,0.0
1527,1521992901,862491261,-0.00035255394165,-0.000351107322013
1528,1521992901,865825186,-0.000352427876448,-0.00035098177409
1529,1521992901,869158208,-0.000352503504748,-0.000351057092067
1530,1521992901,872491764,-0.000352453082276,-0.000351006876491
1531,1521992901,875825897,-0.000352402674226,-0.000350956675279
1532,1521992901,879159968,0.0,-0.000350956675279
1533,1521992901,882491967,0.0,-0.000351157566335
1534,1521992901,885825324,0.0,-0.000351031982483
1535,1521992901,889158333,0.0,-0.000702164410487
1536,1521992901,892491512,0.0,-0.000702063964966
1537,1521992901,895824996,0.0,-0.000351031982483
1538,1521992901,899159454,0.0,-0.000350906488424
1539,1521992901,902492225,0.0,-0.000351082205243
1540,1521992901,905825553,0.0,0.0
1541,1521992901,909158822,0.0,0.0
1542,1521992901,912491702,0.0,0.0
1543,1521992901,915824903,0.0,0.0
1544,1521992901,919159302,0.0,0.0
1545,1521992901,922491885,0.0,0.0
1546,1521992901,925824507,0.0,0.0
1547,1521992901,929158432,0.0,0.0
1548,1521992901,932491860,0.0,0.0
1549,1521992901,935824712,0.0,0.0
1550,1521992901,939159115,0.0,0.0
1551,1521992901,942492365,0.0,0.0
1552,1521992901,945825868,0.0,0.0
1553,1521992901,949157927,0.0,-0.000351157566335
1554,1521992901,952491479,0.0,-0.000702013752982
1555,1521992901,955824342,0.0,-0.000702164410487
1556,1521992901,959159337,0.0,-0.00140342526368
1557,1521992901,962492247,0.0,-0.00140432882097
1558,1521992901,965825337,0.0,-0.0021063425524
1559,1521992901,969158422,0.0,-0.0021063425524
1560,1521992901,972491321,0.0,-0.0024575754367
1561,1521992901,975828100,0.0,-0.00280524615439
1562,1521992901,979162387,0.0,-0.00386024738063
1563,1521992901,982495015,0.0,-0.00386218054214
1564,1521992901,985825074,0.0,-0.00421660612624
1565,1521992901,989157809,0.0,-0.00456406866816
1566,1521992901,992492015,0.0,-0.0049133934539
1567,1521992901,995824984,0.0,-0.00526585638101
1568,1521992901,999158595,0.0,-0.00526510314737
1569,1521992902,2492224,0.0,-0.00526510314737
1570,1521992902,5825199,0.0,-0.00561691347307
1571,1521992902,9158559,0.0,-0.00561651171973
1572,1521992902,12492022,0.0,-0.00561651171973
1573,1521992902,15825119,0.0,-0.00596797056514
1574,1521992902,19158162,-0.000352503504748,-0.00596797056514
1575,1521992902,22491947,-0.000352427876448,-0.00596669015953
1576,1521992902,25825415,-0.000352453082276,-0.00596711690035
1577,1521992902,29158483,-0.000352503504748,-0.00596797056514
1578,1521992902,32491830,-0.000704956583417,-0.00561651171973
1579,1521992902,35824811,-0.00070505744279,-0.0056173152839
1580,1521992902,39158202,-0.000704956583417,-0.00561651171973
1581,1521992902,42491566,-0.000704906164551,-0.00526510314737
1582,1521992902,45825034,-0.000704956583417,-0.00526547973725
1583,1521992902,49158569,-0.000704906164551,-0.00526510314737
1584,1521992902,52491297,-0.000705107883299,-0.00491550250818
1585,1521992902,55825093,-0.00105728362935,-0.00491374483726
1586,1521992902,59169046,-0.00105404227785,-0.00489868059742
1587,1521992902,62491820,-0.00106077326463,-0.00457782276762
1588,1521992902,65825031,-0.00105751051424,-0.00456374219687
1589,1521992902,69158797,-0.00105728362935,-0.00456276306317
1590,1521992902,72491410,-0.00105766182495,-0.00456439518617
1591,1521992902,75824950,-0.0014098123291,-0.00421208251789
1592,1521992902,79158799,-0.00211456725869,-0.00421178128908
1593,1521992902,82492031,-0.00211486975025,-0.0042123837898
