694,1521993460,222816120,0.0,0.0
695,1521993460,222816120,0.0,0.0
696,1521993460,222816120,0.0,0.0
697,1521993460,222816120,0.0,0.0
698,1521993460,222816120,0.0,0.0
699,1521993460,222816120,0.0,0.0
700,1521993460,222816120,0.0,0.0
701,1521993460,222816120,0.0,0.0
702,1521993460,222816120,0.0,0.0
703,1521993460,222816120,0.0,0.0
704,1521993460,222816120,0.0,0.0
705,1521993460,222816120,0.0,0.0
706,1521993460,222816120,0.0,0.0
707,1521993460,222816120,0.0,0.0
708,1521993460,222816120,0.0,0.0
709,1521993460,222816120,0.0,0.0
710,1521993460,222816120,0.0,0.0
711,1521993460,222816120,0.0,0.0
712,1521993460,222816120,0.0,0.0
713,1521993460,222816120,0.0,0.0
714,1521993460,222816120,0.0,0.0
715,1521993460,222816120,0.0,0.0
716,1521993460,222816120,0.0,0.0
717,1521993460,222816120,0.0,0.0
718,1521993460,222816120,0.0,0.0
719,1521993460,222816120,0.0,0.0
720,1521993460,222816120,0.0,0.0
721,1521993460,222816120,0.0,0.0
722,1521993460,222816120,0.0,0.0
723,1521993460,222816120,0.0,0.0
724,1521993460,222816120,0.0,0.0
725,1521993460,222816120,0.0,0.0
726,1521993460,222816120,0.0,0.0
727,1521993460,222816120,0.0,0.0
728,1521993460,222816120,0.0,0.0
729,1521993460,222816120,0.0,0.0
730,1521993460,222816120,0.0,0.0
731,1521993460,222816120,0.0,0.0
732,1521993460,222816120,0.0,0.0
733,1521993460,222816120,0.0,0.0
734,1521993460,222816120,0.0,0.0
735,1521993460,222816120,0.0,0.0
736,1521993460,222816120,0.0,0.0
737,1521993460,222816120,0.0,0.0
738,1521993460,222816120,0.0,0.0
739,1521993460,222816120,0.0,0.0
740,1521993460,222816120,0.0,0.0
741,1521993460,222816120,0.0,0.0
742,1521993460,222816120,0.0,0.0
743,1521993460,222816120,0.0,0.0
744,1521993460,222816120,0.0,0.0
745,1521993460,222816120,0.0,0.0
746,1521993460,222816120,0.0,0.0
747,1521993460,222816120,0.0,0.0
748,1521993460,222816120,0.0,0.0
749,1521993460,222816120,0.0,0.0
750,1521993460,222816120,0.0,0.0
751,1521993460,222816120,0.0,0.0
752,1521993460,222816120,0.0,0.0
753,1521993460,222816120,0.0,0.0
754,1521993460,222816120,0.0,0.0
755,1521993460,222816120,0.0,0.0
756,1521993460,222816120,0.0,0.0
757,1521993460,222816120,0.0,0.0
758,1521993460,222816120,0.0,0.0
759,1521993460,222816120,0.0,0.0
760,1521993460,222816120,0.0,0.0
761,1521993460,222816120,0.0,0.0
762,1521993460,222816120,0.0,0.0
763,1521993460,222816120,0.0,0.0
764,1521993460,222816120,0.0,0.0
765,1521993460,222816120,0.0,0.0
766,1521993460,222816120,0.0,0.0
767,1521993460,222816120,0.0,0.0
768,1521993460,222816120,0.0,0.0
769,1521993460,222816120,0.0,0.0
770,1521993460,222816120,0.0,0.0
771,1521993460,222816120,0.0,0.0
772,1521993460,222816120,0.0,0.0
773,1521993460,222816120,0.0,0.0
774,1521993460,222816120,0.0,0.0
775,1521993460,222816120,0.0,0.0
776,1521993460,222816120,0.0,0.0
777,1521993460,222816120,0.0,0.0
778,1521993460,222816120,0.0,0.0
779,1521993460,222816120,0.0,0.0
780,1521993460,222816120,0.0,0.0
781,1521993460,222816120,0.0,0.0
782,1521993460,222816120,0.0,0.0
783,1521993460,222816120,0.0,0.0
784,1521993460,222816120,0.0,0.0
785,1521993460,222816120,0.0,0.0
786,1521993460,222816120,0.0,0.0
787,1521993460,222816120,0.0,0.0
788,1521993460,222816120,0.0,0.0
789,1521993460,222816120,0.0,0.0
790,1521993460,222816120,0.0,0.0
791,1521993460,222816120,0.0,0.0
792,1521993460,222816120,0.0,0.0
793,1521993460,222816120,0.0,0.0
794,1521993460,222816120,0.0,0.0
795,1521993460,222816120,0.0,0.0
796,1521993460,222816120,0.0,0.0
797,1521993460,222816120,0.0,0.0
798,1521993460,222816120,0.0,0.0
799,1521993460,222816120,0.0,0.0
800,1521993460,222816120,0.0,0.0
801,1521993460,222816120,0.0,0.0
802,1521993460,222816120,0.0,0.0
803,1521993460,222816120,0.0,0.0
804,1521993460,222816120,0.0,0.0
805,1521993460,222816120,0.0,0.0
806,1521993460,222816120,0.0,0.0
807,1521993460,222816120,0.0,0.0
808,1521993460,222816120,0.0,0.0
809,1521993460,222816120,0.0,0.0
810,1521993460,222816120,0.0,0.0
811,1521993460,222816120,0.0,0.0
812,1521993460,222816120,0.0,0.0
813,1521993460,222816120,0.0,0.0
814,1521993460,222816120,0.0,0.0
815,1521993460,222816120,0.0,0.0
816,1521993460,222816120,0.0,0.0
817,1521993460,222816120,0.0,0.0
818,1521993460,222816120,0.0,0.0
819,1521993460,222816120,0.0,0.0
820,1521993460,222816120,0.0,0.0
821,1521993460,222816120,0.0,0.0
822,1521993460,222816120,0.0,0.0
823,1521993460,222816120,0.0,0.0
824,1521993460,222816120,0.0,0.0
825,1521993460,222816120,0.0,0.0
826,1521993460,222816120,0.0,0.0
827,1521993460,222816120,0.0,0.0
828,1521993460,222816120,0.0,0.0
829,1521993460,222816120,0.0,0.0
830,1521993460,222816120,0.0,0.0
831,1521993460,222816120,0.0,0.0
832,1521993460,222816120,0.0,0.0
833,1521993460,222816120,0.0,0.0
834,1521993460,222816120,0.0,0.0
835,1521993460,222816120,0.0,0.0
836,1521993460,222816120,0.0,0.0
837,1521993460,222816120,0.0,0.0
838,1521993460,222816120,0.0,0.0
839,1521993460,222816120,0.0,0.0
840,1521993460,222816120,0.0,0.0
841,1521993460,222816120,0.0,0.0
842,1521993460,222816120,0.0,0.0
843,1521993460,222816120,0.0,0.0
844,1521993460,222816120,0.0,0.0
845,1521993460,222816120,0.0,0.0
846,1521993460,222816120,0.0,0.0
847,1521993460,222816120,0.0,0.0
848,1521993460,222816120,0.0,0.0
849,1521993460,222816120,0.0,0.0
850,1521993460,222816120,0.0,0.0
851,1521993460,222816120,0.0,0.0
852,1521993460,222816120,0.0,0.0
853,1521993460,222816120,0.0,0.0
854,1521993460,222816120,0.0,0.0
855,1521993460,222816120,0.0,0.0
856,1521993460,222816120,0.0,0.0
857,1521993460,222816120,0.0,0.0
858,1521993460,222816120,0.0,0.0
859,1521993460,222816120,0.0,0.0
860,1521993460,222816120,0.0,0.0
861,1521993460,222816120,0.0,0.0
862,1521993460,222816120,0.0,0.0
863,1521993460,222816120,0.0,0.0
864,1521993460,222816120,0.0,0.0
865,1521993460,222816120,0.0,0.0
866,1521993460,222816120,0.0,0.0
867,1521993460,222816120,0.0,0.0
868,1521993460,222816120,0.0,0.0
869,1521993460,222816120,0.0,0.0
870,1521993460,222816120,0.0,0.0
871,1521993460,222816120,0.0,0.0
872,1521993460,222816120,0.0,0.0
873,1521993460,222816120,0.0,0.0
874,1521993460,222816120,0.0,0.0
875,1521993460,222816120,0.0,0.0
876,1521993460,222816120,0.0,0.0
877,1521993460,222816120,0.0,0.0
878,1521993460,222816120,0.0,0.0
879,1521993460,222816120,0.0,0.0
880,1521993460,222816120,0.0,0.0
881,1521993460,222816120,0.0,0.0
882,1521993460,222816120,0.0,0.0
883,1521993460,222816120,0.0,0.0
884,1521993460,222816120,0.0,0.0
885,1521993460,222816120,0.0,0.0
886,1521993460,222816120,0.0,0.0
887,1521993460,222816120,0.0,0.0
888,1521993460,222816120,0.0,0.0
889,1521993460,222816120,0.0,0.0
890,1521993460,222816120,0.0,0.0
891,1521993460,222816120,0.0,0.0
892,1521993460,222816120,0.0,0.0
893,1521993460,222816120,0.0,0.0
894,1521993460,222816120,0.0,0.0
895,1521993460,222816120,0.0,0.0
896,1521993460,222816120,0.0,0.0
897,1521993460,222816120,0.0,0.0
898,1521993460,222816120,0.0,0.0
899,1521993460,222816120,0.0,0.0
900,1521993460,222816120,0.0,0.0
901,1521993460,222816120,0.0,0.0
902,1521993460,222816120,0.0,0.0
903,1521993460,222816120,0.0,0.0
904,1521993460,222816120,0.0,0.0
905,1521993460,222816120,0.0,0.0
906,1521993460,222816120,0.0,0.0
907,1521993460,222816120,0.0,0.0
908,1521993460,222816120,0.0,0.0
909,1521993460,222816120,0.0,0.0
910,1521993460,222816120,0.0,0.0
911,1521993460,222816120,0.0,0.0
912,1521993460,222816120,0.0,0.0
913,1521993460,222816120,0.0,0.0
914,1521993460,222816120,0.0,0.0
915,1521993460,222816120,0.0,0.0
916,1521993460,222816120,0.0,0.0
917,1521993460,222816120,0.0,0.0
918,1521993460,222816120,0.0,0.0
919,1521993460,222816120,0.0,0.0
920,1521993460,222816120,0.0,0.0
921,1521993460,222816120,0.0,0.0
922,1521993460,222816120,0.0,0.0
923,1521993460,222816120,0.0,0.0
924,1521993460,222816120,0.0,0.0
925,1521993460,222816120,0.0,0.0
926,1521993460,222816120,0.0,0.0
927,1521993460,222816120,0.0,0.0
928,1521993460,222816120,0.0,0.0
929,1521993460,222816120,0.0,0.0
930,1521993460,222816120,0.0,0.0
931,1521993460,222816120,0.0,0.0
932,1521993460,222816120,0.0,0.0
933,1521993460,222816120,0.0,0.0
934,1521993460,222816120,0.0,0.0
935,1521993460,222816120,0.0,0.0
936,1521993460,222816120,0.0,0.0
937,1521993460,222816120,0.0,0.0
938,1521993460,222816120,0.0,0.0
939,1521993460,222816120,0.0,0.0
940,1521993460,222816120,0.0,0.0
941,1521993460,222816120,0.0,0.0
942,1521993460,222816120,0.0,0.0
943,1521993460,222816120,0.0,0.0
944,1521993460,222816120,0.0,0.0
945,1521993460,222816120,0.0,0.0
946,1521993460,222816120,0.0,0.0
947,1521993460,222816120,0.0,0.0
948,1521993460,222816120,0.0,0.0
949,1521993460,222816120,0.0,0.0
950,1521993460,222816120,0.0,0.0
951,1521993460,222816120,0.0,0.0
952,1521993460,222816120,0.0,0.0
953,1521993460,222816120,0.0,0.0
954,1521993460,222816120,0.0,0.0
955,1521993460,222816120,0.0,0.0
956,1521993460,222816120,0.0,0.0
957,1521993460,222816120,0.0,0.0
958,1521993460,222816120,0.0,0.0
959,1521993460,222816120,0.0,0.0
960,1521993460,222816120,0.0,0.0
961,1521993460,222816120,0.0,0.0
962,1521993460,222816120,0.0,0.0
963,1521993460,222816120,0.0,0.0
964,1521993460,222816120,0.0,0.0
965,1521993460,222816120,0.0,0.0
966,1521993460,222816120,0.0,0.0
967,1521993460,222816120,0.0,0.0
968,1521993460,222816120,0.0,0.0
969,1521993460,222816120,0.0,0.0
970,1521993460,222816120,0.0,0.0
971,1521993460,222816120,0.0,0.0
972,1521993460,222816120,0.0,0.0
973,1521993460,222816120,0.0,0.0
974,1521993460,222816120,0.0,0.0
975,1521993460,222816120,0.0,0.0
976,1521993460,222816120,0.0,0.0
977,1521993460,222816120,0.0,0.0
978,1521993460,222816120,0.0,0.0
979,1521993460,222816120,0.0,0.0
980,1521993460,222816120,0.0,0.0
981,1521993460,222816120,0.0,0.0
982,1521993460,222816120,0.0,0.0
983,1521993460,222816120,0.0,0.0
984,1521993460,222816120,0.0,0.0
985,1521993460,222816120,0.0,0.0
986,1521993460,222816120,0.0,0.0
987,1521993460,222816120,0.0,0.0
988,1521993460,222816120,0.0,0.0
989,1521993460,222816120,0.0,0.0
990,1521993460,222816120,0.0,0.0
991,1521993460,222816120,0.0,0.0
992,1521993460,222816120,0.0,0.0
993,1521993460,222816120,0.0,0.0
994,1521993460,222816120,0.0,0.0
995,1521993460,222816120,0.0,0.0
996,1521993460,222816120,0.0,0.0
997,1521993460,222816120,0.0,0.0
998,1521993460,222816120,0.0,0.0
999,1521993460,222816120,0.0,0.0
1000,1521993460,222816120,0.0,0.0
1001,1521993460,222816120,0.0,0.0
1002,1521993460,222816120,0.0,0.0
1003,1521993460,222816120,0.0,0.0
1004,1521993460,222816120,0.0,0.0
1005,1521993460,222816120,0.0,0.0
1006,1521993460,222816120,0.0,0.0
1007,1521993460,222816120,0.0,0.0
1008,1521993460,222816120,0.0,0.0
1009,1521993460,222816120,0.0,0.0
1010,1521993460,222816120,0.0,0.0
1011,1521993460,222816120,0.0,0.0
1012,1521993460,222816120,0.0,0.0
1013,1521993460,222816120,0.0,0.0
1014,1521993460,222816120,0.0,0.0
1015,1521993460,222816120,0.0,0.0
1016,1521993460,222816120,0.0,0.0
1017,1521993460,222816120,0.0,0.0
1018,1521993460,222816120,0.0,0.0
1019,1521993460,222816120,0.0,0.0
1020,1521993460,222816120,0.0,0.0
1021,1521993460,222816120,0.0,0.0
1022,1521993460,222816120,0.0,0.0
1023,1521993460,222816120,0.0,0.0
1024,1521993460,222816120,0.0,0.0
1025,1521993460,222816120,0.0,0.0
1026,1521993460,222816120,0.0,0.0
1027,1521993460,222816120,0.0,0.0
1028,1521993460,222816120,0.0,0.0
1029,1521993460,222816120,0.0,0.0
1030,1521993460,222816120,0.0,0.0
1031,1521993460,222816120,0.0,0.0
1032,1521993460,222816120,0.0,0.0
1033,1521993460,222816120,0.0,0.0
1034,1521993460,222816120,0.0,0.0
1035,1521993460,222816120,0.0,0.0
1036,1521993460,222816120,0.0,0.0
1037,1521993460,222816120,0.0,0.0
1038,1521993460,222816120,0.0,0.0
1039,1521993460,222816120,0.0,0.0
1040,1521993460,222816120,0.0,0.0
1041,1521993460,222816120,0.0,0.0
1042,1521993460,222816120,0.0,0.0
1043,1521993460,222816120,0.0,0.0
1044,1521993460,222816120,0.0,0.0
1045,1521993460,222816120,0.0,0.0
1046,1521993460,222816120,0.0,0.0
1047,1521993460,222816120,0.0,0.0
1048,1521993460,222816120,0.0,0.0
1049,1521993460,222816120,0.0,0.0
1050,1521993460,222816120,0.0,0.0
1051,1521993460,222816120,0.0,0.0
1052,1521993460,222816120,0.0,0.0
1053,1521993460,222816120,0.0,0.0
1054,1521993460,222816120,0.0,0.0
1055,1521993460,222816120,0.0,0.0
1056,1521993460,222816120,0.0,0.0
1057,1521993460,222816120,0.0,0.0
1058,1521993460,222816120,0.0,0.0
1059,1521993460,222816120,0.0,0.0
1060,1521993460,222816120,0.0,0.0
1061,1521993460,222816120,0.0,0.0
1062,1521993460,222816120,0.0,0.0
1063,1521993460,222816120,0.0,0.0
1064,1521993460,222816120,0.0,0.0
1065,1521993460,222816120,0.0,0.0
1066,1521993460,222816120,0.0,0.0
1067,1521993460,222816120,0.0,0.0
1068,1521993460,222816120,0.0,0.0
1069,1521993460,222816120,0.0,0.0
1070,1521993460,222816120,0.0,0.0
1071,1521993460,222816120,0.0,0.0
1072,1521993460,222816120,0.0,0.0
1073,1521993460,222816120,0.0,0.0
1074,1521993460,222816120,0.0,0.0
1075,1521993460,222816120,0.0,0.0
1076,1521993460,222816120,0.0,0.0
1077,1521993460,222816120,0.0,0.0
1078,1521993460,222816120,0.0,0.0
1079,1521993460,222816120,0.0,0.0
1080,1521993460,222816120,0.0,0.0
1081,1521993464,620440410,-0.0481276884675,0.0
1082,1521993464,620440410,-0.0481276884675,0.0
1083,1521993464,620440410,-0.0481276884675,0.0
1084,1521993464,620440410,-0.0481276884675,0.0
1085,1521993464,636440160,-0.156773582101,0.0
1086,1521993464,636440160,-0.156773582101,0.0
1087,1521993464,636440160,-0.156773582101,0.0
1088,1521993464,636440160,-0.156773582101,0.0
1089,1521993464,636440160,-0.156773582101,0.0
1090,1521993464,636440160,-0.156773582101,0.0
1091,1521993464,660440507,-0.288857698441,0.0
1092,1521993464,660440507,-0.288857698441,0.0
1093,1521993464,660440507,-0.288857698441,0.0
1094,1521993464,660440507,-0.288857698441,0.0
1095,1521993464,676441963,-0.445661783218,0.000671407207847
1096,1521993464,676441963,-0.445661783218,0.000671407207847
1097,1521993464,676441963,-0.445661783218,0.000671407207847
1098,1521993464,676441963,-0.445661783218,0.000671407207847
1099,1521993464,676441963,-0.445661783218,0.000671407207847
1100,1521993464,676441963,-0.445661783218,0.000671407207847
1101,1521993464,700442032,-0.622638642788,0.0501113943756
1102,1521993464,700442032,-0.622638642788,0.0501113943756
1103,1521993464,700442032,-0.622638642788,0.0501113943756
1104,1521993464,700442032,-0.622638642788,0.0501113943756
1105,1521993464,716442244,-0.816522717476,0.106723226607
1106,1521993464,716442244,-0.816522717476,0.106723226607
1107,1521993464,716442244,-0.816522717476,0.106723226607
1108,1521993464,716442244,-0.816522717476,0.106723226607
1109,1521993464,716442244,-0.816522717476,0.106723226607
1110,1521993464,716442244,-0.816522717476,0.106723226607
1111,1521993464,740441384,-0.990905463696,0.171788692474
1112,1521993464,740441384,-0.990905463696,0.171788692474
1113,1521993464,740441384,-0.990905463696,0.171788692474
1114,1521993464,740441384,-0.990905463696,0.171788692474
1115,1521993464,756445209,-1.0,0.240089118481
1116,1521993464,756445209,-1.0,0.240089118481
1117,1521993464,756445209,-1.0,0.240089118481
1118,1521993464,756445209,-1.0,0.240089118481
1119,1521993464,756445209,-1.0,0.240089118481
1120,1521993464,756445209,-1.0,0.240089118481
1121,1521993464,780439605,-1.0,0.300607323647
1122,1521993464,780439605,-1.0,0.300607323647
1123,1521993464,780439605,-1.0,0.300607323647
1124,1521993464,780439605,-1.0,0.300607323647
1125,1521993464,796443497,-1.0,0.348765522242
1126,1521993464,796443497,-1.0,0.348765522242
1127,1521993464,796443497,-1.0,0.348765522242
1128,1521993464,796443497,-1.0,0.348765522242
1129,1521993464,796443497,-1.0,0.348765522242
1130,1521993464,796443497,-1.0,0.348765522242
1131,1521993464,820461694,-1.0,0.379985958338
1132,1521993464,820461694,-1.0,0.379985958338
1133,1521993464,820461694,-1.0,0.379985958338
1134,1521993464,820461694,-1.0,0.379985958338
1135,1521993464,836444228,-1.0,0.386486411095
1136,1521993464,836444228,-1.0,0.386486411095
1137,1521993464,836444228,-1.0,0.386486411095
1138,1521993464,836444228,-1.0,0.386486411095
1139,1521993464,836444228,-1.0,0.386486411095
1140,1521993464,836444228,-1.0,0.386486411095
1141,1521993464,860442134,-1.0,0.392986834049
1142,1521993464,860442134,-1.0,0.392986834049
1143,1521993464,860442134,-1.0,0.392986834049
1144,1521993464,860442134,-1.0,0.392986834049
1145,1521993464,876442380,-1.0,0.400799572468
1146,1521993464,876442380,-1.0,0.400799572468
1147,1521993464,876442380,-1.0,0.400799572468
1148,1521993464,876442380,-1.0,0.400799572468
1149,1521993464,876442380,-1.0,0.400799572468
1150,1521993464,876442380,-1.0,0.400799572468
1151,1521993464,900452396,-1.0,0.410565495491
1152,1521993464,900452396,-1.0,0.410565495491
1153,1521993464,900452396,-1.0,0.410565495491
1154,1521993464,900452396,-1.0,0.410565495491
1155,1521993464,916443207,-1.0,0.431379139423
1156,1521993464,916443207,-1.0,0.431379139423
1157,1521993464,916443207,-1.0,0.431379139423
1158,1521993464,916443207,-1.0,0.431379139423
1159,1521993464,916443207,-1.0,0.431379139423
1160,1521993464,916443207,-1.0,0.431379139423
1161,1521993464,940443373,-1.0,0.437238693237
1162,1521993464,940443373,-1.0,0.437238693237
1163,1521993464,940443373,-1.0,0.437238693237
1164,1521993464,940443373,-1.0,0.437238693237
1165,1521993464,956440852,-1.0,0.442457348108
1166,1521993464,956440852,-1.0,0.442457348108
1167,1521993464,956440852,-1.0,0.442457348108
1168,1521993464,956440852,-1.0,0.442457348108
1169,1521993464,956440852,-1.0,0.442457348108
1170,1521993464,956440852,-1.0,0.442457348108
1171,1521993464,980441999,-1.0,0.444410532713
1172,1521993464,980441999,-1.0,0.444410532713
1173,1521993464,980441999,-1.0,0.444410532713
1174,1521993464,980441999,-1.0,0.444410532713
1175,1521993464,996440403,-1.0,0.446363717318
1176,1521993464,996440403,-1.0,0.446363717318
1177,1521993464,996440403,-1.0,0.446363717318
1178,1521993464,996440403,-1.0,0.446363717318
1179,1521993464,996440403,-1.0,0.446363717318
1180,1521993464,996440403,-1.0,0.446363717318
1181,1521993464,996440403,-1.0,0.446363717318
1182,1521993464,996440403,-1.0,0.446363717318
1183,1521993464,996440403,-1.0,0.446363717318
1184,1521993464,996440403,-1.0,0.446363717318
1185,1521993465,36442770,-1.0,0.448316901922
1186,1521993465,36442770,-1.0,0.448316901922
1187,1521993465,36442770,-1.0,0.448316901922
1188,1521993465,36442770,-1.0,0.448316901922
1189,1521993465,36442770,-1.0,0.448316901922
1190,1521993465,36442770,-1.0,0.448316901922
1191,1521993465,60445036,-1.0,0.45091098547
1192,1521993465,60445036,-1.0,0.45091098547
1193,1521993465,60445036,-1.0,0.45091098547
1194,1521993465,60445036,-1.0,0.45091098547
1195,1521993465,76442336,-1.0,0.452864170074
1196,1521993465,76442336,-1.0,0.452864170074
1197,1521993465,76442336,-1.0,0.452864170074
1198,1521993465,76442336,-1.0,0.452864170074
1199,1521993465,76442336,-1.0,0.452864170074
1200,1521993465,76442336,-1.0,0.452864170074
1201,1521993465,100446630,-1.0,0.454817354679
1202,1521993465,100446630,-1.0,0.454817354679
1203,1521993465,100446630,-1.0,0.454817354679
1204,1521993465,100446630,-1.0,0.454817354679
1205,1521993465,100446630,-1.0,0.454817354679
1206,1521993465,100446630,-1.0,0.454817354679
1207,1521993465,100446630,-1.0,0.454817354679
1208,1521993465,100446630,-1.0,0.454817354679
1209,1521993465,100446630,-1.0,0.454817354679
1210,1521993465,100446630,-1.0,0.454817354679
1211,1521993465,140442391,-1.0,0.456099122763
1212,1521993465,140442391,-1.0,0.456099122763
1213,1521993465,140442391,-1.0,0.456099122763
1214,1521993465,140442391,-1.0,0.456099122763
1215,1521993465,140442391,-1.0,0.456099122763
1216,1521993465,140442391,-1.0,0.456099122763
1217,1521993465,140442391,-1.0,0.456099122763
1218,1521993465,140442391,-1.0,0.456099122763
1219,1521993465,140442391,-1.0,0.456099122763
1220,1521993465,140442391,-1.0,0.456099122763
1221,1521993465,140442391,-1.0,0.456099122763
1222,1521993465,140442391,-1.0,0.456099122763
1223,1521993465,140442391,-1.0,0.456099122763
1224,1521993465,140442391,-1.0,0.456099122763
1225,1521993465,196440841,-1.0,0.447645485401
1226,1521993465,196440841,-1.0,0.447645485401
1227,1521993465,196440841,-1.0,0.447645485401
1228,1521993465,196440841,-1.0,0.447645485401
1229,1521993465,196440841,-1.0,0.447645485401
1230,1521993465,196440841,-1.0,0.447645485401
1231,1521993465,220442516,-1.0,0.41383099556
1232,1521993465,220442516,-1.0,0.41383099556
1233,1521993465,220442516,-1.0,0.41383099556
1234,1521993465,220442516,-1.0,0.41383099556
1235,1521993465,236445379,-1.0,0.37739187479
1236,1521993465,236445379,-1.0,0.37739187479
1237,1521993465,236445379,-1.0,0.37739187479
1238,1521993465,236445379,-1.0,0.37739187479
1239,1521993465,236445379,-1.0,0.37739187479
1240,1521993465,236445379,-1.0,0.37739187479
1241,1521993465,260440962,-1.0,0.32728049159
1242,1521993465,260440962,-1.0,0.32728049159
1243,1521993465,260440962,-1.0,0.32728049159
1244,1521993465,260440962,-1.0,0.32728049159
1245,1521993465,276442026,-1.0,0.270027786493
1246,1521993465,276442026,-1.0,0.270027786493
1247,1521993465,276442026,-1.0,0.270027786493
1248,1521993465,276442026,-1.0,0.270027786493
1249,1521993465,276442026,-1.0,0.270027786493
1250,1521993465,276442026,-1.0,0.270027786493
1251,1521993465,300443887,-1.0,0.204962313175
1252,1521993465,300443887,-1.0,0.204962313175
1253,1521993465,300443887,-1.0,0.204962313175
1254,1521993465,300443887,-1.0,0.204962313175
1255,1521993465,316444094,-1.0,0.135990485549
1256,1521993465,316444094,-1.0,0.135990485549
1257,1521993465,316444094,-1.0,0.135990485549
1258,1521993465,316444094,-1.0,0.135990485549
1259,1521993465,316444094,-1.0,0.135990485549
1260,1521993465,316444094,-1.0,0.135990485549
1261,1521993465,340445213,-1.0,0.0728782042861
1262,1521993465,340445213,-1.0,0.0728782042861
1263,1521993465,340445213,-1.0,0.0728782042861
1264,1521993465,340445213,-1.0,0.0728782042861
1265,1521993465,356439490,-1.0,0.0182195510715
1266,1521993465,356439490,-1.0,0.0182195510715
1267,1521993465,356439490,-1.0,0.0182195510715
1268,1521993465,356439490,-1.0,0.0182195510715
1269,1521993465,356439490,-1.0,0.0182195510715
1270,1521993465,356439490,-1.0,0.0182195510715
1271,1521993465,380446097,-1.0,-0.0
1272,1521993465,380446097,-1.0,-0.0
1273,1521993465,380446097,-1.0,-0.0
1274,1521993465,380446097,-1.0,-0.0
1275,1521993465,380446097,-1.0,-0.0
1276,1521993465,380446097,-1.0,-0.0
1277,1521993465,380446097,-1.0,-0.0
1278,1521993465,380446097,-1.0,-0.0
1279,1521993465,380446097,-1.0,-0.0
1280,1521993465,380446097,-1.0,-0.0
1281,1521993465,380446097,-1.0,-0.0
1282,1521993465,380446097,-1.0,-0.0
1283,1521993465,380446097,-1.0,-0.0
1284,1521993465,380446097,-1.0,-0.0
1285,1521993465,380446097,-1.0,-0.0
1286,1521993465,380446097,-1.0,-0.0
1287,1521993465,380446097,-1.0,-0.0
1288,1521993465,380446097,-1.0,-0.0
1289,1521993465,380446097,-1.0,-0.0
1290,1521993465,380446097,-1.0,-0.0
1291,1521993465,380446097,-1.0,-0.0
1292,1521993465,380446097,-1.0,-0.0
1293,1521993465,380446097,-1.0,-0.0
1294,1521993465,380446097,-1.0,-0.0
1295,1521993465,380446097,-1.0,-0.0
1296,1521993465,380446097,-1.0,-0.0
1297,1521993465,380446097,-1.0,-0.0
1298,1521993465,380446097,-1.0,-0.0
1299,1521993465,380446097,-1.0,-0.0
1300,1521993465,380446097,-1.0,-0.0
1301,1521993465,380446097,-1.0,-0.0
1302,1521993465,380446097,-1.0,-0.0
1303,1521993465,380446097,-1.0,-0.0
1304,1521993465,380446097,-1.0,-0.0
1305,1521993465,516440728,-1.0,-0.0305795464665
1306,1521993465,516440728,-1.0,-0.0305795464665
1307,1521993465,516440728,-1.0,-0.0305795464665
1308,1521993465,516440728,-1.0,-0.0305795464665
1309,1521993465,516440728,-1.0,-0.0305795464665
1310,1521993465,516440728,-1.0,-0.0305795464665
1311,1521993465,540446869,-1.0,-0.0735190883279
1312,1521993465,540446869,-1.0,-0.0735190883279
1313,1521993465,540446869,-1.0,-0.0735190883279
1314,1521993465,540446869,-1.0,-0.0735190883279
1315,1521993465,556441078,-1.0,-0.109927669168
1316,1521993465,556441078,-1.0,-0.109927669168
1317,1521993465,556441078,-1.0,-0.109927669168
1318,1521993465,556441078,-1.0,-0.109927669168
1319,1521993465,556441078,-1.0,-0.109927669168
1320,1521993465,556441078,-1.0,-0.109927669168
1321,1521993465,580442162,-1.0,-0.144413590431
1322,1521993465,580442162,-1.0,-0.144413590431
1323,1521993465,580442162,-1.0,-0.144413590431
1324,1521993465,580442162,-1.0,-0.144413590431
1325,1521993465,596440694,-1.0,-0.178258612752
1326,1521993465,596440694,-1.0,-0.178258612752
1327,1521993465,596440694,-1.0,-0.178258612752
1328,1521993465,596440694,-1.0,-0.178258612752
1329,1521993465,596440694,-1.0,-0.178258612752
1330,1521993465,596440694,-1.0,-0.178258612752
1331,1521993465,620456894,-1.0,-0.210791349411
1332,1521993465,620456894,-1.0,-0.210791349411
1333,1521993465,620456894,-1.0,-0.210791349411
1334,1521993465,620456894,-1.0,-0.210791349411
1335,1521993465,636445372,-1.0,-0.246589556336
1336,1521993465,636445372,-1.0,-0.246589556336
1337,1521993465,636445372,-1.0,-0.246589556336
1338,1521993465,636445372,-1.0,-0.246589556336
1339,1521993465,636445372,-1.0,-0.246589556336
1340,1521993465,636445372,-1.0,-0.246589556336
1341,1521993465,660445172,-1.0,-0.281044960022
1342,1521993465,660445172,-1.0,-0.281044960022
1343,1521993465,660445172,-1.0,-0.281044960022
1344,1521993465,660445172,-1.0,-0.281044960022
1345,1521993465,676440789,-1.0,-0.312295913696
1346,1521993465,676440789,-1.0,-0.312295913696
1347,1521993465,676440789,-1.0,-0.312295913696
1348,1521993465,676440789,-1.0,-0.312295913696
1349,1521993465,676440789,-1.0,-0.312295913696
1350,1521993465,676440789,-1.0,-0.312295913696
1351,1521993465,700440650,-1.0,-0.339609980583
1352,1521993465,700440650,-1.0,-0.339609980583
1353,1521993465,700440650,-1.0,-0.339609980583
1354,1521993465,700440650,-1.0,-0.339609980583
1355,1521993465,716443987,-1.0,-0.361095011234
1356,1521993465,716443987,-1.0,-0.361095011234
1357,1521993465,716443987,-1.0,-0.361095011234
1358,1521993465,716443987,-1.0,-0.361095011234
1359,1521993465,716443987,-1.0,-0.361095011234
1360,1521993465,716443987,-1.0,-0.361095011234
1361,1521993465,740444094,-1.0,-0.369548618793
1362,1521993465,740444094,-1.0,-0.369548618793
1363,1521993465,740444094,-1.0,-0.369548618793
1364,1521993465,740444094,-1.0,-0.369548618793
1365,1521993465,756440774,-1.0,-0.394268631935
1366,1521993465,756440774,-1.0,-0.394268631935
1367,1521993465,756440774,-1.0,-0.394268631935
1368,1521993465,756440774,-1.0,-0.394268631935
1369,1521993465,756440774,-1.0,-0.394268631935
1370,1521993465,756440774,-1.0,-0.394268631935
1371,1521993465,780441398,-1.0,-0.402081370354
1372,1521993465,780441398,-1.0,-0.402081370354
1373,1521993465,780441398,-1.0,-0.402081370354
1374,1521993465,780441398,-1.0,-0.402081370354
1375,1521993465,796444979,-1.0,-0.424207270145
1376,1521993465,796444979,-1.0,-0.424207270145
1377,1521993465,796444979,-1.0,-0.424207270145
1378,1521993465,796444979,-1.0,-0.424207270145
1379,1521993465,796444979,-1.0,-0.424207270145
1380,1521993465,796444979,-1.0,-0.424207270145
1381,1521993465,820440693,-1.0,-0.430066823959
1382,1521993465,820440693,-1.0,-0.430066823959
1383,1521993465,820440693,-1.0,-0.430066823959
1384,1521993465,820440693,-1.0,-0.430066823959
1385,1521993465,836454031,-1.0,-0.435254991055
1386,1521993465,836454031,-1.0,-0.435254991055
1387,1521993465,836454031,-1.0,-0.435254991055
1388,1521993465,836454031,-1.0,-0.435254991055
1389,1521993465,836454031,-1.0,-0.435254991055
1390,1521993465,836454031,-1.0,-0.435254991055
1391,1521993465,860444594,-1.0,-0.436567276716
1392,1521993465,860444594,-1.0,-0.436567276716
1393,1521993465,860444594,-1.0,-0.436567276716
1394,1521993465,860444594,-1.0,-0.436567276716
1395,1521993465,876452996,-1.0,-0.438520461321
1396,1521993465,876452996,-1.0,-0.438520461321
1397,1521993465,876452996,-1.0,-0.438520461321
1398,1521993465,876452996,-1.0,-0.438520461321
1399,1521993465,876452996,-1.0,-0.438520461321
1400,1521993465,876452996,-1.0,-0.438520461321
1401,1521993465,876452996,-1.0,-0.438520461321
1402,1521993465,876452996,-1.0,-0.438520461321
1403,1521993465,876452996,-1.0,-0.438520461321
1404,1521993465,876452996,-1.0,-0.438520461321
1405,1521993465,916444407,-1.0,-0.439161360264
1406,1521993465,916444407,-1.0,-0.439161360264
1407,1521993465,916444407,-1.0,-0.439161360264
1408,1521993465,916444407,-1.0,-0.439161360264
1409,1521993465,916444407,-1.0,-0.439161360264
1410,1521993465,916444407,-1.0,-0.439161360264
1411,1521993465,940442886,-1.0,-0.440473645926
1412,1521993465,940442886,-1.0,-0.440473645926
1413,1521993465,940442886,-1.0,-0.440473645926
1414,1521993465,940442886,-1.0,-0.440473645926
1415,1521993465,940442886,-1.0,-0.440473645926
1416,1521993465,940442886,-1.0,-0.440473645926
1417,1521993465,940442886,-1.0,-0.440473645926
1418,1521993465,940442886,-1.0,-0.440473645926
1419,1521993465,940442886,-1.0,-0.440473645926
1420,1521993465,940442886,-1.0,-0.440473645926
1421,1521993465,940442886,-1.0,-0.440473645926
1422,1521993465,940442886,-1.0,-0.440473645926
1423,1521993465,940442886,-1.0,-0.440473645926
1424,1521993465,940442886,-1.0,-0.440473645926
1425,1521993465,940442886,-1.0,-0.440473645926
1426,1521993465,940442886,-1.0,-0.440473645926
1427,1521993465,940442886,-1.0,-0.440473645926
1428,1521993465,940442886,-1.0,-0.440473645926
1429,1521993465,940442886,-1.0,-0.440473645926
1430,1521993465,940442886,-1.0,-0.440473645926
1431,1521993465,940442886,-1.0,-0.440473645926
1432,1521993465,940442886,-1.0,-0.440473645926
1433,1521993465,940442886,-1.0,-0.440473645926
1434,1521993465,940442886,-1.0,-0.440473645926
1435,1521993466,36442517,-1.0,-0.439161360264
1436,1521993466,36442517,-1.0,-0.439161360264
1437,1521993466,36442517,-1.0,-0.439161360264
1438,1521993466,36442517,-1.0,-0.439161360264
1439,1521993466,36442517,-1.0,-0.439161360264
1440,1521993466,36442517,-1.0,-0.439161360264
1441,1521993466,60441642,-1.0,-0.436567276716
1442,1521993466,60441642,-1.0,-0.436567276716
1443,1521993466,60441642,-1.0,-0.436567276716
1444,1521993466,60441642,-1.0,-0.436567276716
1445,1521993466,76441240,-1.0,-0.430707722902
1446,1521993466,76441240,-1.0,-0.430707722902
1447,1521993466,76441240,-1.0,-0.430707722902
1448,1521993466,76441240,-1.0,-0.430707722902
1449,1521993466,76441240,-1.0,-0.430707722902
1450,1521993466,76441240,-1.0,-0.430707722902
1451,1521993466,100443028,-1.0,-0.424207270145
1452,1521993466,100443028,-1.0,-0.424207270145
1453,1521993466,100443028,-1.0,-0.424207270145
1454,1521993466,100443028,-1.0,-0.424207270145
1455,1521993466,116441643,-1.0,-0.41703543067
1456,1521993466,116441643,-1.0,-0.41703543067
1457,1521993466,116441643,-1.0,-0.41703543067
1458,1521993466,116441643,-1.0,-0.41703543067
1459,1521993466,116441643,-1.0,-0.41703543067
1460,1521993466,116441643,-1.0,-0.41703543067
1461,1521993466,140440396,-1.0,-0.409222692251
1462,1521993466,140440396,-1.0,-0.409222692251
1463,1521993466,140440396,-1.0,-0.409222692251
1464,1521993466,140440396,-1.0,-0.409222692251
1465,1521993466,156441653,-1.0,-0.399487286806
1466,1521993466,156441653,-1.0,-0.399487286806
1467,1521993466,156441653,-1.0,-0.399487286806
1468,1521993466,156441653,-1.0,-0.399487286806
1469,1521993466,156441653,-1.0,-0.399487286806
1470,1521993466,156441653,-1.0,-0.399487286806
1471,1521993466,180442347,-1.0,-0.372814118862
1472,1521993466,180442347,-1.0,-0.372814118862
1473,1521993466,180442347,-1.0,-0.372814118862
1474,1521993466,180442347,-1.0,-0.372814118862
1475,1521993466,196441606,-1.0,-0.348735004663
1476,1521993466,196441606,-1.0,-0.348735004663
1477,1521993466,196441606,-1.0,-0.348735004663
1478,1521993466,196441606,-1.0,-0.348735004663
1479,1521993466,196441606,-1.0,-0.348735004663
1480,1521993466,196441606,-1.0,-0.348735004663
1481,1521993466,220441118,-1.0,-0.315530866385
1482,1521993466,220441118,-1.0,-0.315530866385
1483,1521993466,220441118,-1.0,-0.315530866385
1484,1521993466,220441118,-1.0,-0.315530866385
1485,1521993466,236444665,-1.0,-0.27649769187
1486,1521993466,236444665,-1.0,-0.27649769187
1487,1521993466,236444665,-1.0,-0.27649769187
1488,1521993466,236444665,-1.0,-0.27649769187
1489,1521993466,236444665,-1.0,-0.27649769187
1490,1521993466,236444665,-1.0,-0.27649769187
1491,1521993466,260444822,-1.0,-0.236823633313
1492,1521993466,260444822,-1.0,-0.236823633313
1493,1521993466,260444822,-1.0,-0.236823633313
1494,1521993466,260444822,-1.0,-0.236823633313
1495,1521993466,276444849,-1.0,-0.197119057178
1496,1521993466,276444849,-1.0,-0.197119057178
1497,1521993466,276444849,-1.0,-0.197119057178
1498,1521993466,276444849,-1.0,-0.197119057178
1499,1521993466,276444849,-1.0,-0.197119057178
1500,1521993466,276444849,-1.0,-0.197119057178
1501,1521993466,300441591,-1.0,-0.159398168325
1502,1521993466,300441591,-1.0,-0.159398168325
1503,1521993466,300441591,-1.0,-0.159398168325
1504,1521993466,300441591,-1.0,-0.159398168325
1505,1521993466,316440725,-1.0,-0.124271370471
1506,1521993466,316440725,-1.0,-0.124271370471
1507,1521993466,316440725,-1.0,-0.124271370471
1508,1521993466,316440725,-1.0,-0.124271370471
1509,1521993466,316440725,-1.0,-0.124271370471
1510,1521993466,316440725,-1.0,-0.124271370471
1511,1521993466,340444583,-1.0,-0.0923795253038
1512,1521993466,340444583,-1.0,-0.0923795253038
1513,1521993466,340444583,-1.0,-0.0923795253038
1514,1521993466,340444583,-1.0,-0.0923795253038
1515,1521993466,356440446,-1.0,-0.0637531653047
1516,1521993466,356440446,-1.0,-0.0637531653047
1517,1521993466,356440446,-1.0,-0.0637531653047
1518,1521993466,356440446,-1.0,-0.0637531653047
1519,1521993466,356440446,-1.0,-0.0637531653047
1520,1521993466,356440446,-1.0,-0.0637531653047
1521,1521993466,380504358,-1.0,-0.0377208776772
1522,1521993466,380504358,-1.0,-0.0377208776772
1523,1521993466,380504358,-1.0,-0.0377208776772
1524,1521993466,380504358,-1.0,-0.0377208776772
1525,1521993466,396444926,-1.0,-0.0143131809309
1526,1521993466,396444926,-1.0,-0.0143131809309
1527,1521993466,396444926,-1.0,-0.0143131809309
1528,1521993466,396444926,-1.0,-0.0143131809309
1529,1521993466,396444926,-1.0,-0.0143131809309
1530,1521993466,396444926,-1.0,-0.0143131809309
1531,1521993466,420443733,-1.0,-0.0
1532,1521993466,420443733,-1.0,-0.0
1533,1521993466,420443733,-1.0,-0.0
1534,1521993466,420443733,-1.0,-0.0
1535,1521993466,420443733,-1.0,-0.0
1536,1521993466,420443733,-1.0,-0.0
1537,1521993466,420443733,-1.0,-0.0
1538,1521993466,420443733,-1.0,-0.0
1539,1521993466,420443733,-1.0,-0.0
1540,1521993466,420443733,-1.0,-0.0
1541,1521993466,420443733,-1.0,-0.0
1542,1521993466,420443733,-1.0,-0.0
1543,1521993466,420443733,-1.0,-0.0
1544,1521993466,420443733,-1.0,-0.0
1545,1521993466,420443733,-1.0,-0.0
1546,1521993466,420443733,-1.0,-0.0
1547,1521993466,420443733,-1.0,-0.0
1548,1521993466,420443733,-1.0,-0.0
1549,1521993466,420443733,-1.0,-0.0
1550,1521993466,420443733,-1.0,-0.0
1551,1521993466,420443733,-1.0,-0.0
1552,1521993466,420443733,-1.0,-0.0
1553,1521993466,420443733,-1.0,-0.0
1554,1521993466,420443733,-1.0,-0.0
1555,1521993466,420443733,-1.0,-0.0
1556,1521993466,420443733,-1.0,-0.0
1557,1521993466,420443733,-1.0,-0.0
1558,1521993466,420443733,-1.0,-0.0
1559,1521993466,420443733,-1.0,-0.0
1560,1521993466,420443733,-1.0,-0.0
1561,1521993466,420443733,-1.0,-0.0
1562,1521993466,420443733,-1.0,-0.0
1563,1521993466,420443733,-1.0,-0.0
1564,1521993466,420443733,-1.0,-0.0
1565,1521993466,420443733,-1.0,-0.0
1566,1521993466,420443733,-1.0,-0.0
1567,1521993466,420443733,-1.0,-0.0
1568,1521993466,420443733,-1.0,-0.0
1569,1521993466,420443733,-1.0,-0.0
1570,1521993466,420443733,-1.0,-0.0
1571,1521993466,420443733,-1.0,-0.0
1572,1521993466,420443733,-1.0,-0.0
1573,1521993466,420443733,-1.0,-0.0
1574,1521993466,420443733,-1.0,-0.0
1575,1521993466,420443733,-1.0,-0.0
1576,1521993466,420443733,-1.0,-0.0
1577,1521993466,420443733,-1.0,-0.0
1578,1521993466,420443733,-1.0,-0.0
1579,1521993466,420443733,-1.0,-0.0
1580,1521993466,420443733,-1.0,-0.0
1581,1521993466,420443733,-1.0,-0.0
1582,1521993466,420443733,-1.0,-0.0
1583,1521993466,420443733,-1.0,-0.0
1584,1521993466,420443733,-1.0,-0.0
1585,1521993466,420443733,-1.0,-0.0
1586,1521993466,420443733,-1.0,-0.0
1587,1521993466,420443733,-1.0,-0.0
1588,1521993466,420443733,-1.0,-0.0
1589,1521993466,420443733,-1.0,-0.0
1590,1521993466,420443733,-1.0,-0.0
1591,1521993466,420443733,-1.0,-0.0
1592,1521993466,420443733,-1.0,-0.0
1593,1521993466,420443733,-1.0,-0.0
1594,1521993466,420443733,-1.0,-0.0
1595,1521993466,420443733,-1.0,-0.0
1596,1521993466,420443733,-1.0,-0.0
1597,1521993466,420443733,-1.0,-0.0
1598,1521993466,420443733,-1.0,-0.0
1599,1521993466,420443733,-1.0,-0.0
1600,1521993466,420443733,-1.0,-0.0
1601,1521993466,420443733,-1.0,-0.0
1602,1521993466,420443733,-1.0,-0.0
1603,1521993466,420443733,-1.0,-0.0
1604,1521993466,420443733,-1.0,-0.0
1605,1521993466,420443733,-1.0,-0.0
1606,1521993466,420443733,-1.0,-0.0
1607,1521993466,420443733,-1.0,-0.0
1608,1521993466,420443733,-1.0,-0.0
1609,1521993466,420443733,-1.0,-0.0
1610,1521993466,420443733,-1.0,-0.0
1611,1521993466,420443733,-1.0,-0.0
1612,1521993466,420443733,-1.0,-0.0
1613,1521993466,420443733,-1.0,-0.0
1614,1521993466,420443733,-1.0,-0.0
1615,1521993466,420443733,-1.0,-0.0
1616,1521993466,420443733,-1.0,-0.0
1617,1521993466,420443733,-1.0,-0.0
1618,1521993466,420443733,-1.0,-0.0
1619,1521993466,420443733,-1.0,-0.0
1620,1521993466,420443733,-1.0,-0.0
1621,1521993466,420443733,-1.0,-0.0
1622,1521993466,420443733,-1.0,-0.0
1623,1521993466,420443733,-1.0,-0.0
1624,1521993466,420443733,-1.0,-0.0
1625,1521993466,420443733,-1.0,-0.0
1626,1521993466,420443733,-1.0,-0.0
1627,1521993466,420443733,-1.0,-0.0
1628,1521993466,420443733,-1.0,-0.0
1629,1521993466,420443733,-1.0,-0.0
1630,1521993466,420443733,-1.0,-0.0
1631,1521993466,420443733,-1.0,-0.0
1632,1521993466,420443733,-1.0,-0.0
1633,1521993466,420443733,-1.0,-0.0
1634,1521993466,420443733,-1.0,-0.0
1635,1521993466,420443733,-1.0,-0.0
1636,1521993466,420443733,-1.0,-0.0
1637,1521993466,420443733,-1.0,-0.0
1638,1521993466,420443733,-1.0,-0.0
1639,1521993466,420443733,-1.0,-0.0
1640,1521993466,420443733,-1.0,-0.0
1641,1521993466,420443733,-1.0,-0.0
1642,1521993466,420443733,-1.0,-0.0
1643,1521993466,420443733,-1.0,-0.0
1644,1521993466,420443733,-1.0,-0.0
1645,1521993466,420443733,-1.0,-0.0
1646,1521993466,420443733,-1.0,-0.0
1647,1521993466,420443733,-1.0,-0.0
1648,1521993466,420443733,-1.0,-0.0
1649,1521993466,420443733,-1.0,-0.0
1650,1521993466,420443733,-1.0,-0.0
1651,1521993466,420443733,-1.0,-0.0
1652,1521993466,420443733,-1.0,-0.0
1653,1521993466,420443733,-1.0,-0.0
1654,1521993466,420443733,-1.0,-0.0
1655,1521993466,420443733,-1.0,-0.0
1656,1521993466,420443733,-1.0,-0.0
1657,1521993466,420443733,-1.0,-0.0
1658,1521993466,420443733,-1.0,-0.0
1659,1521993466,420443733,-1.0,-0.0
1660,1521993466,420443733,-1.0,-0.0
1661,1521993466,420443733,-1.0,-0.0
1662,1521993466,420443733,-1.0,-0.0
1663,1521993466,420443733,-1.0,-0.0
1664,1521993466,420443733,-1.0,-0.0
1665,1521993466,420443733,-1.0,-0.0
1666,1521993466,420443733,-1.0,-0.0
1667,1521993466,420443733,-1.0,-0.0
1668,1521993466,420443733,-1.0,-0.0
1669,1521993466,420443733,-1.0,-0.0
1670,1521993466,420443733,-1.0,-0.0
1671,1521993466,420443733,-1.0,-0.0
1672,1521993466,420443733,-1.0,-0.0
1673,1521993466,420443733,-1.0,-0.0
1674,1521993466,420443733,-1.0,-0.0
1675,1521993466,420443733,-1.0,-0.0
1676,1521993466,420443733,-1.0,-0.0
1677,1521993466,420443733,-1.0,-0.0
1678,1521993466,420443733,-1.0,-0.0
1679,1521993466,420443733,-1.0,-0.0
1680,1521993466,420443733,-1.0,-0.0
1681,1521993466,420443733,-1.0,-0.0
1682,1521993466,420443733,-1.0,-0.0
1683,1521993466,420443733,-1.0,-0.0
1684,1521993466,420443733,-1.0,-0.0
1685,1521993466,420443733,-1.0,-0.0
1686,1521993466,420443733,-1.0,-0.0
1687,1521993466,420443733,-1.0,-0.0
1688,1521993466,420443733,-1.0,-0.0
1689,1521993466,420443733,-1.0,-0.0
1690,1521993466,420443733,-1.0,-0.0
1691,1521993466,420443733,-1.0,-0.0
1692,1521993466,420443733,-1.0,-0.0
1693,1521993466,420443733,-1.0,-0.0
1694,1521993466,420443733,-1.0,-0.0
1695,1521993466,420443733,-1.0,-0.0
1696,1521993466,420443733,-1.0,-0.0
1697,1521993466,420443733,-1.0,-0.0
1698,1521993466,420443733,-1.0,-0.0
1699,1521993466,420443733,-1.0,-0.0
1700,1521993466,420443733,-1.0,-0.0
1701,1521993466,420443733,-1.0,-0.0
1702,1521993466,420443733,-1.0,-0.0
1703,1521993466,420443733,-1.0,-0.0
1704,1521993466,420443733,-1.0,-0.0
1705,1521993466,420443733,-1.0,-0.0
1706,1521993466,420443733,-1.0,-0.0
1707,1521993466,420443733,-1.0,-0.0
1708,1521993466,420443733,-1.0,-0.0
1709,1521993466,420443733,-1.0,-0.0
1710,1521993466,420443733,-1.0,-0.0
1711,1521993466,420443733,-1.0,-0.0
1712,1521993466,420443733,-1.0,-0.0
1713,1521993466,420443733,-1.0,-0.0
1714,1521993466,420443733,-1.0,-0.0
1715,1521993466,420443733,-1.0,-0.0
1716,1521993466,420443733,-1.0,-0.0
1717,1521993466,420443733,-1.0,-0.0
1718,1521993466,420443733,-1.0,-0.0
1719,1521993466,420443733,-1.0,-0.0
1720,1521993466,420443733,-1.0,-0.0
1721,1521993466,420443733,-1.0,-0.0
1722,1521993466,420443733,-1.0,-0.0
1723,1521993466,420443733,-1.0,-0.0
1724,1521993466,420443733,-1.0,-0.0
1725,1521993466,420443733,-1.0,-0.0
1726,1521993466,420443733,-1.0,-0.0
1727,1521993466,420443733,-1.0,-0.0
1728,1521993466,420443733,-1.0,-0.0
1729,1521993466,420443733,-1.0,-0.0
1730,1521993466,420443733,-1.0,-0.0
1731,1521993466,420443733,-1.0,-0.0
1732,1521993466,420443733,-1.0,-0.0
1733,1521993466,420443733,-1.0,-0.0
1734,1521993466,420443733,-1.0,-0.0
1735,1521993466,420443733,-1.0,-0.0
1736,1521993466,420443733,-1.0,-0.0
1737,1521993466,420443733,-1.0,-0.0
1738,1521993466,420443733,-1.0,-0.0
1739,1521993466,420443733,-1.0,-0.0
1740,1521993466,420443733,-1.0,-0.0
1741,1521993466,420443733,-1.0,-0.0
1742,1521993466,420443733,-1.0,-0.0
1743,1521993466,420443733,-1.0,-0.0
1744,1521993466,420443733,-1.0,-0.0
1745,1521993466,420443733,-1.0,-0.0
1746,1521993466,420443733,-1.0,-0.0
1747,1521993466,420443733,-1.0,-0.0
1748,1521993466,420443733,-1.0,-0.0
1749,1521993466,420443733,-1.0,-0.0
1750,1521993466,420443733,-1.0,-0.0
1751,1521993466,420443733,-1.0,-0.0
1752,1521993466,420443733,-1.0,-0.0
1753,1521993466,420443733,-1.0,-0.0
1754,1521993466,420443733,-1.0,-0.0
1755,1521993466,420443733,-1.0,-0.0
1756,1521993466,420443733,-1.0,-0.0
1757,1521993466,420443733,-1.0,-0.0
1758,1521993466,420443733,-1.0,-0.0
1759,1521993466,420443733,-1.0,-0.0
1760,1521993466,420443733,-1.0,-0.0
1761,1521993466,420443733,-1.0,-0.0
1762,1521993466,420443733,-1.0,-0.0
1763,1521993466,420443733,-1.0,-0.0
1764,1521993466,420443733,-1.0,-0.0
1765,1521993466,420443733,-1.0,-0.0
1766,1521993466,420443733,-1.0,-0.0
1767,1521993466,420443733,-1.0,-0.0
1768,1521993466,420443733,-1.0,-0.0
1769,1521993466,420443733,-1.0,-0.0
1770,1521993466,420443733,-1.0,-0.0
1771,1521993466,420443733,-1.0,-0.0
1772,1521993466,420443733,-1.0,-0.0
1773,1521993466,420443733,-1.0,-0.0
1774,1521993466,420443733,-1.0,-0.0
1775,1521993466,420443733,-1.0,-0.0
1776,1521993466,420443733,-1.0,-0.0
1777,1521993466,420443733,-1.0,-0.0
1778,1521993466,420443733,-1.0,-0.0
1779,1521993466,420443733,-1.0,-0.0
1780,1521993466,420443733,-1.0,-0.0
1781,1521993466,420443733,-1.0,-0.0
1782,1521993466,420443733,-1.0,-0.0
1783,1521993466,420443733,-1.0,-0.0
1784,1521993466,420443733,-1.0,-0.0
1785,1521993466,420443733,-1.0,-0.0
1786,1521993466,420443733,-1.0,-0.0
1787,1521993466,420443733,-1.0,-0.0
1788,1521993466,420443733,-1.0,-0.0
1789,1521993466,420443733,-1.0,-0.0
1790,1521993466,420443733,-1.0,-0.0
1791,1521993466,420443733,-1.0,-0.0
1792,1521993466,420443733,-1.0,-0.0
1793,1521993466,420443733,-1.0,-0.0
1794,1521993466,420443733,-1.0,-0.0
1795,1521993466,420443733,-1.0,-0.0
1796,1521993466,420443733,-1.0,-0.0
1797,1521993466,420443733,-1.0,-0.0
1798,1521993466,420443733,-1.0,-0.0
1799,1521993466,420443733,-1.0,-0.0
1800,1521993466,420443733,-1.0,-0.0
1801,1521993466,420443733,-1.0,-0.0
1802,1521993466,420443733,-1.0,-0.0
1803,1521993466,420443733,-1.0,-0.0
1804,1521993466,420443733,-1.0,-0.0
1805,1521993466,420443733,-1.0,-0.0
1806,1521993466,420443733,-1.0,-0.0
1807,1521993466,420443733,-1.0,-0.0
1808,1521993466,420443733,-1.0,-0.0
1809,1521993466,420443733,-1.0,-0.0
1810,1521993466,420443733,-1.0,-0.0
1811,1521993466,420443733,-1.0,-0.0
1812,1521993466,420443733,-1.0,-0.0
1813,1521993466,420443733,-1.0,-0.0
1814,1521993466,420443733,-1.0,-0.0
1815,1521993466,420443733,-1.0,-0.0
1816,1521993466,420443733,-1.0,-0.0
1817,1521993466,420443733,-1.0,-0.0
1818,1521993466,420443733,-1.0,-0.0
1819,1521993466,420443733,-1.0,-0.0
1820,1521993466,420443733,-1.0,-0.0
1821,1521993466,420443733,-1.0,-0.0
1822,1521993466,420443733,-1.0,-0.0
1823,1521993466,420443733,-1.0,-0.0
1824,1521993466,420443733,-1.0,-0.0
1825,1521993466,420443733,-1.0,-0.0
1826,1521993466,420443733,-1.0,-0.0
1827,1521993466,420443733,-1.0,-0.0
1828,1521993466,420443733,-1.0,-0.0
1829,1521993466,420443733,-1.0,-0.0
1830,1521993466,420443733,-1.0,-0.0
1831,1521993466,420443733,-1.0,-0.0
1832,1521993466,420443733,-1.0,-0.0
1833,1521993466,420443733,-1.0,-0.0
1834,1521993466,420443733,-1.0,-0.0
1835,1521993466,420443733,-1.0,-0.0
1836,1521993466,420443733,-1.0,-0.0
1837,1521993466,420443733,-1.0,-0.0
1838,1521993466,420443733,-1.0,-0.0
1839,1521993466,420443733,-1.0,-0.0
1840,1521993466,420443733,-1.0,-0.0
1841,1521993466,420443733,-1.0,-0.0
1842,1521993466,420443733,-1.0,-0.0
1843,1521993466,420443733,-1.0,-0.0
1844,1521993466,420443733,-1.0,-0.0
1845,1521993466,420443733,-1.0,-0.0
1846,1521993467,700446514,-0.927152335644,-0.0
1847,1521993467,700446514,-0.927152335644,-0.0
1848,1521993467,700446514,-0.927152335644,-0.0
1849,1521993467,700446514,-0.927152335644,-0.0
1850,1521993467,716442509,-0.828241825104,-0.0
1851,1521993467,716442509,-0.828241825104,-0.0
1852,1521993467,716442509,-0.828241825104,-0.0
1853,1521993467,716442509,-0.828241825104,-0.0
1854,1521993467,716442509,-0.828241825104,-0.0
1855,1521993467,716442509,-0.828241825104,-0.0
1856,1521993467,740447447,-0.694875955582,-0.0
1857,1521993467,740447447,-0.694875955582,-0.0
1858,1521993467,740447447,-0.694875955582,-0.0
1859,1521993467,740447447,-0.694875955582,-0.0
1860,1521993467,756441635,-0.538071811199,-0.0
1861,1521993467,756441635,-0.538071811199,-0.0
1862,1521993467,756441635,-0.538071811199,-0.0
1863,1521993467,756441635,-0.538071811199,-0.0
1864,1521993467,756441635,-0.538071811199,-0.0
1865,1521993467,756441635,-0.538071811199,-0.0
1866,1521993467,780443452,-0.370189517736,-0.0
1867,1521993467,780443452,-0.370189517736,-0.0
1868,1521993467,780443452,-0.370189517736,-0.0
1869,1521993467,780443452,-0.370189517736,-0.0
1870,1521993467,796442639,-0.190618604422,-0.0
1871,1521993467,796442639,-0.190618604422,-0.0
1872,1521993467,796442639,-0.190618604422,-0.0
1873,1521993467,796442639,-0.190618604422,-0.0
1874,1521993467,796442639,-0.190618604422,-0.0
1875,1521993467,796442639,-0.190618604422,-0.0
1876,1521993467,820463686,-0.0312204360962,-0.0
1877,1521993467,820463686,-0.0312204360962,-0.0
1878,1521993467,820463686,-0.0312204360962,-0.0
1879,1521993467,820463686,-0.0312204360962,-0.0
1880,1521993467,836442414,-0.0,-0.0
1881,1521993467,836442414,-0.0,-0.0
1882,1521993467,836442414,-0.0,-0.0
1883,1521993467,836442414,-0.0,-0.0
1884,1521993467,836442414,-0.0,-0.0
1885,1521993467,836442414,-0.0,-0.0
1886,1521993467,836442414,-0.0,-0.0
1887,1521993467,836442414,-0.0,-0.0
1888,1521993467,836442414,-0.0,-0.0
1889,1521993467,836442414,-0.0,-0.0
1890,1521993467,836442414,-0.0,-0.0
1891,1521993467,836442414,-0.0,-0.0
1892,1521993467,836442414,-0.0,-0.0
1893,1521993467,836442414,-0.0,-0.0
1894,1521993467,836442414,-0.0,-0.0
1895,1521993467,836442414,-0.0,-0.0
1896,1521993467,836442414,-0.0,-0.0
1897,1521993467,836442414,-0.0,-0.0
1898,1521993467,836442414,-0.0,-0.0
1899,1521993467,836442414,-0.0,-0.0
1900,1521993467,836442414,-0.0,-0.0
1901,1521993467,836442414,-0.0,-0.0
1902,1521993467,836442414,-0.0,-0.0
1903,1521993467,836442414,-0.0,-0.0
1904,1521993467,836442414,-0.0,-0.0
1905,1521993467,836442414,-0.0,-0.0
1906,1521993467,836442414,-0.0,-0.0
1907,1521993467,836442414,-0.0,-0.0
1908,1521993467,836442414,-0.0,-0.0
1909,1521993467,836442414,-0.0,-0.0
1910,1521993467,836442414,-0.0,-0.0
1911,1521993467,836442414,-0.0,-0.0
1912,1521993467,836442414,-0.0,-0.0
1913,1521993467,836442414,-0.0,-0.0
1914,1521993467,836442414,-0.0,-0.0
1915,1521993467,836442414,-0.0,-0.0
1916,1521993467,836442414,-0.0,-0.0
1917,1521993467,836442414,-0.0,-0.0
1918,1521993467,836442414,-0.0,-0.0
1919,1521993467,836442414,-0.0,-0.0
1920,1521993467,836442414,-0.0,-0.0
1921,1521993467,836442414,-0.0,-0.0
1922,1521993467,836442414,-0.0,-0.0
1923,1521993467,836442414,-0.0,-0.0
1924,1521993467,836442414,-0.0,-0.0
1925,1521993467,836442414,-0.0,-0.0
1926,1521993467,836442414,-0.0,-0.0
1927,1521993467,836442414,-0.0,-0.0
1928,1521993467,836442414,-0.0,-0.0
1929,1521993467,836442414,-0.0,-0.0
1930,1521993467,836442414,-0.0,-0.0
1931,1521993467,836442414,-0.0,-0.0
1932,1521993467,836442414,-0.0,-0.0
1933,1521993467,836442414,-0.0,-0.0
1934,1521993467,836442414,-0.0,-0.0
1935,1521993467,836442414,-0.0,-0.0
1936,1521993467,836442414,-0.0,-0.0
1937,1521993467,836442414,-0.0,-0.0
1938,1521993467,836442414,-0.0,-0.0
1939,1521993467,836442414,-0.0,-0.0
1940,1521993467,836442414,-0.0,-0.0
1941,1521993467,836442414,-0.0,-0.0
1942,1521993467,836442414,-0.0,-0.0
1943,1521993467,836442414,-0.0,-0.0
1944,1521993467,836442414,-0.0,-0.0
1945,1521993467,836442414,-0.0,-0.0
1946,1521993467,836442414,-0.0,-0.0
1947,1521993467,836442414,-0.0,-0.0
1948,1521993467,836442414,-0.0,-0.0
1949,1521993467,836442414,-0.0,-0.0
1950,1521993467,836442414,-0.0,-0.0
1951,1521993467,836442414,-0.0,-0.0
1952,1521993467,836442414,-0.0,-0.0
1953,1521993467,836442414,-0.0,-0.0
1954,1521993467,836442414,-0.0,-0.0
1955,1521993467,836442414,-0.0,-0.0
1956,1521993467,836442414,-0.0,-0.0
1957,1521993467,836442414,-0.0,-0.0
1958,1521993467,836442414,-0.0,-0.0
1959,1521993467,836442414,-0.0,-0.0
1960,1521993467,836442414,-0.0,-0.0
1961,1521993467,836442414,-0.0,-0.0
1962,1521993467,836442414,-0.0,-0.0
1963,1521993467,836442414,-0.0,-0.0
1964,1521993467,836442414,-0.0,-0.0
1965,1521993467,836442414,-0.0,-0.0
1966,1521993467,836442414,-0.0,-0.0
1967,1521993467,836442414,-0.0,-0.0
1968,1521993467,836442414,-0.0,-0.0
1969,1521993467,836442414,-0.0,-0.0
1970,1521993467,836442414,-0.0,-0.0
1971,1521993467,836442414,-0.0,-0.0
1972,1521993467,836442414,-0.0,-0.0
1973,1521993467,836442414,-0.0,-0.0
1974,1521993467,836442414,-0.0,-0.0
1975,1521993467,836442414,-0.0,-0.0
1976,1521993467,836442414,-0.0,-0.0
1977,1521993467,836442414,-0.0,-0.0
1978,1521993467,836442414,-0.0,-0.0
1979,1521993467,836442414,-0.0,-0.0
1980,1521993467,836442414,-0.0,-0.0
1981,1521993467,836442414,-0.0,-0.0
1982,1521993467,836442414,-0.0,-0.0
1983,1521993467,836442414,-0.0,-0.0
1984,1521993467,836442414,-0.0,-0.0
1985,1521993467,836442414,-0.0,-0.0
1986,1521993467,836442414,-0.0,-0.0
1987,1521993467,836442414,-0.0,-0.0
1988,1521993467,836442414,-0.0,-0.0
1989,1521993467,836442414,-0.0,-0.0
1990,1521993467,836442414,-0.0,-0.0
1991,1521993467,836442414,-0.0,-0.0
1992,1521993467,836442414,-0.0,-0.0
1993,1521993467,836442414,-0.0,-0.0
1994,1521993467,836442414,-0.0,-0.0
1995,1521993467,836442414,-0.0,-0.0
1996,1521993467,836442414,-0.0,-0.0
1997,1521993467,836442414,-0.0,-0.0
1998,1521993467,836442414,-0.0,-0.0
1999,1521993467,836442414,-0.0,-0.0
2000,1521993467,836442414,-0.0,-0.0
2001,1521993467,836442414,-0.0,-0.0
2002,1521993467,836442414,-0.0,-0.0
2003,1521993467,836442414,-0.0,-0.0
2004,1521993467,836442414,-0.0,-0.0
2005,1521993467,836442414,-0.0,-0.0
2006,1521993467,836442414,-0.0,-0.0
2007,1521993467,836442414,-0.0,-0.0
2008,1521993467,836442414,-0.0,-0.0
2009,1521993467,836442414,-0.0,-0.0
2010,1521993467,836442414,-0.0,-0.0
2011,1521993467,836442414,-0.0,-0.0
2012,1521993467,836442414,-0.0,-0.0
2013,1521993467,836442414,-0.0,-0.0
2014,1521993467,836442414,-0.0,-0.0
2015,1521993467,836442414,-0.0,-0.0
2016,1521993467,836442414,-0.0,-0.0
2017,1521993467,836442414,-0.0,-0.0
2018,1521993467,836442414,-0.0,-0.0
2019,1521993467,836442414,-0.0,-0.0
2020,1521993467,836442414,-0.0,-0.0
2021,1521993467,836442414,-0.0,-0.0
2022,1521993467,836442414,-0.0,-0.0
2023,1521993467,836442414,-0.0,-0.0
2024,1521993467,836442414,-0.0,-0.0
2025,1521993467,836442414,-0.0,-0.0
2026,1521993467,836442414,-0.0,-0.0
2027,1521993467,836442414,-0.0,-0.0
2028,1521993467,836442414,-0.0,-0.0
2029,1521993467,836442414,-0.0,-0.0
2030,1521993467,836442414,-0.0,-0.0
2031,1521993467,836442414,-0.0,-0.0
2032,1521993467,836442414,-0.0,-0.0
2033,1521993467,836442414,-0.0,-0.0
2034,1521993467,836442414,-0.0,-0.0
2035,1521993467,836442414,-0.0,-0.0
2036,1521993467,836442414,-0.0,-0.0
2037,1521993467,836442414,-0.0,-0.0
2038,1521993467,836442414,-0.0,-0.0
2039,1521993467,836442414,-0.0,-0.0
2040,1521993467,836442414,-0.0,-0.0
2041,1521993467,836442414,-0.0,-0.0
2042,1521993467,836442414,-0.0,-0.0
2043,1521993467,836442414,-0.0,-0.0
2044,1521993467,836442414,-0.0,-0.0
2045,1521993467,836442414,-0.0,-0.0
2046,1521993467,836442414,-0.0,-0.0
2047,1521993467,836442414,-0.0,-0.0
2048,1521993467,836442414,-0.0,-0.0
2049,1521993467,836442414,-0.0,-0.0
2050,1521993467,836442414,-0.0,-0.0
2051,1521993467,836442414,-0.0,-0.0
2052,1521993467,836442414,-0.0,-0.0
2053,1521993467,836442414,-0.0,-0.0
2054,1521993467,836442414,-0.0,-0.0
2055,1521993467,836442414,-0.0,-0.0
2056,1521993467,836442414,-0.0,-0.0
2057,1521993467,836442414,-0.0,-0.0
2058,1521993467,836442414,-0.0,-0.0
2059,1521993467,836442414,-0.0,-0.0
2060,1521993467,836442414,-0.0,-0.0
2061,1521993467,836442414,-0.0,-0.0
2062,1521993467,836442414,-0.0,-0.0
2063,1521993467,836442414,-0.0,-0.0
2064,1521993467,836442414,-0.0,-0.0
2065,1521993467,836442414,-0.0,-0.0
2066,1521993467,836442414,-0.0,-0.0
2067,1521993467,836442414,-0.0,-0.0
2068,1521993467,836442414,-0.0,-0.0
2069,1521993467,836442414,-0.0,-0.0
2070,1521993467,836442414,-0.0,-0.0
2071,1521993467,836442414,-0.0,-0.0
2072,1521993467,836442414,-0.0,-0.0
2073,1521993467,836442414,-0.0,-0.0
2074,1521993467,836442414,-0.0,-0.0
2075,1521993467,836442414,-0.0,-0.0
2076,1521993467,836442414,-0.0,-0.0
2077,1521993467,836442414,-0.0,-0.0
2078,1521993467,836442414,-0.0,-0.0
2079,1521993467,836442414,-0.0,-0.0
2080,1521993467,836442414,-0.0,-0.0
2081,1521993467,836442414,-0.0,-0.0
2082,1521993467,836442414,-0.0,-0.0
2083,1521993467,836442414,-0.0,-0.0
2084,1521993467,836442414,-0.0,-0.0
2085,1521993467,836442414,-0.0,-0.0
2086,1521993467,836442414,-0.0,-0.0
2087,1521993467,836442414,-0.0,-0.0
2088,1521993467,836442414,-0.0,-0.0
2089,1521993467,836442414,-0.0,-0.0
2090,1521993467,836442414,-0.0,-0.0
2091,1521993467,836442414,-0.0,-0.0
2092,1521993467,836442414,-0.0,-0.0
2093,1521993467,836442414,-0.0,-0.0
2094,1521993467,836442414,-0.0,-0.0
2095,1521993467,836442414,-0.0,-0.0
