623,1521993412,942880082,0.0,0.0
624,1521993412,942880082,0.0,0.0
625,1521993412,942880082,0.0,0.0
626,1521993412,942880082,0.0,0.0
627,1521993412,942880082,0.0,0.0
628,1521993412,942880082,0.0,0.0
629,1521993412,942880082,0.0,0.0
630,1521993412,942880082,0.0,0.0
631,1521993412,942880082,0.0,0.0
632,1521993412,942880082,0.0,0.0
633,1521993412,942880082,0.0,0.0
634,1521993412,942880082,0.0,0.0
635,1521993412,942880082,0.0,0.0
636,1521993412,942880082,0.0,0.0
637,1521993412,942880082,0.0,0.0
638,1521993412,942880082,0.0,0.0
639,1521993412,942880082,0.0,0.0
640,1521993412,942880082,0.0,0.0
641,1521993412,942880082,0.0,0.0
642,1521993412,942880082,0.0,0.0
643,1521993412,942880082,0.0,0.0
644,1521993412,942880082,0.0,0.0
645,1521993412,942880082,0.0,0.0
646,1521993412,942880082,0.0,0.0
647,1521993412,942880082,0.0,0.0
648,1521993412,942880082,0.0,0.0
649,1521993412,942880082,0.0,0.0
650,1521993412,942880082,0.0,0.0
651,1521993412,942880082,0.0,0.0
652,1521993412,942880082,0.0,0.0
653,1521993412,942880082,0.0,0.0
654,1521993412,942880082,0.0,0.0
655,1521993412,942880082,0.0,0.0
656,1521993412,942880082,0.0,0.0
657,1521993412,942880082,0.0,0.0
658,1521993412,942880082,0.0,0.0
659,1521993412,942880082,0.0,0.0
660,1521993412,942880082,0.0,0.0
661,1521993412,942880082,0.0,0.0
662,1521993412,942880082,0.0,0.0
663,1521993412,942880082,0.0,0.0
664,1521993412,942880082,0.0,0.0
665,1521993412,942880082,0.0,0.0
666,1521993412,942880082,0.0,0.0
667,1521993412,942880082,0.0,0.0
668,1521993412,942880082,0.0,0.0
669,1521993412,942880082,0.0,0.0
670,1521993412,942880082,0.0,0.0
671,1521993412,942880082,0.0,0.0
672,1521993412,942880082,0.0,0.0
673,1521993412,942880082,0.0,0.0
674,1521993412,942880082,0.0,0.0
675,1521993412,942880082,0.0,0.0
676,1521993412,942880082,0.0,0.0
677,1521993412,942880082,0.0,0.0
678,1521993412,942880082,0.0,0.0
679,1521993412,942880082,0.0,0.0
680,1521993412,942880082,0.0,0.0
681,1521993412,942880082,0.0,0.0
682,1521993412,942880082,0.0,0.0
683,1521993412,942880082,0.0,0.0
684,1521993412,942880082,0.0,0.0
685,1521993412,942880082,0.0,0.0
686,1521993412,942880082,0.0,0.0
687,1521993412,942880082,0.0,0.0
688,1521993412,942880082,0.0,0.0
689,1521993412,942880082,0.0,0.0
690,1521993412,942880082,0.0,0.0
691,1521993412,942880082,0.0,0.0
692,1521993412,942880082,0.0,0.0
693,1521993412,942880082,0.0,0.0
694,1521993412,942880082,0.0,0.0
695,1521993412,942880082,0.0,0.0
696,1521993412,942880082,0.0,0.0
697,1521993412,942880082,0.0,0.0
698,1521993412,942880082,0.0,0.0
699,1521993412,942880082,0.0,0.0
700,1521993412,942880082,0.0,0.0
701,1521993412,942880082,0.0,0.0
702,1521993412,942880082,0.0,0.0
703,1521993412,942880082,0.0,0.0
704,1521993412,942880082,0.0,0.0
705,1521993412,942880082,0.0,0.0
706,1521993412,942880082,0.0,0.0
707,1521993412,942880082,0.0,0.0
708,1521993412,942880082,0.0,0.0
709,1521993412,942880082,0.0,0.0
710,1521993412,942880082,0.0,0.0
711,1521993412,942880082,0.0,0.0
712,1521993412,942880082,0.0,0.0
713,1521993412,942880082,0.0,0.0
714,1521993412,942880082,0.0,0.0
715,1521993412,942880082,0.0,0.0
716,1521993412,942880082,0.0,0.0
717,1521993412,942880082,0.0,0.0
718,1521993412,942880082,0.0,0.0
719,1521993412,942880082,0.0,0.0
720,1521993412,942880082,0.0,0.0
721,1521993412,942880082,0.0,0.0
722,1521993412,942880082,0.0,0.0
723,1521993412,942880082,0.0,0.0
724,1521993412,942880082,0.0,0.0
725,1521993412,942880082,0.0,0.0
726,1521993412,942880082,0.0,0.0
727,1521993412,942880082,0.0,0.0
728,1521993412,942880082,0.0,0.0
729,1521993412,942880082,0.0,0.0
730,1521993412,942880082,0.0,0.0
731,1521993412,942880082,0.0,0.0
732,1521993412,942880082,0.0,0.0
733,1521993412,942880082,0.0,0.0
734,1521993412,942880082,0.0,0.0
735,1521993412,942880082,0.0,0.0
736,1521993412,942880082,0.0,0.0
737,1521993412,942880082,0.0,0.0
738,1521993412,942880082,0.0,0.0
739,1521993412,942880082,0.0,0.0
740,1521993412,942880082,0.0,0.0
741,1521993412,942880082,0.0,0.0
742,1521993412,942880082,0.0,0.0
743,1521993412,942880082,0.0,0.0
744,1521993412,942880082,0.0,0.0
745,1521993412,942880082,0.0,0.0
746,1521993412,942880082,0.0,0.0
747,1521993412,942880082,0.0,0.0
748,1521993412,942880082,0.0,0.0
749,1521993412,942880082,0.0,0.0
750,1521993412,942880082,0.0,0.0
751,1521993412,942880082,0.0,0.0
752,1521993412,942880082,0.0,0.0
753,1521993412,942880082,0.0,0.0
754,1521993412,942880082,0.0,0.0
755,1521993412,942880082,0.0,0.0
756,1521993412,942880082,0.0,0.0
757,1521993412,942880082,0.0,0.0
758,1521993412,942880082,0.0,0.0
759,1521993412,942880082,0.0,0.0
760,1521993412,942880082,0.0,0.0
761,1521993412,942880082,0.0,0.0
762,1521993412,942880082,0.0,0.0
763,1521993412,942880082,0.0,0.0
764,1521993412,942880082,0.0,0.0
765,1521993412,942880082,0.0,0.0
766,1521993412,942880082,0.0,0.0
767,1521993412,942880082,0.0,0.0
768,1521993412,942880082,0.0,0.0
769,1521993412,942880082,0.0,0.0
770,1521993412,942880082,0.0,0.0
771,1521993412,942880082,0.0,0.0
772,1521993412,942880082,0.0,0.0
773,1521993412,942880082,0.0,0.0
774,1521993412,942880082,0.0,0.0
775,1521993412,942880082,0.0,0.0
776,1521993412,942880082,0.0,0.0
777,1521993412,942880082,0.0,0.0
778,1521993412,942880082,0.0,0.0
779,1521993412,942880082,0.0,0.0
780,1521993412,942880082,0.0,0.0
781,1521993412,942880082,0.0,0.0
782,1521993412,942880082,0.0,0.0
783,1521993412,942880082,0.0,0.0
784,1521993412,942880082,0.0,0.0
785,1521993412,942880082,0.0,0.0
786,1521993412,942880082,0.0,0.0
787,1521993412,942880082,0.0,0.0
788,1521993412,942880082,0.0,0.0
789,1521993412,942880082,0.0,0.0
790,1521993412,942880082,0.0,0.0
791,1521993412,942880082,0.0,0.0
792,1521993412,942880082,0.0,0.0
793,1521993412,942880082,0.0,0.0
794,1521993412,942880082,0.0,0.0
795,1521993412,942880082,0.0,0.0
796,1521993412,942880082,0.0,0.0
797,1521993412,942880082,0.0,0.0
798,1521993412,942880082,0.0,0.0
799,1521993412,942880082,0.0,0.0
800,1521993412,942880082,0.0,0.0
801,1521993412,942880082,0.0,0.0
802,1521993412,942880082,0.0,0.0
803,1521993412,942880082,0.0,0.0
804,1521993412,942880082,0.0,0.0
805,1521993412,942880082,0.0,0.0
806,1521993412,942880082,0.0,0.0
807,1521993412,942880082,0.0,0.0
808,1521993412,942880082,0.0,0.0
809,1521993412,942880082,0.0,0.0
810,1521993412,942880082,0.0,0.0
811,1521993412,942880082,0.0,0.0
812,1521993412,942880082,0.0,0.0
813,1521993412,942880082,0.0,0.0
814,1521993412,942880082,0.0,0.0
815,1521993412,942880082,0.0,0.0
816,1521993412,942880082,0.0,0.0
817,1521993412,942880082,0.0,0.0
818,1521993412,942880082,0.0,0.0
819,1521993412,942880082,0.0,0.0
820,1521993412,942880082,0.0,0.0
821,1521993412,942880082,0.0,0.0
822,1521993412,942880082,0.0,0.0
823,1521993412,942880082,0.0,0.0
824,1521993412,942880082,0.0,0.0
825,1521993412,942880082,0.0,0.0
826,1521993412,942880082,0.0,0.0
827,1521993412,942880082,0.0,0.0
828,1521993412,942880082,0.0,0.0
829,1521993412,942880082,0.0,0.0
830,1521993412,942880082,0.0,0.0
831,1521993412,942880082,0.0,0.0
832,1521993412,942880082,0.0,0.0
833,1521993412,942880082,0.0,0.0
834,1521993412,942880082,0.0,0.0
835,1521993412,942880082,0.0,0.0
836,1521993412,942880082,0.0,0.0
837,1521993412,942880082,0.0,0.0
838,1521993412,942880082,0.0,0.0
839,1521993412,942880082,0.0,0.0
840,1521993412,942880082,0.0,0.0
841,1521993412,942880082,0.0,0.0
842,1521993412,942880082,0.0,0.0
843,1521993412,942880082,0.0,0.0
844,1521993412,942880082,0.0,0.0
845,1521993412,942880082,0.0,0.0
846,1521993412,942880082,0.0,0.0
847,1521993412,942880082,0.0,0.0
848,1521993412,942880082,0.0,0.0
849,1521993412,942880082,0.0,0.0
850,1521993412,942880082,0.0,0.0
851,1521993412,942880082,0.0,0.0
852,1521993412,942880082,0.0,0.0
853,1521993412,942880082,0.0,0.0
854,1521993412,942880082,0.0,0.0
855,1521993412,942880082,0.0,0.0
856,1521993412,942880082,0.0,0.0
857,1521993412,942880082,0.0,0.0
858,1521993412,942880082,0.0,0.0
859,1521993412,942880082,0.0,0.0
860,1521993412,942880082,0.0,0.0
861,1521993412,942880082,0.0,0.0
862,1521993412,942880082,0.0,0.0
863,1521993412,942880082,0.0,0.0
864,1521993412,942880082,0.0,0.0
865,1521993412,942880082,0.0,0.0
866,1521993412,942880082,0.0,0.0
867,1521993412,942880082,0.0,0.0
868,1521993412,942880082,0.0,0.0
869,1521993412,942880082,0.0,0.0
870,1521993412,942880082,0.0,0.0
871,1521993412,942880082,0.0,0.0
872,1521993412,942880082,0.0,0.0
873,1521993412,942880082,0.0,0.0
874,1521993412,942880082,0.0,0.0
875,1521993412,942880082,0.0,0.0
876,1521993412,942880082,0.0,0.0
877,1521993412,942880082,0.0,0.0
878,1521993412,942880082,0.0,0.0
879,1521993412,942880082,0.0,0.0
880,1521993412,942880082,0.0,0.0
881,1521993412,942880082,0.0,0.0
882,1521993412,942880082,0.0,0.0
883,1521993412,942880082,0.0,0.0
884,1521993412,942880082,0.0,0.0
885,1521993412,942880082,0.0,0.0
886,1521993412,942880082,0.0,0.0
887,1521993412,942880082,0.0,0.0
888,1521993412,942880082,0.0,0.0
889,1521993412,942880082,0.0,0.0
890,1521993412,942880082,0.0,0.0
891,1521993412,942880082,0.0,0.0
892,1521993412,942880082,0.0,0.0
893,1521993412,942880082,0.0,0.0
894,1521993412,942880082,0.0,0.0
895,1521993412,942880082,0.0,0.0
896,1521993412,942880082,0.0,0.0
897,1521993412,942880082,0.0,0.0
898,1521993412,942880082,0.0,0.0
899,1521993412,942880082,0.0,0.0
900,1521993412,942880082,0.0,0.0
901,1521993412,942880082,0.0,0.0
902,1521993412,942880082,0.0,0.0
903,1521993412,942880082,0.0,0.0
904,1521993412,942880082,0.0,0.0
905,1521993412,942880082,0.0,0.0
906,1521993412,942880082,0.0,0.0
907,1521993412,942880082,0.0,0.0
908,1521993412,942880082,0.0,0.0
909,1521993412,942880082,0.0,0.0
910,1521993412,942880082,0.0,0.0
911,1521993412,942880082,0.0,0.0
912,1521993412,942880082,0.0,0.0
913,1521993412,942880082,0.0,0.0
914,1521993412,942880082,0.0,0.0
915,1521993412,942880082,0.0,0.0
916,1521993412,942880082,0.0,0.0
917,1521993412,942880082,0.0,0.0
918,1521993412,942880082,0.0,0.0
919,1521993412,942880082,0.0,0.0
920,1521993412,942880082,0.0,0.0
921,1521993412,942880082,0.0,0.0
922,1521993412,942880082,0.0,0.0
923,1521993412,942880082,0.0,0.0
924,1521993412,942880082,0.0,0.0
925,1521993412,942880082,0.0,0.0
926,1521993412,942880082,0.0,0.0
927,1521993412,942880082,0.0,0.0
928,1521993412,942880082,0.0,0.0
929,1521993412,942880082,0.0,0.0
930,1521993412,942880082,0.0,0.0
931,1521993412,942880082,0.0,0.0
932,1521993412,942880082,0.0,0.0
933,1521993412,942880082,0.0,0.0
934,1521993412,942880082,0.0,0.0
935,1521993412,942880082,0.0,0.0
936,1521993412,942880082,0.0,0.0
937,1521993412,942880082,0.0,0.0
938,1521993412,942880082,0.0,0.0
939,1521993412,942880082,0.0,0.0
940,1521993412,942880082,0.0,0.0
941,1521993412,942880082,0.0,0.0
942,1521993412,942880082,0.0,0.0
943,1521993412,942880082,0.0,0.0
944,1521993412,942880082,0.0,0.0
945,1521993412,942880082,0.0,0.0
946,1521993412,942880082,0.0,0.0
947,1521993412,942880082,0.0,0.0
948,1521993412,942880082,0.0,0.0
949,1521993412,942880082,0.0,0.0
950,1521993412,942880082,0.0,0.0
951,1521993412,942880082,0.0,0.0
952,1521993412,942880082,0.0,0.0
953,1521993412,942880082,0.0,0.0
954,1521993412,942880082,0.0,0.0
955,1521993412,942880082,0.0,0.0
956,1521993412,942880082,0.0,0.0
957,1521993412,942880082,0.0,0.0
958,1521993412,942880082,0.0,0.0
959,1521993412,942880082,0.0,0.0
960,1521993412,942880082,0.0,0.0
961,1521993412,942880082,0.0,0.0
962,1521993412,942880082,0.0,0.0
963,1521993412,942880082,0.0,0.0
964,1521993412,942880082,0.0,0.0
965,1521993412,942880082,0.0,0.0
966,1521993412,942880082,0.0,0.0
967,1521993412,942880082,0.0,0.0
968,1521993412,942880082,0.0,0.0
969,1521993412,942880082,0.0,0.0
970,1521993412,942880082,0.0,0.0
971,1521993412,942880082,0.0,0.0
972,1521993412,942880082,0.0,0.0
973,1521993412,942880082,0.0,0.0
974,1521993412,942880082,0.0,0.0
975,1521993412,942880082,0.0,0.0
976,1521993412,942880082,0.0,0.0
977,1521993412,942880082,0.0,0.0
978,1521993412,942880082,0.0,0.0
979,1521993412,942880082,0.0,0.0
980,1521993412,942880082,0.0,0.0
981,1521993412,942880082,0.0,0.0
982,1521993412,942880082,0.0,0.0
983,1521993412,942880082,0.0,0.0
984,1521993412,942880082,0.0,0.0
985,1521993412,942880082,0.0,0.0
986,1521993412,942880082,0.0,0.0
987,1521993412,942880082,0.0,0.0
988,1521993412,942880082,0.0,0.0
989,1521993412,942880082,0.0,0.0
990,1521993412,942880082,0.0,0.0
991,1521993412,942880082,0.0,0.0
992,1521993412,942880082,0.0,0.0
993,1521993412,942880082,0.0,0.0
994,1521993412,942880082,0.0,0.0
995,1521993412,942880082,0.0,0.0
996,1521993412,942880082,0.0,0.0
997,1521993412,942880082,0.0,0.0
998,1521993412,942880082,0.0,0.0
999,1521993412,942880082,0.0,0.0
1000,1521993412,942880082,0.0,0.0
1001,1521993412,942880082,0.0,0.0
1002,1521993412,942880082,0.0,0.0
1003,1521993412,942880082,0.0,0.0
1004,1521993412,942880082,0.0,0.0
1005,1521993412,942880082,0.0,0.0
1006,1521993412,942880082,0.0,0.0
1007,1521993412,942880082,0.0,0.0
1008,1521993412,942880082,0.0,0.0
1009,1521993412,942880082,0.0,0.0
1010,1521993412,942880082,0.0,0.0
1011,1521993412,942880082,0.0,0.0
1012,1521993412,942880082,0.0,0.0
1013,1521993412,942880082,0.0,0.0
1014,1521993412,942880082,0.0,0.0
1015,1521993412,942880082,0.0,0.0
1016,1521993412,942880082,0.0,0.0
1017,1521993412,942880082,0.0,0.0
1018,1521993412,942880082,0.0,0.0
1019,1521993412,942880082,0.0,0.0
1020,1521993412,942880082,0.0,0.0
1021,1521993412,942880082,0.0,0.0
1022,1521993412,942880082,0.0,0.0
1023,1521993412,942880082,0.0,0.0
1024,1521993412,942880082,0.0,0.0
1025,1521993412,942880082,0.0,0.0
1026,1521993412,942880082,0.0,0.0
1027,1521993412,942880082,0.0,0.0
1028,1521993412,942880082,0.0,0.0
1029,1521993412,942880082,0.0,0.0
1030,1521993412,942880082,0.0,0.0
1031,1521993412,942880082,0.0,0.0
1032,1521993412,942880082,0.0,0.0
1033,1521993412,942880082,0.0,0.0
1034,1521993412,942880082,0.0,0.0
1035,1521993412,942880082,0.0,0.0
1036,1521993412,942880082,0.0,0.0
1037,1521993412,942880082,0.0,0.0
1038,1521993412,942880082,0.0,0.0
1039,1521993412,942880082,0.0,0.0
1040,1521993412,942880082,0.0,0.0
1041,1521993412,942880082,0.0,0.0
1042,1521993412,942880082,0.0,0.0
1043,1521993412,942880082,0.0,0.0
1044,1521993412,942880082,0.0,0.0
1045,1521993412,942880082,0.0,0.0
1046,1521993412,942880082,0.0,0.0
1047,1521993412,942880082,0.0,0.0
1048,1521993412,942880082,0.0,0.0
1049,1521993412,942880082,0.0,0.0
1050,1521993412,942880082,0.0,0.0
1051,1521993412,942880082,0.0,0.0
1052,1521993412,942880082,0.0,0.0
1053,1521993412,942880082,0.0,0.0
1054,1521993412,942880082,0.0,0.0
1055,1521993412,942880082,0.0,0.0
1056,1521993412,942880082,0.0,0.0
1057,1521993412,942880082,0.0,0.0
1058,1521993412,942880082,0.0,0.0
1059,1521993412,942880082,0.0,0.0
1060,1521993412,942880082,0.0,0.0
1061,1521993412,942880082,0.0,0.0
1062,1521993412,942880082,0.0,0.0
1063,1521993412,942880082,0.0,0.0
1064,1521993412,942880082,0.0,0.0
1065,1521993412,942880082,0.0,0.0
1066,1521993412,942880082,0.0,0.0
1067,1521993412,942880082,0.0,0.0
1068,1521993412,942880082,0.0,0.0
1069,1521993412,942880082,0.0,0.0
1070,1521993412,942880082,0.0,0.0
1071,1521993412,942880082,0.0,0.0
1072,1521993412,942880082,0.0,0.0
1073,1521993412,942880082,0.0,0.0
1074,1521993412,942880082,0.0,0.0
1075,1521993412,942880082,0.0,0.0
1076,1521993412,942880082,0.0,0.0
1077,1521993412,942880082,0.0,0.0
1078,1521993412,942880082,0.0,0.0
1079,1521993412,942880082,0.0,0.0
1080,1521993412,942880082,0.0,0.0
1081,1521993412,942880082,0.0,0.0
1082,1521993412,942880082,0.0,0.0
1083,1521993412,942880082,0.0,0.0
1084,1521993412,942880082,0.0,0.0
1085,1521993412,942880082,0.0,0.0
1086,1521993412,942880082,0.0,0.0
1087,1521993412,942880082,0.0,0.0
1088,1521993412,942880082,0.0,0.0
1089,1521993412,942880082,0.0,0.0
1090,1521993412,942880082,0.0,0.0
1091,1521993412,942880082,0.0,0.0
1092,1521993412,942880082,0.0,0.0
1093,1521993412,942880082,0.0,0.0
1094,1521993412,942880082,0.0,0.0
1095,1521993412,942880082,0.0,0.0
1096,1521993412,942880082,0.0,0.0
1097,1521993412,942880082,0.0,0.0
1098,1521993412,942880082,0.0,0.0
1099,1521993412,942880082,0.0,0.0
1100,1521993412,942880082,0.0,0.0
1101,1521993412,942880082,0.0,0.0
1102,1521993412,942880082,0.0,0.0
1103,1521993412,942880082,0.0,0.0
1104,1521993412,942880082,0.0,0.0
1105,1521993412,942880082,0.0,0.0
1106,1521993412,942880082,0.0,0.0
1107,1521993412,942880082,0.0,0.0
1108,1521993412,942880082,0.0,0.0
1109,1521993412,942880082,0.0,0.0
1110,1521993412,942880082,0.0,0.0
1111,1521993412,942880082,0.0,0.0
1112,1521993412,942880082,0.0,0.0
1113,1521993412,942880082,0.0,0.0
1114,1521993412,942880082,0.0,0.0
1115,1521993412,942880082,0.0,0.0
1116,1521993412,942880082,0.0,0.0
1117,1521993412,942880082,0.0,0.0
1118,1521993412,942880082,0.0,0.0
1119,1521993412,942880082,0.0,0.0
1120,1521993412,942880082,0.0,0.0
1121,1521993412,942880082,0.0,0.0
1122,1521993412,942880082,0.0,0.0
1123,1521993412,942880082,0.0,0.0
1124,1521993412,942880082,0.0,0.0
1125,1521993412,942880082,0.0,0.0
1126,1521993412,942880082,0.0,0.0
1127,1521993412,942880082,0.0,0.0
1128,1521993412,942880082,0.0,0.0
1129,1521993412,942880082,0.0,0.0
1130,1521993412,942880082,0.0,0.0
1131,1521993412,942880082,0.0,0.0
1132,1521993412,942880082,0.0,0.0
1133,1521993412,942880082,0.0,0.0
1134,1521993412,942880082,0.0,0.0
1135,1521993412,942880082,0.0,0.0
1136,1521993412,942880082,0.0,0.0
1137,1521993412,942880082,0.0,0.0
1138,1521993412,942880082,0.0,0.0
1139,1521993412,942880082,0.0,0.0
1140,1521993412,942880082,0.0,0.0
1141,1521993412,942880082,0.0,0.0
1142,1521993412,942880082,0.0,0.0
1143,1521993412,942880082,0.0,0.0
1144,1521993412,942880082,0.0,0.0
1145,1521993412,942880082,0.0,0.0
1146,1521993412,942880082,0.0,0.0
1147,1521993412,942880082,0.0,0.0
1148,1521993412,942880082,0.0,0.0
1149,1521993412,942880082,0.0,0.0
1150,1521993412,942880082,0.0,0.0
1151,1521993412,942880082,0.0,0.0
1152,1521993412,942880082,0.0,0.0
1153,1521993412,942880082,0.0,0.0
1154,1521993412,942880082,0.0,0.0
1155,1521993412,942880082,0.0,0.0
1156,1521993412,942880082,0.0,0.0
1157,1521993412,942880082,0.0,0.0
1158,1521993412,942880082,0.0,0.0
1159,1521993412,942880082,0.0,0.0
1160,1521993412,942880082,0.0,0.0
1161,1521993412,942880082,0.0,0.0
1162,1521993412,942880082,0.0,0.0
1163,1521993412,942880082,0.0,0.0
1164,1521993412,942880082,0.0,0.0
1165,1521993412,942880082,0.0,0.0
1166,1521993412,942880082,0.0,0.0
1167,1521993412,942880082,0.0,0.0
1168,1521993412,942880082,0.0,0.0
1169,1521993412,942880082,0.0,0.0
1170,1521993412,942880082,0.0,0.0
1171,1521993412,942880082,0.0,0.0
1172,1521993412,942880082,0.0,0.0
1173,1521993412,942880082,0.0,0.0
1174,1521993412,942880082,0.0,0.0
1175,1521993412,942880082,0.0,0.0
1176,1521993412,942880082,0.0,0.0
1177,1521993412,942880082,0.0,0.0
1178,1521993412,942880082,0.0,0.0
1179,1521993412,942880082,0.0,0.0
1180,1521993412,942880082,0.0,0.0
1181,1521993412,942880082,0.0,0.0
1182,1521993412,942880082,0.0,0.0
1183,1521993412,942880082,0.0,0.0
1184,1521993412,942880082,0.0,0.0
1185,1521993412,942880082,0.0,0.0
1186,1521993412,942880082,0.0,0.0
1187,1521993412,942880082,0.0,0.0
1188,1521993412,942880082,0.0,0.0
1189,1521993412,942880082,0.0,0.0
1190,1521993412,942880082,0.0,0.0
1191,1521993412,942880082,0.0,0.0
1192,1521993412,942880082,0.0,0.0
1193,1521993412,942880082,0.0,0.0
1194,1521993412,942880082,0.0,0.0
1195,1521993412,942880082,0.0,0.0
1196,1521993412,942880082,0.0,0.0
1197,1521993412,942880082,0.0,0.0
1198,1521993412,942880082,0.0,0.0
1199,1521993412,942880082,0.0,0.0
1200,1521993412,942880082,0.0,0.0
1201,1521993412,942880082,0.0,0.0
1202,1521993412,942880082,0.0,0.0
1203,1521993412,942880082,0.0,0.0
1204,1521993412,942880082,0.0,0.0
1205,1521993412,942880082,0.0,0.0
1206,1521993412,942880082,0.0,0.0
1207,1521993412,942880082,0.0,0.0
1208,1521993412,942880082,0.0,0.0
1209,1521993412,942880082,0.0,0.0
1210,1521993412,942880082,0.0,0.0
1211,1521993412,942880082,0.0,0.0
1212,1521993412,942880082,0.0,0.0
1213,1521993412,942880082,0.0,0.0
1214,1521993412,942880082,0.0,0.0
1215,1521993412,942880082,0.0,0.0
1216,1521993412,942880082,0.0,0.0
1217,1521993412,942880082,0.0,0.0
1218,1521993412,942880082,0.0,0.0
1219,1521993412,942880082,0.0,0.0
1220,1521993412,942880082,0.0,0.0
1221,1521993412,942880082,0.0,0.0
1222,1521993412,942880082,0.0,0.0
1223,1521993412,942880082,0.0,0.0
1224,1521993412,942880082,0.0,0.0
1225,1521993412,942880082,0.0,0.0
1226,1521993412,942880082,0.0,0.0
1227,1521993412,942880082,0.0,0.0
1228,1521993412,942880082,0.0,0.0
1229,1521993412,942880082,0.0,0.0
1230,1521993412,942880082,0.0,0.0
1231,1521993412,942880082,0.0,0.0
1232,1521993412,942880082,0.0,0.0
1233,1521993412,942880082,0.0,0.0
1234,1521993412,942880082,0.0,0.0
1235,1521993412,942880082,0.0,0.0
1236,1521993412,942880082,0.0,0.0
1237,1521993412,942880082,0.0,0.0
1238,1521993412,942880082,0.0,0.0
1239,1521993412,942880082,0.0,0.0
1240,1521993412,942880082,0.0,0.0
1241,1521993412,942880082,0.0,0.0
1242,1521993412,942880082,0.0,0.0
1243,1521993412,942880082,0.0,0.0
1244,1521993412,942880082,0.0,0.0
1245,1521993412,942880082,0.0,0.0
1246,1521993412,942880082,0.0,0.0
1247,1521993412,942880082,0.0,0.0
1248,1521993412,942880082,0.0,0.0
1249,1521993412,942880082,0.0,0.0
1250,1521993412,942880082,0.0,0.0
1251,1521993412,942880082,0.0,0.0
1252,1521993412,942880082,0.0,0.0
1253,1521993412,942880082,0.0,0.0
1254,1521993412,942880082,0.0,0.0
1255,1521993412,942880082,0.0,0.0
1256,1521993412,942880082,0.0,0.0
1257,1521993412,942880082,0.0,0.0
1258,1521993412,942880082,0.0,0.0
1259,1521993412,942880082,0.0,0.0
1260,1521993412,942880082,0.0,0.0
1261,1521993412,942880082,0.0,0.0
1262,1521993412,942880082,0.0,0.0
1263,1521993412,942880082,0.0,0.0
1264,1521993412,942880082,0.0,0.0
1265,1521993412,942880082,0.0,0.0
1266,1521993412,942880082,0.0,0.0
1267,1521993412,942880082,0.0,0.0
1268,1521993412,942880082,0.0,0.0
1269,1521993412,942880082,0.0,0.0
1270,1521993412,942880082,0.0,0.0
1271,1521993412,942880082,0.0,0.0
1272,1521993412,942880082,0.0,0.0
1273,1521993412,942880082,0.0,0.0
1274,1521993412,942880082,0.0,0.0
1275,1521993412,942880082,0.0,0.0
1276,1521993412,942880082,0.0,0.0
1277,1521993412,942880082,0.0,0.0
1278,1521993412,942880082,0.0,0.0
1279,1521993412,942880082,0.0,0.0
1280,1521993412,942880082,0.0,0.0
1281,1521993412,942880082,0.0,0.0
1282,1521993412,942880082,0.0,0.0
1283,1521993412,942880082,0.0,0.0
1284,1521993412,942880082,0.0,0.0
1285,1521993412,942880082,0.0,0.0
1286,1521993412,942880082,0.0,0.0
1287,1521993418,172395569,-0.0331736207008,0.0
1288,1521993418,172395569,-0.0331736207008,0.0
1289,1521993418,172395569,-0.0331736207008,0.0
1290,1521993418,172395569,-0.0331736207008,0.0
1291,1521993418,188440369,-0.0891140475869,0.0
1292,1521993418,188440369,-0.0891140475869,0.0
1293,1521993418,188440369,-0.0891140475869,0.0
1294,1521993418,188440369,-0.0891140475869,0.0
1295,1521993418,188440369,-0.0891140475869,0.0
1296,1521993418,188440369,-0.0891140475869,0.0
1297,1521993418,212405335,-0.142460405827,0.0
1298,1521993418,212405335,-0.142460405827,0.0
1299,1521993418,212405335,-0.142460405827,0.0
1300,1521993418,212405335,-0.142460405827,0.0
1301,1521993418,228431378,-0.208197265863,0.0
1302,1521993418,228431378,-0.208197265863,0.0
1303,1521993418,228431378,-0.208197265863,0.0
1304,1521993418,228431378,-0.208197265863,0.0
1305,1521993418,228431378,-0.208197265863,0.0
1306,1521993418,228431378,-0.208197265863,0.0
1307,1521993418,252434408,-0.294717252254,-0.0377208776772
1308,1521993418,252434408,-0.294717252254,-0.0377208776772
1309,1521993418,252434408,-0.294717252254,-0.0377208776772
1310,1521993418,252434408,-0.294717252254,-0.0377208776772
1311,1521993418,268434596,-0.39622181654,-0.0761131644249
1312,1521993418,268434596,-0.39622181654,-0.0761131644249
1313,1521993418,268434596,-0.39622181654,-0.0761131644249
1314,1521993418,268434596,-0.39622181654,-0.0761131644249
1315,1521993418,268434596,-0.39622181654,-0.0761131644249
1316,1521993418,268434596,-0.39622181654,-0.0761131644249
1317,1521993418,292399929,-0.510727226734,-0.103427231312
1318,1521993418,292399929,-0.510727226734,-0.103427231312
1319,1521993418,292399929,-0.510727226734,-0.103427231312
1320,1521993418,292399929,-0.510727226734,-0.103427231312
1321,1521993418,308433147,-0.633045434952,-0.112552262843
1322,1521993418,308433147,-0.633045434952,-0.112552262843
1323,1521993418,308433147,-0.633045434952,-0.112552262843
1324,1521993418,308433147,-0.633045434952,-0.112552262843
1325,1521993418,308433147,-0.633045434952,-0.112552262843
1326,1521993418,308433147,-0.633045434952,-0.112552262843
1327,1521993418,332432306,-0.769676804543,-0.139225438237
1328,1521993418,332432306,-0.769676804543,-0.139225438237
1329,1521993418,332432306,-0.769676804543,-0.139225438237
1330,1521993418,332432306,-0.769676804543,-0.139225438237
1331,1521993418,348412739,-0.917386412621,-0.148319959641
1332,1521993418,348412739,-0.917386412621,-0.148319959641
1333,1521993418,348412739,-0.917386412621,-0.148319959641
1334,1521993418,348412739,-0.917386412621,-0.148319959641
1335,1521993418,348412739,-0.917386412621,-0.148319959641
1336,1521993418,348412739,-0.917386412621,-0.148319959641
1337,1521993418,372437902,-1.0,-0.17303994298
1338,1521993418,372437902,-1.0,-0.17303994298
1339,1521993418,372437902,-1.0,-0.17303994298
1340,1521993418,372437902,-1.0,-0.17303994298
1341,1521993418,388407446,-1.0,-0.174993127584
1342,1521993418,388407446,-1.0,-0.174993127584
1343,1521993418,388407446,-1.0,-0.174993127584
1344,1521993418,388407446,-1.0,-0.174993127584
1345,1521993418,388407446,-1.0,-0.174993127584
1346,1521993418,388407446,-1.0,-0.174993127584
1347,1521993418,412420195,-1.0,-0.176946312189
1348,1521993418,412420195,-1.0,-0.176946312189
1349,1521993418,412420195,-1.0,-0.176946312189
1350,1521993418,412420195,-1.0,-0.176946312189
1351,1521993418,412420195,-1.0,-0.176946312189
1352,1521993418,412420195,-1.0,-0.176946312189
1353,1521993418,412420195,-1.0,-0.176946312189
1354,1521993418,412420195,-1.0,-0.176946312189
1355,1521993418,412420195,-1.0,-0.176946312189
1356,1521993418,412420195,-1.0,-0.176946312189
1357,1521993418,412420195,-1.0,-0.176946312189
1358,1521993418,412420195,-1.0,-0.176946312189
1359,1521993418,412420195,-1.0,-0.176946312189
1360,1521993418,412420195,-1.0,-0.176946312189
1361,1521993418,412420195,-1.0,-0.176946312189
1362,1521993418,412420195,-1.0,-0.176946312189
1363,1521993418,412420195,-1.0,-0.176946312189
1364,1521993418,412420195,-1.0,-0.176946312189
1365,1521993418,412420195,-1.0,-0.176946312189
1366,1521993418,412420195,-1.0,-0.176946312189
1367,1521993418,412420195,-1.0,-0.176946312189
1368,1521993418,412420195,-1.0,-0.176946312189
1369,1521993418,412420195,-1.0,-0.176946312189
1370,1521993418,412420195,-1.0,-0.176946312189
1371,1521993418,508435130,-1.0,-0.175664544106
1372,1521993418,508435130,-1.0,-0.175664544106
1373,1521993418,508435130,-1.0,-0.175664544106
1374,1521993418,508435130,-1.0,-0.175664544106
1375,1521993418,508435130,-1.0,-0.175664544106
1376,1521993418,508435130,-1.0,-0.175664544106
1377,1521993418,532418781,-1.0,-0.174352243543
1378,1521993418,532418781,-1.0,-0.174352243543
1379,1521993418,532418781,-1.0,-0.174352243543
1380,1521993418,532418781,-1.0,-0.174352243543
1381,1521993418,532418781,-1.0,-0.174352243543
1382,1521993418,532418781,-1.0,-0.174352243543
1383,1521993418,532418781,-1.0,-0.174352243543
1384,1521993418,532418781,-1.0,-0.174352243543
1385,1521993418,532418781,-1.0,-0.174352243543
1386,1521993418,532418781,-1.0,-0.174352243543
1387,1521993418,532418781,-1.0,-0.174352243543
1388,1521993418,532418781,-1.0,-0.174352243543
1389,1521993418,532418781,-1.0,-0.174352243543
1390,1521993418,532418781,-1.0,-0.174352243543
1391,1521993418,532418781,-1.0,-0.174352243543
1392,1521993418,532418781,-1.0,-0.174352243543
1393,1521993418,532418781,-1.0,-0.174352243543
1394,1521993418,532418781,-1.0,-0.174352243543
1395,1521993418,532418781,-1.0,-0.174352243543
1396,1521993418,532418781,-1.0,-0.174352243543
1397,1521993418,532418781,-1.0,-0.174352243543
1398,1521993418,532418781,-1.0,-0.174352243543
1399,1521993418,532418781,-1.0,-0.174352243543
1400,1521993418,532418781,-1.0,-0.174352243543
1401,1521993418,628405220,-1.0,-0.17303994298
1402,1521993418,628405220,-1.0,-0.17303994298
1403,1521993418,628405220,-1.0,-0.17303994298
1404,1521993418,628405220,-1.0,-0.17303994298
1405,1521993418,628405220,-1.0,-0.17303994298
1406,1521993418,628405220,-1.0,-0.17303994298
1407,1521993418,652431913,-1.0,-0.165257722139
1408,1521993418,652431913,-1.0,-0.165257722139
1409,1521993418,652431913,-1.0,-0.165257722139
1410,1521993418,652431913,-1.0,-0.165257722139
1411,1521993418,668412512,-1.0,-0.139225438237
1412,1521993418,668412512,-1.0,-0.139225438237
1413,1521993418,668412512,-1.0,-0.139225438237
1414,1521993418,668412512,-1.0,-0.139225438237
1415,1521993418,668412512,-1.0,-0.139225438237
1416,1521993418,668412512,-1.0,-0.139225438237
1417,1521993418,692427738,-1.0,-0.110599078238
1418,1521993418,692427738,-1.0,-0.110599078238
1419,1521993418,692427738,-1.0,-0.110599078238
1420,1521993418,692427738,-1.0,-0.110599078238
1421,1521993418,708409308,-1.0,-0.0780663490295
1422,1521993418,708409308,-1.0,-0.0780663490295
1423,1521993418,708409308,-1.0,-0.0780663490295
1424,1521993418,708409308,-1.0,-0.0780663490295
1425,1521993418,708409308,-1.0,-0.0780663490295
1426,1521993418,708409308,-1.0,-0.0780663490295
1427,1521993418,732434121,-1.0,-0.0487685799599
1428,1521993418,732434121,-1.0,-0.0487685799599
1429,1521993418,732434121,-1.0,-0.0487685799599
1430,1521993418,732434121,-1.0,-0.0487685799599
1431,1521993418,748410647,-1.0,-0.0390331745148
1432,1521993418,748410647,-1.0,-0.0390331745148
1433,1521993418,748410647,-1.0,-0.0390331745148
1434,1521993418,748410647,-1.0,-0.0390331745148
1435,1521993418,748410647,-1.0,-0.0390331745148
1436,1521993418,748410647,-1.0,-0.0390331745148
1437,1521993418,772440922,-1.0,-0.0188604388386
1438,1521993418,772440922,-1.0,-0.0188604388386
1439,1521993418,772440922,-1.0,-0.0188604388386
1440,1521993418,772440922,-1.0,-0.0188604388386
1441,1521993418,788440152,-1.0,-0.0175481438637
1442,1521993418,788440152,-1.0,-0.0175481438637
1443,1521993418,788440152,-1.0,-0.0175481438637
1444,1521993418,788440152,-1.0,-0.0175481438637
1445,1521993418,788440152,-1.0,-0.0175481438637
1446,1521993418,788440152,-1.0,-0.0175481438637
1447,1521993418,788440152,-1.0,-0.0175481438637
1448,1521993418,788440152,-1.0,-0.0175481438637
1449,1521993418,788440152,-1.0,-0.0175481438637
1450,1521993418,788440152,-1.0,-0.0175481438637
1451,1521993418,788440152,-1.0,-0.0175481438637
1452,1521993418,788440152,-1.0,-0.0175481438637
1453,1521993418,788440152,-1.0,-0.0175481438637
1454,1521993418,788440152,-1.0,-0.0175481438637
1455,1521993418,788440152,-1.0,-0.0175481438637
1456,1521993418,788440152,-1.0,-0.0175481438637
1457,1521993418,788440152,-1.0,-0.0175481438637
1458,1521993418,788440152,-1.0,-0.0175481438637
1459,1521993418,788440152,-1.0,-0.0175481438637
1460,1521993418,788440152,-1.0,-0.0175481438637
1461,1521993418,788440152,-1.0,-0.0175481438637
1462,1521993418,788440152,-1.0,-0.0175481438637
1463,1521993418,788440152,-1.0,-0.0175481438637
1464,1521993418,788440152,-1.0,-0.0175481438637
1465,1521993418,788440152,-1.0,-0.0175481438637
1466,1521993418,788440152,-1.0,-0.0175481438637
1467,1521993418,788440152,-1.0,-0.0175481438637
1468,1521993418,788440152,-1.0,-0.0175481438637
1469,1521993418,788440152,-1.0,-0.0175481438637
1470,1521993418,788440152,-1.0,-0.0175481438637
1471,1521993418,788440152,-1.0,-0.0175481438637
1472,1521993418,788440152,-1.0,-0.0175481438637
1473,1521993418,788440152,-1.0,-0.0175481438637
1474,1521993418,788440152,-1.0,-0.0175481438637
1475,1521993418,788440152,-1.0,-0.0175481438637
1476,1521993418,788440152,-1.0,-0.0175481438637
1477,1521993418,932422138,-1.0,-0.0253608822823
1478,1521993418,932422138,-1.0,-0.0253608822823
1479,1521993418,932422138,-1.0,-0.0253608822823
1480,1521993418,932422138,-1.0,-0.0253608822823
1481,1521993418,948411247,-1.0,-0.0559404268861
1482,1521993418,948411247,-1.0,-0.0559404268861
1483,1521993418,948411247,-1.0,-0.0559404268861
1484,1521993418,948411247,-1.0,-0.0559404268861
1485,1521993418,948411247,-1.0,-0.0559404268861
1486,1521993418,948411247,-1.0,-0.0559404268861
1487,1521993418,972441333,-1.0,-0.0910672321916
1488,1521993418,972441333,-1.0,-0.0910672321916
1489,1521993418,972441333,-1.0,-0.0910672321916
1490,1521993418,972441333,-1.0,-0.0910672321916
1491,1521993418,988418871,-1.0,-0.137913137674
1492,1521993418,988418871,-1.0,-0.137913137674
1493,1521993418,988418871,-1.0,-0.137913137674
1494,1521993418,988418871,-1.0,-0.137913137674
1495,1521993418,988418871,-1.0,-0.137913137674
1496,1521993418,988418871,-1.0,-0.137913137674
1497,1521993419,12426588,-1.0,-0.194524973631
1498,1521993419,12426588,-1.0,-0.194524973631
1499,1521993419,12426588,-1.0,-0.194524973631
1500,1521993419,12426588,-1.0,-0.194524973631
1501,1521993419,28431572,-1.0,-0.253089994192
1502,1521993419,28431572,-1.0,-0.253089994192
1503,1521993419,28431572,-1.0,-0.253089994192
1504,1521993419,28431572,-1.0,-0.253089994192
1505,1521993419,28431572,-1.0,-0.253089994192
1506,1521993419,28431572,-1.0,-0.253089994192
1507,1521993419,52437396,-1.0,-0.310983598232
1508,1521993419,52437396,-1.0,-0.310983598232
1509,1521993419,52437396,-1.0,-0.310983598232
1510,1521993419,52437396,-1.0,-0.310983598232
1511,1521993419,68420155,-1.0,-0.362376779318
1512,1521993419,68420155,-1.0,-0.362376779318
1513,1521993419,68420155,-1.0,-0.362376779318
1514,1521993419,68420155,-1.0,-0.362376779318
1515,1521993419,68420155,-1.0,-0.362376779318
1516,1521993419,68420155,-1.0,-0.362376779318
1517,1521993419,92428057,-1.0,-0.407940924168
1518,1521993419,92428057,-1.0,-0.407940924168
1519,1521993419,92428057,-1.0,-0.407940924168
1520,1521993419,92428057,-1.0,-0.407940924168
1521,1521993419,108403325,-1.0,-0.449568152428
1522,1521993419,108403325,-1.0,-0.449568152428
1523,1521993419,108403325,-1.0,-0.449568152428
1524,1521993419,108403325,-1.0,-0.449568152428
1525,1521993419,108403325,-1.0,-0.449568152428
1526,1521993419,108403325,-1.0,-0.449568152428
1527,1521993419,132424764,-1.0,-0.489913642406
1528,1521993419,132424764,-1.0,-0.489913642406
1529,1521993419,132424764,-1.0,-0.489913642406
1530,1521993419,132424764,-1.0,-0.489913642406
1531,1521993419,148407688,-1.0,-0.530900001526
1532,1521993419,148407688,-1.0,-0.530900001526
1533,1521993419,148407688,-1.0,-0.530900001526
1534,1521993419,148407688,-1.0,-0.530900001526
1535,1521993419,148407688,-1.0,-0.530900001526
1536,1521993419,148407688,-1.0,-0.530900001526
1537,1521993419,172420095,-1.0,-0.570604562759
1538,1521993419,172420095,-1.0,-0.570604562759
1539,1521993419,172420095,-1.0,-0.570604562759
1540,1521993419,172420095,-1.0,-0.570604562759
1541,1521993419,188435943,-1.0,-0.60377818346
1542,1521993419,188435943,-1.0,-0.60377818346
1543,1521993419,188435943,-1.0,-0.60377818346
1544,1521993419,188435943,-1.0,-0.60377818346
1545,1521993419,188435943,-1.0,-0.60377818346
1546,1521993419,188435943,-1.0,-0.60377818346
1547,1521993419,212426467,-1.0,-0.625232696533
1548,1521993419,212426467,-1.0,-0.625232696533
1549,1521993419,212426467,-1.0,-0.625232696533
1550,1521993419,212426467,-1.0,-0.625232696533
1551,1521993419,228432564,-1.0,-0.631092250347
1552,1521993419,228432564,-1.0,-0.631092250347
1553,1521993419,228432564,-1.0,-0.631092250347
1554,1521993419,228432564,-1.0,-0.631092250347
1555,1521993419,228432564,-1.0,-0.631092250347
1556,1521993419,228432564,-1.0,-0.631092250347
1557,1521993419,252431838,-1.0,-0.633045434952
1558,1521993419,252431838,-1.0,-0.633045434952
1559,1521993419,252431838,-1.0,-0.633045434952
1560,1521993419,252431838,-1.0,-0.633045434952
1561,1521993419,268418526,-1.0,-0.634357750416
1562,1521993419,268418526,-1.0,-0.634357750416
1563,1521993419,268418526,-1.0,-0.634357750416
1564,1521993419,268418526,-1.0,-0.634357750416
1565,1521993419,268418526,-1.0,-0.634357750416
1566,1521993419,268418526,-1.0,-0.634357750416
1567,1521993419,268418526,-1.0,-0.634357750416
1568,1521993419,268418526,-1.0,-0.634357750416
1569,1521993419,268418526,-1.0,-0.634357750416
1570,1521993419,268418526,-1.0,-0.634357750416
1571,1521993419,308402336,-1.0,-0.633045434952
1572,1521993419,308402336,-1.0,-0.633045434952
1573,1521993419,308402336,-1.0,-0.633045434952
1574,1521993419,308402336,-1.0,-0.633045434952
1575,1521993419,308402336,-1.0,-0.633045434952
1576,1521993419,308402336,-1.0,-0.633045434952
1577,1521993419,332433343,-1.0,-0.626545011997
1578,1521993419,332433343,-1.0,-0.626545011997
1579,1521993419,332433343,-1.0,-0.626545011997
1580,1521993419,332433343,-1.0,-0.626545011997
1581,1521993419,348397667,-1.0,-0.602465867996
1582,1521993419,348397667,-1.0,-0.602465867996
1583,1521993419,348397667,-1.0,-0.602465867996
1584,1521993419,348397667,-1.0,-0.602465867996
1585,1521993419,348397667,-1.0,-0.602465867996
1586,1521993419,348397667,-1.0,-0.602465867996
1587,1521993419,372410459,-1.0,-0.575151801109
1588,1521993419,372410459,-1.0,-0.575151801109
1589,1521993419,372410459,-1.0,-0.575151801109
1590,1521993419,372410459,-1.0,-0.575151801109
1591,1521993419,388432423,-1.0,-0.530900001526
1592,1521993419,388432423,-1.0,-0.530900001526
1593,1521993419,388432423,-1.0,-0.530900001526
1594,1521993419,388432423,-1.0,-0.530900001526
1595,1521993419,388432423,-1.0,-0.530900001526
1596,1521993419,388432423,-1.0,-0.530900001526
1597,1521993419,412415818,-1.0,-0.471694082022
1598,1521993419,412415818,-1.0,-0.471694082022
1599,1521993419,412415818,-1.0,-0.471694082022
1600,1521993419,412415818,-1.0,-0.471694082022
1601,1521993419,428432572,-1.0,-0.404675424099
1602,1521993419,428432572,-1.0,-0.404675424099
1603,1521993419,428432572,-1.0,-0.404675424099
1604,1521993419,428432572,-1.0,-0.404675424099
1605,1521993419,428432572,-1.0,-0.404675424099
1606,1521993419,428432572,-1.0,-0.404675424099
1607,1521993419,452427417,-1.0,-0.333750426769
1608,1521993419,452427417,-1.0,-0.333750426769
1609,1521993419,452427417,-1.0,-0.333750426769
1610,1521993419,452427417,-1.0,-0.333750426769
1611,1521993419,468432878,-1.0,-0.264137685299
1612,1521993419,468432878,-1.0,-0.264137685299
1613,1521993419,468432878,-1.0,-0.264137685299
1614,1521993419,468432878,-1.0,-0.264137685299
1615,1521993419,468432878,-1.0,-0.264137685299
1616,1521993419,468432878,-1.0,-0.264137685299
1617,1521993419,492417446,-1.0,-0.200384527445
1618,1521993419,492417446,-1.0,-0.200384527445
1619,1521993419,492417446,-1.0,-0.200384527445
1620,1521993419,492417446,-1.0,-0.200384527445
1621,1521993419,508414439,-1.0,-0.14899136126
1622,1521993419,508414439,-1.0,-0.14899136126
1623,1521993419,508414439,-1.0,-0.14899136126
1624,1521993419,508414439,-1.0,-0.14899136126
1625,1521993419,508414439,-1.0,-0.14899136126
1626,1521993419,508414439,-1.0,-0.14899136126
1627,1521993419,532409267,-1.0,-0.113834038377
1628,1521993419,532409267,-1.0,-0.113834038377
1629,1521993419,532409267,-1.0,-0.113834038377
1630,1521993419,532409267,-1.0,-0.113834038377
1631,1521993419,548432393,-1.0,-0.105380415916
1632,1521993419,548432393,-1.0,-0.105380415916
1633,1521993419,548432393,-1.0,-0.105380415916
1634,1521993419,548432393,-1.0,-0.105380415916
1635,1521993419,548432393,-1.0,-0.105380415916
1636,1521993419,548432393,-1.0,-0.105380415916
1637,1521993419,572408645,-1.0,-0.0975676774979
1638,1521993419,572408645,-1.0,-0.0975676774979
1639,1521993419,572408645,-1.0,-0.0975676774979
1640,1521993419,572408645,-1.0,-0.0975676774979
1641,1521993419,588432887,-1.0,-0.0917386412621
1642,1521993419,588432887,-1.0,-0.0917386412621
1643,1521993419,588432887,-1.0,-0.0917386412621
1644,1521993419,588432887,-1.0,-0.0917386412621
1645,1521993419,588432887,-1.0,-0.0917386412621
1646,1521993419,588432887,-1.0,-0.0917386412621
1647,1521993419,612428212,-1.0,-0.0891140475869
1648,1521993419,612428212,-1.0,-0.0891140475869
1649,1521993419,612428212,-1.0,-0.0891140475869
1650,1521993419,612428212,-1.0,-0.0891140475869
1651,1521993419,628432540,-1.0,-0.0865199714899
1652,1521993419,628432540,-1.0,-0.0865199714899
1653,1521993419,628432540,-1.0,-0.0865199714899
1654,1521993419,628432540,-1.0,-0.0865199714899
1655,1521993419,628432540,-1.0,-0.0865199714899
1656,1521993419,628432540,-1.0,-0.0865199714899
1657,1521993419,652420118,-1.0,-0.0800195336342
1658,1521993419,652420118,-1.0,-0.0800195336342
1659,1521993419,652420118,-1.0,-0.0800195336342
1660,1521993419,652420118,-1.0,-0.0800195336342
1661,1521993419,668436757,-1.0,-0.0708944946527
1662,1521993419,668436757,-1.0,-0.0708944946527
1663,1521993419,668436757,-1.0,-0.0708944946527
1664,1521993419,668436757,-1.0,-0.0708944946527
1665,1521993419,668436757,-1.0,-0.0708944946527
1666,1521993419,668436757,-1.0,-0.0708944946527
1667,1521993419,692417869,-1.0,-0.0468153953552
1668,1521993419,692417869,-1.0,-0.0468153953552
1669,1521993419,692417869,-1.0,-0.0468153953552
1670,1521993419,692417869,-1.0,-0.0468153953552
1671,1521993419,708432603,-1.0,-0.0227668080479
1672,1521993419,708432603,-1.0,-0.0227668080479
1673,1521993419,708432603,-1.0,-0.0227668080479
1674,1521993419,708432603,-1.0,-0.0227668080479
1675,1521993419,708432603,-1.0,-0.0227668080479
1676,1521993419,708432603,-1.0,-0.0227668080479
1677,1521993419,732441447,-1.0,-0.0
1678,1521993419,732441447,-1.0,-0.0
1679,1521993419,732441447,-1.0,-0.0
1680,1521993419,732441447,-1.0,-0.0
1681,1521993419,732441447,-1.0,-0.0
1682,1521993419,732441447,-1.0,-0.0
1683,1521993419,732441447,-1.0,-0.0
1684,1521993419,732441447,-1.0,-0.0
1685,1521993419,732441447,-1.0,-0.0
1686,1521993419,732441447,-1.0,-0.0
1687,1521993419,732441447,-1.0,-0.0
1688,1521993419,732441447,-1.0,-0.0
1689,1521993419,732441447,-1.0,-0.0
1690,1521993419,732441447,-1.0,-0.0
1691,1521993419,732441447,-1.0,-0.0
1692,1521993419,732441447,-1.0,-0.0
1693,1521993419,732441447,-1.0,-0.0
1694,1521993419,732441447,-1.0,-0.0
1695,1521993419,732441447,-1.0,-0.0
1696,1521993419,732441447,-1.0,-0.0
1697,1521993419,732441447,-1.0,-0.0
1698,1521993419,732441447,-1.0,-0.0
1699,1521993419,732441447,-1.0,-0.0
1700,1521993419,732441447,-1.0,-0.0
1701,1521993419,732441447,-1.0,-0.0
1702,1521993419,732441447,-1.0,-0.0
1703,1521993419,732441447,-1.0,-0.0
1704,1521993419,732441447,-1.0,-0.0
1705,1521993419,732441447,-1.0,-0.0
1706,1521993419,732441447,-1.0,-0.0
1707,1521993419,732441447,-1.0,-0.0
1708,1521993419,732441447,-1.0,-0.0
1709,1521993419,732441447,-1.0,-0.0
1710,1521993419,732441447,-1.0,-0.0
1711,1521993419,732441447,-1.0,-0.0
1712,1521993419,732441447,-1.0,-0.0
1713,1521993419,732441447,-1.0,-0.0
1714,1521993419,732441447,-1.0,-0.0
1715,1521993419,732441447,-1.0,-0.0
1716,1521993419,732441447,-1.0,-0.0
1717,1521993419,732441447,-1.0,-0.0
1718,1521993419,732441447,-1.0,-0.0
1719,1521993419,732441447,-1.0,-0.0
1720,1521993419,732441447,-1.0,-0.0
1721,1521993419,732441447,-1.0,-0.0
1722,1521993419,732441447,-1.0,-0.0
1723,1521993419,732441447,-1.0,-0.0
1724,1521993419,732441447,-1.0,-0.0
1725,1521993419,732441447,-1.0,-0.0
1726,1521993419,732441447,-1.0,-0.0
1727,1521993419,732441447,-1.0,-0.0
1728,1521993419,732441447,-1.0,-0.0
1729,1521993419,732441447,-1.0,-0.0
1730,1521993419,948434130,-1.0,0.0227973274887
1731,1521993419,948434130,-1.0,0.0227973274887
1732,1521993419,948434130,-1.0,0.0227973274887
1733,1521993419,948434130,-1.0,0.0227973274887
1734,1521993419,948434130,-1.0,0.0227973274887
1735,1521993419,948434130,-1.0,0.0227973274887
1736,1521993419,972417667,-1.0,0.0572832413018
1737,1521993419,972417667,-1.0,0.0572832413018
1738,1521993419,972417667,-1.0,0.0572832413018
1739,1521993419,972417667,-1.0,0.0572832413018
1740,1521993419,988432908,-1.0,0.0930509343743
1741,1521993419,988432908,-1.0,0.0930509343743
1742,1521993419,988432908,-1.0,0.0930509343743
1743,1521993419,988432908,-1.0,0.0930509343743
1744,1521993419,988432908,-1.0,0.0930509343743
1745,1521993419,988432908,-1.0,0.0930509343743
1746,1521993420,12409505,-1.0,0.130130931735
1747,1521993420,12409505,-1.0,0.130130931735
1748,1521993420,12409505,-1.0,0.130130931735
1749,1521993420,12409505,-1.0,0.130130931735
1750,1521993420,28433474,-1.0,0.160069584846
1751,1521993420,28433474,-1.0,0.160069584846
1752,1521993420,28433474,-1.0,0.160069584846
1753,1521993420,28433474,-1.0,0.160069584846
1754,1521993420,28433474,-1.0,0.160069584846
1755,1521993420,28433474,-1.0,0.160069584846
1756,1521993420,52418163,-1.0,0.182836383581
1757,1521993420,52418163,-1.0,0.182836383581
1758,1521993420,52418163,-1.0,0.182836383581
1759,1521993420,52418163,-1.0,0.182836383581
1760,1521993420,68433484,-1.0,0.190008237958
1761,1521993420,68433484,-1.0,0.190008237958
1762,1521993420,68433484,-1.0,0.190008237958
1763,1521993420,68433484,-1.0,0.190008237958
1764,1521993420,68433484,-1.0,0.190008237958
1765,1521993420,68433484,-1.0,0.190008237958
1766,1521993420,92422140,-1.0,0.197820976377
1767,1521993420,92422140,-1.0,0.197820976377
1768,1521993420,92422140,-1.0,0.197820976377
1769,1521993420,92422140,-1.0,0.197820976377
1770,1521993420,108404663,-1.0,0.217322304845
1771,1521993420,108404663,-1.0,0.217322304845
1772,1521993420,108404663,-1.0,0.217322304845
1773,1521993420,108404663,-1.0,0.217322304845
1774,1521993420,108404663,-1.0,0.217322304845
1775,1521993420,108404663,-1.0,0.217322304845
1776,1521993420,132418588,-1.0,0.225135043263
1777,1521993420,132418588,-1.0,0.225135043263
1778,1521993420,132418588,-1.0,0.225135043263
1779,1521993420,132418588,-1.0,0.225135043263
1780,1521993420,148433149,-1.0,0.251808226109
1781,1521993420,148433149,-1.0,0.251808226109
1782,1521993420,148433149,-1.0,0.251808226109
1783,1521993420,148433149,-1.0,0.251808226109
1784,1521993420,148433149,-1.0,0.251808226109
1785,1521993420,148433149,-1.0,0.251808226109
1786,1521993420,172433707,-1.0,0.273934155703
1787,1521993420,172433707,-1.0,0.273934155703
1788,1521993420,172433707,-1.0,0.273934155703
1789,1521993420,172433707,-1.0,0.273934155703
1790,1521993420,188438263,-1.0,0.299295008183
1791,1521993420,188438263,-1.0,0.299295008183
1792,1521993420,188438263,-1.0,0.299295008183
1793,1521993420,188438263,-1.0,0.299295008183
1794,1521993420,188438263,-1.0,0.299295008183
1795,1521993420,188438263,-1.0,0.299295008183
1796,1521993420,212434418,-1.0,0.332499146461
1797,1521993420,212434418,-1.0,0.332499146461
1798,1521993420,212434418,-1.0,0.332499146461
1799,1521993420,212434418,-1.0,0.332499146461
1800,1521993420,228427459,-1.0,0.371532320976
1801,1521993420,228427459,-1.0,0.371532320976
1802,1521993420,228427459,-1.0,0.371532320976
1803,1521993420,228427459,-1.0,0.371532320976
1804,1521993420,228427459,-1.0,0.371532320976
1805,1521993420,228427459,-1.0,0.371532320976
1806,1521993420,252426382,-1.0,0.415784180164
1807,1521993420,252426382,-1.0,0.415784180164
1808,1521993420,252426382,-1.0,0.415784180164
1809,1521993420,252426382,-1.0,0.415784180164
1810,1521993420,268399476,-1.0,0.463911861181
1811,1521993420,268399476,-1.0,0.463911861181
1812,1521993420,268399476,-1.0,0.463911861181
1813,1521993420,268399476,-1.0,0.463911861181
1814,1521993420,268399476,-1.0,0.463911861181
1815,1521993420,268399476,-1.0,0.463911861181
1816,1521993420,292428085,-1.0,0.514023244381
1817,1521993420,292428085,-1.0,0.514023244381
1818,1521993420,292428085,-1.0,0.514023244381
1819,1521993420,292428085,-1.0,0.514023244381
1820,1521993420,308433581,-1.0,0.566057324409
1821,1521993420,308433581,-1.0,0.566057324409
1822,1521993420,308433581,-1.0,0.566057324409
1823,1521993420,308433581,-1.0,0.566057324409
1824,1521993420,308433581,-1.0,0.566057324409
1825,1521993420,308433581,-1.0,0.566057324409
1826,1521993420,332428193,-1.0,0.614215493202
1827,1521993420,332428193,-1.0,0.614215493202
1828,1521993420,332428193,-1.0,0.614215493202
1829,1521993420,332428193,-1.0,0.614215493202
1830,1521993420,348404183,-1.0,0.657155036926
1831,1521993420,348404183,-1.0,0.657155036926
1832,1521993420,348404183,-1.0,0.657155036926
1833,1521993420,348404183,-1.0,0.657155036926
1834,1521993420,348404183,-1.0,0.657155036926
1835,1521993420,348404183,-1.0,0.657155036926
1836,1521993420,372439024,-1.0,0.694235026836
1837,1521993420,372439024,-1.0,0.694235026836
1838,1521993420,372439024,-1.0,0.694235026836
1839,1521993420,372439024,-1.0,0.694235026836
1840,1521993420,388432823,-1.0,0.724173724651
1841,1521993420,388432823,-1.0,0.724173724651
1842,1521993420,388432823,-1.0,0.724173724651
1843,1521993420,388432823,-1.0,0.724173724651
1844,1521993420,388432823,-1.0,0.724173724651
1845,1521993420,388432823,-1.0,0.724173724651
1846,1521993420,412427794,-1.0,0.747581422329
1847,1521993420,412427794,-1.0,0.747581422329
1848,1521993420,412427794,-1.0,0.747581422329
1849,1521993420,412427794,-1.0,0.747581422329
1850,1521993420,428399207,-1.0,0.755394160748
1851,1521993420,428399207,-1.0,0.755394160748
1852,1521993420,428399207,-1.0,0.755394160748
1853,1521993420,428399207,-1.0,0.755394160748
1854,1521993420,428399207,-1.0,0.755394160748
1855,1521993420,428399207,-1.0,0.755394160748
1856,1521993420,452403841,-1.0,0.763206899166
1857,1521993420,452403841,-1.0,0.763206899166
1858,1521993420,452403841,-1.0,0.763206899166
1859,1521993420,452403841,-1.0,0.763206899166
1860,1521993420,468413584,-1.0,0.769707322121
1861,1521993420,468413584,-1.0,0.769707322121
1862,1521993420,468413584,-1.0,0.769707322121
1863,1521993420,468413584,-1.0,0.769707322121
1864,1521993420,468413584,-1.0,0.769707322121
1865,1521993420,468413584,-1.0,0.769707322121
1866,1521993420,492428519,-1.0,0.771660506725
1867,1521993420,492428519,-1.0,0.771660506725
1868,1521993420,492428519,-1.0,0.771660506725
1869,1521993420,492428519,-1.0,0.771660506725
1870,1521993420,492428519,-1.0,0.771660506725
1871,1521993420,492428519,-1.0,0.771660506725
1872,1521993420,492428519,-1.0,0.771660506725
1873,1521993420,492428519,-1.0,0.771660506725
1874,1521993420,492428519,-1.0,0.771660506725
1875,1521993420,492428519,-1.0,0.771660506725
1876,1521993420,492428519,-1.0,0.771660506725
1877,1521993420,492428519,-1.0,0.771660506725
1878,1521993420,492428519,-1.0,0.771660506725
1879,1521993420,492428519,-1.0,0.771660506725
1880,1521993420,492428519,-1.0,0.771660506725
1881,1521993420,492428519,-1.0,0.771660506725
1882,1521993420,492428519,-1.0,0.771660506725
1883,1521993420,492428519,-1.0,0.771660506725
1884,1521993420,492428519,-1.0,0.771660506725
1885,1521993420,492428519,-1.0,0.771660506725
1886,1521993420,492428519,-1.0,0.771660506725
1887,1521993420,492428519,-1.0,0.771660506725
1888,1521993420,492428519,-1.0,0.771660506725
1889,1521993420,492428519,-1.0,0.771660506725
1890,1521993420,588409704,-1.0,0.769707322121
1891,1521993420,588409704,-1.0,0.769707322121
1892,1521993420,588409704,-1.0,0.769707322121
1893,1521993420,588409704,-1.0,0.769707322121
1894,1521993420,588409704,-1.0,0.769707322121
1895,1521993420,588409704,-1.0,0.769707322121
1896,1521993420,612427709,-1.0,0.761253714561
1897,1521993420,612427709,-1.0,0.761253714561
1898,1521993420,612427709,-1.0,0.761253714561
1899,1521993420,612427709,-1.0,0.761253714561
1900,1521993420,628433861,-1.0,0.733939647675
1901,1521993420,628433861,-1.0,0.733939647675
1902,1521993420,628433861,-1.0,0.733939647675
1903,1521993420,628433861,-1.0,0.733939647675
1904,1521993420,628433861,-1.0,0.733939647675
1905,1521993420,628433861,-1.0,0.733939647675
1906,1521993420,652417283,-1.0,0.6955473423
1907,1521993420,652417283,-1.0,0.6955473423
1908,1521993420,652417283,-1.0,0.6955473423
1909,1521993420,652417283,-1.0,0.6955473423
1910,1521993420,668433386,-1.0,0.631794154644
1911,1521993420,668433386,-1.0,0.631794154644
1912,1521993420,668433386,-1.0,0.631794154644
1913,1521993420,668433386,-1.0,0.631794154644
1914,1521993420,668433386,-1.0,0.631794154644
1915,1521993420,668433386,-1.0,0.631794154644
1916,1521993420,692429214,-1.0,0.546555995941
1917,1521993420,692429214,-1.0,0.546555995941
1918,1521993420,692429214,-1.0,0.546555995941
1919,1521993420,692429214,-1.0,0.546555995941
1920,1521993420,708433017,-1.0,0.448957800865
1921,1521993420,708433017,-1.0,0.448957800865
1922,1521993420,708433017,-1.0,0.448957800865
1923,1521993420,708433017,-1.0,0.448957800865
1924,1521993420,708433017,-1.0,0.448957800865
1925,1521993420,708433017,-1.0,0.448957800865
1926,1521993420,732433273,-1.0,0.350718706846
1927,1521993420,732433273,-1.0,0.350718706846
1928,1521993420,732433273,-1.0,0.350718706846
1929,1521993420,732433273,-1.0,0.350718706846
1930,1521993420,748437209,-1.0,0.255714595318
1931,1521993420,748437209,-1.0,0.255714595318
1932,1521993420,748437209,-1.0,0.255714595318
1933,1521993420,748437209,-1.0,0.255714595318
1934,1521993420,748437209,-1.0,0.255714595318
1935,1521993420,748437209,-1.0,0.255714595318
1936,1521993420,772428062,-1.0,0.16592913866
1937,1521993420,772428062,-1.0,0.16592913866
1938,1521993420,772428062,-1.0,0.16592913866
1939,1521993420,772428062,-1.0,0.16592913866
1940,1521993420,788437337,-1.0,0.0755027905107
1941,1521993420,788437337,-1.0,0.0755027905107
1942,1521993420,788437337,-1.0,0.0755027905107
1943,1521993420,788437337,-1.0,0.0755027905107
1944,1521993420,788437337,-1.0,0.0755027905107
1945,1521993420,788437337,-1.0,0.0755027905107
1946,1521993420,812420663,-1.0,-0.0
1947,1521993420,812420663,-1.0,-0.0
1948,1521993420,812420663,-1.0,-0.0
1949,1521993420,812420663,-1.0,-0.0
1950,1521993420,812420663,-1.0,-0.0
1951,1521993420,812420663,-1.0,-0.0
1952,1521993420,812420663,-1.0,-0.0
1953,1521993420,812420663,-1.0,-0.0
1954,1521993420,812420663,-1.0,-0.0
1955,1521993420,812420663,-1.0,-0.0
1956,1521993420,812420663,-1.0,-0.0
1957,1521993420,812420663,-1.0,-0.0
1958,1521993420,812420663,-1.0,-0.0
1959,1521993420,812420663,-1.0,-0.0
1960,1521993420,868442920,-1.0,-0.00259407330304
1961,1521993420,868442920,-1.0,-0.00259407330304
1962,1521993420,868442920,-1.0,-0.00259407330304
1963,1521993420,868442920,-1.0,-0.00259407330304
1964,1521993420,868442920,-1.0,-0.00259407330304
1965,1521993420,868442920,-1.0,-0.00259407330304
1966,1521993420,892424894,-1.0,-0.109286785126
1967,1521993420,892424894,-1.0,-0.109286785126
1968,1521993420,892424894,-1.0,-0.109286785126
1969,1521993420,892424894,-1.0,-0.109286785126
1970,1521993420,908433323,-1.0,-0.197119057178
1971,1521993420,908433323,-1.0,-0.197119057178
1972,1521993420,908433323,-1.0,-0.197119057178
1973,1521993420,908433323,-1.0,-0.197119057178
1974,1521993420,908433323,-1.0,-0.197119057178
1975,1521993420,908433323,-1.0,-0.197119057178
1976,1521993420,932424347,-1.0,-0.265450000763
1977,1521993420,932424347,-1.0,-0.265450000763
1978,1521993420,932424347,-1.0,-0.265450000763
1979,1521993420,932424347,-1.0,-0.265450000763
1980,1521993420,948433277,-1.0,-0.324655890465
1981,1521993420,948433277,-1.0,-0.324655890465
1982,1521993420,948433277,-1.0,-0.324655890465
1983,1521993420,948433277,-1.0,-0.324655890465
1984,1521993420,948433277,-1.0,-0.324655890465
1985,1521993420,948433277,-1.0,-0.324655890465
1986,1521993420,972417696,-1.0,-0.389721363783
1987,1521993420,972417696,-1.0,-0.389721363783
1988,1521993420,972417696,-1.0,-0.389721363783
1989,1521993420,972417696,-1.0,-0.389721363783
1990,1521993420,988405318,-1.0,-0.461287260056
1991,1521993420,988405318,-1.0,-0.461287260056
1992,1521993420,988405318,-1.0,-0.461287260056
1993,1521993420,988405318,-1.0,-0.461287260056
1994,1521993420,988405318,-1.0,-0.461287260056
1995,1521993420,988405318,-1.0,-0.461287260056
1996,1521993421,12440802,-1.0,-0.531540870667
1997,1521993421,12440802,-1.0,-0.531540870667
1998,1521993421,12440802,-1.0,-0.531540870667
1999,1521993421,12440802,-1.0,-0.531540870667
2000,1521993421,28434303,-1.0,-0.588824093342
2001,1521993421,28434303,-1.0,-0.588824093342
2002,1521993421,28434303,-1.0,-0.588824093342
2003,1521993421,28434303,-1.0,-0.588824093342
2004,1521993421,28434303,-1.0,-0.588824093342
2005,1521993421,28434303,-1.0,-0.588824093342
2006,1521993421,52429160,-1.0,-0.630451381207
2007,1521993421,52429160,-1.0,-0.630451381207
2008,1521993421,52429160,-1.0,-0.630451381207
2009,1521993421,52429160,-1.0,-0.630451381207
2010,1521993421,68436044,-1.0,-0.656483650208
2011,1521993421,68436044,-1.0,-0.656483650208
2012,1521993421,68436044,-1.0,-0.656483650208
2013,1521993421,68436044,-1.0,-0.656483650208
2014,1521993421,68436044,-1.0,-0.656483650208
2015,1521993421,68436044,-1.0,-0.656483650208
2016,1521993421,92429984,-1.0,-0.64931178093
2017,1521993421,92429984,-1.0,-0.64931178093
2018,1521993421,92429984,-1.0,-0.64931178093
2019,1521993421,92429984,-1.0,-0.64931178093
2020,1521993421,108434460,-1.0,-0.544572293758
2021,1521993421,108434460,-1.0,-0.544572293758
2022,1521993421,108434460,-1.0,-0.544572293758
2023,1521993421,108434460,-1.0,-0.544572293758
2024,1521993421,108434460,-1.0,-0.544572293758
2025,1521993421,108434460,-1.0,-0.544572293758
2026,1521993421,132420420,-1.0,-0.381908625364
2027,1521993421,132420420,-1.0,-0.381908625364
2028,1521993421,132420420,-1.0,-0.381908625364
2029,1521993421,132420420,-1.0,-0.381908625364
2030,1521993421,148407468,-0.96746724844,-0.205572679639
2031,1521993421,148407468,-0.96746724844,-0.205572679639
2032,1521993421,148407468,-0.96746724844,-0.205572679639
2033,1521993421,148407468,-0.96746724844,-0.205572679639
2034,1521993421,148407468,-0.96746724844,-0.205572679639
2035,1521993421,148407468,-0.96746724844,-0.205572679639
2036,1521993421,172420252,-0.684469103813,-0.0513931699097
2037,1521993421,172420252,-0.684469103813,-0.0513931699097
2038,1521993421,172420252,-0.684469103813,-0.0513931699097
2039,1521993421,172420252,-0.684469103813,-0.0513931699097
2040,1521993421,188407683,-0.369548618793,-0.0
2041,1521993421,188407683,-0.369548618793,-0.0
2042,1521993421,188407683,-0.369548618793,-0.0
2043,1521993421,188407683,-0.369548618793,-0.0
2044,1521993421,188407683,-0.369548618793,-0.0
2045,1521993421,188407683,-0.369548618793,-0.0
2046,1521993421,212429320,-0.106692709029,-0.0
2047,1521993421,212429320,-0.106692709029,-0.0
2048,1521993421,212429320,-0.106692709029,-0.0
2049,1521993421,212429320,-0.106692709029,-0.0
2050,1521993421,228435494,-0.0,-0.0
2051,1521993421,228435494,-0.0,-0.0
2052,1521993421,228435494,-0.0,-0.0
2053,1521993421,228435494,-0.0,-0.0
2054,1521993421,228435494,-0.0,-0.0
2055,1521993421,228435494,-0.0,-0.0
2056,1521993421,228435494,-0.0,-0.0
2057,1521993421,228435494,-0.0,-0.0
2058,1521993421,228435494,-0.0,-0.0
2059,1521993421,228435494,-0.0,-0.0
2060,1521993421,228435494,-0.0,-0.0
2061,1521993421,228435494,-0.0,-0.0
2062,1521993421,228435494,-0.0,-0.0
2063,1521993421,228435494,-0.0,-0.0
2064,1521993421,228435494,-0.0,-0.0
2065,1521993421,228435494,-0.0,-0.0
2066,1521993421,228435494,-0.0,-0.0
2067,1521993421,228435494,-0.0,-0.0
2068,1521993421,228435494,-0.0,-0.0
2069,1521993421,228435494,-0.0,-0.0
2070,1521993421,228435494,-0.0,-0.0
2071,1521993421,228435494,-0.0,-0.0
2072,1521993421,228435494,-0.0,-0.0
2073,1521993421,228435494,-0.0,-0.0
2074,1521993421,228435494,-0.0,-0.0
2075,1521993421,228435494,-0.0,-0.0
2076,1521993421,228435494,-0.0,-0.0
2077,1521993421,228435494,-0.0,-0.0
2078,1521993421,228435494,-0.0,-0.0
2079,1521993421,228435494,-0.0,-0.0
2080,1521993421,228435494,-0.0,-0.0
2081,1521993421,228435494,-0.0,-0.0
2082,1521993421,228435494,-0.0,-0.0
2083,1521993421,228435494,-0.0,-0.0
2084,1521993421,228435494,-0.0,-0.0
2085,1521993421,228435494,-0.0,-0.0
2086,1521993421,228435494,-0.0,-0.0
2087,1521993421,228435494,-0.0,-0.0
2088,1521993421,228435494,-0.0,-0.0
2089,1521993421,228435494,-0.0,-0.0
2090,1521993421,228435494,-0.0,-0.0
2091,1521993421,228435494,-0.0,-0.0
2092,1521993421,228435494,-0.0,-0.0
2093,1521993421,228435494,-0.0,-0.0
2094,1521993421,228435494,-0.0,-0.0
2095,1521993421,228435494,-0.0,-0.0
2096,1521993421,228435494,-0.0,-0.0
2097,1521993421,228435494,-0.0,-0.0
2098,1521993421,228435494,-0.0,-0.0
2099,1521993421,228435494,-0.0,-0.0
2100,1521993421,228435494,-0.0,-0.0
2101,1521993421,228435494,-0.0,-0.0
2102,1521993421,228435494,-0.0,-0.0
2103,1521993421,228435494,-0.0,-0.0
2104,1521993421,228435494,-0.0,-0.0
2105,1521993421,228435494,-0.0,-0.0
2106,1521993421,228435494,-0.0,-0.0
2107,1521993421,228435494,-0.0,-0.0
2108,1521993421,228435494,-0.0,-0.0
2109,1521993421,228435494,-0.0,-0.0
2110,1521993421,228435494,-0.0,-0.0
2111,1521993421,228435494,-0.0,-0.0
2112,1521993421,228435494,-0.0,-0.0
2113,1521993421,228435494,-0.0,-0.0
2114,1521993421,228435494,-0.0,-0.0
2115,1521993421,228435494,-0.0,-0.0
2116,1521993421,228435494,-0.0,-0.0
2117,1521993421,228435494,-0.0,-0.0
2118,1521993421,228435494,-0.0,-0.0
2119,1521993421,228435494,-0.0,-0.0
2120,1521993421,228435494,-0.0,-0.0
2121,1521993421,228435494,-0.0,-0.0
2122,1521993421,228435494,-0.0,-0.0
2123,1521993421,228435494,-0.0,-0.0
2124,1521993421,228435494,-0.0,-0.0
2125,1521993421,228435494,-0.0,-0.0
2126,1521993421,228435494,-0.0,-0.0
2127,1521993421,228435494,-0.0,-0.0
2128,1521993421,228435494,-0.0,-0.0
2129,1521993421,228435494,-0.0,-0.0
2130,1521993421,228435494,-0.0,-0.0
2131,1521993421,228435494,-0.0,-0.0
2132,1521993421,228435494,-0.0,-0.0
2133,1521993421,228435494,-0.0,-0.0
2134,1521993421,228435494,-0.0,-0.0
2135,1521993421,228435494,-0.0,-0.0
2136,1521993421,228435494,-0.0,-0.0
2137,1521993421,228435494,-0.0,-0.0
2138,1521993421,228435494,-0.0,-0.0
2139,1521993421,228435494,-0.0,-0.0
2140,1521993421,228435494,-0.0,-0.0
2141,1521993421,228435494,-0.0,-0.0
2142,1521993421,228435494,-0.0,-0.0
2143,1521993421,228435494,-0.0,-0.0
2144,1521993421,228435494,-0.0,-0.0
2145,1521993421,228435494,-0.0,-0.0
2146,1521993421,228435494,-0.0,-0.0
2147,1521993421,228435494,-0.0,-0.0
2148,1521993421,228435494,-0.0,-0.0
2149,1521993421,228435494,-0.0,-0.0
2150,1521993421,228435494,-0.0,-0.0
2151,1521993421,228435494,-0.0,-0.0
2152,1521993421,228435494,-0.0,-0.0
2153,1521993421,228435494,-0.0,-0.0
2154,1521993421,228435494,-0.0,-0.0
2155,1521993421,228435494,-0.0,-0.0
2156,1521993421,228435494,-0.0,-0.0
2157,1521993421,228435494,-0.0,-0.0
2158,1521993421,228435494,-0.0,-0.0
2159,1521993421,228435494,-0.0,-0.0
2160,1521993421,228435494,-0.0,-0.0
2161,1521993421,228435494,-0.0,-0.0
2162,1521993421,228435494,-0.0,-0.0
2163,1521993421,228435494,-0.0,-0.0
2164,1521993421,228435494,-0.0,-0.0
2165,1521993421,228435494,-0.0,-0.0
2166,1521993421,228435494,-0.0,-0.0
2167,1521993421,228435494,-0.0,-0.0
2168,1521993421,228435494,-0.0,-0.0
2169,1521993421,228435494,-0.0,-0.0
2170,1521993421,228435494,-0.0,-0.0
2171,1521993421,228435494,-0.0,-0.0
2172,1521993421,228435494,-0.0,-0.0
2173,1521993421,228435494,-0.0,-0.0
2174,1521993421,228435494,-0.0,-0.0
2175,1521993421,228435494,-0.0,-0.0
2176,1521993421,228435494,-0.0,-0.0
2177,1521993421,228435494,-0.0,-0.0
2178,1521993421,228435494,-0.0,-0.0
2179,1521993421,228435494,-0.0,-0.0
2180,1521993421,228435494,-0.0,-0.0
2181,1521993421,228435494,-0.0,-0.0
2182,1521993421,228435494,-0.0,-0.0
2183,1521993421,228435494,-0.0,-0.0
2184,1521993421,228435494,-0.0,-0.0
2185,1521993421,228435494,-0.0,-0.0
2186,1521993421,228435494,-0.0,-0.0
2187,1521993421,228435494,-0.0,-0.0
2188,1521993421,228435494,-0.0,-0.0
2189,1521993421,228435494,-0.0,-0.0
2190,1521993421,228435494,-0.0,-0.0
2191,1521993421,228435494,-0.0,-0.0
2192,1521993421,228435494,-0.0,-0.0
2193,1521993421,228435494,-0.0,-0.0
2194,1521993421,228435494,-0.0,-0.0
2195,1521993421,228435494,-0.0,-0.0
2196,1521993421,228435494,-0.0,-0.0
2197,1521993421,228435494,-0.0,-0.0
2198,1521993421,228435494,-0.0,-0.0
2199,1521993421,228435494,-0.0,-0.0
2200,1521993421,228435494,-0.0,-0.0
2201,1521993421,228435494,-0.0,-0.0
2202,1521993421,228435494,-0.0,-0.0
2203,1521993421,228435494,-0.0,-0.0
2204,1521993421,228435494,-0.0,-0.0
2205,1521993421,228435494,-0.0,-0.0
2206,1521993421,228435494,-0.0,-0.0
2207,1521993421,228435494,-0.0,-0.0
2208,1521993421,228435494,-0.0,-0.0
2209,1521993421,228435494,-0.0,-0.0
2210,1521993421,228435494,-0.0,-0.0
2211,1521993421,228435494,-0.0,-0.0
2212,1521993421,228435494,-0.0,-0.0
2213,1521993421,228435494,-0.0,-0.0
2214,1521993421,228435494,-0.0,-0.0
2215,1521993421,228435494,-0.0,-0.0
2216,1521993421,228435494,-0.0,-0.0
2217,1521993421,228435494,-0.0,-0.0
2218,1521993421,228435494,-0.0,-0.0
2219,1521993421,228435494,-0.0,-0.0
2220,1521993421,228435494,-0.0,-0.0
2221,1521993421,228435494,-0.0,-0.0
2222,1521993421,228435494,-0.0,-0.0
2223,1521993421,228435494,-0.0,-0.0
2224,1521993421,228435494,-0.0,-0.0
2225,1521993421,228435494,-0.0,-0.0
2226,1521993421,228435494,-0.0,-0.0
2227,1521993421,228435494,-0.0,-0.0
2228,1521993421,228435494,-0.0,-0.0
2229,1521993421,228435494,-0.0,-0.0
2230,1521993421,228435494,-0.0,-0.0
2231,1521993421,228435494,-0.0,-0.0
2232,1521993421,228435494,-0.0,-0.0
2233,1521993421,228435494,-0.0,-0.0
2234,1521993421,228435494,-0.0,-0.0
2235,1521993421,228435494,-0.0,-0.0
2236,1521993421,228435494,-0.0,-0.0
2237,1521993421,228435494,-0.0,-0.0
2238,1521993421,228435494,-0.0,-0.0
2239,1521993421,228435494,-0.0,-0.0
2240,1521993421,228435494,-0.0,-0.0
2241,1521993421,228435494,-0.0,-0.0
2242,1521993421,228435494,-0.0,-0.0
2243,1521993421,228435494,-0.0,-0.0
2244,1521993421,228435494,-0.0,-0.0
2245,1521993421,228435494,-0.0,-0.0
2246,1521993421,228435494,-0.0,-0.0
2247,1521993421,228435494,-0.0,-0.0
2248,1521993421,228435494,-0.0,-0.0
2249,1521993421,228435494,-0.0,-0.0
2250,1521993421,228435494,-0.0,-0.0
2251,1521993421,228435494,-0.0,-0.0
2252,1521993421,228435494,-0.0,-0.0
2253,1521993421,228435494,-0.0,-0.0
2254,1521993421,228435494,-0.0,-0.0
2255,1521993421,228435494,-0.0,-0.0
2256,1521993421,228435494,-0.0,-0.0
