747,1521992545,406790901,0.0,0.0
748,1521992545,406790901,0.0,0.0
749,1521992545,406790901,0.0,0.0
750,1521992545,406790901,0.0,0.0
751,1521992545,406790901,0.0,0.0
752,1521992545,406790901,0.0,0.0
753,1521992545,406790901,0.0,0.0
754,1521992545,406790901,0.0,0.0
755,1521992545,406790901,0.0,0.0
756,1521992545,406790901,0.0,0.0
757,1521992545,406790901,0.0,0.0
758,1521992545,406790901,0.0,0.0
759,1521992545,406790901,0.0,0.0
760,1521992545,406790901,0.0,0.0
761,1521992545,406790901,0.0,0.0
762,1521992545,406790901,0.0,0.0
763,1521992545,406790901,0.0,0.0
764,1521992545,406790901,0.0,0.0
765,1521992545,406790901,0.0,0.0
766,1521992545,406790901,0.0,0.0
767,1521992545,406790901,0.0,0.0
768,1521992545,406790901,0.0,0.0
769,1521992545,406790901,0.0,0.0
770,1521992545,406790901,0.0,0.0
771,1521992545,406790901,0.0,0.0
772,1521992545,406790901,0.0,0.0
773,1521992545,406790901,0.0,0.0
774,1521992545,406790901,0.0,0.0
775,1521992545,406790901,0.0,0.0
776,1521992545,406790901,0.0,0.0
777,1521992545,406790901,0.0,0.0
778,1521992545,406790901,0.0,0.0
779,1521992545,406790901,0.0,0.0
780,1521992545,406790901,0.0,0.0
781,1521992545,406790901,0.0,0.0
782,1521992545,406790901,0.0,0.0
783,1521992545,406790901,0.0,0.0
784,1521992545,406790901,0.0,0.0
785,1521992545,406790901,0.0,0.0
786,1521992545,406790901,0.0,0.0
787,1521992545,406790901,0.0,0.0
788,1521992545,406790901,0.0,0.0
789,1521992545,406790901,0.0,0.0
790,1521992545,406790901,0.0,0.0
791,1521992545,406790901,0.0,0.0
792,1521992545,406790901,0.0,0.0
793,1521992545,406790901,0.0,0.0
794,1521992545,406790901,0.0,0.0
795,1521992545,406790901,0.0,0.0
796,1521992545,406790901,0.0,0.0
797,1521992545,406790901,0.0,0.0
798,1521992545,406790901,0.0,0.0
799,1521992545,406790901,0.0,0.0
800,1521992545,406790901,0.0,0.0
801,1521992545,406790901,0.0,0.0
802,1521992545,406790901,0.0,0.0
803,1521992545,406790901,0.0,0.0
804,1521992545,406790901,0.0,0.0
805,1521992545,406790901,0.0,0.0
806,1521992545,406790901,0.0,0.0
807,1521992545,406790901,0.0,0.0
808,1521992545,406790901,0.0,0.0
809,1521992545,406790901,0.0,0.0
810,1521992545,406790901,0.0,0.0
811,1521992545,406790901,0.0,0.0
812,1521992545,406790901,0.0,0.0
813,1521992545,406790901,0.0,0.0
814,1521992545,406790901,0.0,0.0
815,1521992545,406790901,0.0,0.0
816,1521992545,406790901,0.0,0.0
817,1521992545,406790901,0.0,0.0
818,1521992545,406790901,0.0,0.0
819,1521992545,406790901,0.0,0.0
820,1521992545,406790901,0.0,0.0
821,1521992545,406790901,0.0,0.0
822,1521992545,406790901,0.0,0.0
823,1521992545,406790901,0.0,0.0
824,1521992545,406790901,0.0,0.0
825,1521992545,406790901,0.0,0.0
826,1521992545,406790901,0.0,0.0
827,1521992545,406790901,0.0,0.0
828,1521992545,406790901,0.0,0.0
829,1521992545,406790901,0.0,0.0
830,1521992545,406790901,0.0,0.0
831,1521992545,406790901,0.0,0.0
832,1521992545,406790901,0.0,0.0
833,1521992545,406790901,0.0,0.0
834,1521992545,406790901,0.0,0.0
835,1521992545,406790901,0.0,0.0
836,1521992545,406790901,0.0,0.0
837,1521992545,406790901,0.0,0.0
838,1521992545,406790901,0.0,0.0
839,1521992545,406790901,0.0,0.0
840,1521992545,406790901,0.0,0.0
841,1521992545,406790901,0.0,0.0
842,1521992545,406790901,0.0,0.0
843,1521992545,406790901,0.0,0.0
844,1521992545,406790901,0.0,0.0
845,1521992545,406790901,0.0,0.0
846,1521992545,406790901,0.0,0.0
847,1521992545,406790901,0.0,0.0
848,1521992545,406790901,0.0,0.0
849,1521992545,406790901,0.0,0.0
850,1521992545,406790901,0.0,0.0
851,1521992545,406790901,0.0,0.0
852,1521992545,406790901,0.0,0.0
853,1521992545,406790901,0.0,0.0
854,1521992545,406790901,0.0,0.0
855,1521992545,406790901,0.0,0.0
856,1521992545,406790901,0.0,0.0
857,1521992545,406790901,0.0,0.0
858,1521992545,406790901,0.0,0.0
859,1521992545,406790901,0.0,0.0
860,1521992545,406790901,0.0,0.0
861,1521992545,406790901,0.0,0.0
862,1521992545,406790901,0.0,0.0
863,1521992545,406790901,0.0,0.0
864,1521992545,406790901,0.0,0.0
865,1521992545,406790901,0.0,0.0
866,1521992545,406790901,0.0,0.0
867,1521992545,406790901,0.0,0.0
868,1521992545,406790901,0.0,0.0
869,1521992545,406790901,0.0,0.0
870,1521992545,406790901,0.0,0.0
871,1521992545,406790901,0.0,0.0
872,1521992545,406790901,0.0,0.0
873,1521992545,406790901,0.0,0.0
874,1521992545,406790901,0.0,0.0
875,1521992545,406790901,0.0,0.0
876,1521992545,406790901,0.0,0.0
877,1521992545,406790901,0.0,0.0
878,1521992545,406790901,0.0,0.0
879,1521992545,406790901,0.0,0.0
880,1521992545,406790901,0.0,0.0
881,1521992545,406790901,0.0,0.0
882,1521992545,406790901,0.0,0.0
883,1521992545,406790901,0.0,0.0
884,1521992545,406790901,0.0,0.0
885,1521992545,406790901,0.0,0.0
886,1521992545,406790901,0.0,0.0
887,1521992545,406790901,0.0,0.0
888,1521992545,406790901,0.0,0.0
889,1521992545,406790901,0.0,0.0
890,1521992545,406790901,0.0,0.0
891,1521992545,406790901,0.0,0.0
892,1521992545,406790901,0.0,0.0
893,1521992545,406790901,0.0,0.0
894,1521992545,406790901,0.0,0.0
895,1521992545,406790901,0.0,0.0
896,1521992545,406790901,0.0,0.0
897,1521992545,406790901,0.0,0.0
898,1521992545,406790901,0.0,0.0
899,1521992545,406790901,0.0,0.0
900,1521992545,406790901,0.0,0.0
901,1521992545,406790901,0.0,0.0
902,1521992545,406790901,0.0,0.0
903,1521992545,406790901,0.0,0.0
904,1521992545,406790901,0.0,0.0
905,1521992545,406790901,0.0,0.0
906,1521992545,406790901,0.0,0.0
907,1521992545,406790901,0.0,0.0
908,1521992545,406790901,0.0,0.0
909,1521992545,406790901,0.0,0.0
910,1521992545,406790901,0.0,0.0
911,1521992545,406790901,0.0,0.0
912,1521992545,406790901,0.0,0.0
913,1521992545,406790901,0.0,0.0
914,1521992545,406790901,0.0,0.0
915,1521992545,406790901,0.0,0.0
916,1521992545,406790901,0.0,0.0
917,1521992545,406790901,0.0,0.0
918,1521992545,406790901,0.0,0.0
919,1521992545,406790901,0.0,0.0
920,1521992545,406790901,0.0,0.0
921,1521992545,406790901,0.0,0.0
922,1521992545,406790901,0.0,0.0
923,1521992545,406790901,0.0,0.0
924,1521992545,406790901,0.0,0.0
925,1521992545,406790901,0.0,0.0
926,1521992545,406790901,0.0,0.0
927,1521992545,406790901,0.0,0.0
928,1521992545,406790901,0.0,0.0
929,1521992545,406790901,0.0,0.0
930,1521992545,406790901,0.0,0.0
931,1521992545,406790901,0.0,0.0
932,1521992545,406790901,0.0,0.0
933,1521992545,406790901,0.0,0.0
934,1521992545,406790901,0.0,0.0
935,1521992545,406790901,0.0,0.0
936,1521992545,406790901,0.0,0.0
937,1521992545,406790901,0.0,0.0
938,1521992545,406790901,0.0,0.0
939,1521992545,406790901,0.0,0.0
940,1521992545,406790901,0.0,0.0
941,1521992545,406790901,0.0,0.0
942,1521992545,406790901,0.0,0.0
943,1521992545,406790901,0.0,0.0
944,1521992545,406790901,0.0,0.0
945,1521992545,406790901,0.0,0.0
946,1521992545,406790901,0.0,0.0
947,1521992545,406790901,0.0,0.0
948,1521992545,406790901,0.0,0.0
949,1521992545,406790901,0.0,0.0
950,1521992545,406790901,0.0,0.0
951,1521992545,406790901,0.0,0.0
952,1521992545,406790901,0.0,0.0
953,1521992545,406790901,0.0,0.0
954,1521992545,406790901,0.0,0.0
955,1521992545,406790901,0.0,0.0
956,1521992545,406790901,0.0,0.0
957,1521992545,406790901,0.0,0.0
958,1521992545,406790901,0.0,0.0
959,1521992545,406790901,0.0,0.0
960,1521992545,406790901,0.0,0.0
961,1521992545,406790901,0.0,0.0
962,1521992545,406790901,0.0,0.0
963,1521992545,406790901,0.0,0.0
964,1521992545,406790901,0.0,0.0
965,1521992545,406790901,0.0,0.0
966,1521992545,406790901,0.0,0.0
967,1521992545,406790901,0.0,0.0
968,1521992545,406790901,0.0,0.0
969,1521992545,406790901,0.0,0.0
970,1521992545,406790901,0.0,0.0
971,1521992545,406790901,0.0,0.0
972,1521992545,406790901,0.0,0.0
973,1521992545,406790901,0.0,0.0
974,1521992545,406790901,0.0,0.0
975,1521992545,406790901,0.0,0.0
976,1521992545,406790901,0.0,0.0
977,1521992545,406790901,0.0,0.0
978,1521992545,406790901,0.0,0.0
979,1521992545,406790901,0.0,0.0
980,1521992545,406790901,0.0,0.0
981,1521992545,406790901,0.0,0.0
982,1521992545,406790901,0.0,0.0
983,1521992545,406790901,0.0,0.0
984,1521992545,406790901,0.0,0.0
985,1521992545,406790901,0.0,0.0
986,1521992545,406790901,0.0,0.0
987,1521992545,406790901,0.0,0.0
988,1521992545,406790901,0.0,0.0
989,1521992545,406790901,0.0,0.0
990,1521992545,406790901,0.0,0.0
991,1521992545,406790901,0.0,0.0
992,1521992545,406790901,0.0,0.0
993,1521992545,406790901,0.0,0.0
994,1521992545,406790901,0.0,0.0
995,1521992545,406790901,0.0,0.0
996,1521992545,406790901,0.0,0.0
997,1521992545,406790901,0.0,0.0
998,1521992545,406790901,0.0,0.0
999,1521992545,406790901,0.0,0.0
1000,1521992545,406790901,0.0,0.0
1001,1521992545,406790901,0.0,0.0
1002,1521992545,406790901,0.0,0.0
1003,1521992545,406790901,0.0,0.0
1004,1521992545,406790901,0.0,0.0
1005,1521992545,406790901,0.0,0.0
1006,1521992545,406790901,0.0,0.0
1007,1521992545,406790901,0.0,0.0
1008,1521992545,406790901,0.0,0.0
1009,1521992545,406790901,0.0,0.0
1010,1521992545,406790901,0.0,0.0
1011,1521992545,406790901,0.0,0.0
1012,1521992545,406790901,0.0,0.0
1013,1521992545,406790901,0.0,0.0
1014,1521992545,406790901,0.0,0.0
1015,1521992545,406790901,0.0,0.0
1016,1521992545,406790901,0.0,0.0
1017,1521992545,406790901,0.0,0.0
1018,1521992545,406790901,0.0,0.0
1019,1521992545,406790901,0.0,0.0
1020,1521992545,406790901,0.0,0.0
1021,1521992545,406790901,0.0,0.0
1022,1521992545,406790901,0.0,0.0
1023,1521992545,406790901,0.0,0.0
1024,1521992549,571600342,-0.0708944946527,0.0
1025,1521992549,571600342,-0.0708944946527,0.0
1026,1521992549,571600342,-0.0708944946527,0.0
1027,1521992549,571600342,-0.0708944946527,0.0
1028,1521992549,571600342,-0.0708944946527,0.0
1029,1521992549,571600342,-0.0708944946527,0.0
1030,1521992549,595616029,-0.168492689729,0.0
1031,1521992549,595616029,-0.168492689729,0.0
1032,1521992549,595616029,-0.168492689729,0.0
1033,1521992549,595616029,-0.168492689729,0.0
1034,1521992549,611602829,-0.286263614893,0.0286568813026
1035,1521992549,611602829,-0.286263614893,0.0286568813026
1036,1521992549,611602829,-0.286263614893,0.0286568813026
1037,1521992549,611602829,-0.286263614893,0.0286568813026
1038,1521992549,611602829,-0.286263614893,0.0286568813026
1039,1521992549,611602829,-0.286263614893,0.0286568813026
1040,1521992549,635644583,-0.41312906146,0.0611896105111
1041,1521992549,635644583,-0.41312906146,0.0611896105111
1042,1521992549,635644583,-0.41312906146,0.0611896105111
1043,1521992549,635644583,-0.41312906146,0.0611896105111
1044,1521992549,651610971,-0.533494055271,0.0904568657279
1045,1521992549,651610971,-0.533494055271,0.0904568657279
1046,1521992549,651610971,-0.533494055271,0.0904568657279
1047,1521992549,651610971,-0.533494055271,0.0904568657279
1048,1521992549,651610971,-0.533494055271,0.0904568657279
1049,1521992549,651610971,-0.533494055271,0.0904568657279
1050,1521992549,675630636,-0.633045434952,0.117130041122
1051,1521992549,675630636,-0.633045434952,0.117130041122
1052,1521992549,675630636,-0.633045434952,0.117130041122
1053,1521992549,675630636,-0.633045434952,0.117130041122
1054,1521992549,691600603,-0.705923616886,0.138615071774
1055,1521992549,691600603,-0.705923616886,0.138615071774
1056,1521992549,691600603,-0.705923616886,0.138615071774
1057,1521992549,691600603,-0.705923616886,0.138615071774
1058,1521992549,691600603,-0.705923616886,0.138615071774
1059,1521992549,691600603,-0.705923616886,0.138615071774
1060,1521992549,715620925,-0.761223196983,0.146397292614
1061,1521992549,715620925,-0.761223196983,0.146397292614
1062,1521992549,715620925,-0.761223196983,0.146397292614
1063,1521992549,715620925,-0.761223196983,0.146397292614
1064,1521992549,731600868,-0.814569532871,0.154881432652
1065,1521992549,731600868,-0.814569532871,0.154881432652
1066,1521992549,731600868,-0.814569532871,0.154881432652
1067,1521992549,731600868,-0.814569532871,0.154881432652
1068,1521992549,731600868,-0.814569532871,0.154881432652
1069,1521992549,731600868,-0.814569532871,0.154881432652
1070,1521992549,755611515,-0.873775422573,0.160710468888
1071,1521992549,755611515,-0.873775422573,0.160710468888
1072,1521992549,755611515,-0.873775422573,0.160710468888
1073,1521992549,755611515,-0.873775422573,0.160710468888
1074,1521992549,771602958,-0.941465497017,0.163335070014
1075,1521992549,771602958,-0.941465497017,0.163335070014
1076,1521992549,771602958,-0.941465497017,0.163335070014
1077,1521992549,771602958,-0.941465497017,0.163335070014
1078,1521992549,771602958,-0.941465497017,0.163335070014
1079,1521992549,771602958,-0.941465497017,0.163335070014
1080,1521992549,795612057,-1.0,0.168523207307
1081,1521992549,795612057,-1.0,0.168523207307
1082,1521992549,795612057,-1.0,0.168523207307
1083,1521992549,795612057,-1.0,0.168523207307
1084,1521992549,811598611,-1.0,0.173741877079
1085,1521992549,811598611,-1.0,0.173741877079
1086,1521992549,811598611,-1.0,0.173741877079
1087,1521992549,811598611,-1.0,0.173741877079
1088,1521992549,811598611,-1.0,0.173741877079
1089,1521992549,811598611,-1.0,0.173741877079
1090,1521992549,835634086,-1.0,0.182195499539
1091,1521992549,835634086,-1.0,0.182195499539
1092,1521992549,835634086,-1.0,0.182195499539
1093,1521992549,835634086,-1.0,0.182195499539
1094,1521992549,851601728,-1.0,0.212775051594
1095,1521992549,851601728,-1.0,0.212775051594
1096,1521992549,851601728,-1.0,0.212775051594
1097,1521992549,851601728,-1.0,0.212775051594
1098,1521992549,851601728,-1.0,0.212775051594
1099,1521992549,851601728,-1.0,0.212775051594
1100,1521992549,875610296,-1.0,0.252449125051
1101,1521992549,875610296,-1.0,0.252449125051
1102,1521992549,875610296,-1.0,0.252449125051
1103,1521992549,875610296,-1.0,0.252449125051
1104,1521992549,891603852,-1.0,0.313608199358
1105,1521992549,891603852,-1.0,0.313608199358
1106,1521992549,891603852,-1.0,0.313608199358
1107,1521992549,891603852,-1.0,0.313608199358
1108,1521992549,891603852,-1.0,0.313608199358
1109,1521992549,891603852,-1.0,0.313608199358
1110,1521992549,915619176,-1.0,0.38908046484
1111,1521992549,915619176,-1.0,0.38908046484
1112,1521992549,915619176,-1.0,0.38908046484
1113,1521992549,915619176,-1.0,0.38908046484
1114,1521992549,931600900,-1.0,0.467818230391
1115,1521992549,931600900,-1.0,0.467818230391
1116,1521992549,931600900,-1.0,0.467818230391
1117,1521992549,931600900,-1.0,0.467818230391
1118,1521992549,931600900,-1.0,0.467818230391
1119,1521992549,931600900,-1.0,0.467818230391
1120,1521992549,955619409,-1.0,0.534836888313
1121,1521992549,955619409,-1.0,0.534836888313
1122,1521992549,955619409,-1.0,0.534836888313
1123,1521992549,955619409,-1.0,0.534836888313
1124,1521992549,971599649,-1.0,0.576464116573
1125,1521992549,971599649,-1.0,0.576464116573
1126,1521992549,971599649,-1.0,0.576464116573
1127,1521992549,971599649,-1.0,0.576464116573
1128,1521992549,971599649,-1.0,0.576464116573
1129,1521992549,971599649,-1.0,0.576464116573
1130,1521992549,995613202,-1.0,0.586230039597
1131,1521992549,995613202,-1.0,0.586230039597
1132,1521992549,995613202,-1.0,0.586230039597
1133,1521992549,995613202,-1.0,0.586230039597
1134,1521992550,11602484,-1.0,0.59208959341
1135,1521992550,11602484,-1.0,0.59208959341
1136,1521992550,11602484,-1.0,0.59208959341
1137,1521992550,11602484,-1.0,0.59208959341
1138,1521992550,11602484,-1.0,0.59208959341
1139,1521992550,11602484,-1.0,0.59208959341
1140,1521992550,35612988,-1.0,0.590807795525
1141,1521992550,35612988,-1.0,0.590807795525
1142,1521992550,35612988,-1.0,0.590807795525
1143,1521992550,35612988,-1.0,0.590807795525
1144,1521992550,51600890,-1.0,0.560869157314
1145,1521992550,51600890,-1.0,0.560869157314
1146,1521992550,51600890,-1.0,0.560869157314
1147,1521992550,51600890,-1.0,0.560869157314
1148,1521992550,51600890,-1.0,0.560869157314
1149,1521992550,51600890,-1.0,0.560869157314
1150,1521992550,75633915,-1.0,0.528977334499
1151,1521992550,75633915,-1.0,0.528977334499
1152,1521992550,75633915,-1.0,0.528977334499
1153,1521992550,75633915,-1.0,0.528977334499
1154,1521992550,91602558,-1.0,0.48799097538
1155,1521992550,91602558,-1.0,0.48799097538
1156,1521992550,91602558,-1.0,0.48799097538
1157,1521992550,91602558,-1.0,0.48799097538
1158,1521992550,91602558,-1.0,0.48799097538
1159,1521992550,91602558,-1.0,0.48799097538
1160,1521992550,115619020,-1.0,0.444410532713
1161,1521992550,115619020,-1.0,0.444410532713
1162,1521992550,115619020,-1.0,0.444410532713
1163,1521992550,115619020,-1.0,0.444410532713
1164,1521992550,131599628,-1.0,0.391705065966
1165,1521992550,131599628,-1.0,0.391705065966
1166,1521992550,131599628,-1.0,0.391705065966
1167,1521992550,131599628,-1.0,0.391705065966
1168,1521992550,131599628,-1.0,0.391705065966
1169,1521992550,131599628,-1.0,0.391705065966
1170,1521992550,155609779,-1.0,0.323374122381
1171,1521992550,155609779,-1.0,0.323374122381
1172,1521992550,155609779,-1.0,0.323374122381
1173,1521992550,155609779,-1.0,0.323374122381
1174,1521992550,171599277,-1.0,0.242713704705
1175,1521992550,171599277,-1.0,0.242713704705
1176,1521992550,171599277,-1.0,0.242713704705
1177,1521992550,171599277,-1.0,0.242713704705
1178,1521992550,171599277,-1.0,0.242713704705
1179,1521992550,171599277,-1.0,0.242713704705
1180,1521992550,195619302,-1.0,0.152256846428
1181,1521992550,195619302,-1.0,0.152256846428
1182,1521992550,195619302,-1.0,0.152256846428
1183,1521992550,195619302,-1.0,0.152256846428
1184,1521992550,211599427,-1.0,0.0611896105111
1185,1521992550,211599427,-1.0,0.0611896105111
1186,1521992550,211599427,-1.0,0.0611896105111
1187,1521992550,211599427,-1.0,0.0611896105111
1188,1521992550,211599427,-1.0,0.0611896105111
1189,1521992550,211599427,-1.0,0.0611896105111
1190,1521992550,235638912,-1.0,-0.0
1191,1521992550,235638912,-1.0,-0.0
1192,1521992550,235638912,-1.0,-0.0
1193,1521992550,235638912,-1.0,-0.0
1194,1521992550,235638912,-1.0,-0.0
1195,1521992550,235638912,-1.0,-0.0
1196,1521992550,235638912,-1.0,-0.0
1197,1521992550,235638912,-1.0,-0.0
1198,1521992550,235638912,-1.0,-0.0
1199,1521992550,235638912,-1.0,-0.0
1200,1521992550,235638912,-1.0,-0.0
1201,1521992550,235638912,-1.0,-0.0
1202,1521992550,235638912,-1.0,-0.0
1203,1521992550,235638912,-1.0,-0.0
1204,1521992550,235638912,-1.0,-0.0
1205,1521992550,235638912,-1.0,-0.0
1206,1521992550,235638912,-1.0,-0.0
1207,1521992550,235638912,-1.0,-0.0
1208,1521992550,235638912,-1.0,-0.0
1209,1521992550,235638912,-1.0,-0.0
1210,1521992550,235638912,-1.0,-0.0
1211,1521992550,235638912,-1.0,-0.0
1212,1521992550,235638912,-1.0,-0.0
1213,1521992550,235638912,-1.0,-0.0
1214,1521992550,331602967,-1.0,-0.00323496200144
1215,1521992550,331602967,-1.0,-0.00323496200144
1216,1521992550,331602967,-1.0,-0.00323496200144
1217,1521992550,331602967,-1.0,-0.00323496200144
1218,1521992550,331602967,-1.0,-0.00323496200144
1219,1521992550,331602967,-1.0,-0.00323496200144
1220,1521992550,355628969,-1.0,-0.0442213192582
1221,1521992550,355628969,-1.0,-0.0442213192582
1222,1521992550,355628969,-1.0,-0.0442213192582
1223,1521992550,355628969,-1.0,-0.0442213192582
1224,1521992550,371599716,-1.0,-0.0891140475869
1225,1521992550,371599716,-1.0,-0.0891140475869
1226,1521992550,371599716,-1.0,-0.0891140475869
1227,1521992550,371599716,-1.0,-0.0891140475869
1228,1521992550,371599716,-1.0,-0.0891140475869
1229,1521992550,371599716,-1.0,-0.0891140475869
1230,1521992550,395620390,-1.0,-0.137272253633
1231,1521992550,395620390,-1.0,-0.137272253633
1232,1521992550,395620390,-1.0,-0.137272253633
1233,1521992550,395620390,-1.0,-0.137272253633
1234,1521992550,411599086,-1.0,-0.180211797357
1235,1521992550,411599086,-1.0,-0.180211797357
1236,1521992550,411599086,-1.0,-0.180211797357
1237,1521992550,411599086,-1.0,-0.180211797357
1238,1521992550,411599086,-1.0,-0.180211797357
1239,1521992550,411599086,-1.0,-0.180211797357
1240,1521992550,435609269,-1.0,-0.210150450468
1241,1521992550,435609269,-1.0,-0.210150450468
1242,1521992550,435609269,-1.0,-0.210150450468
1243,1521992550,435609269,-1.0,-0.210150450468
1244,1521992550,451599742,-1.0,-0.21860408783
1245,1521992550,451599742,-1.0,-0.21860408783
1246,1521992550,451599742,-1.0,-0.21860408783
1247,1521992550,451599742,-1.0,-0.21860408783
1248,1521992550,451599742,-1.0,-0.21860408783
1249,1521992550,451599742,-1.0,-0.21860408783
1250,1521992550,475611906,-1.0,-0.225745409727
1251,1521992550,475611906,-1.0,-0.225745409727
1252,1521992550,475611906,-1.0,-0.225745409727
1253,1521992550,475611906,-1.0,-0.225745409727
1254,1521992550,491601693,-1.0,-0.231604963541
1255,1521992550,491601693,-1.0,-0.231604963541
1256,1521992550,491601693,-1.0,-0.231604963541
1257,1521992550,491601693,-1.0,-0.231604963541
1258,1521992550,491601693,-1.0,-0.231604963541
1259,1521992550,491601693,-1.0,-0.231604963541
1260,1521992550,515622204,-1.0,-0.238105416298
1261,1521992550,515622204,-1.0,-0.238105416298
1262,1521992550,515622204,-1.0,-0.238105416298
1263,1521992550,515622204,-1.0,-0.238105416298
1264,1521992550,531599986,-1.0,-0.262855917215
1265,1521992550,531599986,-1.0,-0.262855917215
1266,1521992550,531599986,-1.0,-0.262855917215
1267,1521992550,531599986,-1.0,-0.262855917215
1268,1521992550,531599986,-1.0,-0.262855917215
1269,1521992550,531599986,-1.0,-0.262855917215
1270,1521992550,555607979,-1.0,-0.294717252254
1271,1521992550,555607979,-1.0,-0.294717252254
1272,1521992550,555607979,-1.0,-0.294717252254
1273,1521992550,555607979,-1.0,-0.294717252254
1274,1521992550,571599736,-1.0,-0.340281367302
1275,1521992550,571599736,-1.0,-0.340281367302
1276,1521992550,571599736,-1.0,-0.340281367302
1277,1521992550,571599736,-1.0,-0.340281367302
1278,1521992550,571599736,-1.0,-0.340281367302
1279,1521992550,571599736,-1.0,-0.340281367302
1280,1521992550,595607543,-1.0,-0.390362262726
1281,1521992550,595607543,-1.0,-0.390362262726
1282,1521992550,595607543,-1.0,-0.390362262726
1283,1521992550,595607543,-1.0,-0.390362262726
1284,1521992550,611599155,-1.0,-0.43330180645
1285,1521992550,611599155,-1.0,-0.43330180645
1286,1521992550,611599155,-1.0,-0.43330180645
1287,1521992550,611599155,-1.0,-0.43330180645
1288,1521992550,611599155,-1.0,-0.43330180645
1289,1521992550,611599155,-1.0,-0.43330180645
1290,1521992550,635613536,-1.0,-0.460646390915
1291,1521992550,635613536,-1.0,-0.460646390915
1292,1521992550,635613536,-1.0,-0.460646390915
1293,1521992550,635613536,-1.0,-0.460646390915
1294,1521992550,651603689,-1.0,-0.466505944729
1295,1521992550,651603689,-1.0,-0.466505944729
1296,1521992550,651603689,-1.0,-0.466505944729
1297,1521992550,651603689,-1.0,-0.466505944729
1298,1521992550,651603689,-1.0,-0.466505944729
1299,1521992550,651603689,-1.0,-0.466505944729
1300,1521992550,675619566,-1.0,-0.471053183079
1301,1521992550,675619566,-1.0,-0.471053183079
1302,1521992550,675619566,-1.0,-0.471053183079
1303,1521992550,675619566,-1.0,-0.471053183079
1304,1521992550,675619566,-1.0,-0.471053183079
1305,1521992550,675619566,-1.0,-0.471053183079
1306,1521992550,675619566,-1.0,-0.471053183079
1307,1521992550,675619566,-1.0,-0.471053183079
1308,1521992550,675619566,-1.0,-0.471053183079
1309,1521992550,675619566,-1.0,-0.471053183079
1310,1521992550,675619566,-1.0,-0.471053183079
1311,1521992550,675619566,-1.0,-0.471053183079
1312,1521992550,675619566,-1.0,-0.471053183079
1313,1521992550,675619566,-1.0,-0.471053183079
1314,1521992550,731600263,-1.0,-0.445661783218
1315,1521992550,731600263,-1.0,-0.445661783218
1316,1521992550,731600263,-1.0,-0.445661783218
1317,1521992550,731600263,-1.0,-0.445661783218
1318,1521992550,731600263,-1.0,-0.445661783218
1319,1521992550,731600263,-1.0,-0.445661783218
1320,1521992550,755625142,-1.0,-0.405987739563
1321,1521992550,755625142,-1.0,-0.405987739563
1322,1521992550,755625142,-1.0,-0.405987739563
1323,1521992550,755625142,-1.0,-0.405987739563
1324,1521992550,771603980,-1.0,-0.354594558477
1325,1521992550,771603980,-1.0,-0.354594558477
1326,1521992550,771603980,-1.0,-0.354594558477
1327,1521992550,771603980,-1.0,-0.354594558477
1328,1521992550,771603980,-1.0,-0.354594558477
1329,1521992550,771603980,-1.0,-0.354594558477
1330,1521992550,795625519,-1.0,-0.305795460939
1331,1521992550,795625519,-1.0,-0.305795460939
1332,1521992550,795625519,-1.0,-0.305795460939
1333,1521992550,795625519,-1.0,-0.305795460939
1334,1521992550,811601810,-1.0,-0.271950423717
1335,1521992550,811601810,-1.0,-0.271950423717
1336,1521992550,811601810,-1.0,-0.271950423717
1337,1521992550,811601810,-1.0,-0.271950423717
1338,1521992550,811601810,-1.0,-0.271950423717
1339,1521992550,811601810,-1.0,-0.271950423717
1340,1521992550,835613470,-1.0,-0.263496816158
1341,1521992550,835613470,-1.0,-0.263496816158
1342,1521992550,835613470,-1.0,-0.263496816158
1343,1521992550,835613470,-1.0,-0.263496816158
1344,1521992550,851603208,-1.0,-0.254371762276
1345,1521992550,851603208,-1.0,-0.254371762276
1346,1521992550,851603208,-1.0,-0.254371762276
1347,1521992550,851603208,-1.0,-0.254371762276
1348,1521992550,851603208,-1.0,-0.254371762276
1349,1521992550,851603208,-1.0,-0.254371762276
1350,1521992550,875633178,-1.0,-0.244636371732
1351,1521992550,875633178,-1.0,-0.244636371732
1352,1521992550,875633178,-1.0,-0.244636371732
1353,1521992550,875633178,-1.0,-0.244636371732
1354,1521992550,891604549,-1.0,-0.224463641644
1355,1521992550,891604549,-1.0,-0.224463641644
1356,1521992550,891604549,-1.0,-0.224463641644
1357,1521992550,891604549,-1.0,-0.224463641644
1358,1521992550,891604549,-1.0,-0.224463641644
1359,1521992550,891604549,-1.0,-0.224463641644
1360,1521992550,915613951,-1.0,-0.217291787267
1361,1521992550,915613951,-1.0,-0.217291787267
1362,1521992550,915613951,-1.0,-0.217291787267
1363,1521992550,915613951,-1.0,-0.217291787267
1364,1521992550,931603532,-1.0,-0.197119057178
1365,1521992550,931603532,-1.0,-0.197119057178
1366,1521992550,931603532,-1.0,-0.197119057178
1367,1521992550,931603532,-1.0,-0.197119057178
1368,1521992550,931603532,-1.0,-0.197119057178
1369,1521992550,931603532,-1.0,-0.197119057178
1370,1521992550,955614747,-1.0,-0.18930631876
1371,1521992550,955614747,-1.0,-0.18930631876
1372,1521992550,955614747,-1.0,-0.18930631876
1373,1521992550,955614747,-1.0,-0.18930631876
1374,1521992550,971603926,-1.0,-0.164586320519
1375,1521992550,971603926,-1.0,-0.164586320519
1376,1521992550,971603926,-1.0,-0.164586320519
1377,1521992550,971603926,-1.0,-0.164586320519
1378,1521992550,971603926,-1.0,-0.164586320519
1379,1521992550,971603926,-1.0,-0.164586320519
1380,1521992550,995613277,-1.0,-0.155491799116
1381,1521992550,995613277,-1.0,-0.155491799116
1382,1521992550,995613277,-1.0,-0.155491799116
1383,1521992550,995613277,-1.0,-0.155491799116
1384,1521992551,11603021,-1.0,-0.125553146005
1385,1521992551,11603021,-1.0,-0.125553146005
1386,1521992551,11603021,-1.0,-0.125553146005
1387,1521992551,11603021,-1.0,-0.125553146005
1388,1521992551,11603021,-1.0,-0.125553146005
1389,1521992551,11603021,-1.0,-0.125553146005
1390,1521992551,35634117,-1.0,-0.103427231312
1391,1521992551,35634117,-1.0,-0.103427231312
1392,1521992551,35634117,-1.0,-0.103427231312
1393,1521992551,35634117,-1.0,-0.103427231312
1394,1521992551,51604461,-1.0,-0.080660417676
1395,1521992551,51604461,-1.0,-0.080660417676
1396,1521992551,51604461,-1.0,-0.080660417676
1397,1521992551,51604461,-1.0,-0.080660417676
1398,1521992551,51604461,-1.0,-0.080660417676
1399,1521992551,51604461,-1.0,-0.080660417676
1400,1521992551,75616116,-1.0,-0.0604876875877
1401,1521992551,75616116,-1.0,-0.0604876875877
1402,1521992551,75616116,-1.0,-0.0604876875877
1403,1521992551,75616116,-1.0,-0.0604876875877
1404,1521992551,91604910,-1.0,-0.0533463545144
1405,1521992551,91604910,-1.0,-0.0533463545144
1406,1521992551,91604910,-1.0,-0.0533463545144
1407,1521992551,91604910,-1.0,-0.0533463545144
1408,1521992551,91604910,-1.0,-0.0533463545144
1409,1521992551,91604910,-1.0,-0.0533463545144
1410,1521992551,115614597,-1.0,-0.0448927283287
1411,1521992551,115614597,-1.0,-0.0448927283287
1412,1521992551,115614597,-1.0,-0.0448927283287
1413,1521992551,115614597,-1.0,-0.0448927283287
1414,1521992551,131604122,-1.0,-0.0390331745148
1415,1521992551,131604122,-1.0,-0.0390331745148
1416,1521992551,131604122,-1.0,-0.0390331745148
1417,1521992551,131604122,-1.0,-0.0390331745148
1418,1521992551,131604122,-1.0,-0.0390331745148
1419,1521992551,131604122,-1.0,-0.0390331745148
1420,1521992551,155619806,-1.0,-0.0364085808396
1421,1521992551,155619806,-1.0,-0.0364085808396
1422,1521992551,155619806,-1.0,-0.0364085808396
1423,1521992551,155619806,-1.0,-0.0364085808396
1424,1521992551,171600112,-1.0,-0.034455396235
1425,1521992551,171600112,-1.0,-0.034455396235
1426,1521992551,171600112,-1.0,-0.034455396235
1427,1521992551,171600112,-1.0,-0.034455396235
1428,1521992551,171600112,-1.0,-0.034455396235
1429,1521992551,171600112,-1.0,-0.034455396235
1430,1521992551,195609261,-1.0,-0.0286263618618
1431,1521992551,195609261,-1.0,-0.0286263618618
1432,1521992551,195609261,-1.0,-0.0286263618618
1433,1521992551,195609261,-1.0,-0.0286263618618
1434,1521992551,211600551,-1.0,-0.0188604388386
1435,1521992551,211600551,-1.0,-0.0188604388386
1436,1521992551,211600551,-1.0,-0.0188604388386
1437,1521992551,211600551,-1.0,-0.0188604388386
1438,1521992551,211600551,-1.0,-0.0188604388386
1439,1521992551,211600551,-1.0,-0.0188604388386
1440,1521992551,235610408,-1.0,-0.0
1441,1521992551,235610408,-1.0,-0.0
1442,1521992551,235610408,-1.0,-0.0
1443,1521992551,235610408,-1.0,-0.0
1444,1521992551,235610408,-1.0,-0.0
1445,1521992551,235610408,-1.0,-0.0
1446,1521992551,235610408,-1.0,-0.0
1447,1521992551,235610408,-1.0,-0.0
1448,1521992551,235610408,-1.0,-0.0
1449,1521992551,235610408,-1.0,-0.0
1450,1521992551,235610408,-1.0,-0.0
1451,1521992551,235610408,-1.0,-0.0
1452,1521992551,235610408,-1.0,-0.0
1453,1521992551,235610408,-1.0,-0.0
1454,1521992551,235610408,-1.0,-0.0
1455,1521992551,235610408,-1.0,-0.0
1456,1521992551,235610408,-1.0,-0.0
1457,1521992551,235610408,-1.0,-0.0
1458,1521992551,235610408,-1.0,-0.0
1459,1521992551,235610408,-1.0,-0.0
1460,1521992551,235610408,-1.0,-0.0
1461,1521992551,235610408,-1.0,-0.0
1462,1521992551,235610408,-1.0,-0.0
1463,1521992551,235610408,-1.0,-0.0
1464,1521992551,235610408,-1.0,-0.0
1465,1521992551,235610408,-1.0,-0.0
1466,1521992551,235610408,-1.0,-0.0
1467,1521992551,235610408,-1.0,-0.0
1468,1521992551,235610408,-1.0,-0.0
1469,1521992551,235610408,-1.0,-0.0
1470,1521992551,235610408,-1.0,-0.0
1471,1521992551,235610408,-1.0,-0.0
1472,1521992551,235610408,-1.0,-0.0
1473,1521992551,235610408,-1.0,-0.0
1474,1521992551,235610408,-1.0,-0.0
1475,1521992551,235610408,-1.0,-0.0
1476,1521992551,235610408,-1.0,-0.0
1477,1521992551,235610408,-1.0,-0.0
1478,1521992551,235610408,-1.0,-0.0
1479,1521992551,235610408,-1.0,-0.0
1480,1521992551,235610408,-1.0,-0.0
1481,1521992551,235610408,-1.0,-0.0
1482,1521992551,235610408,-1.0,-0.0
1483,1521992551,235610408,-1.0,-0.0
1484,1521992551,235610408,-1.0,-0.0
1485,1521992551,235610408,-1.0,-0.0
1486,1521992551,235610408,-1.0,-0.0
1487,1521992551,235610408,-1.0,-0.0
1488,1521992551,235610408,-1.0,-0.0
1489,1521992551,235610408,-1.0,-0.0
1490,1521992551,235610408,-1.0,-0.0
1491,1521992551,235610408,-1.0,-0.0
1492,1521992551,235610408,-1.0,-0.0
1493,1521992551,235610408,-1.0,-0.0
1494,1521992551,235610408,-1.0,-0.0
1495,1521992551,235610408,-1.0,-0.0
1496,1521992551,235610408,-1.0,-0.0
1497,1521992551,235610408,-1.0,-0.0
1498,1521992551,235610408,-1.0,-0.0
1499,1521992551,235610408,-1.0,-0.0
1500,1521992551,235610408,-1.0,-0.0
1501,1521992551,235610408,-1.0,-0.0
1502,1521992551,235610408,-1.0,-0.0
1503,1521992551,235610408,-1.0,-0.0
1504,1521992551,235610408,-1.0,-0.0
1505,1521992551,235610408,-1.0,-0.0
1506,1521992551,235610408,-1.0,-0.0
1507,1521992551,235610408,-1.0,-0.0
1508,1521992551,235610408,-1.0,-0.0
1509,1521992551,235610408,-1.0,-0.0
1510,1521992551,235610408,-1.0,-0.0
1511,1521992551,235610408,-1.0,-0.0
1512,1521992551,235610408,-1.0,-0.0
1513,1521992551,235610408,-1.0,-0.0
1514,1521992551,235610408,-1.0,-0.0
1515,1521992551,235610408,-1.0,-0.0
1516,1521992551,235610408,-1.0,-0.0
1517,1521992551,235610408,-1.0,-0.0
1518,1521992551,235610408,-1.0,-0.0
1519,1521992551,235610408,-1.0,-0.0
1520,1521992551,235610408,-1.0,-0.0
1521,1521992551,235610408,-1.0,-0.0
1522,1521992551,235610408,-1.0,-0.0
1523,1521992551,235610408,-1.0,-0.0
1524,1521992551,235610408,-1.0,-0.0
1525,1521992551,235610408,-1.0,-0.0
1526,1521992551,235610408,-1.0,-0.0
1527,1521992551,235610408,-1.0,-0.0
1528,1521992551,235610408,-1.0,-0.0
1529,1521992551,235610408,-1.0,-0.0
1530,1521992551,235610408,-1.0,-0.0
1531,1521992551,235610408,-1.0,-0.0
1532,1521992551,235610408,-1.0,-0.0
1533,1521992551,235610408,-1.0,-0.0
1534,1521992551,235610408,-1.0,-0.0
1535,1521992551,235610408,-1.0,-0.0
1536,1521992551,235610408,-1.0,-0.0
1537,1521992551,235610408,-1.0,-0.0
1538,1521992551,235610408,-1.0,-0.0
1539,1521992551,235610408,-1.0,-0.0
1540,1521992551,235610408,-1.0,-0.0
1541,1521992551,235610408,-1.0,-0.0
1542,1521992551,235610408,-1.0,-0.0
1543,1521992551,235610408,-1.0,-0.0
1544,1521992551,235610408,-1.0,-0.0
1545,1521992551,235610408,-1.0,-0.0
1546,1521992551,235610408,-1.0,-0.0
1547,1521992551,235610408,-1.0,-0.0
1548,1521992551,235610408,-1.0,-0.0
1549,1521992551,235610408,-1.0,-0.0
1550,1521992551,235610408,-1.0,-0.0
1551,1521992551,235610408,-1.0,-0.0
1552,1521992551,235610408,-1.0,-0.0
1553,1521992551,235610408,-1.0,-0.0
1554,1521992551,235610408,-1.0,-0.0
1555,1521992551,235610408,-1.0,-0.0
1556,1521992551,235610408,-1.0,-0.0
1557,1521992551,235610408,-1.0,-0.0
1558,1521992551,235610408,-1.0,-0.0
1559,1521992551,235610408,-1.0,-0.0
1560,1521992551,235610408,-1.0,-0.0
1561,1521992551,235610408,-1.0,-0.0
1562,1521992551,235610408,-1.0,-0.0
1563,1521992551,235610408,-1.0,-0.0
1564,1521992551,235610408,-1.0,-0.0
1565,1521992551,235610408,-1.0,-0.0
1566,1521992551,235610408,-1.0,-0.0
1567,1521992551,235610408,-1.0,-0.0
1568,1521992551,235610408,-1.0,-0.0
1569,1521992551,235610408,-1.0,-0.0
1570,1521992551,235610408,-1.0,-0.0
1571,1521992551,235610408,-1.0,-0.0
1572,1521992551,235610408,-1.0,-0.0
1573,1521992551,235610408,-1.0,-0.0
1574,1521992551,235610408,-1.0,-0.0
1575,1521992551,235610408,-1.0,-0.0
1576,1521992551,235610408,-1.0,-0.0
1577,1521992551,235610408,-1.0,-0.0
1578,1521992551,235610408,-1.0,-0.0
1579,1521992551,235610408,-1.0,-0.0
1580,1521992551,235610408,-1.0,-0.0
1581,1521992551,235610408,-1.0,-0.0
1582,1521992551,235610408,-1.0,-0.0
1583,1521992551,235610408,-1.0,-0.0
1584,1521992551,235610408,-1.0,-0.0
1585,1521992551,235610408,-1.0,-0.0
1586,1521992551,235610408,-1.0,-0.0
1587,1521992551,235610408,-1.0,-0.0
1588,1521992551,235610408,-1.0,-0.0
1589,1521992551,235610408,-1.0,-0.0
1590,1521992551,235610408,-1.0,-0.0
1591,1521992551,235610408,-1.0,-0.0
1592,1521992551,235610408,-1.0,-0.0
1593,1521992551,235610408,-1.0,-0.0
1594,1521992551,235610408,-1.0,-0.0
1595,1521992551,235610408,-1.0,-0.0
1596,1521992551,235610408,-1.0,-0.0
1597,1521992551,235610408,-1.0,-0.0
1598,1521992551,235610408,-1.0,-0.0
1599,1521992551,235610408,-1.0,-0.0
1600,1521992551,235610408,-1.0,-0.0
1601,1521992551,235610408,-1.0,-0.0
1602,1521992551,235610408,-1.0,-0.0
1603,1521992551,235610408,-1.0,-0.0
1604,1521992551,235610408,-1.0,-0.0
1605,1521992551,235610408,-1.0,-0.0
1606,1521992551,235610408,-1.0,-0.0
1607,1521992551,235610408,-1.0,-0.0
1608,1521992551,235610408,-1.0,-0.0
1609,1521992551,235610408,-1.0,-0.0
1610,1521992551,235610408,-1.0,-0.0
1611,1521992551,235610408,-1.0,-0.0
1612,1521992551,235610408,-1.0,-0.0
1613,1521992551,235610408,-1.0,-0.0
1614,1521992551,235610408,-1.0,-0.0
1615,1521992551,235610408,-1.0,-0.0
1616,1521992551,235610408,-1.0,-0.0
1617,1521992551,235610408,-1.0,-0.0
1618,1521992551,235610408,-1.0,-0.0
1619,1521992551,235610408,-1.0,-0.0
1620,1521992551,235610408,-1.0,-0.0
1621,1521992551,235610408,-1.0,-0.0
1622,1521992551,235610408,-1.0,-0.0
1623,1521992551,235610408,-1.0,-0.0
1624,1521992551,235610408,-1.0,-0.0
1625,1521992551,235610408,-1.0,-0.0
1626,1521992551,235610408,-1.0,-0.0
1627,1521992551,235610408,-1.0,-0.0
1628,1521992551,235610408,-1.0,-0.0
1629,1521992551,235610408,-1.0,-0.0
1630,1521992551,235610408,-1.0,-0.0
1631,1521992551,235610408,-1.0,-0.0
1632,1521992551,235610408,-1.0,-0.0
1633,1521992551,235610408,-1.0,-0.0
1634,1521992551,235610408,-1.0,-0.0
1635,1521992551,235610408,-1.0,-0.0
1636,1521992551,235610408,-1.0,-0.0
1637,1521992551,235610408,-1.0,-0.0
1638,1521992551,235610408,-1.0,-0.0
1639,1521992551,235610408,-1.0,-0.0
1640,1521992551,235610408,-1.0,-0.0
1641,1521992551,235610408,-1.0,-0.0
1642,1521992551,235610408,-1.0,-0.0
1643,1521992551,235610408,-1.0,-0.0
1644,1521992551,235610408,-1.0,-0.0
1645,1521992551,235610408,-1.0,-0.0
1646,1521992551,235610408,-1.0,-0.0
1647,1521992551,235610408,-1.0,-0.0
1648,1521992551,235610408,-1.0,-0.0
1649,1521992551,235610408,-1.0,-0.0
1650,1521992551,235610408,-1.0,-0.0
1651,1521992551,235610408,-1.0,-0.0
1652,1521992551,235610408,-1.0,-0.0
1653,1521992551,235610408,-1.0,-0.0
1654,1521992551,235610408,-1.0,-0.0
1655,1521992551,235610408,-1.0,-0.0
1656,1521992551,235610408,-1.0,-0.0
1657,1521992551,235610408,-1.0,-0.0
1658,1521992551,235610408,-1.0,-0.0
1659,1521992551,235610408,-1.0,-0.0
1660,1521992551,235610408,-1.0,-0.0
1661,1521992551,235610408,-1.0,-0.0
1662,1521992551,235610408,-1.0,-0.0
1663,1521992551,235610408,-1.0,-0.0
1664,1521992551,235610408,-1.0,-0.0
1665,1521992551,235610408,-1.0,-0.0
1666,1521992551,235610408,-1.0,-0.0
1667,1521992551,235610408,-1.0,-0.0
1668,1521992551,235610408,-1.0,-0.0
1669,1521992551,235610408,-1.0,-0.0
1670,1521992551,235610408,-1.0,-0.0
1671,1521992551,235610408,-1.0,-0.0
1672,1521992551,235610408,-1.0,-0.0
1673,1521992551,235610408,-1.0,-0.0
1674,1521992551,235610408,-1.0,-0.0
1675,1521992551,235610408,-1.0,-0.0
1676,1521992551,235610408,-1.0,-0.0
1677,1521992551,235610408,-1.0,-0.0
1678,1521992551,235610408,-1.0,-0.0
1679,1521992551,235610408,-1.0,-0.0
1680,1521992551,235610408,-1.0,-0.0
1681,1521992551,235610408,-1.0,-0.0
1682,1521992551,235610408,-1.0,-0.0
1683,1521992551,235610408,-1.0,-0.0
1684,1521992551,235610408,-1.0,-0.0
1685,1521992551,235610408,-1.0,-0.0
1686,1521992551,235610408,-1.0,-0.0
1687,1521992551,235610408,-1.0,-0.0
1688,1521992551,235610408,-1.0,-0.0
1689,1521992551,235610408,-1.0,-0.0
1690,1521992551,235610408,-1.0,-0.0
1691,1521992551,235610408,-1.0,-0.0
1692,1521992551,235610408,-1.0,-0.0
1693,1521992551,235610408,-1.0,-0.0
1694,1521992551,235610408,-1.0,-0.0
1695,1521992551,235610408,-1.0,-0.0
1696,1521992551,235610408,-1.0,-0.0
1697,1521992551,235610408,-1.0,-0.0
1698,1521992551,235610408,-1.0,-0.0
1699,1521992551,235610408,-1.0,-0.0
1700,1521992552,291602557,-1.0,-0.00909451581538
1701,1521992552,291602557,-1.0,-0.00909451581538
1702,1521992552,291602557,-1.0,-0.00909451581538
1703,1521992552,291602557,-1.0,-0.00909451581538
1704,1521992552,291602557,-1.0,-0.00909451581538
1705,1521992552,291602557,-1.0,-0.00909451581538
1706,1521992552,315612802,-1.0,-0.0181890316308
1707,1521992552,315612802,-1.0,-0.0181890316308
1708,1521992552,315612802,-1.0,-0.0181890316308
1709,1521992552,315612802,-1.0,-0.0181890316308
1710,1521992552,315612802,-1.0,-0.0181890316308
1711,1521992552,315612802,-1.0,-0.0181890316308
1712,1521992552,339629559,-1.0,-0.0442213192582
1713,1521992552,339629559,-1.0,-0.0442213192582
1714,1521992552,339629559,-1.0,-0.0442213192582
1715,1521992552,339629559,-1.0,-0.0442213192582
1716,1521992552,355620884,-1.0,-0.0507217645645
1717,1521992552,355620884,-1.0,-0.0507217645645
1718,1521992552,355620884,-1.0,-0.0507217645645
1719,1521992552,355620884,-1.0,-0.0507217645645
1720,1521992552,355620884,-1.0,-0.0507217645645
1721,1521992552,355620884,-1.0,-0.0507217645645
1722,1521992552,379624640,-1.0,-0.0572527237236
1723,1521992552,379624640,-1.0,-0.0572527237236
1724,1521992552,379624640,-1.0,-0.0572527237236
1725,1521992552,379624640,-1.0,-0.0572527237236
1726,1521992552,395634788,-1.0,-0.0592059083283
1727,1521992552,395634788,-1.0,-0.0592059083283
1728,1521992552,395634788,-1.0,-0.0592059083283
1729,1521992552,395634788,-1.0,-0.0592059083283
1730,1521992552,395634788,-1.0,-0.0592059083283
1731,1521992552,395634788,-1.0,-0.0592059083283
1732,1521992552,395634788,-1.0,-0.0592059083283
1733,1521992552,395634788,-1.0,-0.0592059083283
1734,1521992552,395634788,-1.0,-0.0592059083283
1735,1521992552,395634788,-1.0,-0.0592059083283
1736,1521992552,435620693,-1.0,-0.0565813183784
1737,1521992552,435620693,-1.0,-0.0565813183784
1738,1521992552,435620693,-1.0,-0.0565813183784
1739,1521992552,435620693,-1.0,-0.0565813183784
1740,1521992552,435620693,-1.0,-0.0565813183784
1741,1521992552,435620693,-1.0,-0.0565813183784
1742,1521992552,459621330,-1.0,-0.0208136234432
1743,1521992552,459621330,-1.0,-0.0208136234432
1744,1521992552,459621330,-1.0,-0.0208136234432
1745,1521992552,459621330,-1.0,-0.0208136234432
1746,1521992552,475628193,-1.0,-0.0
1747,1521992552,475628193,-1.0,-0.0
1748,1521992552,475628193,-1.0,-0.0
1749,1521992552,475628193,-1.0,-0.0
1750,1521992552,475628193,-1.0,-0.0
1751,1521992552,475628193,-1.0,-0.0
1752,1521992552,499624419,-0.997405946255,-0.0
1753,1521992552,499624419,-0.997405946255,-0.0
1754,1521992552,499624419,-0.997405946255,-0.0
1755,1521992552,499624419,-0.997405946255,-0.0
1756,1521992552,515624511,-0.869899570942,-0.0
1757,1521992552,515624511,-0.869899570942,-0.0
1758,1521992552,515624511,-0.869899570942,-0.0
1759,1521992552,515624511,-0.869899570942,-0.0
1760,1521992552,515624511,-0.869899570942,-0.0
1761,1521992552,515624511,-0.869899570942,-0.0
1762,1521992552,539631422,-0.731315016747,-0.0
1763,1521992552,539631422,-0.731315016747,-0.0
1764,1521992552,539631422,-0.731315016747,-0.0
1765,1521992552,539631422,-0.731315016747,-0.0
1766,1521992552,555611783,-0.60377818346,-0.0
1767,1521992552,555611783,-0.60377818346,-0.0
1768,1521992552,555611783,-0.60377818346,-0.0
1769,1521992552,555611783,-0.60377818346,-0.0
1770,1521992552,555611783,-0.60377818346,-0.0
1771,1521992552,555611783,-0.60377818346,-0.0
1772,1521992552,579631458,-0.506179988384,-0.0
1773,1521992552,579631458,-0.506179988384,-0.0
1774,1521992552,579631458,-0.506179988384,-0.0
1775,1521992552,579631458,-0.506179988384,-0.0
1776,1521992552,595616059,-0.43330180645,-0.0
1777,1521992552,595616059,-0.43330180645,-0.0
1778,1521992552,595616059,-0.43330180645,-0.0
1779,1521992552,595616059,-0.43330180645,-0.0
1780,1521992552,595616059,-0.43330180645,-0.0
1781,1521992552,595616059,-0.43330180645,-0.0
1782,1521992552,619627488,-0.369548618793,-0.0
1783,1521992552,619627488,-0.369548618793,-0.0
1784,1521992552,619627488,-0.369548618793,-0.0
1785,1521992552,619627488,-0.369548618793,-0.0
1786,1521992552,635622271,-0.307077229023,-0.0
1787,1521992552,635622271,-0.307077229023,-0.0
1788,1521992552,635622271,-0.307077229023,-0.0
1789,1521992552,635622271,-0.307077229023,-0.0
1790,1521992552,635622271,-0.307077229023,-0.0
1791,1521992552,635622271,-0.307077229023,-0.0
1792,1521992552,659628656,-0.23941770196,-0.0
1793,1521992552,659628656,-0.23941770196,-0.0
1794,1521992552,659628656,-0.23941770196,-0.0
1795,1521992552,659628656,-0.23941770196,-0.0
1796,1521992552,675621013,-0.167851805687,-0.0
1797,1521992552,675621013,-0.167851805687,-0.0
1798,1521992552,675621013,-0.167851805687,-0.0
1799,1521992552,675621013,-0.167851805687,-0.0
1800,1521992552,675621013,-0.167851805687,-0.0
1801,1521992552,675621013,-0.167851805687,-0.0
1802,1521992552,699622884,-0.0910672321916,-0.0
1803,1521992552,699622884,-0.0910672321916,-0.0
1804,1521992552,699622884,-0.0910672321916,-0.0
1805,1521992552,699622884,-0.0910672321916,-0.0
1806,1521992552,715615948,-0.00973540451378,-0.0
1807,1521992552,715615948,-0.00973540451378,-0.0
1808,1521992552,715615948,-0.00973540451378,-0.0
1809,1521992552,715615948,-0.00973540451378,-0.0
1810,1521992552,715615948,-0.00973540451378,-0.0
1811,1521992552,715615948,-0.00973540451378,-0.0
1812,1521992552,739625559,-0.0,-0.0
1813,1521992552,739625559,-0.0,-0.0
1814,1521992552,739625559,-0.0,-0.0
1815,1521992552,739625559,-0.0,-0.0
1816,1521992552,739625559,-0.0,-0.0
1817,1521992552,739625559,-0.0,-0.0
1818,1521992552,739625559,-0.0,-0.0
1819,1521992552,739625559,-0.0,-0.0
1820,1521992552,739625559,-0.0,-0.0
1821,1521992552,739625559,-0.0,-0.0
1822,1521992552,739625559,-0.0,-0.0
1823,1521992552,739625559,-0.0,-0.0
1824,1521992552,739625559,-0.0,-0.0
1825,1521992552,739625559,-0.0,-0.0
1826,1521992552,739625559,-0.0,-0.0
1827,1521992552,739625559,-0.0,-0.0
1828,1521992552,739625559,-0.0,-0.0
1829,1521992552,739625559,-0.0,-0.0
1830,1521992552,739625559,-0.0,-0.0
1831,1521992552,739625559,-0.0,-0.0
1832,1521992552,739625559,-0.0,-0.0
1833,1521992552,739625559,-0.0,-0.0
1834,1521992552,739625559,-0.0,-0.0
1835,1521992552,739625559,-0.0,-0.0
1836,1521992552,739625559,-0.0,-0.0
1837,1521992552,739625559,-0.0,-0.0
1838,1521992552,739625559,-0.0,-0.0
1839,1521992552,739625559,-0.0,-0.0
1840,1521992552,739625559,-0.0,-0.0
1841,1521992552,739625559,-0.0,-0.0
1842,1521992552,739625559,-0.0,-0.0
1843,1521992552,739625559,-0.0,-0.0
1844,1521992552,739625559,-0.0,-0.0
1845,1521992552,739625559,-0.0,-0.0
1846,1521992552,739625559,-0.0,-0.0
1847,1521992552,739625559,-0.0,-0.0
1848,1521992552,739625559,-0.0,-0.0
1849,1521992552,739625559,-0.0,-0.0
1850,1521992552,739625559,-0.0,-0.0
1851,1521992552,739625559,-0.0,-0.0
1852,1521992552,739625559,-0.0,-0.0
1853,1521992552,739625559,-0.0,-0.0
1854,1521992552,739625559,-0.0,-0.0
1855,1521992552,739625559,-0.0,-0.0
1856,1521992552,739625559,-0.0,-0.0
1857,1521992552,739625559,-0.0,-0.0
1858,1521992552,739625559,-0.0,-0.0
1859,1521992552,739625559,-0.0,-0.0
1860,1521992552,739625559,-0.0,-0.0
1861,1521992552,739625559,-0.0,-0.0
1862,1521992552,739625559,-0.0,-0.0
1863,1521992552,739625559,-0.0,-0.0
1864,1521992552,739625559,-0.0,-0.0
1865,1521992552,739625559,-0.0,-0.0
1866,1521992552,739625559,-0.0,-0.0
1867,1521992552,739625559,-0.0,-0.0
1868,1521992552,739625559,-0.0,-0.0
1869,1521992552,739625559,-0.0,-0.0
1870,1521992552,739625559,-0.0,-0.0
1871,1521992552,739625559,-0.0,-0.0
1872,1521992552,739625559,-0.0,-0.0
1873,1521992552,739625559,-0.0,-0.0
1874,1521992552,739625559,-0.0,-0.0
1875,1521992552,739625559,-0.0,-0.0
1876,1521992552,739625559,-0.0,-0.0
1877,1521992552,739625559,-0.0,-0.0
1878,1521992552,739625559,-0.0,-0.0
1879,1521992552,739625559,-0.0,-0.0
1880,1521992552,739625559,-0.0,-0.0
1881,1521992552,739625559,-0.0,-0.0
1882,1521992552,739625559,-0.0,-0.0
1883,1521992552,739625559,-0.0,-0.0
1884,1521992552,739625559,-0.0,-0.0
1885,1521992552,739625559,-0.0,-0.0
1886,1521992552,739625559,-0.0,-0.0
1887,1521992552,739625559,-0.0,-0.0
1888,1521992552,739625559,-0.0,-0.0
1889,1521992552,739625559,-0.0,-0.0
1890,1521992552,739625559,-0.0,-0.0
1891,1521992552,739625559,-0.0,-0.0
1892,1521992552,739625559,-0.0,-0.0
1893,1521992552,739625559,-0.0,-0.0
1894,1521992552,739625559,-0.0,-0.0
1895,1521992552,739625559,-0.0,-0.0
1896,1521992552,739625559,-0.0,-0.0
1897,1521992552,739625559,-0.0,-0.0
1898,1521992552,739625559,-0.0,-0.0
1899,1521992552,739625559,-0.0,-0.0
1900,1521992552,739625559,-0.0,-0.0
1901,1521992552,739625559,-0.0,-0.0
1902,1521992552,739625559,-0.0,-0.0
1903,1521992552,739625559,-0.0,-0.0
1904,1521992552,739625559,-0.0,-0.0
1905,1521992552,739625559,-0.0,-0.0
1906,1521992552,739625559,-0.0,-0.0
1907,1521992552,739625559,-0.0,-0.0
1908,1521992552,739625559,-0.0,-0.0
1909,1521992552,739625559,-0.0,-0.0
1910,1521992552,739625559,-0.0,-0.0
1911,1521992552,739625559,-0.0,-0.0
1912,1521992552,739625559,-0.0,-0.0
1913,1521992552,739625559,-0.0,-0.0
1914,1521992552,739625559,-0.0,-0.0
1915,1521992552,739625559,-0.0,-0.0
1916,1521992552,739625559,-0.0,-0.0
1917,1521992552,739625559,-0.0,-0.0
1918,1521992552,739625559,-0.0,-0.0
1919,1521992552,739625559,-0.0,-0.0
1920,1521992552,739625559,-0.0,-0.0
1921,1521992552,739625559,-0.0,-0.0
1922,1521992552,739625559,-0.0,-0.0
1923,1521992552,739625559,-0.0,-0.0
1924,1521992552,739625559,-0.0,-0.0
1925,1521992552,739625559,-0.0,-0.0
1926,1521992552,739625559,-0.0,-0.0
1927,1521992552,739625559,-0.0,-0.0
1928,1521992552,739625559,-0.0,-0.0
1929,1521992552,739625559,-0.0,-0.0
1930,1521992552,739625559,-0.0,-0.0
1931,1521992552,739625559,-0.0,-0.0
1932,1521992552,739625559,-0.0,-0.0
1933,1521992552,739625559,-0.0,-0.0
1934,1521992552,739625559,-0.0,-0.0
1935,1521992552,739625559,-0.0,-0.0
1936,1521992552,739625559,-0.0,-0.0
1937,1521992552,739625559,-0.0,-0.0
1938,1521992552,739625559,-0.0,-0.0
1939,1521992552,739625559,-0.0,-0.0
1940,1521992552,739625559,-0.0,-0.0
1941,1521992552,739625559,-0.0,-0.0
1942,1521992552,739625559,-0.0,-0.0
1943,1521992552,739625559,-0.0,-0.0
1944,1521992552,739625559,-0.0,-0.0
1945,1521992552,739625559,-0.0,-0.0
1946,1521992552,739625559,-0.0,-0.0
1947,1521992552,739625559,-0.0,-0.0
1948,1521992552,739625559,-0.0,-0.0
1949,1521992552,739625559,-0.0,-0.0
1950,1521992552,739625559,-0.0,-0.0
1951,1521992552,739625559,-0.0,-0.0
1952,1521992552,739625559,-0.0,-0.0
1953,1521992552,739625559,-0.0,-0.0
1954,1521992552,739625559,-0.0,-0.0
1955,1521992552,739625559,-0.0,-0.0
1956,1521992552,739625559,-0.0,-0.0
1957,1521992552,739625559,-0.0,-0.0
1958,1521992552,739625559,-0.0,-0.0
1959,1521992552,739625559,-0.0,-0.0
1960,1521992552,739625559,-0.0,-0.0
1961,1521992552,739625559,-0.0,-0.0
1962,1521992552,739625559,-0.0,-0.0
1963,1521992552,739625559,-0.0,-0.0
1964,1521992552,739625559,-0.0,-0.0
1965,1521992552,739625559,-0.0,-0.0
1966,1521992552,739625559,-0.0,-0.0
1967,1521992552,739625559,-0.0,-0.0
1968,1521992552,739625559,-0.0,-0.0
1969,1521992552,739625559,-0.0,-0.0
1970,1521992552,739625559,-0.0,-0.0
1971,1521992552,739625559,-0.0,-0.0
1972,1521992552,739625559,-0.0,-0.0
1973,1521992552,739625559,-0.0,-0.0
1974,1521992552,739625559,-0.0,-0.0
1975,1521992552,739625559,-0.0,-0.0
1976,1521992552,739625559,-0.0,-0.0
1977,1521992552,739625559,-0.0,-0.0
1978,1521992552,739625559,-0.0,-0.0
1979,1521992552,739625559,-0.0,-0.0
1980,1521992552,739625559,-0.0,-0.0
1981,1521992552,739625559,-0.0,-0.0
1982,1521992552,739625559,-0.0,-0.0
1983,1521992552,739625559,-0.0,-0.0
1984,1521992552,739625559,-0.0,-0.0
1985,1521992552,739625559,-0.0,-0.0
1986,1521992552,739625559,-0.0,-0.0
1987,1521992552,739625559,-0.0,-0.0
1988,1521992552,739625559,-0.0,-0.0
1989,1521992552,739625559,-0.0,-0.0
1990,1521992552,739625559,-0.0,-0.0
1991,1521992552,739625559,-0.0,-0.0
1992,1521992552,739625559,-0.0,-0.0
1993,1521992552,739625559,-0.0,-0.0
1994,1521992552,739625559,-0.0,-0.0
1995,1521992552,739625559,-0.0,-0.0
1996,1521992552,739625559,-0.0,-0.0
1997,1521992552,739625559,-0.0,-0.0
1998,1521992552,739625559,-0.0,-0.0
1999,1521992552,739625559,-0.0,-0.0
2000,1521992552,739625559,-0.0,-0.0
2001,1521992552,739625559,-0.0,-0.0
2002,1521992552,739625559,-0.0,-0.0
2003,1521992552,739625559,-0.0,-0.0
2004,1521992552,739625559,-0.0,-0.0
2005,1521992552,739625559,-0.0,-0.0
2006,1521992552,739625559,-0.0,-0.0
2007,1521992552,739625559,-0.0,-0.0
2008,1521992552,739625559,-0.0,-0.0
2009,1521992552,739625559,-0.0,-0.0
2010,1521992552,739625559,-0.0,-0.0
2011,1521992552,739625559,-0.0,-0.0
2012,1521992552,739625559,-0.0,-0.0
2013,1521992552,739625559,-0.0,-0.0
2014,1521992552,739625559,-0.0,-0.0
2015,1521992552,739625559,-0.0,-0.0
2016,1521992552,739625559,-0.0,-0.0
2017,1521992552,739625559,-0.0,-0.0
2018,1521992552,739625559,-0.0,-0.0
2019,1521992552,739625559,-0.0,-0.0
2020,1521992552,739625559,-0.0,-0.0
2021,1521992552,739625559,-0.0,-0.0
2022,1521992552,739625559,-0.0,-0.0
2023,1521992552,739625559,-0.0,-0.0
2024,1521992552,739625559,-0.0,-0.0
2025,1521992552,739625559,-0.0,-0.0
2026,1521992552,739625559,-0.0,-0.0
2027,1521992552,739625559,-0.0,-0.0
2028,1521992552,739625559,-0.0,-0.0
2029,1521992552,739625559,-0.0,-0.0
2030,1521992552,739625559,-0.0,-0.0
2031,1521992552,739625559,-0.0,-0.0
2032,1521992552,739625559,-0.0,-0.0
2033,1521992552,739625559,-0.0,-0.0
2034,1521992552,739625559,-0.0,-0.0
2035,1521992552,739625559,-0.0,-0.0
2036,1521992552,739625559,-0.0,-0.0
2037,1521992552,739625559,-0.0,-0.0
2038,1521992552,739625559,-0.0,-0.0
2039,1521992552,739625559,-0.0,-0.0
2040,1521992552,739625559,-0.0,-0.0
2041,1521992552,739625559,-0.0,-0.0
2042,1521992552,739625559,-0.0,-0.0
2043,1521992552,739625559,-0.0,-0.0
2044,1521992552,739625559,-0.0,-0.0
2045,1521992552,739625559,-0.0,-0.0
2046,1521992552,739625559,-0.0,-0.0
2047,1521992552,739625559,-0.0,-0.0
2048,1521992552,739625559,-0.0,-0.0
2049,1521992552,739625559,-0.0,-0.0
2050,1521992552,739625559,-0.0,-0.0
2051,1521992552,739625559,-0.0,-0.0
2052,1521992552,739625559,-0.0,-0.0
2053,1521992552,739625559,-0.0,-0.0
2054,1521992552,739625559,-0.0,-0.0
2055,1521992552,739625559,-0.0,-0.0
2056,1521992552,739625559,-0.0,-0.0
2057,1521992552,739625559,-0.0,-0.0
2058,1521992552,739625559,-0.0,-0.0
2059,1521992552,739625559,-0.0,-0.0
2060,1521992552,739625559,-0.0,-0.0
2061,1521992552,739625559,-0.0,-0.0
2062,1521992552,739625559,-0.0,-0.0
2063,1521992552,739625559,-0.0,-0.0
2064,1521992552,739625559,-0.0,-0.0
2065,1521992552,739625559,-0.0,-0.0
2066,1521992552,739625559,-0.0,-0.0
2067,1521992552,739625559,-0.0,-0.0
2068,1521992552,739625559,-0.0,-0.0
2069,1521992552,739625559,-0.0,-0.0
2070,1521992552,739625559,-0.0,-0.0
2071,1521992552,739625559,-0.0,-0.0
2072,1521992552,739625559,-0.0,-0.0
2073,1521992552,739625559,-0.0,-0.0
2074,1521992552,739625559,-0.0,-0.0
2075,1521992552,739625559,-0.0,-0.0
2076,1521992552,739625559,-0.0,-0.0
2077,1521992552,739625559,-0.0,-0.0
2078,1521992552,739625559,-0.0,-0.0
2079,1521992552,739625559,-0.0,-0.0
2080,1521992552,739625559,-0.0,-0.0
2081,1521992552,739625559,-0.0,-0.0
2082,1521992552,739625559,-0.0,-0.0
2083,1521992552,739625559,-0.0,-0.0
2084,1521992552,739625559,-0.0,-0.0
2085,1521992552,739625559,-0.0,-0.0
2086,1521992552,739625559,-0.0,-0.0
2087,1521992552,739625559,-0.0,-0.0
2088,1521992552,739625559,-0.0,-0.0
2089,1521992552,739625559,-0.0,-0.0
2090,1521992552,739625559,-0.0,-0.0
2091,1521992552,739625559,-0.0,-0.0
2092,1521992552,739625559,-0.0,-0.0
2093,1521992552,739625559,-0.0,-0.0
2094,1521992552,739625559,-0.0,-0.0
2095,1521992552,739625559,-0.0,-0.0
2096,1521992552,739625559,-0.0,-0.0
2097,1521992552,739625559,-0.0,-0.0
2098,1521992552,739625559,-0.0,-0.0
2099,1521992552,739625559,-0.0,-0.0
2100,1521992552,739625559,-0.0,-0.0
2101,1521992552,739625559,-0.0,-0.0
2102,1521992552,739625559,-0.0,-0.0
2103,1521992552,739625559,-0.0,-0.0
2104,1521992552,739625559,-0.0,-0.0
2105,1521992552,739625559,-0.0,-0.0
2106,1521992552,739625559,-0.0,-0.0
2107,1521992552,739625559,-0.0,-0.0
2108,1521992552,739625559,-0.0,-0.0
2109,1521992552,739625559,-0.0,-0.0
2110,1521992552,739625559,-0.0,-0.0
2111,1521992552,739625559,-0.0,-0.0
