874,1521991897,514873395,0.0,0.0
875,1521991897,514873395,0.0,0.0
876,1521991897,514873395,0.0,0.0
877,1521991897,514873395,0.0,0.0
878,1521991897,514873395,0.0,0.0
879,1521991897,514873395,0.0,0.0
880,1521991897,514873395,0.0,0.0
881,1521991897,514873395,0.0,0.0
882,1521991897,514873395,0.0,0.0
883,1521991897,514873395,0.0,0.0
884,1521991897,514873395,0.0,0.0
885,1521991897,514873395,0.0,0.0
886,1521991897,514873395,0.0,0.0
887,1521991897,514873395,0.0,0.0
888,1521991897,514873395,0.0,0.0
889,1521991897,514873395,0.0,0.0
890,1521991897,514873395,0.0,0.0
891,1521991897,514873395,0.0,0.0
892,1521991897,514873395,0.0,0.0
893,1521991897,514873395,0.0,0.0
894,1521991897,514873395,0.0,0.0
895,1521991897,514873395,0.0,0.0
896,1521991897,514873395,0.0,0.0
897,1521991897,514873395,0.0,0.0
898,1521991897,514873395,0.0,0.0
899,1521991897,514873395,0.0,0.0
900,1521991897,514873395,0.0,0.0
901,1521991897,514873395,0.0,0.0
902,1521991897,514873395,0.0,0.0
903,1521991897,514873395,0.0,0.0
904,1521991897,514873395,0.0,0.0
905,1521991897,514873395,0.0,0.0
906,1521991897,514873395,0.0,0.0
907,1521991897,514873395,0.0,0.0
908,1521991897,514873395,0.0,0.0
909,1521991897,514873395,0.0,0.0
910,1521991897,514873395,0.0,0.0
911,1521991897,514873395,0.0,0.0
912,1521991897,514873395,0.0,0.0
913,1521991897,514873395,0.0,0.0
914,1521991897,514873395,0.0,0.0
915,1521991897,514873395,0.0,0.0
916,1521991897,514873395,0.0,0.0
917,1521991897,514873395,0.0,0.0
918,1521991897,514873395,0.0,0.0
919,1521991897,514873395,0.0,0.0
920,1521991897,514873395,0.0,0.0
921,1521991897,514873395,0.0,0.0
922,1521991897,514873395,0.0,0.0
923,1521991897,514873395,0.0,0.0
924,1521991897,514873395,0.0,0.0
925,1521991897,514873395,0.0,0.0
926,1521991897,514873395,0.0,0.0
927,1521991897,514873395,0.0,0.0
928,1521991897,514873395,0.0,0.0
929,1521991897,514873395,0.0,0.0
930,1521991897,514873395,0.0,0.0
931,1521991897,514873395,0.0,0.0
932,1521991897,514873395,0.0,0.0
933,1521991897,514873395,0.0,0.0
934,1521991897,514873395,0.0,0.0
935,1521991897,514873395,0.0,0.0
936,1521991897,514873395,0.0,0.0
937,1521991897,514873395,0.0,0.0
938,1521991897,514873395,0.0,0.0
939,1521991897,514873395,0.0,0.0
940,1521991897,514873395,0.0,0.0
941,1521991897,514873395,0.0,0.0
942,1521991897,514873395,0.0,0.0
943,1521991897,514873395,0.0,0.0
944,1521991897,514873395,0.0,0.0
945,1521991897,514873395,0.0,0.0
946,1521991897,514873395,0.0,0.0
947,1521991897,514873395,0.0,0.0
948,1521991897,514873395,0.0,0.0
949,1521991897,514873395,0.0,0.0
950,1521991897,514873395,0.0,0.0
951,1521991897,514873395,0.0,0.0
952,1521991897,514873395,0.0,0.0
953,1521991897,514873395,0.0,0.0
954,1521991897,514873395,0.0,0.0
955,1521991897,514873395,0.0,0.0
956,1521991897,514873395,0.0,0.0
957,1521991897,514873395,0.0,0.0
958,1521991897,514873395,0.0,0.0
959,1521991897,514873395,0.0,0.0
960,1521991897,514873395,0.0,0.0
961,1521991897,514873395,0.0,0.0
962,1521991897,514873395,0.0,0.0
963,1521991897,514873395,0.0,0.0
964,1521991897,514873395,0.0,0.0
965,1521991897,514873395,0.0,0.0
966,1521991897,514873395,0.0,0.0
967,1521991897,514873395,0.0,0.0
968,1521991897,514873395,0.0,0.0
969,1521991897,514873395,0.0,0.0
970,1521991897,514873395,0.0,0.0
971,1521991897,514873395,0.0,0.0
972,1521991897,514873395,0.0,0.0
973,1521991897,514873395,0.0,0.0
974,1521991897,514873395,0.0,0.0
975,1521991897,514873395,0.0,0.0
976,1521991897,514873395,0.0,0.0
977,1521991897,514873395,0.0,0.0
978,1521991897,514873395,0.0,0.0
979,1521991897,514873395,0.0,0.0
980,1521991897,514873395,0.0,0.0
981,1521991897,514873395,0.0,0.0
982,1521991897,514873395,0.0,0.0
983,1521991897,514873395,0.0,0.0
984,1521991897,514873395,0.0,0.0
985,1521991897,514873395,0.0,0.0
986,1521991897,514873395,0.0,0.0
987,1521991897,514873395,0.0,0.0
988,1521991897,514873395,0.0,0.0
989,1521991897,514873395,0.0,0.0
990,1521991897,514873395,0.0,0.0
991,1521991897,514873395,0.0,0.0
992,1521991897,514873395,0.0,0.0
993,1521991897,514873395,0.0,0.0
994,1521991897,514873395,0.0,0.0
995,1521991897,514873395,0.0,0.0
996,1521991897,514873395,0.0,0.0
997,1521991897,514873395,0.0,0.0
998,1521991897,514873395,0.0,0.0
999,1521991897,514873395,0.0,0.0
1000,1521991897,514873395,0.0,0.0
1001,1521991897,514873395,0.0,0.0
1002,1521991897,514873395,0.0,0.0
1003,1521991897,514873395,0.0,0.0
1004,1521991897,514873395,0.0,0.0
1005,1521991897,514873395,0.0,0.0
1006,1521991897,514873395,0.0,0.0
1007,1521991897,514873395,0.0,0.0
1008,1521991897,514873395,0.0,0.0
1009,1521991897,514873395,0.0,0.0
1010,1521991897,514873395,0.0,0.0
1011,1521991897,514873395,0.0,0.0
1012,1521991897,514873395,0.0,0.0
1013,1521991897,514873395,0.0,0.0
1014,1521991897,514873395,0.0,0.0
1015,1521991897,514873395,0.0,0.0
1016,1521991897,514873395,0.0,0.0
1017,1521991897,514873395,0.0,0.0
1018,1521991897,514873395,0.0,0.0
1019,1521991897,514873395,0.0,0.0
1020,1521991897,514873395,0.0,0.0
1021,1521991897,514873395,0.0,0.0
1022,1521991897,514873395,0.0,0.0
1023,1521991897,514873395,0.0,0.0
1024,1521991897,514873395,0.0,0.0
1025,1521991897,514873395,0.0,0.0
1026,1521991897,514873395,0.0,0.0
1027,1521991897,514873395,0.0,0.0
1028,1521991897,514873395,0.0,0.0
1029,1521991897,514873395,0.0,0.0
1030,1521991897,514873395,0.0,0.0
1031,1521991897,514873395,0.0,0.0
1032,1521991897,514873395,0.0,0.0
1033,1521991897,514873395,0.0,0.0
1034,1521991897,514873395,0.0,0.0
1035,1521991897,514873395,0.0,0.0
1036,1521991897,514873395,0.0,0.0
1037,1521991897,514873395,0.0,0.0
1038,1521991897,514873395,0.0,0.0
1039,1521991897,514873395,0.0,0.0
1040,1521991897,514873395,0.0,0.0
1041,1521991897,514873395,0.0,0.0
1042,1521991897,514873395,0.0,0.0
1043,1521991897,514873395,0.0,0.0
1044,1521991897,514873395,0.0,0.0
1045,1521991897,514873395,0.0,0.0
1046,1521991897,514873395,0.0,0.0
1047,1521991897,514873395,0.0,0.0
1048,1521991897,514873395,0.0,0.0
1049,1521991897,514873395,0.0,0.0
1050,1521991897,514873395,0.0,0.0
1051,1521991897,514873395,0.0,0.0
1052,1521991897,514873395,0.0,0.0
1053,1521991897,514873395,0.0,0.0
1054,1521991897,514873395,0.0,0.0
1055,1521991897,514873395,0.0,0.0
1056,1521991897,514873395,0.0,0.0
1057,1521991897,514873395,0.0,0.0
1058,1521991897,514873395,0.0,0.0
1059,1521991897,514873395,0.0,0.0
1060,1521991897,514873395,0.0,0.0
1061,1521991897,514873395,0.0,0.0
1062,1521991897,514873395,0.0,0.0
1063,1521991897,514873395,0.0,0.0
1064,1521991897,514873395,0.0,0.0
1065,1521991897,514873395,0.0,0.0
1066,1521991897,514873395,0.0,0.0
1067,1521991897,514873395,0.0,0.0
1068,1521991897,514873395,0.0,0.0
1069,1521991897,514873395,0.0,0.0
1070,1521991897,514873395,0.0,0.0
1071,1521991897,514873395,0.0,0.0
1072,1521991897,514873395,0.0,0.0
1073,1521991897,514873395,0.0,0.0
1074,1521991897,514873395,0.0,0.0
1075,1521991897,514873395,0.0,0.0
1076,1521991897,514873395,0.0,0.0
1077,1521991897,514873395,0.0,0.0
1078,1521991897,514873395,0.0,0.0
1079,1521991897,514873395,0.0,0.0
1080,1521991897,514873395,0.0,0.0
1081,1521991897,514873395,0.0,0.0
1082,1521991897,514873395,0.0,0.0
1083,1521991897,514873395,0.0,0.0
1084,1521991897,514873395,0.0,0.0
1085,1521991897,514873395,0.0,0.0
1086,1521991897,514873395,0.0,0.0
1087,1521991897,514873395,0.0,0.0
1088,1521991897,514873395,0.0,0.0
1089,1521991897,514873395,0.0,0.0
1090,1521991897,514873395,0.0,0.0
1091,1521991897,514873395,0.0,0.0
1092,1521991897,514873395,0.0,0.0
1093,1521991897,514873395,0.0,0.0
1094,1521991897,514873395,0.0,0.0
1095,1521991897,514873395,0.0,0.0
1096,1521991897,514873395,0.0,0.0
1097,1521991897,514873395,0.0,0.0
1098,1521991897,514873395,0.0,0.0
1099,1521991897,514873395,0.0,0.0
1100,1521991897,514873395,0.0,0.0
1101,1521991897,514873395,0.0,0.0
1102,1521991897,514873395,0.0,0.0
1103,1521991897,514873395,0.0,0.0
1104,1521991897,514873395,0.0,0.0
1105,1521991897,514873395,0.0,0.0
1106,1521991897,514873395,0.0,0.0
1107,1521991897,514873395,0.0,0.0
1108,1521991897,514873395,0.0,0.0
1109,1521991897,514873395,0.0,0.0
1110,1521991897,514873395,0.0,0.0
1111,1521991897,514873395,0.0,0.0
1112,1521991897,514873395,0.0,0.0
1113,1521991897,514873395,0.0,0.0
1114,1521991897,514873395,0.0,0.0
1115,1521991897,514873395,0.0,0.0
1116,1521991897,514873395,0.0,0.0
1117,1521991897,514873395,0.0,0.0
1118,1521991897,514873395,0.0,0.0
1119,1521991897,514873395,0.0,0.0
1120,1521991897,514873395,0.0,0.0
1121,1521991897,514873395,0.0,0.0
1122,1521991897,514873395,0.0,0.0
1123,1521991897,514873395,0.0,0.0
1124,1521991897,514873395,0.0,0.0
1125,1521991897,514873395,0.0,0.0
1126,1521991897,514873395,0.0,0.0
1127,1521991897,514873395,0.0,0.0
1128,1521991897,514873395,0.0,0.0
1129,1521991897,514873395,0.0,0.0
1130,1521991897,514873395,0.0,0.0
1131,1521991897,514873395,0.0,0.0
1132,1521991897,514873395,0.0,0.0
1133,1521991897,514873395,0.0,0.0
1134,1521991897,514873395,0.0,0.0
1135,1521991897,514873395,0.0,0.0
1136,1521991897,514873395,0.0,0.0
1137,1521991897,514873395,0.0,0.0
1138,1521991897,514873395,0.0,0.0
1139,1521991897,514873395,0.0,0.0
1140,1521991897,514873395,0.0,0.0
1141,1521991897,514873395,0.0,0.0
1142,1521991897,514873395,0.0,0.0
1143,1521991897,514873395,0.0,0.0
1144,1521991897,514873395,0.0,0.0
1145,1521991897,514873395,0.0,0.0
1146,1521991897,514873395,0.0,0.0
1147,1521991897,514873395,0.0,0.0
1148,1521991897,514873395,0.0,0.0
1149,1521991897,514873395,0.0,0.0
1150,1521991897,514873395,0.0,0.0
1151,1521991897,514873395,0.0,0.0
1152,1521991897,514873395,0.0,0.0
1153,1521991897,514873395,0.0,0.0
1154,1521991897,514873395,0.0,0.0
1155,1521991897,514873395,0.0,0.0
1156,1521991897,514873395,0.0,0.0
1157,1521991897,514873395,0.0,0.0
1158,1521991897,514873395,0.0,0.0
1159,1521991897,514873395,0.0,0.0
1160,1521991897,514873395,0.0,0.0
1161,1521991897,514873395,0.0,0.0
1162,1521991897,514873395,0.0,0.0
1163,1521991897,514873395,0.0,0.0
1164,1521991897,514873395,0.0,0.0
1165,1521991897,514873395,0.0,0.0
1166,1521991897,514873395,0.0,0.0
1167,1521991897,514873395,0.0,0.0
1168,1521991897,514873395,0.0,0.0
1169,1521991897,514873395,0.0,0.0
1170,1521991897,514873395,0.0,0.0
1171,1521991897,514873395,0.0,0.0
1172,1521991897,514873395,0.0,0.0
1173,1521991897,514873395,0.0,0.0
1174,1521991897,514873395,0.0,0.0
1175,1521991897,514873395,0.0,0.0
1176,1521991897,514873395,0.0,0.0
1177,1521991902,307005795,-0.0884731560946,0.0
1178,1521991902,307005795,-0.0884731560946,0.0
1179,1521991902,307005795,-0.0884731560946,0.0
1180,1521991902,307005795,-0.0884731560946,0.0
1181,1521991902,323005912,-0.225104525685,0.0
1182,1521991902,323005912,-0.225104525685,0.0
1183,1521991902,323005912,-0.225104525685,0.0
1184,1521991902,323005912,-0.225104525685,0.0
1185,1521991902,323005912,-0.225104525685,0.0
1186,1521991902,323005912,-0.225104525685,0.0
1187,1521991902,347006103,-0.381267726421,0.0
1188,1521991902,347006103,-0.381267726421,0.0
1189,1521991902,347006103,-0.381267726421,0.0
1190,1521991902,347006103,-0.381267726421,0.0
1191,1521991902,363025697,-0.550431847572,0.0
1192,1521991902,363025697,-0.550431847572,0.0
1193,1521991902,363025697,-0.550431847572,0.0
1194,1521991902,363025697,-0.550431847572,0.0
1195,1521991902,363025697,-0.550431847572,0.0
1196,1521991902,363025697,-0.550431847572,0.0
1197,1521991902,387006030,-0.722190022469,0.0
1198,1521991902,387006030,-0.722190022469,0.0
1199,1521991902,387006030,-0.722190022469,0.0
1200,1521991902,387006030,-0.722190022469,0.0
1201,1521991902,403012014,-0.88876003027,0.0
1202,1521991902,403012014,-0.88876003027,0.0
1203,1521991902,403012014,-0.88876003027,0.0
1204,1521991902,403012014,-0.88876003027,0.0
1205,1521991902,403012014,-0.88876003027,0.0
1206,1521991902,403012014,-0.88876003027,0.0
1207,1521991902,427005280,-1.0,0.0
1208,1521991902,427005280,-1.0,0.0
1209,1521991902,427005280,-1.0,0.0
1210,1521991902,427005280,-1.0,0.0
1211,1521991902,427005280,-1.0,0.0
1212,1521991902,427005280,-1.0,0.0
1213,1521991902,427005280,-1.0,0.0
1214,1521991902,427005280,-1.0,0.0
1215,1521991902,427005280,-1.0,0.0
1216,1521991902,427005280,-1.0,0.0
1217,1521991902,427005280,-1.0,0.0
1218,1521991902,427005280,-1.0,0.0
1219,1521991902,427005280,-1.0,0.0
1220,1521991902,427005280,-1.0,0.0
1221,1521991902,427005280,-1.0,0.0
1222,1521991902,427005280,-1.0,0.0
1223,1521991902,427005280,-1.0,0.0
1224,1521991902,427005280,-1.0,0.0
1225,1521991902,427005280,-1.0,0.0
1226,1521991902,427005280,-1.0,0.0
1227,1521991902,427005280,-1.0,0.0
1228,1521991902,427005280,-1.0,0.0
1229,1521991902,427005280,-1.0,0.0
1230,1521991902,427005280,-1.0,0.0
1231,1521991902,427005280,-1.0,0.0
1232,1521991902,427005280,-1.0,0.0
1233,1521991902,427005280,-1.0,0.0
1234,1521991902,427005280,-1.0,0.0
1235,1521991902,427005280,-1.0,0.0
1236,1521991902,427005280,-1.0,0.0
1237,1521991902,547006725,-1.0,0.00521866511554
1238,1521991902,547006725,-1.0,0.00521866511554
1239,1521991902,547006725,-1.0,0.00521866511554
1240,1521991902,547006725,-1.0,0.00521866511554
1241,1521991902,563003109,-1.0,0.0299386586994
1242,1521991902,563003109,-1.0,0.0299386586994
1243,1521991902,563003109,-1.0,0.0299386586994
1244,1521991902,563003109,-1.0,0.0299386586994
1245,1521991902,563003109,-1.0,0.0299386586994
1246,1521991902,563003109,-1.0,0.0299386586994
1247,1521991902,587007971,-1.0,0.0572832413018
1248,1521991902,587007971,-1.0,0.0572832413018
1249,1521991902,587007971,-1.0,0.0572832413018
1250,1521991902,587007971,-1.0,0.0572832413018
1251,1521991902,603003139,-1.0,0.095004118979
1252,1521991902,603003139,-1.0,0.095004118979
1253,1521991902,603003139,-1.0,0.095004118979
1254,1521991902,603003139,-1.0,0.095004118979
1255,1521991902,603003139,-1.0,0.095004118979
1256,1521991902,603003139,-1.0,0.095004118979
1257,1521991902,627019607,-1.0,0.136661887169
1258,1521991902,627019607,-1.0,0.136661887169
1259,1521991902,627019607,-1.0,0.136661887169
1260,1521991902,627019607,-1.0,0.136661887169
1261,1521991902,643009741,-1.0,0.175695061684
1262,1521991902,643009741,-1.0,0.175695061684
1263,1521991902,643009741,-1.0,0.175695061684
1264,1521991902,643009741,-1.0,0.175695061684
1265,1521991902,643009741,-1.0,0.175695061684
1266,1521991902,643009741,-1.0,0.175695061684
1267,1521991902,667007954,-1.0,0.203009128571
1268,1521991902,667007954,-1.0,0.203009128571
1269,1521991902,667007954,-1.0,0.203009128571
1270,1521991902,667007954,-1.0,0.203009128571
1271,1521991902,683029511,-1.0,0.211462751031
1272,1521991902,683029511,-1.0,0.211462751031
1273,1521991902,683029511,-1.0,0.211462751031
1274,1521991902,683029511,-1.0,0.211462751031
1275,1521991902,683029511,-1.0,0.211462751031
1276,1521991902,683029511,-1.0,0.211462751031
1277,1521991902,707009039,-1.0,0.230994597077
1278,1521991902,707009039,-1.0,0.230994597077
1279,1521991902,707009039,-1.0,0.230994597077
1280,1521991902,707009039,-1.0,0.230994597077
1281,1521991902,723025026,-1.0,0.250495940447
1282,1521991902,723025026,-1.0,0.250495940447
1283,1521991902,723025026,-1.0,0.250495940447
1284,1521991902,723025026,-1.0,0.250495940447
1285,1521991902,723025026,-1.0,0.250495940447
1286,1521991902,723025026,-1.0,0.250495940447
1287,1521991902,747004583,-1.0,0.286935031414
1288,1521991902,747004583,-1.0,0.286935031414
1289,1521991902,747004583,-1.0,0.286935031414
1290,1521991902,747004583,-1.0,0.286935031414
1291,1521991902,763024545,-1.0,0.335093230009
1292,1521991902,763024545,-1.0,0.335093230009
1293,1521991902,763024545,-1.0,0.335093230009
1294,1521991902,763024545,-1.0,0.335093230009
1295,1521991902,763024545,-1.0,0.335093230009
1296,1521991902,763024545,-1.0,0.335093230009
1297,1521991902,787008201,-1.0,0.383892327547
1298,1521991902,787008201,-1.0,0.383892327547
1299,1521991902,787008201,-1.0,0.383892327547
1300,1521991902,787008201,-1.0,0.383892327547
1301,1521991902,803010760,-1.0,0.419690549374
1302,1521991902,803010760,-1.0,0.419690549374
1303,1521991902,803010760,-1.0,0.419690549374
1304,1521991902,803010760,-1.0,0.419690549374
1305,1521991902,803010760,-1.0,0.419690549374
1306,1521991902,803010760,-1.0,0.419690549374
1307,1521991902,827004667,-1.0,0.428785055876
1308,1521991902,827004667,-1.0,0.428785055876
1309,1521991902,827004667,-1.0,0.428785055876
1310,1521991902,827004667,-1.0,0.428785055876
1311,1521991902,843024072,-1.0,0.435926377773
1312,1521991902,843024072,-1.0,0.435926377773
1313,1521991902,843024072,-1.0,0.435926377773
1314,1521991902,843024072,-1.0,0.435926377773
1315,1521991902,843024072,-1.0,0.435926377773
1316,1521991902,843024072,-1.0,0.435926377773
1317,1521991902,867004535,-1.0,0.438550978899
1318,1521991902,867004535,-1.0,0.438550978899
1319,1521991902,867004535,-1.0,0.438550978899
1320,1521991902,867004535,-1.0,0.438550978899
1321,1521991902,883012573,-1.0,0.440504163504
1322,1521991902,883012573,-1.0,0.440504163504
1323,1521991902,883012573,-1.0,0.440504163504
1324,1521991902,883012573,-1.0,0.440504163504
1325,1521991902,883012573,-1.0,0.440504163504
1326,1521991902,883012573,-1.0,0.440504163504
1327,1521991902,907008741,-1.0,0.442457348108
1328,1521991902,907008741,-1.0,0.442457348108
1329,1521991902,907008741,-1.0,0.442457348108
1330,1521991902,907008741,-1.0,0.442457348108
1331,1521991902,923002419,-1.0,0.444410532713
1332,1521991902,923002419,-1.0,0.444410532713
1333,1521991902,923002419,-1.0,0.444410532713
1334,1521991902,923002419,-1.0,0.444410532713
1335,1521991902,923002419,-1.0,0.444410532713
1336,1521991902,923002419,-1.0,0.444410532713
1337,1521991902,947004311,-1.0,0.446363717318
1338,1521991902,947004311,-1.0,0.446363717318
1339,1521991902,947004311,-1.0,0.446363717318
1340,1521991902,947004311,-1.0,0.446363717318
1341,1521991902,963007033,-1.0,0.448957800865
1342,1521991902,963007033,-1.0,0.448957800865
1343,1521991902,963007033,-1.0,0.448957800865
1344,1521991902,963007033,-1.0,0.448957800865
1345,1521991902,963007033,-1.0,0.448957800865
1346,1521991902,963007033,-1.0,0.448957800865
1347,1521991902,987010457,-1.0,0.454817354679
1348,1521991902,987010457,-1.0,0.454817354679
1349,1521991902,987010457,-1.0,0.454817354679
1350,1521991902,987010457,-1.0,0.454817354679
1351,1521991903,3047715,-1.0,0.456770539284
1352,1521991903,3047715,-1.0,0.456770539284
1353,1521991903,3047715,-1.0,0.456770539284
1354,1521991903,3047715,-1.0,0.456770539284
1355,1521991903,3047715,-1.0,0.456770539284
1356,1521991903,3047715,-1.0,0.456770539284
1357,1521991903,27007073,-1.0,0.458723723888
1358,1521991903,27007073,-1.0,0.458723723888
1359,1521991903,27007073,-1.0,0.458723723888
1360,1521991903,27007073,-1.0,0.458723723888
1361,1521991903,43004161,-1.0,0.460676908493
1362,1521991903,43004161,-1.0,0.460676908493
1363,1521991903,43004161,-1.0,0.460676908493
1364,1521991903,43004161,-1.0,0.460676908493
1365,1521991903,43004161,-1.0,0.460676908493
1366,1521991903,43004161,-1.0,0.460676908493
1367,1521991903,43004161,-1.0,0.460676908493
1368,1521991903,43004161,-1.0,0.460676908493
1369,1521991903,43004161,-1.0,0.460676908493
1370,1521991903,43004161,-1.0,0.460676908493
1371,1521991903,83003611,-1.0,0.454817354679
1372,1521991903,83003611,-1.0,0.454817354679
1373,1521991903,83003611,-1.0,0.454817354679
1374,1521991903,83003611,-1.0,0.454817354679
1375,1521991903,83003611,-1.0,0.454817354679
1376,1521991903,83003611,-1.0,0.454817354679
1377,1521991903,107004872,-1.0,0.424878686666
1378,1521991903,107004872,-1.0,0.424878686666
1379,1521991903,107004872,-1.0,0.424878686666
1380,1521991903,107004872,-1.0,0.424878686666
1381,1521991903,123010598,-1.0,0.38908046484
1382,1521991903,123010598,-1.0,0.38908046484
1383,1521991903,123010598,-1.0,0.38908046484
1384,1521991903,123010598,-1.0,0.38908046484
1385,1521991903,123010598,-1.0,0.38908046484
1386,1521991903,123010598,-1.0,0.38908046484
1387,1521991903,147023034,-1.0,0.338358700275
1388,1521991903,147023034,-1.0,0.338358700275
1389,1521991903,147023034,-1.0,0.338358700275
1390,1521991903,147023034,-1.0,0.338358700275
1391,1521991903,163026834,-1.0,0.277840524912
1392,1521991903,163026834,-1.0,0.277840524912
1393,1521991903,163026834,-1.0,0.277840524912
1394,1521991903,163026834,-1.0,0.277840524912
1395,1521991903,163026834,-1.0,0.277840524912
1396,1521991903,163026834,-1.0,0.277840524912
1397,1521991903,187008697,-1.0,0.203009128571
1398,1521991903,187008697,-1.0,0.203009128571
1399,1521991903,187008697,-1.0,0.203009128571
1400,1521991903,187008697,-1.0,0.203009128571
1401,1521991903,203004337,-1.0,0.114535965025
1402,1521991903,203004337,-1.0,0.114535965025
1403,1521991903,203004337,-1.0,0.114535965025
1404,1521991903,203004337,-1.0,0.114535965025
1405,1521991903,203004337,-1.0,0.114535965025
1406,1521991903,203004337,-1.0,0.114535965025
1407,1521991903,227004495,-1.0,0.0162663664669
1408,1521991903,227004495,-1.0,0.0162663664669
1409,1521991903,227004495,-1.0,0.0162663664669
1410,1521991903,227004495,-1.0,0.0162663664669
1411,1521991903,243029552,-1.0,-0.0
1412,1521991903,243029552,-1.0,-0.0
1413,1521991903,243029552,-1.0,-0.0
1414,1521991903,243029552,-1.0,-0.0
1415,1521991903,243029552,-1.0,-0.0
1416,1521991903,243029552,-1.0,-0.0
1417,1521991903,243029552,-1.0,-0.0
1418,1521991903,243029552,-1.0,-0.0
1419,1521991903,243029552,-1.0,-0.0
1420,1521991903,243029552,-1.0,-0.0
1421,1521991903,243029552,-1.0,-0.0
1422,1521991903,243029552,-1.0,-0.0
1423,1521991903,243029552,-1.0,-0.0
1424,1521991903,243029552,-1.0,-0.0
1425,1521991903,243029552,-1.0,-0.0
1426,1521991903,243029552,-1.0,-0.0
1427,1521991903,243029552,-1.0,-0.0
1428,1521991903,243029552,-1.0,-0.0
1429,1521991903,243029552,-1.0,-0.0
1430,1521991903,243029552,-1.0,-0.0
1431,1521991903,323019570,-1.0,-0.0481276884675
1432,1521991903,323019570,-1.0,-0.0481276884675
1433,1521991903,323019570,-1.0,-0.0481276884675
1434,1521991903,323019570,-1.0,-0.0481276884675
1435,1521991903,323019570,-1.0,-0.0481276884675
1436,1521991903,323019570,-1.0,-0.0481276884675
1437,1521991903,347009175,-1.0,-0.0878322720528
1438,1521991903,347009175,-1.0,-0.0878322720528
1439,1521991903,347009175,-1.0,-0.0878322720528
1440,1521991903,347009175,-1.0,-0.0878322720528
1441,1521991903,363003225,-1.0,-0.119693592191
1442,1521991903,363003225,-1.0,-0.119693592191
1443,1521991903,363003225,-1.0,-0.119693592191
1444,1521991903,363003225,-1.0,-0.119693592191
1445,1521991903,363003225,-1.0,-0.119693592191
1446,1521991903,363003225,-1.0,-0.119693592191
1447,1521991903,387004173,-1.0,-0.151585429907
1448,1521991903,387004173,-1.0,-0.151585429907
1449,1521991903,387004173,-1.0,-0.151585429907
1450,1521991903,387004173,-1.0,-0.151585429907
1451,1521991903,403015286,-1.0,-0.184759050608
1452,1521991903,403015286,-1.0,-0.184759050608
1453,1521991903,403015286,-1.0,-0.184759050608
1454,1521991903,403015286,-1.0,-0.184759050608
1455,1521991903,403015286,-1.0,-0.184759050608
1456,1521991903,403015286,-1.0,-0.184759050608
1457,1521991903,427005179,-1.0,-0.215338602662
1458,1521991903,427005179,-1.0,-0.215338602662
1459,1521991903,427005179,-1.0,-0.215338602662
1460,1521991903,427005179,-1.0,-0.215338602662
1461,1521991903,443019280,-1.0,-0.250465393066
1462,1521991903,443019280,-1.0,-0.250465393066
1463,1521991903,443019280,-1.0,-0.250465393066
1464,1521991903,443019280,-1.0,-0.250465393066
1465,1521991903,443019280,-1.0,-0.250465393066
1466,1521991903,443019280,-1.0,-0.250465393066
1467,1521991903,467005688,-1.0,-0.282357245684
1468,1521991903,467005688,-1.0,-0.282357245684
1469,1521991903,467005688,-1.0,-0.282357245684
1470,1521991903,467005688,-1.0,-0.282357245684
1471,1521991903,483003477,-1.0,-0.309030413628
1472,1521991903,483003477,-1.0,-0.309030413628
1473,1521991903,483003477,-1.0,-0.309030413628
1474,1521991903,483003477,-1.0,-0.309030413628
1475,1521991903,483003477,-1.0,-0.309030413628
1476,1521991903,483003477,-1.0,-0.309030413628
1477,1521991903,507004819,-1.0,-0.331797242165
1478,1521991903,507004819,-1.0,-0.331797242165
1479,1521991903,507004819,-1.0,-0.331797242165
1480,1521991903,507004819,-1.0,-0.331797242165
1481,1521991903,523004095,-1.0,-0.353923141956
1482,1521991903,523004095,-1.0,-0.353923141956
1483,1521991903,523004095,-1.0,-0.353923141956
1484,1521991903,523004095,-1.0,-0.353923141956
1485,1521991903,523004095,-1.0,-0.353923141956
1486,1521991903,523004095,-1.0,-0.353923141956
1487,1521991903,547005439,-1.0,-0.383220911026
1488,1521991903,547005439,-1.0,-0.383220911026
1489,1521991903,547005439,-1.0,-0.383220911026
1490,1521991903,547005439,-1.0,-0.383220911026
1491,1521991903,563009782,-1.0,-0.415753662586
1492,1521991903,563009782,-1.0,-0.415753662586
1493,1521991903,563009782,-1.0,-0.415753662586
1494,1521991903,563009782,-1.0,-0.415753662586
1495,1521991903,563009782,-1.0,-0.415753662586
1496,1521991903,563009782,-1.0,-0.415753662586
1497,1521991903,587005150,-1.0,-0.447614967823
1498,1521991903,587005150,-1.0,-0.447614967823
1499,1521991903,587005150,-1.0,-0.447614967823
1500,1521991903,587005150,-1.0,-0.447614967823
1501,1521991903,603007418,-1.0,-0.47038179636
1502,1521991903,603007418,-1.0,-0.47038179636
1503,1521991903,603007418,-1.0,-0.47038179636
1504,1521991903,603007418,-1.0,-0.47038179636
1505,1521991903,603007418,-1.0,-0.47038179636
1506,1521991903,603007418,-1.0,-0.47038179636
1507,1521991903,627007667,-1.0,-0.476912736893
1508,1521991903,627007667,-1.0,-0.476912736893
1509,1521991903,627007667,-1.0,-0.476912736893
1510,1521991903,627007667,-1.0,-0.476912736893
1511,1521991903,643003622,-1.0,-0.482100903988
1512,1521991903,643003622,-1.0,-0.482100903988
1513,1521991903,643003622,-1.0,-0.482100903988
1514,1521991903,643003622,-1.0,-0.482100903988
1515,1521991903,643003622,-1.0,-0.482100903988
1516,1521991903,643003622,-1.0,-0.482100903988
1517,1521991903,667004678,-1.0,-0.48341318965
1518,1521991903,667004678,-1.0,-0.48341318965
1519,1521991903,667004678,-1.0,-0.48341318965
1520,1521991903,667004678,-1.0,-0.48341318965
1521,1521991903,667004678,-1.0,-0.48341318965
1522,1521991903,667004678,-1.0,-0.48341318965
1523,1521991903,667004678,-1.0,-0.48341318965
1524,1521991903,667004678,-1.0,-0.48341318965
1525,1521991903,667004678,-1.0,-0.48341318965
1526,1521991903,667004678,-1.0,-0.48341318965
1527,1521991903,707005007,-1.0,-0.484054088593
1528,1521991903,707005007,-1.0,-0.484054088593
1529,1521991903,707005007,-1.0,-0.484054088593
1530,1521991903,707005007,-1.0,-0.484054088593
1531,1521991903,723007987,-1.0,-0.484694957733
1532,1521991903,723007987,-1.0,-0.484694957733
1533,1521991903,723007987,-1.0,-0.484694957733
1534,1521991903,723007987,-1.0,-0.484694957733
1535,1521991903,723007987,-1.0,-0.484694957733
1536,1521991903,723007987,-1.0,-0.484694957733
1537,1521991903,723007987,-1.0,-0.484694957733
1538,1521991903,723007987,-1.0,-0.484694957733
1539,1521991903,723007987,-1.0,-0.484694957733
1540,1521991903,723007987,-1.0,-0.484694957733
1541,1521991903,723007987,-1.0,-0.484694957733
1542,1521991903,723007987,-1.0,-0.484694957733
1543,1521991903,723007987,-1.0,-0.484694957733
1544,1521991903,723007987,-1.0,-0.484694957733
1545,1521991903,723007987,-1.0,-0.484694957733
1546,1521991903,723007987,-1.0,-0.484694957733
1547,1521991903,723007987,-1.0,-0.484694957733
1548,1521991903,723007987,-1.0,-0.484694957733
1549,1521991903,723007987,-1.0,-0.484694957733
1550,1521991903,723007987,-1.0,-0.484694957733
1551,1521991903,723007987,-1.0,-0.484694957733
1552,1521991903,723007987,-1.0,-0.484694957733
1553,1521991903,723007987,-1.0,-0.484694957733
1554,1521991903,723007987,-1.0,-0.484694957733
1555,1521991903,723007987,-1.0,-0.484694957733
1556,1521991903,723007987,-1.0,-0.484694957733
1557,1521991903,723007987,-1.0,-0.484694957733
1558,1521991903,723007987,-1.0,-0.484694957733
1559,1521991903,723007987,-1.0,-0.484694957733
1560,1521991903,723007987,-1.0,-0.484694957733
1561,1521991903,843019982,-1.0,-0.482741773129
1562,1521991903,843019982,-1.0,-0.482741773129
1563,1521991903,843019982,-1.0,-0.482741773129
1564,1521991903,843019982,-1.0,-0.482741773129
1565,1521991903,843019982,-1.0,-0.482741773129
1566,1521991903,843019982,-1.0,-0.482741773129
1567,1521991903,867008434,-1.0,-0.476912736893
1568,1521991903,867008434,-1.0,-0.476912736893
1569,1521991903,867008434,-1.0,-0.476912736893
1570,1521991903,867008434,-1.0,-0.476912736893
1571,1521991903,883003862,-1.0,-0.467787712812
1572,1521991903,883003862,-1.0,-0.467787712812
1573,1521991903,883003862,-1.0,-0.467787712812
1574,1521991903,883003862,-1.0,-0.467787712812
1575,1521991903,883003862,-1.0,-0.467787712812
1576,1521991903,883003862,-1.0,-0.467787712812
1577,1521991903,907006666,-1.0,-0.443067729473
1578,1521991903,907006666,-1.0,-0.443067729473
1579,1521991903,907006666,-1.0,-0.443067729473
1580,1521991903,907006666,-1.0,-0.443067729473
1581,1521991903,923036802,-1.0,-0.434614092112
1582,1521991903,923036802,-1.0,-0.434614092112
1583,1521991903,923036802,-1.0,-0.434614092112
1584,1521991903,923036802,-1.0,-0.434614092112
1585,1521991903,923036802,-1.0,-0.434614092112
1586,1521991903,923036802,-1.0,-0.434614092112
1587,1521991903,947005532,-1.0,-0.410534977913
1588,1521991903,947005532,-1.0,-0.410534977913
1589,1521991903,947005532,-1.0,-0.410534977913
1590,1521991903,947005532,-1.0,-0.410534977913
1591,1521991903,963031505,-1.0,-0.407940924168
1592,1521991903,963031505,-1.0,-0.407940924168
1593,1521991903,963031505,-1.0,-0.407940924168
1594,1521991903,963031505,-1.0,-0.407940924168
1595,1521991903,963031505,-1.0,-0.407940924168
1596,1521991903,963031505,-1.0,-0.407940924168
1597,1521991903,987005533,-1.0,-0.402722239494
1598,1521991903,987005533,-1.0,-0.402722239494
1599,1521991903,987005533,-1.0,-0.402722239494
1600,1521991903,987005533,-1.0,-0.402722239494
1601,1521991904,3008892,-1.0,-0.40076905489
1602,1521991904,3008892,-1.0,-0.40076905489
1603,1521991904,3008892,-1.0,-0.40076905489
1604,1521991904,3008892,-1.0,-0.40076905489
1605,1521991904,3008892,-1.0,-0.40076905489
1606,1521991904,3008892,-1.0,-0.40076905489
1607,1521991904,3008892,-1.0,-0.40076905489
1608,1521991904,3008892,-1.0,-0.40076905489
1609,1521991904,3008892,-1.0,-0.40076905489
1610,1521991904,3008892,-1.0,-0.40076905489
1611,1521991904,3008892,-1.0,-0.40076905489
1612,1521991904,3008892,-1.0,-0.40076905489
1613,1521991904,3008892,-1.0,-0.40076905489
1614,1521991904,3008892,-1.0,-0.40076905489
1615,1521991904,3008892,-1.0,-0.40076905489
1616,1521991904,3008892,-1.0,-0.40076905489
1617,1521991904,67005341,-1.0,-0.399487286806
1618,1521991904,67005341,-1.0,-0.399487286806
1619,1521991904,67005341,-1.0,-0.399487286806
1620,1521991904,67005341,-1.0,-0.399487286806
1621,1521991904,67005341,-1.0,-0.399487286806
1622,1521991904,67005341,-1.0,-0.399487286806
1623,1521991904,67005341,-1.0,-0.399487286806
1624,1521991904,67005341,-1.0,-0.399487286806
1625,1521991904,67005341,-1.0,-0.399487286806
1626,1521991904,67005341,-1.0,-0.399487286806
1627,1521991904,67005341,-1.0,-0.399487286806
1628,1521991904,67005341,-1.0,-0.399487286806
1629,1521991904,67005341,-1.0,-0.399487286806
1630,1521991904,67005341,-1.0,-0.399487286806
1631,1521991904,67005341,-1.0,-0.399487286806
1632,1521991904,67005341,-1.0,-0.399487286806
1633,1521991904,67005341,-1.0,-0.399487286806
1634,1521991904,67005341,-1.0,-0.399487286806
1635,1521991904,67005341,-1.0,-0.399487286806
1636,1521991904,67005341,-1.0,-0.399487286806
1637,1521991904,67005341,-1.0,-0.399487286806
1638,1521991904,67005341,-1.0,-0.399487286806
1639,1521991904,67005341,-1.0,-0.399487286806
1640,1521991904,67005341,-1.0,-0.399487286806
1641,1521991904,163019491,-1.0,-0.398175001144
1642,1521991904,163019491,-1.0,-0.398175001144
1643,1521991904,163019491,-1.0,-0.398175001144
1644,1521991904,163019491,-1.0,-0.398175001144
1645,1521991904,163019491,-1.0,-0.398175001144
1646,1521991904,163019491,-1.0,-0.398175001144
1647,1521991904,187005450,-1.0,-0.392956316471
1648,1521991904,187005450,-1.0,-0.392956316471
1649,1521991904,187005450,-1.0,-0.392956316471
1650,1521991904,187005450,-1.0,-0.392956316471
1651,1521991904,203008359,-1.0,-0.383861809969
1652,1521991904,203008359,-1.0,-0.383861809969
1653,1521991904,203008359,-1.0,-0.383861809969
1654,1521991904,203008359,-1.0,-0.383861809969
1655,1521991904,203008359,-1.0,-0.383861809969
1656,1521991904,203008359,-1.0,-0.383861809969
1657,1521991904,227005613,-1.0,-0.356547743082
1658,1521991904,227005613,-1.0,-0.356547743082
1659,1521991904,227005613,-1.0,-0.356547743082
1660,1521991904,227005613,-1.0,-0.356547743082
1661,1521991904,243004888,-1.0,-0.331797242165
1662,1521991904,243004888,-1.0,-0.331797242165
1663,1521991904,243004888,-1.0,-0.331797242165
1664,1521991904,243004888,-1.0,-0.331797242165
1665,1521991904,243004888,-1.0,-0.331797242165
1666,1521991904,243004888,-1.0,-0.331797242165
1667,1521991904,267005663,-1.0,-0.308389544487
1668,1521991904,267005663,-1.0,-0.308389544487
1669,1521991904,267005663,-1.0,-0.308389544487
1670,1521991904,267005663,-1.0,-0.308389544487
1671,1521991904,283004259,-1.0,-0.288216799498
1672,1521991904,283004259,-1.0,-0.288216799498
1673,1521991904,283004259,-1.0,-0.288216799498
1674,1521991904,283004259,-1.0,-0.288216799498
1675,1521991904,283004259,-1.0,-0.288216799498
1676,1521991904,283004259,-1.0,-0.288216799498
1677,1521991904,307005293,-1.0,-0.266731768847
1678,1521991904,307005293,-1.0,-0.266731768847
1679,1521991904,307005293,-1.0,-0.266731768847
1680,1521991904,307005293,-1.0,-0.266731768847
1681,1521991904,323032883,-1.0,-0.245918154716
1682,1521991904,323032883,-1.0,-0.245918154716
1683,1521991904,323032883,-1.0,-0.245918154716
1684,1521991904,323032883,-1.0,-0.245918154716
1685,1521991904,323032883,-1.0,-0.245918154716
1686,1521991904,323032883,-1.0,-0.245918154716
1687,1521991904,347006241,-1.0,-0.236823633313
1688,1521991904,347006241,-1.0,-0.236823633313
1689,1521991904,347006241,-1.0,-0.236823633313
1690,1521991904,347006241,-1.0,-0.236823633313
1691,1521991904,363013604,-1.0,-0.21469771862
1692,1521991904,363013604,-1.0,-0.21469771862
1693,1521991904,363013604,-1.0,-0.21469771862
1694,1521991904,363013604,-1.0,-0.21469771862
1695,1521991904,363013604,-1.0,-0.21469771862
1696,1521991904,363013604,-1.0,-0.21469771862
1697,1521991904,387006090,-1.0,-0.212103635073
1698,1521991904,387006090,-1.0,-0.212103635073
1699,1521991904,387006090,-1.0,-0.212103635073
1700,1521991904,387006090,-1.0,-0.212103635073
1701,1521991904,403023093,-1.0,-0.204931795597
1702,1521991904,403023093,-1.0,-0.204931795597
1703,1521991904,403023093,-1.0,-0.204931795597
1704,1521991904,403023093,-1.0,-0.204931795597
1705,1521991904,403023093,-1.0,-0.204931795597
1706,1521991904,403023093,-1.0,-0.204931795597
1707,1521991904,427005209,-1.0,-0.195837274194
1708,1521991904,427005209,-1.0,-0.195837274194
1709,1521991904,427005209,-1.0,-0.195837274194
1710,1521991904,427005209,-1.0,-0.195837274194
1711,1521991904,443011660,-1.0,-0.173711359501
1712,1521991904,443011660,-1.0,-0.173711359501
1713,1521991904,443011660,-1.0,-0.173711359501
1714,1521991904,443011660,-1.0,-0.173711359501
1715,1521991904,443011660,-1.0,-0.173711359501
1716,1521991904,443011660,-1.0,-0.173711359501
1717,1521991904,467006046,-1.0,-0.165257722139
1718,1521991904,467006046,-1.0,-0.165257722139
1719,1521991904,467006046,-1.0,-0.165257722139
1720,1521991904,467006046,-1.0,-0.165257722139
1721,1521991904,483008018,-1.0,-0.135319069028
1722,1521991904,483008018,-1.0,-0.135319069028
1723,1521991904,483008018,-1.0,-0.135319069028
1724,1521991904,483008018,-1.0,-0.135319069028
1725,1521991904,483008018,-1.0,-0.135319069028
1726,1521991904,483008018,-1.0,-0.135319069028
1727,1521991904,507005746,-1.0,-0.104739524424
1728,1521991904,507005746,-1.0,-0.104739524424
1729,1521991904,507005746,-1.0,-0.104739524424
1730,1521991904,507005746,-1.0,-0.104739524424
1731,1521991904,523014360,-1.0,-0.0669881254435
1732,1521991904,523014360,-1.0,-0.0669881254435
1733,1521991904,523014360,-1.0,-0.0669881254435
1734,1521991904,523014360,-1.0,-0.0669881254435
1735,1521991904,523014360,-1.0,-0.0669881254435
1736,1521991904,523014360,-1.0,-0.0669881254435
1737,1521991904,547004963,-1.0,-0.0299081392586
1738,1521991904,547004963,-1.0,-0.0299081392586
1739,1521991904,547004963,-1.0,-0.0299081392586
1740,1521991904,547004963,-1.0,-0.0299081392586
1741,1521991904,563015246,-1.0,-0.0
1742,1521991904,563015246,-1.0,-0.0
1743,1521991904,563015246,-1.0,-0.0
1744,1521991904,563015246,-1.0,-0.0
1745,1521991904,563015246,-1.0,-0.0
1746,1521991904,563015246,-1.0,-0.0
1747,1521991904,563015246,-1.0,-0.0
1748,1521991904,563015246,-1.0,-0.0
1749,1521991904,563015246,-1.0,-0.0
1750,1521991904,563015246,-1.0,-0.0
1751,1521991904,563015246,-1.0,-0.0
1752,1521991904,563015246,-1.0,-0.0
1753,1521991904,563015246,-1.0,-0.0
1754,1521991904,563015246,-1.0,-0.0
1755,1521991904,563015246,-1.0,-0.0
1756,1521991904,563015246,-1.0,-0.0
1757,1521991904,563015246,-1.0,-0.0
1758,1521991904,563015246,-1.0,-0.0
1759,1521991904,563015246,-1.0,-0.0
1760,1521991904,563015246,-1.0,-0.0
1761,1521991904,563015246,-1.0,-0.0
1762,1521991904,563015246,-1.0,-0.0
1763,1521991904,563015246,-1.0,-0.0
1764,1521991904,563015246,-1.0,-0.0
1765,1521991904,563015246,-1.0,-0.0
1766,1521991904,563015246,-1.0,-0.0
1767,1521991904,563015246,-1.0,-0.0
1768,1521991904,563015246,-1.0,-0.0
1769,1521991904,563015246,-1.0,-0.0
1770,1521991904,563015246,-1.0,-0.0
1771,1521991904,563015246,-1.0,-0.0
1772,1521991904,563015246,-1.0,-0.0
1773,1521991904,563015246,-1.0,-0.0
1774,1521991904,563015246,-1.0,-0.0
1775,1521991904,563015246,-1.0,-0.0
1776,1521991904,563015246,-1.0,-0.0
1777,1521991904,563015246,-1.0,-0.0
1778,1521991904,563015246,-1.0,-0.0
1779,1521991904,563015246,-1.0,-0.0
1780,1521991904,563015246,-1.0,-0.0
1781,1521991904,563015246,-1.0,-0.0
1782,1521991904,563015246,-1.0,-0.0
1783,1521991904,563015246,-1.0,-0.0
1784,1521991904,563015246,-1.0,-0.0
1785,1521991904,563015246,-1.0,-0.0
1786,1521991904,563015246,-1.0,-0.0
1787,1521991904,563015246,-1.0,-0.0
1788,1521991904,563015246,-1.0,-0.0
1789,1521991904,563015246,-1.0,-0.0
1790,1521991904,563015246,-1.0,-0.0
1791,1521991904,563015246,-1.0,-0.0
1792,1521991904,563015246,-1.0,-0.0
1793,1521991904,563015246,-1.0,-0.0
1794,1521991904,563015246,-1.0,-0.0
1795,1521991904,563015246,-1.0,-0.0
1796,1521991904,563015246,-1.0,-0.0
1797,1521991904,563015246,-1.0,-0.0
1798,1521991904,563015246,-1.0,-0.0
1799,1521991904,563015246,-1.0,-0.0
1800,1521991904,563015246,-1.0,-0.0
1801,1521991904,563015246,-1.0,-0.0
1802,1521991904,563015246,-1.0,-0.0
1803,1521991904,563015246,-1.0,-0.0
1804,1521991904,563015246,-1.0,-0.0
1805,1521991904,563015246,-1.0,-0.0
1806,1521991904,563015246,-1.0,-0.0
1807,1521991904,563015246,-1.0,-0.0
1808,1521991904,563015246,-1.0,-0.0
1809,1521991904,563015246,-1.0,-0.0
1810,1521991904,563015246,-1.0,-0.0
1811,1521991904,563015246,-1.0,-0.0
1812,1521991904,563015246,-1.0,-0.0
1813,1521991904,563015246,-1.0,-0.0
1814,1521991904,563015246,-1.0,-0.0
1815,1521991904,563015246,-1.0,-0.0
1816,1521991904,563015246,-1.0,-0.0
1817,1521991904,563015246,-1.0,-0.0
1818,1521991904,563015246,-1.0,-0.0
1819,1521991904,563015246,-1.0,-0.0
1820,1521991904,563015246,-1.0,-0.0
1821,1521991904,563015246,-1.0,-0.0
1822,1521991904,563015246,-1.0,-0.0
1823,1521991904,563015246,-1.0,-0.0
1824,1521991904,563015246,-1.0,-0.0
1825,1521991904,563015246,-1.0,-0.0
1826,1521991904,563015246,-1.0,-0.0
1827,1521991904,563015246,-1.0,-0.0
1828,1521991904,563015246,-1.0,-0.0
1829,1521991904,563015246,-1.0,-0.0
1830,1521991904,563015246,-1.0,-0.0
1831,1521991904,563015246,-1.0,-0.0
1832,1521991904,563015246,-1.0,-0.0
1833,1521991904,563015246,-1.0,-0.0
1834,1521991904,563015246,-1.0,-0.0
1835,1521991904,563015246,-1.0,-0.0
1836,1521991904,563015246,-1.0,-0.0
1837,1521991904,563015246,-1.0,-0.0
1838,1521991904,563015246,-1.0,-0.0
1839,1521991904,563015246,-1.0,-0.0
1840,1521991904,563015246,-1.0,-0.0
1841,1521991904,563015246,-1.0,-0.0
1842,1521991904,563015246,-1.0,-0.0
1843,1521991904,563015246,-1.0,-0.0
1844,1521991904,563015246,-1.0,-0.0
1845,1521991904,563015246,-1.0,-0.0
1846,1521991904,563015246,-1.0,-0.0
1847,1521991904,563015246,-1.0,-0.0
1848,1521991904,563015246,-1.0,-0.0
1849,1521991904,563015246,-1.0,-0.0
1850,1521991904,563015246,-1.0,-0.0
1851,1521991904,563015246,-1.0,-0.0
1852,1521991904,563015246,-1.0,-0.0
1853,1521991904,563015246,-1.0,-0.0
1854,1521991904,563015246,-1.0,-0.0
1855,1521991904,563015246,-1.0,-0.0
1856,1521991904,563015246,-1.0,-0.0
1857,1521991904,563015246,-1.0,-0.0
1858,1521991904,563015246,-1.0,-0.0
1859,1521991904,563015246,-1.0,-0.0
1860,1521991904,563015246,-1.0,-0.0
1861,1521991904,563015246,-1.0,-0.0
1862,1521991904,563015246,-1.0,-0.0
1863,1521991904,563015246,-1.0,-0.0
1864,1521991904,563015246,-1.0,-0.0
1865,1521991905,67006987,-0.947325050831,-0.0
1866,1521991905,67006987,-0.947325050831,-0.0
1867,1521991905,67006987,-0.947325050831,-0.0
1868,1521991905,67006987,-0.947325050831,-0.0
1869,1521991905,83004701,-0.797021389008,-0.0
1870,1521991905,83004701,-0.797021389008,-0.0
1871,1521991905,83004701,-0.797021389008,-0.0
1872,1521991905,83004701,-0.797021389008,-0.0
1873,1521991905,83004701,-0.797021389008,-0.0
1874,1521991905,83004701,-0.797021389008,-0.0
1875,1521991905,107006393,-0.60313731432,-0.0
1876,1521991905,107006393,-0.60313731432,-0.0
1877,1521991905,107006393,-0.60313731432,-0.0
1878,1521991905,107006393,-0.60313731432,-0.0
1879,1521991905,123006290,-0.370189517736,-0.0
1880,1521991905,123006290,-0.370189517736,-0.0
1881,1521991905,123006290,-0.370189517736,-0.0
1882,1521991905,123006290,-0.370189517736,-0.0
1883,1521991905,123006290,-0.370189517736,-0.0
1884,1521991905,123006290,-0.370189517736,-0.0
1885,1521991905,147010006,-0.138584554195,-0.0
1886,1521991905,147010006,-0.138584554195,-0.0
1887,1521991905,147010006,-0.138584554195,-0.0
1888,1521991905,147010006,-0.138584554195,-0.0
1889,1521991905,163012703,-0.0,-0.0
1890,1521991905,163012703,-0.0,-0.0
1891,1521991905,163012703,-0.0,-0.0
1892,1521991905,163012703,-0.0,-0.0
1893,1521991905,163012703,-0.0,-0.0
1894,1521991905,163012703,-0.0,-0.0
1895,1521991905,163012703,-0.0,-0.0
1896,1521991905,163012703,-0.0,-0.0
1897,1521991905,163012703,-0.0,-0.0
1898,1521991905,163012703,-0.0,-0.0
1899,1521991905,163012703,-0.0,-0.0
1900,1521991905,163012703,-0.0,-0.0
1901,1521991905,163012703,-0.0,-0.0
1902,1521991905,163012703,-0.0,-0.0
1903,1521991905,163012703,-0.0,-0.0
1904,1521991905,163012703,-0.0,-0.0
1905,1521991905,163012703,-0.0,-0.0
1906,1521991905,163012703,-0.0,-0.0
1907,1521991905,163012703,-0.0,-0.0
1908,1521991905,163012703,-0.0,-0.0
1909,1521991905,163012703,-0.0,-0.0
1910,1521991905,163012703,-0.0,-0.0
1911,1521991905,163012703,-0.0,-0.0
1912,1521991905,163012703,-0.0,-0.0
1913,1521991905,163012703,-0.0,-0.0
1914,1521991905,163012703,-0.0,-0.0
1915,1521991905,163012703,-0.0,-0.0
1916,1521991905,163012703,-0.0,-0.0
1917,1521991905,163012703,-0.0,-0.0
1918,1521991905,163012703,-0.0,-0.0
1919,1521991905,163012703,-0.0,-0.0
1920,1521991905,163012703,-0.0,-0.0
1921,1521991905,163012703,-0.0,-0.0
1922,1521991905,163012703,-0.0,-0.0
1923,1521991905,163012703,-0.0,-0.0
1924,1521991905,163012703,-0.0,-0.0
1925,1521991905,163012703,-0.0,-0.0
1926,1521991905,163012703,-0.0,-0.0
1927,1521991905,163012703,-0.0,-0.0
1928,1521991905,163012703,-0.0,-0.0
1929,1521991905,163012703,-0.0,-0.0
1930,1521991905,163012703,-0.0,-0.0
1931,1521991905,163012703,-0.0,-0.0
1932,1521991905,163012703,-0.0,-0.0
1933,1521991905,163012703,-0.0,-0.0
1934,1521991905,163012703,-0.0,-0.0
1935,1521991905,163012703,-0.0,-0.0
1936,1521991905,163012703,-0.0,-0.0
1937,1521991905,163012703,-0.0,-0.0
1938,1521991905,163012703,-0.0,-0.0
1939,1521991905,163012703,-0.0,-0.0
1940,1521991905,163012703,-0.0,-0.0
1941,1521991905,163012703,-0.0,-0.0
1942,1521991905,163012703,-0.0,-0.0
1943,1521991905,163012703,-0.0,-0.0
1944,1521991905,163012703,-0.0,-0.0
1945,1521991905,163012703,-0.0,-0.0
1946,1521991905,163012703,-0.0,-0.0
1947,1521991905,163012703,-0.0,-0.0
1948,1521991905,163012703,-0.0,-0.0
1949,1521991905,163012703,-0.0,-0.0
1950,1521991905,163012703,-0.0,-0.0
1951,1521991905,163012703,-0.0,-0.0
1952,1521991905,163012703,-0.0,-0.0
1953,1521991905,163012703,-0.0,-0.0
1954,1521991905,163012703,-0.0,-0.0
1955,1521991905,163012703,-0.0,-0.0
1956,1521991905,163012703,-0.0,-0.0
1957,1521991905,163012703,-0.0,-0.0
1958,1521991905,163012703,-0.0,-0.0
1959,1521991905,163012703,-0.0,-0.0
1960,1521991905,163012703,-0.0,-0.0
1961,1521991905,163012703,-0.0,-0.0
1962,1521991905,163012703,-0.0,-0.0
1963,1521991905,163012703,-0.0,-0.0
1964,1521991905,163012703,-0.0,-0.0
1965,1521991905,163012703,-0.0,-0.0
1966,1521991905,163012703,-0.0,-0.0
1967,1521991905,163012703,-0.0,-0.0
1968,1521991905,163012703,-0.0,-0.0
1969,1521991905,163012703,-0.0,-0.0
1970,1521991905,163012703,-0.0,-0.0
1971,1521991905,163012703,-0.0,-0.0
1972,1521991905,163012703,-0.0,-0.0
1973,1521991905,163012703,-0.0,-0.0
1974,1521991905,163012703,-0.0,-0.0
1975,1521991905,163012703,-0.0,-0.0
1976,1521991905,163012703,-0.0,-0.0
1977,1521991905,163012703,-0.0,-0.0
1978,1521991905,163012703,-0.0,-0.0
1979,1521991905,163012703,-0.0,-0.0
1980,1521991905,163012703,-0.0,-0.0
1981,1521991905,163012703,-0.0,-0.0
1982,1521991905,163012703,-0.0,-0.0
1983,1521991905,163012703,-0.0,-0.0
1984,1521991905,163012703,-0.0,-0.0
1985,1521991905,163012703,-0.0,-0.0
1986,1521991905,163012703,-0.0,-0.0
1987,1521991905,163012703,-0.0,-0.0
1988,1521991905,163012703,-0.0,-0.0
1989,1521991905,163012703,-0.0,-0.0
1990,1521991905,163012703,-0.0,-0.0
1991,1521991905,163012703,-0.0,-0.0
1992,1521991905,163012703,-0.0,-0.0
1993,1521991905,163012703,-0.0,-0.0
1994,1521991905,163012703,-0.0,-0.0
1995,1521991905,163012703,-0.0,-0.0
1996,1521991905,163012703,-0.0,-0.0
1997,1521991905,163012703,-0.0,-0.0
1998,1521991905,163012703,-0.0,-0.0
1999,1521991905,163012703,-0.0,-0.0
2000,1521991905,163012703,-0.0,-0.0
2001,1521991905,163012703,-0.0,-0.0
2002,1521991905,163012703,-0.0,-0.0
2003,1521991905,163012703,-0.0,-0.0
2004,1521991905,163012703,-0.0,-0.0
2005,1521991905,163012703,-0.0,-0.0
2006,1521991905,163012703,-0.0,-0.0
2007,1521991905,163012703,-0.0,-0.0
2008,1521991905,163012703,-0.0,-0.0
2009,1521991905,163012703,-0.0,-0.0
2010,1521991905,163012703,-0.0,-0.0
2011,1521991905,163012703,-0.0,-0.0
2012,1521991905,163012703,-0.0,-0.0
2013,1521991905,163012703,-0.0,-0.0
2014,1521991905,163012703,-0.0,-0.0
2015,1521991905,163012703,-0.0,-0.0
2016,1521991905,163012703,-0.0,-0.0
2017,1521991905,163012703,-0.0,-0.0
2018,1521991905,163012703,-0.0,-0.0
2019,1521991905,163012703,-0.0,-0.0
2020,1521991905,163012703,-0.0,-0.0
2021,1521991905,163012703,-0.0,-0.0
2022,1521991905,163012703,-0.0,-0.0
2023,1521991905,163012703,-0.0,-0.0
2024,1521991905,163012703,-0.0,-0.0
2025,1521991905,163012703,-0.0,-0.0
2026,1521991905,163012703,-0.0,-0.0
2027,1521991905,163012703,-0.0,-0.0
2028,1521991905,163012703,-0.0,-0.0
2029,1521991905,163012703,-0.0,-0.0
2030,1521991905,163012703,-0.0,-0.0
2031,1521991905,163012703,-0.0,-0.0
2032,1521991905,163012703,-0.0,-0.0
2033,1521991905,163012703,-0.0,-0.0
2034,1521991905,163012703,-0.0,-0.0
2035,1521991905,163012703,-0.0,-0.0
2036,1521991905,163012703,-0.0,-0.0
2037,1521991905,163012703,-0.0,-0.0
2038,1521991905,163012703,-0.0,-0.0
2039,1521991905,163012703,-0.0,-0.0
2040,1521991905,163012703,-0.0,-0.0
2041,1521991905,163012703,-0.0,-0.0
2042,1521991905,163012703,-0.0,-0.0
2043,1521991905,163012703,-0.0,-0.0
2044,1521991905,163012703,-0.0,-0.0
2045,1521991905,163012703,-0.0,-0.0
2046,1521991905,163012703,-0.0,-0.0
2047,1521991905,163012703,-0.0,-0.0
2048,1521991905,163012703,-0.0,-0.0
2049,1521991905,163012703,-0.0,-0.0
2050,1521991905,163012703,-0.0,-0.0
2051,1521991905,163012703,-0.0,-0.0
2052,1521991905,163012703,-0.0,-0.0
2053,1521991905,163012703,-0.0,-0.0
2054,1521991905,163012703,-0.0,-0.0
2055,1521991905,163012703,-0.0,-0.0
2056,1521991905,163012703,-0.0,-0.0
2057,1521991905,163012703,-0.0,-0.0
2058,1521991905,163012703,-0.0,-0.0
2059,1521991905,163012703,-0.0,-0.0
2060,1521991905,163012703,-0.0,-0.0
2061,1521991905,163012703,-0.0,-0.0
2062,1521991905,163012703,-0.0,-0.0
2063,1521991905,163012703,-0.0,-0.0
2064,1521991905,163012703,-0.0,-0.0
2065,1521991905,163012703,-0.0,-0.0
2066,1521991905,163012703,-0.0,-0.0
2067,1521991905,163012703,-0.0,-0.0
2068,1521991905,163012703,-0.0,-0.0
2069,1521991905,163012703,-0.0,-0.0
2070,1521991905,163012703,-0.0,-0.0
2071,1521991905,163012703,-0.0,-0.0
2072,1521991905,163012703,-0.0,-0.0
2073,1521991905,163012703,-0.0,-0.0
2074,1521991905,163012703,-0.0,-0.0
2075,1521991905,163012703,-0.0,-0.0
2076,1521991905,163012703,-0.0,-0.0
2077,1521991905,163012703,-0.0,-0.0
2078,1521991905,163012703,-0.0,-0.0
2079,1521991905,163012703,-0.0,-0.0
2080,1521991905,163012703,-0.0,-0.0
2081,1521991905,163012703,-0.0,-0.0
2082,1521991905,163012703,-0.0,-0.0
2083,1521991905,163012703,-0.0,-0.0
2084,1521991905,163012703,-0.0,-0.0
2085,1521991905,163012703,-0.0,-0.0
2086,1521991905,163012703,-0.0,-0.0
2087,1521991905,163012703,-0.0,-0.0
2088,1521991905,163012703,-0.0,-0.0
2089,1521991905,163012703,-0.0,-0.0
2090,1521991905,163012703,-0.0,-0.0
2091,1521991905,163012703,-0.0,-0.0
2092,1521991905,163012703,-0.0,-0.0
2093,1521991905,163012703,-0.0,-0.0
2094,1521991905,163012703,-0.0,-0.0
2095,1521991905,163012703,-0.0,-0.0
2096,1521991905,163012703,-0.0,-0.0
2097,1521991905,163012703,-0.0,-0.0
2098,1521991905,163012703,-0.0,-0.0
2099,1521991905,163012703,-0.0,-0.0
2100,1521991905,163012703,-0.0,-0.0
2101,1521991905,163012703,-0.0,-0.0
2102,1521991905,163012703,-0.0,-0.0
2103,1521991905,163012703,-0.0,-0.0
2104,1521991905,163012703,-0.0,-0.0
2105,1521991905,163012703,-0.0,-0.0
2106,1521991905,163012703,-0.0,-0.0
2107,1521991905,163012703,-0.0,-0.0
2108,1521991905,163012703,-0.0,-0.0
2109,1521991905,163012703,-0.0,-0.0
2110,1521991905,163012703,-0.0,-0.0
2111,1521991905,163012703,-0.0,-0.0
2112,1521991905,163012703,-0.0,-0.0
2113,1521991905,163012703,-0.0,-0.0
2114,1521991905,163012703,-0.0,-0.0
2115,1521991905,163012703,-0.0,-0.0
2116,1521991905,163012703,-0.0,-0.0
2117,1521991905,163012703,-0.0,-0.0
2118,1521991905,163012703,-0.0,-0.0
2119,1521991905,163012703,-0.0,-0.0
2120,1521991905,163012703,-0.0,-0.0
2121,1521991905,163012703,-0.0,-0.0
2122,1521991905,163012703,-0.0,-0.0
2123,1521991905,163012703,-0.0,-0.0
2124,1521991905,163012703,-0.0,-0.0
2125,1521991905,163012703,-0.0,-0.0
2126,1521991905,163012703,-0.0,-0.0
2127,1521991905,163012703,-0.0,-0.0
2128,1521991905,163012703,-0.0,-0.0
2129,1521991905,163012703,-0.0,-0.0
2130,1521991905,163012703,-0.0,-0.0
2131,1521991905,163012703,-0.0,-0.0
2132,1521991905,163012703,-0.0,-0.0
2133,1521991905,163012703,-0.0,-0.0
2134,1521991905,163012703,-0.0,-0.0
2135,1521991905,163012703,-0.0,-0.0
