413,1521992204,575188663,0.0,0.0,0.0,0.0,0.0,0.0
414,1521992204,585189518,0.0,0.0,0.0,0.0,0.0,0.0
415,1521992204,595181874,0.0,0.0,0.0,0.0,0.0,0.0
416,1521992204,605188822,0.0,0.0,0.0,0.0,0.0,0.0
417,1521992204,615187788,0.0,0.0,0.0,0.0,0.0,0.0
418,1521992204,625187445,0.0,0.0,0.0,0.0,0.0,0.0
419,1521992204,635187317,0.0,0.0,0.0,0.0,0.0,0.0
420,1521992204,645186859,0.0,0.0,0.0,0.0,0.0,0.0
421,1521992204,655187082,0.0,0.0,0.0,0.0,0.0,0.0
422,1521992204,665188133,0.0,0.0,0.0,0.0,0.0,0.0
423,1521992204,675187572,0.0,0.0,0.0,0.0,0.0,0.0
424,1521992204,685187914,0.0,0.0,0.0,0.0,0.0,0.0
425,1521992204,695186935,0.0,0.0,0.0,0.0,0.0,0.0
426,1521992204,705186594,0.0,0.0,0.0,0.0,0.0,0.0
427,1521992204,715181376,0.0,0.0,0.0,0.0,0.0,0.0
428,1521992204,725188695,0.0,0.0,0.0,0.0,0.0,0.0
429,1521992204,735187815,0.0,0.0,0.0,0.0,0.0,0.0
430,1521992204,745198568,0.0,0.0,0.0,0.0,0.0,0.0
431,1521992204,755187178,0.0,0.0,0.0,0.0,0.0,0.0
432,1521992204,765186373,0.0,0.0,0.0,0.0,0.0,0.0
433,1521992204,775185736,0.0,0.0,0.0,0.0,0.0,0.0
434,1521992204,785187792,0.0,0.0,0.0,0.0,0.0,0.0
435,1521992204,795187245,0.0,0.0,0.0,0.0,0.0,0.0
436,1521992204,805186969,0.0,0.0,0.0,0.0,0.0,0.0
437,1521992204,815193496,0.0,0.0,0.0,0.0,0.0,0.0
438,1521992204,825188412,0.0,0.0,0.0,0.0,0.0,0.0
439,1521992204,835185972,0.0,0.0,0.0,0.0,0.0,0.0
440,1521992204,845187391,0.0,0.0,0.0,0.0,0.0,0.0
441,1521992204,855188250,0.0,0.0,0.0,0.0,0.0,0.0
442,1521992204,865187809,0.0,0.0,0.0,0.0,0.0,0.0
443,1521992204,875186720,0.0,0.0,0.0,0.0,0.0,0.0
444,1521992204,885188370,0.0,0.0,0.0,0.0,0.0,0.0
445,1521992204,895187854,0.0,0.0,0.0,0.0,0.0,0.0
446,1521992204,905187337,0.0,0.0,0.0,0.0,0.0,0.0
447,1521992204,915187543,0.0,0.0,0.0,0.0,0.0,0.0
448,1521992204,925187087,0.0,0.0,0.0,0.0,0.0,0.0
449,1521992204,935187249,0.0,0.0,0.0,0.0,0.0,0.0
450,1521992204,945187906,0.0,0.0,0.0,0.0,0.0,0.0
451,1521992204,955188523,0.0,0.0,0.0,0.0,0.0,0.0
452,1521992204,965190132,0.0,0.0,0.0,0.0,0.0,0.0
453,1521992204,975187310,0.0,0.0,0.0,0.0,0.0,0.0
454,1521992204,985189379,0.0,0.0,0.0,0.0,0.0,0.0
455,1521992204,995186313,0.0,0.0,0.0,0.0,0.0,0.0
456,1521992205,5187814,0.0,0.0,0.0,0.0,0.0,0.0
457,1521992205,15188778,0.0,0.0,0.0,0.0,0.0,0.0
458,1521992205,25188000,0.0,0.0,0.0,0.0,0.0,0.0
459,1521992205,35186557,0.0,0.0,0.0,0.0,0.0,0.0
460,1521992205,45186980,0.0,0.0,0.0,0.0,0.0,0.0
461,1521992205,55186324,0.0,0.0,0.0,0.0,0.0,0.0
462,1521992205,65187276,0.0,0.0,0.0,0.0,0.0,0.0
463,1521992205,75187814,0.0,0.0,0.0,0.0,0.0,0.0
464,1521992205,85187535,0.0,0.0,0.0,0.0,0.0,0.0
465,1521992205,95186305,0.0,0.0,0.0,0.0,0.0,0.0
466,1521992205,105185844,0.0,0.0,0.0,0.0,0.0,0.0
467,1521992205,115186266,0.0,0.0,0.0,0.0,0.0,0.0
468,1521992205,125188405,0.0,0.0,0.0,0.0,0.0,0.0
469,1521992205,135211601,0.0,0.0,0.0,0.0,0.0,0.0
470,1521992205,145214115,0.0,0.0,0.0,0.0,0.0,0.0
471,1521992205,155187122,0.0,0.0,0.0,0.0,0.0,0.0
472,1521992205,165186023,0.0,0.0,0.0,0.0,0.0,0.0
473,1521992205,175188440,0.0,0.0,0.0,0.0,0.0,0.0
474,1521992205,185188085,0.0,0.0,0.0,0.0,0.0,0.0
475,1521992205,195187388,0.0,0.0,0.0,0.0,0.0,0.0
476,1521992205,205187120,0.0,0.0,0.0,0.0,0.0,0.0
477,1521992205,215186292,0.0,0.0,0.0,0.0,0.0,0.0
478,1521992205,225188167,0.0,0.0,0.0,0.0,0.0,0.0
479,1521992205,235187762,0.0,0.0,0.0,0.0,0.0,0.0
480,1521992205,245187955,0.0,0.0,0.0,0.0,0.0,0.0
481,1521992205,255187462,0.0,0.0,0.0,0.0,0.0,0.0
482,1521992205,265186720,0.0,0.0,0.0,0.0,0.0,0.0
483,1521992205,275186115,0.0,0.0,0.0,0.0,0.0,0.0
484,1521992205,285189137,0.0,0.0,0.0,0.0,0.0,0.0
485,1521992205,295187660,0.0,0.0,0.0,0.0,0.0,0.0
486,1521992205,305187830,0.0,0.0,0.0,0.0,0.0,0.0
487,1521992205,315186891,0.0,0.0,0.0,0.0,0.0,0.0
488,1521992205,325187028,0.0,0.0,0.0,0.0,0.0,0.0
489,1521992205,335186390,0.0,0.0,0.0,0.0,0.0,0.0
490,1521992205,345187927,0.0,0.0,0.0,0.0,0.0,0.0
491,1521992205,355187885,0.0,0.0,0.0,0.0,0.0,0.0
492,1521992205,365187820,0.0,0.0,0.0,0.0,0.0,0.0
493,1521992205,375189323,0.0,0.0,0.0,0.0,0.0,0.0
494,1521992205,385189239,0.0,0.0,0.0,0.0,0.0,0.0
495,1521992205,395188817,0.0,0.0,0.0,0.0,0.0,0.0
496,1521992205,405188465,0.0,0.0,0.0,0.0,0.0,0.0
497,1521992205,415186743,0.0,0.0,0.0,0.0,0.0,0.0
498,1521992205,425183263,0.0,0.0,0.0,0.0,0.0,0.0
499,1521992205,435188015,0.0,0.0,0.0,0.0,0.0,0.0
500,1521992205,445189584,0.0,0.0,0.0,0.0,0.0,0.0
501,1521992205,455188663,0.0,0.0,0.0,0.0,0.0,0.0
502,1521992205,465193897,0.0,0.0,0.0,0.0,0.0,0.0
503,1521992205,475191281,0.0,0.0,0.0,0.0,0.0,0.0
504,1521992205,485196388,0.0,0.0,0.0,0.0,0.0,0.0
505,1521992205,495189100,0.0,0.0,0.0,0.0,0.0,0.0
506,1521992205,505188653,0.0,0.0,0.0,0.0,0.0,0.0
507,1521992205,515189075,0.0,0.0,0.0,0.0,0.0,0.0
508,1521992205,525188329,0.0,0.0,0.0,0.0,0.0,0.0
509,1521992205,535187508,0.0,0.0,0.0,0.0,0.0,0.0
510,1521992205,545189606,0.0,0.0,0.0,0.0,0.0,0.0
511,1521992205,555186945,0.0,0.0,0.0,0.0,0.0,0.0
512,1521992205,565186483,0.0,0.0,0.0,0.0,0.0,0.0
513,1521992205,575185286,0.0,0.0,0.0,0.0,0.0,0.0
514,1521992205,585187246,0.0,0.0,0.0,0.0,0.0,0.0
515,1521992205,595187396,0.0,0.0,0.0,0.0,0.0,0.0
516,1521992205,605152979,0.0,0.0,0.0,0.0,0.0,0.0
517,1521992205,615186552,0.0,0.0,0.0,0.0,0.0,0.0
518,1521992205,625181158,0.0,0.0,0.0,0.0,0.0,0.0
519,1521992205,635188107,0.0,0.0,0.0,0.0,0.0,0.0
520,1521992205,645187533,0.0,0.0,0.0,0.0,0.0,0.0
521,1521992205,655186591,0.0,0.0,0.0,0.0,0.0,0.0
522,1521992205,665186988,0.0,0.0,0.0,0.0,0.0,0.0
523,1521992205,675186480,0.0,0.0,0.0,0.0,0.0,0.0
524,1521992205,685185873,0.0,0.0,0.0,0.0,0.0,0.0
525,1521992205,695187113,0.0,0.0,0.0,0.0,0.0,0.0
526,1521992205,705187426,0.0,0.0,0.0,0.0,0.0,0.0
527,1521992205,715186988,0.0,0.0,0.0,0.0,0.0,0.0
528,1521992205,725186204,0.0,0.0,0.0,0.0,0.0,0.0
529,1521992205,735188440,0.0,0.0,0.0,0.0,0.0,0.0
530,1521992205,745188300,0.0,0.0,0.0,0.0,0.0,0.0
531,1521992205,755187493,0.0,0.0,0.0,0.0,0.0,0.0
532,1521992205,765186895,0.0,0.0,0.0,0.0,0.0,0.0
533,1521992205,775186513,0.0,0.0,0.0,0.0,0.0,0.0
534,1521992205,785187001,0.0,0.0,0.0,0.0,0.0,0.0
535,1521992205,795185759,0.0,0.0,0.0,0.0,0.0,0.0
536,1521992205,805188282,0.0,0.0,0.0,0.0,0.0,0.0
537,1521992205,815187556,0.0,0.0,0.0,0.0,0.0,0.0
538,1521992205,825186809,0.0,0.0,0.0,0.0,0.0,0.0
539,1521992205,835186425,0.0,0.0,0.0,0.0,0.0,0.0
540,1521992205,845187031,0.0,0.0,0.0,0.0,0.0,0.0
541,1521992205,855188153,0.0,0.0,0.0,0.0,0.0,0.0
542,1521992205,865187870,0.0,0.0,0.0,0.0,0.0,0.0
543,1521992205,875184612,0.0,0.0,0.0,0.0,0.0,0.0
544,1521992205,885186278,0.0,0.0,0.0,0.0,0.0,0.0
545,1521992205,895186693,0.0,0.0,0.0,0.0,0.0,0.0
546,1521992205,905188574,0.0,0.0,0.0,0.0,0.0,0.0
547,1521992205,915187880,0.0,0.0,0.0,0.0,0.0,0.0
548,1521992205,925188443,0.0,0.0,0.0,0.0,0.0,0.0
549,1521992205,935187903,0.0,0.0,0.0,0.0,0.0,0.0
550,1521992205,945186816,0.0,0.0,0.0,0.0,0.0,0.0
551,1521992205,955186465,0.0,0.0,0.0,0.0,0.0,0.0
552,1521992205,965186322,0.0,0.0,0.0,0.0,0.0,0.0
553,1521992205,975153891,0.0,0.0,0.0,0.0,0.0,0.0
554,1521992205,985187677,0.0,0.0,0.0,0.0,0.0,0.0
555,1521992205,995187118,0.0,0.0,0.0,0.0,0.0,0.0
556,1521992206,5187147,0.0,0.0,0.0,0.0,0.0,0.0
557,1521992206,15186528,0.0,0.0,0.0,0.0,0.0,0.0
558,1521992206,25189071,0.0,0.0,0.0,0.0,0.0,0.0
559,1521992206,35188232,0.0,0.0,0.0,0.0,0.0,0.0
560,1521992206,45196358,0.0,0.0,0.0,0.0,0.0,0.0
561,1521992206,55187773,0.0,0.0,0.0,0.0,0.0,0.0
562,1521992206,65187365,0.0,0.0,0.0,0.0,0.0,0.0
563,1521992206,75186012,0.0,0.0,0.0,0.0,0.0,0.0
564,1521992206,85188374,0.0,0.0,0.0,0.0,0.0,0.0
565,1521992206,95187734,0.0,0.0,0.0,0.0,0.0,0.0
566,1521992206,105187038,0.0,0.0,0.0,0.0,0.0,0.0
567,1521992206,115186888,0.0,0.0,0.0,0.0,0.0,0.0
568,1521992206,125186085,0.0,0.0,0.0,0.0,0.0,0.0
569,1521992206,135185701,0.0,0.0,0.0,0.0,0.0,0.0
570,1521992206,145188393,0.0,0.0,0.0,0.0,0.0,0.0
571,1521992206,155211789,0.0,0.0,0.0,0.0,0.0,0.0
572,1521992206,165213169,0.0,0.0,0.0,0.0,0.0,0.0
573,1521992206,175206124,0.0,0.0,0.0,0.0,0.0,0.0
574,1521992206,185204281,0.0,0.0,0.0,0.0,0.0,0.0
575,1521992206,195186111,0.0,0.0,0.0,0.0,0.0,0.0
576,1521992206,205187775,0.0,0.0,0.0,0.0,0.0,0.0
577,1521992206,215185081,0.0,0.0,0.0,0.0,0.0,0.0
578,1521992206,225187101,0.0,0.0,0.0,0.0,0.0,0.0
579,1521992206,235186230,0.0,0.0,0.0,0.0,0.0,0.0
580,1521992206,245186235,0.0,0.0,0.0,0.0,0.0,0.0
581,1521992206,255188750,59.0,59.0,0.0,0.0,0.0,0.0
582,1521992206,265190734,59.0,59.0,0.0,0.0,0.0,0.0
583,1521992206,275190426,59.0,59.0,0.0,0.0,0.0,0.0
584,1521992206,285190131,81.0,81.0,0.0,0.0,0.0,0.0
585,1521992206,295186292,106.0,106.0,0.0,0.0,0.0,0.0
586,1521992206,305188033,106.0,106.0,0.0,0.0,0.0,0.0
587,1521992206,315187502,106.0,106.0,0.0,0.0,0.0,0.0
588,1521992206,325186843,135.0,135.0,0.0,0.0,0.0,0.0
589,1521992206,335187133,170.0,170.0,0.0,0.0,0.0,0.0
590,1521992206,345186645,170.0,170.0,0.0,0.0,0.0,0.0
591,1521992206,355185411,170.0,170.0,0.0,0.0,0.0,0.0
592,1521992206,365185197,210.0,210.0,0.0,0.0,0.0,0.0
593,1521992206,375185528,255.0,254.0,0.0,0.0,0.0,0.0
594,1521992206,385185945,255.0,254.0,0.0,0.0,0.0,0.0
595,1521992206,395187472,255.0,254.0,0.0,0.0,0.0,0.0
596,1521992206,405183979,304.0,288.0,0.0,0.0,0.0,0.0
597,1521992206,415184204,359.0,323.0,0.0,0.0,0.0,0.0
598,1521992206,425185679,359.0,323.0,0.0,0.0,0.0,0.0
599,1521992206,435186172,359.0,323.0,0.0,0.0,0.0,0.0
600,1521992206,445186011,400.0,333.0,0.0,0.0,0.0,0.0
601,1521992206,455186385,400.0,294.0,0.0,0.0,0.0,0.0
602,1521992206,465185111,400.0,294.0,0.0,0.0,0.0,0.0
603,1521992206,475185150,400.0,294.0,0.0,0.0,0.0,0.0
604,1521992206,485187091,400.0,258.0,0.0,0.0,0.0,0.0
605,1521992206,495186611,400.0,230.0,0.0,0.0,0.0,0.0
606,1521992206,505186038,400.0,230.0,0.0,0.0,0.0,0.0
607,1521992206,515186100,400.0,230.0,0.0,0.0,0.0,0.0
608,1521992206,525185942,400.0,213.0,0.0,0.0,0.0,0.0
609,1521992206,535209605,400.0,209.0,0.0,0.0,0.0,0.0
610,1521992206,545239995,400.0,209.0,0.0,0.0,0.0,0.0
611,1521992206,555207900,400.0,209.0,0.0,0.0,0.0,0.0
612,1521992206,565186711,400.0,207.0,0.0,0.0,0.0,0.0
613,1521992206,575186622,400.0,207.0,0.0,0.0,0.0,0.0
614,1521992206,585189974,400.0,207.0,0.0,0.0,0.0,0.0
615,1521992206,595187472,400.0,207.0,0.0,0.0,0.0,0.0
616,1521992206,605187603,400.0,206.0,0.0,0.0,0.0,0.0
617,1521992206,615192680,400.0,205.0,0.0,0.0,0.0,0.0
618,1521992206,625189777,400.0,205.0,0.0,0.0,0.0,0.0
619,1521992206,635188785,400.0,205.0,0.0,0.0,0.0,0.0
620,1521992206,645186717,400.0,205.0,0.0,0.0,0.0,0.0
621,1521992206,655187874,400.0,205.0,0.0,0.0,0.0,0.0
622,1521992206,665187177,400.0,205.0,0.0,0.0,0.0,0.0
623,1521992206,675186291,400.0,205.0,0.0,0.0,0.0,0.0
624,1521992206,685186510,400.0,205.0,0.0,0.0,0.0,0.0
625,1521992206,695186520,400.0,205.0,0.0,0.0,0.0,0.0
626,1521992206,705188026,400.0,205.0,0.0,0.0,0.0,0.0
627,1521992206,715187786,400.0,205.0,0.0,0.0,0.0,0.0
628,1521992206,725190332,400.0,206.0,0.0,0.0,0.0,0.0
629,1521992206,735186688,400.0,214.0,0.0,0.0,0.0,0.0
630,1521992206,745186531,400.0,214.0,0.0,0.0,0.0,0.0
631,1521992206,755186581,400.0,214.0,0.0,0.0,0.0,0.0
632,1521992206,765188174,400.0,225.0,0.0,0.0,0.0,0.0
633,1521992206,775187781,400.0,241.0,0.0,0.0,0.0,0.0
634,1521992206,785187732,400.0,241.0,0.0,0.0,0.0,0.0
635,1521992206,795187172,400.0,241.0,0.0,0.0,0.0,0.0
636,1521992206,805186448,400.0,258.0,0.0,0.0,0.0,0.0
637,1521992206,815187958,400.0,272.0,0.0,0.0,0.0,0.0
638,1521992206,825220972,400.0,272.0,0.0,0.0,0.0,0.0
639,1521992206,835223531,400.0,272.0,0.0,0.0,0.0,0.0
640,1521992206,845233735,400.0,281.0,0.0,0.0,0.0,0.0
641,1521992206,855257526,400.0,284.0,0.0,0.0,0.0,0.0
642,1521992206,865203058,400.0,284.0,0.0,0.0,0.0,0.0
643,1521992206,875208568,400.0,284.0,0.0,0.0,0.0,0.0
644,1521992206,885201173,400.0,287.0,0.0,0.0,0.0,0.0
645,1521992206,895200479,400.0,297.0,0.0,0.0,0.0,0.0
646,1521992206,905187584,400.0,297.0,0.0,0.0,0.0,0.0
647,1521992206,915186932,400.0,297.0,0.0,0.0,0.0,0.0
648,1521992206,925188918,400.0,307.0,0.0,0.0,0.0,0.0
649,1521992206,935188195,400.0,321.0,0.0,0.0,0.0,0.0
650,1521992206,945187449,400.0,321.0,0.0,0.0,0.0,0.0
651,1521992206,955187000,400.0,321.0,0.0,0.0,0.0,0.0
652,1521992206,965187037,400.0,339.0,0.0,0.0,0.0,0.0
653,1521992206,975187004,400.0,360.0,0.0,0.0,0.0,0.0
654,1521992206,985188631,400.0,360.0,0.0,0.0,0.0,0.0
655,1521992206,995188211,400.0,360.0,0.0,0.0,0.0,0.0
656,1521992207,5187647,400.0,383.0,0.0,0.0,0.0,0.0
657,1521992207,15187430,400.0,400.0,0.0,0.0,0.0,0.0
658,1521992207,25186579,400.0,400.0,0.0,0.0,0.0,0.0
659,1521992207,35188826,400.0,400.0,0.0,0.0,0.0,0.0
660,1521992207,45196643,400.0,400.0,0.0,0.0,0.0,0.0
661,1521992207,55188442,400.0,400.0,0.0,0.0,0.0,0.0
662,1521992207,65187386,400.0,400.0,0.0,0.0,0.0,0.0
663,1521992207,75186504,400.0,400.0,0.0,0.0,0.0,0.0
664,1521992207,85187556,400.0,400.0,0.0,0.0,0.0,0.0
665,1521992207,95186265,400.0,400.0,0.0,0.0,0.0,0.0
666,1521992207,105188035,400.0,400.0,0.0,0.0,0.0,0.0
667,1521992207,115187862,400.0,400.0,0.0,0.0,0.0,0.0
668,1521992207,125198831,400.0,400.0,0.0,0.0,0.0,0.0
669,1521992207,135196965,400.0,400.0,0.0,0.0,0.0,0.0
670,1521992207,145186307,400.0,400.0,0.0,0.0,0.0,0.0
671,1521992207,155185879,400.0,400.0,0.0,0.0,0.0,0.0
672,1521992207,165187304,400.0,400.0,0.0,0.0,0.0,0.0
673,1521992207,175186849,400.0,400.0,0.0,0.0,0.0,0.0
674,1521992207,185187186,400.0,400.0,0.0,0.0,0.0,0.0
675,1521992207,195186384,400.0,400.0,0.0,0.0,0.0,0.0
676,1521992207,205186402,400.0,400.0,0.0,0.0,0.0,0.0
677,1521992207,215213778,400.0,400.0,0.0,0.0,0.0,0.0
678,1521992207,225196900,400.0,400.0,0.0,0.0,0.0,0.0
679,1521992207,235187789,400.0,400.0,0.0,0.0,0.0,0.0
680,1521992207,245186757,400.0,400.0,0.0,0.0,0.0,0.0
681,1521992207,255186893,400.0,400.0,0.0,0.0,0.0,0.0
682,1521992207,265186505,400.0,400.0,0.0,0.0,0.0,0.0
683,1521992207,275187658,400.0,400.0,0.0,0.0,0.0,0.0
684,1521992207,285187264,400.0,400.0,0.0,0.0,0.0,0.0
685,1521992207,295205744,400.0,400.0,0.0,0.0,0.0,0.0
686,1521992207,305187362,400.0,400.0,0.0,0.0,0.0,0.0
687,1521992207,315186603,400.0,400.0,0.0,0.0,0.0,0.0
688,1521992207,325188067,400.0,400.0,0.0,0.0,0.0,0.0
689,1521992207,335187606,400.0,400.0,0.0,0.0,0.0,0.0
690,1521992207,345187065,400.0,400.0,0.0,0.0,0.0,0.0
691,1521992207,355187085,400.0,400.0,0.0,0.0,0.0,0.0
692,1521992207,365186695,400.0,400.0,0.0,0.0,0.0,0.0
693,1521992207,375185764,400.0,400.0,0.0,0.0,0.0,0.0
694,1521992207,385206892,400.0,400.0,0.0,0.0,0.0,0.0
695,1521992207,395187930,400.0,400.0,0.0,0.0,0.0,0.0
696,1521992207,405186619,400.0,400.0,0.0,0.0,0.0,0.0
697,1521992207,415186744,400.0,400.0,0.0,0.0,0.0,0.0
698,1521992207,425186406,400.0,400.0,0.0,0.0,0.0,0.0
699,1521992207,435186054,400.0,400.0,0.0,0.0,0.0,0.0
700,1521992207,445185583,400.0,400.0,0.0,0.0,0.0,0.0
701,1521992207,455187238,400.0,400.0,0.0,0.0,0.0,0.0
702,1521992207,465186265,400.0,400.0,0.0,0.0,0.0,0.0
703,1521992207,475186402,400.0,400.0,0.0,0.0,0.0,0.0
704,1521992207,485185825,400.0,400.0,0.0,0.0,0.0,0.0
705,1521992207,495189843,400.0,400.0,0.0,0.0,0.0,0.0
706,1521992207,505189499,400.0,400.0,0.0,0.0,0.0,0.0
707,1521992207,515187038,400.0,400.0,0.0,0.0,0.0,0.0
708,1521992207,525185934,400.0,400.0,0.0,0.0,0.0,0.0
709,1521992207,535220855,400.0,400.0,0.0,0.0,0.0,0.0
710,1521992207,545188114,400.0,400.0,0.0,0.0,0.0,0.0
711,1521992207,555187894,400.0,400.0,0.0,0.0,0.0,0.0
712,1521992207,565203194,400.0,400.0,0.0,0.0,0.0,0.0
713,1521992207,575186842,400.0,400.0,0.0,0.0,0.0,0.0
714,1521992207,585200200,400.0,400.0,0.0,0.0,0.0,0.0
715,1521992207,595186266,400.0,400.0,0.0,0.0,0.0,0.0
716,1521992207,605186432,398.0,400.0,0.0,0.0,0.0,0.0
717,1521992207,615187587,388.0,400.0,0.0,0.0,0.0,0.0
718,1521992207,625186891,388.0,400.0,0.0,0.0,0.0,0.0
719,1521992207,635186605,388.0,400.0,0.0,0.0,0.0,0.0
720,1521992207,645187101,376.0,400.0,0.0,0.0,0.0,0.0
721,1521992207,655186216,367.0,400.0,0.0,0.0,0.0,0.0
722,1521992207,665185674,367.0,400.0,0.0,0.0,0.0,0.0
723,1521992207,675187982,367.0,400.0,0.0,0.0,0.0,0.0
724,1521992207,685187293,364.0,400.0,0.0,0.0,0.0,0.0
725,1521992207,695186700,361.0,400.0,0.0,0.0,0.0,0.0
726,1521992207,705186472,361.0,400.0,0.0,0.0,0.0,0.0
727,1521992207,715188604,361.0,400.0,0.0,0.0,0.0,0.0
728,1521992207,725187674,359.0,400.0,0.0,0.0,0.0,0.0
729,1521992207,735187868,358.0,400.0,0.0,0.0,0.0,0.0
730,1521992207,745186801,358.0,400.0,0.0,0.0,0.0,0.0
731,1521992207,755186633,358.0,400.0,0.0,0.0,0.0,0.0
732,1521992207,765188911,358.0,400.0,0.0,0.0,0.0,0.0
733,1521992207,775185893,358.0,400.0,0.0,0.0,0.0,0.0
734,1521992207,785185686,358.0,400.0,0.0,0.0,0.0,0.0
735,1521992207,795187913,358.0,400.0,0.0,0.0,0.0,0.0
736,1521992207,805187270,358.0,400.0,0.0,0.0,0.0,0.0
737,1521992207,815190601,358.0,400.0,0.0,0.0,0.0,0.0
738,1521992207,825186755,358.0,400.0,0.0,0.0,0.0,0.0
739,1521992207,835188603,358.0,400.0,0.0,0.0,0.0,0.0
740,1521992207,845187902,358.0,400.0,0.0,0.0,0.0,0.0
741,1521992207,855187465,358.0,400.0,0.0,0.0,0.0,0.0
742,1521992207,865188502,358.0,400.0,0.0,0.0,0.0,0.0
743,1521992207,875188585,358.0,400.0,0.0,0.0,0.0,0.0
744,1521992207,885187521,358.0,400.0,0.0,0.0,0.0,0.0
745,1521992207,895185789,357.0,400.0,0.0,0.0,0.0,0.0
746,1521992207,905187716,357.0,400.0,0.0,0.0,0.0,0.0
747,1521992207,915187034,357.0,400.0,0.0,0.0,0.0,0.0
748,1521992207,925186617,357.0,400.0,0.0,0.0,0.0,0.0
749,1521992207,935185874,356.0,400.0,0.0,0.0,0.0,0.0
750,1521992207,945188421,356.0,400.0,0.0,0.0,0.0,0.0
751,1521992207,955187741,356.0,400.0,0.0,0.0,0.0,0.0
752,1521992207,965186990,352.0,400.0,0.0,0.0,0.0,0.0
753,1521992207,975187476,343.0,400.0,0.0,0.0,0.0,0.0
754,1521992207,985186974,343.0,400.0,0.0,0.0,0.0,0.0
755,1521992207,995186961,343.0,400.0,0.0,0.0,0.0,0.0
756,1521992208,5185367,335.0,400.0,0.0,0.0,0.0,0.0
757,1521992208,15187946,323.0,400.0,0.0,0.0,0.0,0.0
758,1521992208,25189153,323.0,400.0,0.0,0.0,0.0,0.0
759,1521992208,35188855,323.0,400.0,0.0,0.0,0.0,0.0
760,1521992208,45185666,310.0,400.0,0.0,0.0,0.0,0.0
761,1521992208,55185903,298.0,400.0,0.0,0.0,0.0,0.0
762,1521992208,65185580,298.0,400.0,0.0,0.0,0.0,0.0
763,1521992208,75187303,298.0,400.0,0.0,0.0,0.0,0.0
764,1521992208,85186197,289.0,400.0,0.0,0.0,0.0,0.0
765,1521992208,95186214,286.0,400.0,0.0,0.0,0.0,0.0
766,1521992208,105186312,286.0,400.0,0.0,0.0,0.0,0.0
767,1521992208,115185655,286.0,400.0,0.0,0.0,0.0,0.0
768,1521992208,125187415,283.0,400.0,0.0,0.0,0.0,0.0
769,1521992208,135186638,275.0,400.0,0.0,0.0,0.0,0.0
770,1521992208,145186518,275.0,400.0,0.0,0.0,0.0,0.0
771,1521992208,155185678,275.0,400.0,0.0,0.0,0.0,0.0
772,1521992208,165185631,273.0,400.0,0.0,0.0,0.0,0.0
773,1521992208,175185568,270.0,400.0,0.0,0.0,0.0,0.0
774,1521992208,185218225,270.0,400.0,0.0,0.0,0.0,0.0
775,1521992208,195213170,270.0,400.0,0.0,0.0,0.0,0.0
776,1521992208,205186047,267.0,400.0,0.0,0.0,0.0,0.0
777,1521992208,215185915,264.0,400.0,0.0,0.0,0.0,0.0
778,1521992208,225185794,264.0,400.0,0.0,0.0,0.0,0.0
779,1521992208,235185177,264.0,400.0,0.0,0.0,0.0,0.0
780,1521992208,245186750,263.0,400.0,0.0,0.0,0.0,0.0
781,1521992208,255186962,262.0,400.0,0.0,0.0,0.0,0.0
782,1521992208,265186186,262.0,400.0,0.0,0.0,0.0,0.0
783,1521992208,275185816,262.0,400.0,0.0,0.0,0.0,0.0
784,1521992208,285212291,259.0,400.0,0.0,0.0,0.0,0.0
785,1521992208,295206690,256.0,400.0,0.0,0.0,0.0,0.0
786,1521992208,305203680,256.0,400.0,0.0,0.0,0.0,0.0
787,1521992208,315196880,256.0,400.0,0.0,0.0,0.0,0.0
788,1521992208,325186249,245.0,400.0,0.0,0.0,0.0,0.0
789,1521992208,335185814,234.0,400.0,0.0,0.0,0.0,0.0
790,1521992208,345185188,234.0,400.0,0.0,0.0,0.0,0.0
791,1521992208,355186337,234.0,400.0,0.0,0.0,0.0,0.0
792,1521992208,365184665,223.0,400.0,0.0,0.0,0.0,0.0
793,1521992208,375186670,211.0,400.0,0.0,0.0,0.0,0.0
794,1521992208,385186853,211.0,400.0,0.0,0.0,0.0,0.0
795,1521992208,395185561,211.0,400.0,0.0,0.0,0.0,0.0
796,1521992208,405187075,201.0,400.0,0.0,0.0,0.0,0.0
797,1521992208,415191454,197.0,400.0,0.0,0.0,0.0,0.0
798,1521992208,425187030,197.0,400.0,0.0,0.0,0.0,0.0
799,1521992208,435186642,197.0,400.0,0.0,0.0,0.0,0.0
800,1521992208,445186027,190.0,400.0,0.0,0.0,0.0,0.0
801,1521992208,455188104,189.0,400.0,0.0,0.0,0.0,0.0
802,1521992208,465187433,189.0,400.0,0.0,0.0,0.0,0.0
803,1521992208,475186484,189.0,400.0,0.0,0.0,0.0,0.0
804,1521992208,485186230,189.0,400.0,0.0,0.0,0.0,0.0
805,1521992208,495186016,189.0,400.0,0.0,0.0,0.0,0.0
806,1521992208,505185521,189.0,400.0,0.0,0.0,0.0,0.0
807,1521992208,515185986,189.0,400.0,0.0,0.0,0.0,0.0
808,1521992208,525184473,188.0,400.0,0.0,0.0,0.0,0.0
809,1521992208,535185629,187.0,400.0,0.0,0.0,0.0,0.0
810,1521992208,545186070,187.0,400.0,0.0,0.0,0.0,0.0
811,1521992208,555185614,187.0,400.0,0.0,0.0,0.0,0.0
812,1521992208,565185968,187.0,400.0,0.0,0.0,0.0,0.0
813,1521992208,575185770,187.0,400.0,0.0,0.0,0.0,0.0
814,1521992208,585186486,187.0,400.0,0.0,0.0,0.0,0.0
815,1521992208,595186619,187.0,400.0,0.0,0.0,0.0,0.0
816,1521992208,605185088,187.0,400.0,0.0,0.0,0.0,0.0
817,1521992208,615185614,187.0,400.0,0.0,0.0,0.0,0.0
818,1521992208,625185439,187.0,400.0,0.0,0.0,0.0,0.0
819,1521992208,635187295,187.0,400.0,0.0,0.0,0.0,0.0
820,1521992208,645187141,187.0,400.0,0.0,0.0,0.0,0.0
821,1521992208,655186258,188.0,400.0,0.0,0.0,0.0,0.0
822,1521992208,665185245,188.0,400.0,0.0,0.0,0.0,0.0
823,1521992208,675185846,188.0,400.0,0.0,0.0,0.0,0.0
824,1521992208,685185624,196.0,400.0,0.0,0.0,0.0,0.0
825,1521992208,695187045,207.0,400.0,0.0,0.0,0.0,0.0
826,1521992208,705187072,207.0,400.0,0.0,0.0,0.0,0.0
827,1521992208,715186291,207.0,400.0,0.0,0.0,0.0,0.0
828,1521992208,725185954,221.0,400.0,0.0,0.0,0.0,0.0
829,1521992208,735184969,239.0,400.0,0.0,0.0,0.0,0.0
830,1521992208,745187303,239.0,400.0,0.0,0.0,0.0,0.0
831,1521992208,755187232,239.0,400.0,0.0,0.0,0.0,0.0
832,1521992208,765210821,256.0,400.0,0.0,0.0,0.0,0.0
833,1521992208,775187541,272.0,400.0,0.0,0.0,0.0,0.0
834,1521992208,785186059,272.0,400.0,0.0,0.0,0.0,0.0
835,1521992208,795187957,272.0,400.0,0.0,0.0,0.0,0.0
836,1521992208,805189433,286.0,400.0,0.0,0.0,0.0,0.0
837,1521992208,815187785,298.0,400.0,0.0,0.0,0.0,0.0
838,1521992208,825202977,298.0,400.0,0.0,0.0,0.0,0.0
839,1521992208,835186456,298.0,400.0,0.0,0.0,0.0,0.0
840,1521992208,845185762,310.0,400.0,0.0,0.0,0.0,0.0
841,1521992208,855185600,324.0,400.0,0.0,0.0,0.0,0.0
842,1521992208,865186512,324.0,400.0,0.0,0.0,0.0,0.0
843,1521992208,875187512,324.0,400.0,0.0,0.0,0.0,0.0
844,1521992208,885186892,339.0,400.0,0.0,0.0,0.0,0.0
845,1521992208,895222151,354.0,400.0,0.0,0.0,0.0,0.0
846,1521992208,905226431,354.0,400.0,0.0,0.0,0.0,0.0
847,1521992208,915218592,354.0,400.0,0.0,0.0,0.0,0.0
848,1521992208,925246630,371.0,400.0,0.0,0.0,0.0,0.0
849,1521992208,935222010,385.0,400.0,0.0,0.0,0.0,0.0
850,1521992208,945186968,385.0,400.0,0.0,0.0,0.0,0.0
851,1521992208,955186018,385.0,400.0,0.0,0.0,0.0,0.0
852,1521992208,965186138,397.0,400.0,0.0,0.0,0.0,0.0
853,1521992208,975185752,400.0,400.0,0.0,0.0,0.0,0.0
854,1521992208,985187241,400.0,400.0,0.0,0.0,0.0,0.0
855,1521992208,995187464,400.0,400.0,0.0,0.0,0.0,0.0
856,1521992209,5186313,400.0,400.0,0.0,0.0,0.0,0.0
857,1521992209,15194869,400.0,400.0,0.0,0.0,0.0,0.0
858,1521992209,25188018,400.0,400.0,0.0,0.0,0.0,0.0
859,1521992209,35185631,400.0,400.0,0.0,0.0,0.0,0.0
860,1521992209,45187366,400.0,400.0,0.0,0.0,0.0,0.0
861,1521992209,55187185,400.0,400.0,0.0,0.0,0.0,0.0
862,1521992209,65186801,400.0,400.0,0.0,0.0,0.0,0.0
863,1521992209,75186133,400.0,400.0,0.0,0.0,0.0,0.0
864,1521992209,85187564,400.0,400.0,0.0,0.0,0.0,0.0
865,1521992209,95187811,400.0,400.0,0.0,0.0,0.0,0.0
866,1521992209,105187145,400.0,400.0,0.0,0.0,0.0,0.0
867,1521992209,115186979,400.0,400.0,0.0,0.0,0.0,0.0
868,1521992209,125186491,400.0,400.0,0.0,0.0,0.0,0.0
869,1521992209,135185559,400.0,400.0,0.0,0.0,0.0,0.0
870,1521992209,145185441,400.0,400.0,0.0,0.0,0.0,0.0
871,1521992209,155187588,400.0,400.0,0.0,0.0,0.0,0.0
872,1521992209,165186987,400.0,400.0,0.0,0.0,0.0,0.0
873,1521992209,175186679,400.0,400.0,0.0,0.0,0.0,0.0
874,1521992209,185186400,400.0,400.0,0.0,0.0,0.0,0.0
875,1521992209,195229506,400.0,400.0,0.0,0.0,0.0,0.0
876,1521992209,205206815,400.0,400.0,0.0,0.0,0.0,0.0
877,1521992209,215190799,400.0,400.0,0.0,0.0,0.0,0.0
878,1521992209,225187733,400.0,400.0,0.0,0.0,0.0,0.0
879,1521992209,235186900,400.0,400.0,0.0,0.0,0.0,0.0
880,1521992209,245210165,400.0,400.0,0.0,0.0,0.0,0.0
881,1521992209,255211799,394.0,394.0,0.0,0.0,0.0,0.0
882,1521992209,265228056,394.0,394.0,0.0,0.0,0.0,0.0
883,1521992209,275229567,394.0,394.0,0.0,0.0,0.0,0.0
884,1521992209,285192116,356.0,356.0,0.0,0.0,0.0,0.0
885,1521992209,295191997,313.0,313.0,0.0,0.0,0.0,0.0
886,1521992209,305194661,313.0,313.0,0.0,0.0,0.0,0.0
887,1521992209,315190955,313.0,313.0,0.0,0.0,0.0,0.0
888,1521992209,325190259,265.0,265.0,0.0,0.0,0.0,0.0
889,1521992209,335194190,214.0,214.0,0.0,0.0,0.0,0.0
890,1521992209,345191993,214.0,214.0,0.0,0.0,0.0,0.0
891,1521992209,355189894,214.0,214.0,0.0,0.0,0.0,0.0
892,1521992209,365190321,157.0,157.0,0.0,0.0,0.0,0.0
893,1521992209,375189707,97.0,97.0,0.0,0.0,0.0,0.0
894,1521992209,385191197,97.0,97.0,0.0,0.0,0.0,0.0
895,1521992209,395190450,97.0,97.0,0.0,0.0,0.0,0.0
896,1521992209,405185592,0.0,0.0,0.0,0.0,0.0,0.0
897,1521992209,415187751,0.0,0.0,0.0,0.0,0.0,0.0
898,1521992209,425184745,0.0,0.0,0.0,0.0,0.0,0.0
899,1521992209,435188662,0.0,0.0,0.0,0.0,0.0,0.0
900,1521992209,445188991,0.0,0.0,0.0,0.0,0.0,0.0
901,1521992209,455188209,0.0,0.0,0.0,0.0,0.0,0.0
902,1521992209,465187916,0.0,0.0,0.0,0.0,0.0,0.0
903,1521992209,475188421,0.0,0.0,0.0,0.0,0.0,0.0
904,1521992209,485190232,0.0,0.0,0.0,0.0,0.0,0.0
905,1521992209,495189330,0.0,0.0,0.0,0.0,0.0,0.0
906,1521992209,505189571,0.0,0.0,0.0,0.0,0.0,0.0
907,1521992209,515189995,0.0,0.0,0.0,0.0,0.0,0.0
908,1521992209,525188359,0.0,0.0,0.0,0.0,0.0,0.0
909,1521992209,535188116,0.0,0.0,0.0,0.0,0.0,0.0
910,1521992209,545199409,0.0,0.0,0.0,0.0,0.0,0.0
911,1521992209,555189872,0.0,0.0,0.0,0.0,0.0,0.0
912,1521992209,565189130,0.0,0.0,0.0,0.0,0.0,0.0
913,1521992209,575213283,0.0,0.0,0.0,0.0,0.0,0.0
914,1521992209,585188298,0.0,0.0,0.0,0.0,0.0,0.0
915,1521992209,595187793,0.0,0.0,0.0,0.0,0.0,0.0
916,1521992209,605189412,0.0,0.0,0.0,0.0,0.0,0.0
917,1521992209,615189749,0.0,0.0,0.0,0.0,0.0,0.0
918,1521992209,625191151,0.0,0.0,0.0,0.0,0.0,0.0
919,1521992209,635187513,0.0,0.0,0.0,0.0,0.0,0.0
920,1521992209,645186952,0.0,0.0,0.0,0.0,0.0,0.0
921,1521992209,655189075,0.0,0.0,0.0,0.0,0.0,0.0
922,1521992209,665188282,0.0,0.0,0.0,0.0,0.0,0.0
923,1521992209,675187444,0.0,0.0,0.0,0.0,0.0,0.0
924,1521992209,685186664,0.0,0.0,0.0,0.0,0.0,0.0
925,1521992209,695187092,0.0,0.0,0.0,0.0,0.0,0.0
926,1521992209,705204596,0.0,0.0,0.0,0.0,0.0,0.0
927,1521992209,715187783,0.0,0.0,0.0,0.0,0.0,0.0
928,1521992209,725188078,0.0,0.0,0.0,0.0,0.0,0.0
929,1521992209,735187451,0.0,0.0,0.0,0.0,0.0,0.0
930,1521992209,745187430,0.0,0.0,0.0,0.0,0.0,0.0
931,1521992209,755186778,0.0,0.0,0.0,0.0,0.0,0.0
932,1521992209,765188471,0.0,0.0,0.0,0.0,0.0,0.0
933,1521992209,775185890,0.0,0.0,0.0,0.0,0.0,0.0
934,1521992209,785184608,0.0,0.0,0.0,0.0,0.0,0.0
935,1521992209,795183739,0.0,0.0,0.0,0.0,0.0,0.0
936,1521992209,805187881,0.0,0.0,0.0,0.0,0.0,0.0
937,1521992209,815186606,0.0,0.0,0.0,0.0,0.0,0.0
938,1521992209,825185807,0.0,0.0,0.0,0.0,0.0,0.0
939,1521992209,835185973,0.0,0.0,0.0,0.0,0.0,0.0
940,1521992209,845188223,0.0,0.0,0.0,0.0,0.0,0.0
941,1521992209,855187964,0.0,0.0,0.0,0.0,0.0,0.0
942,1521992209,865186792,0.0,0.0,0.0,0.0,0.0,0.0
943,1521992209,875186603,0.0,0.0,0.0,0.0,0.0,0.0
944,1521992209,885187861,0.0,0.0,0.0,0.0,0.0,0.0
945,1521992209,895188124,0.0,0.0,0.0,0.0,0.0,0.0
946,1521992209,905187653,0.0,0.0,0.0,0.0,0.0,0.0
947,1521992209,915186671,0.0,0.0,0.0,0.0,0.0,0.0
948,1521992209,925186764,0.0,0.0,0.0,0.0,0.0,0.0
949,1521992209,935186071,0.0,0.0,0.0,0.0,0.0,0.0
950,1521992209,945187884,0.0,0.0,0.0,0.0,0.0,0.0
951,1521992209,955187894,0.0,0.0,0.0,0.0,0.0,0.0
952,1521992209,965187793,0.0,0.0,0.0,0.0,0.0,0.0
953,1521992209,975185573,0.0,0.0,0.0,0.0,0.0,0.0
954,1521992209,985186361,0.0,0.0,0.0,0.0,0.0,0.0
955,1521992209,995188645,0.0,0.0,0.0,0.0,0.0,0.0
956,1521992210,5235858,0.0,0.0,0.0,0.0,0.0,0.0
957,1521992210,15223230,0.0,0.0,0.0,0.0,0.0,0.0
958,1521992210,25225244,0.0,0.0,0.0,0.0,0.0,0.0
959,1521992210,35222948,0.0,0.0,0.0,0.0,0.0,0.0
960,1521992210,45197140,0.0,0.0,0.0,0.0,0.0,0.0
961,1521992210,55195339,0.0,0.0,0.0,0.0,0.0,0.0
962,1521992210,65187950,0.0,0.0,0.0,0.0,0.0,0.0
963,1521992210,75187814,0.0,0.0,0.0,0.0,0.0,0.0
964,1521992210,85187216,0.0,0.0,0.0,0.0,0.0,0.0
965,1521992210,95181795,0.0,0.0,0.0,0.0,0.0,0.0
966,1521992210,105186311,0.0,0.0,0.0,0.0,0.0,0.0
967,1521992210,115185676,0.0,0.0,0.0,0.0,0.0,0.0
968,1521992210,125187658,0.0,0.0,0.0,0.0,0.0,0.0
969,1521992210,135187304,0.0,0.0,0.0,0.0,0.0,0.0
970,1521992210,145187128,0.0,0.0,0.0,0.0,0.0,0.0
971,1521992210,155186329,0.0,0.0,0.0,0.0,0.0,0.0
972,1521992210,165189321,0.0,0.0,0.0,0.0,0.0,0.0
973,1521992210,175188638,0.0,0.0,0.0,0.0,0.0,0.0
974,1521992210,185215810,0.0,0.0,0.0,0.0,0.0,0.0
975,1521992210,195218841,0.0,0.0,0.0,0.0,0.0,0.0
976,1521992210,205190879,0.0,0.0,0.0,0.0,0.0,0.0
977,1521992210,215184809,0.0,0.0,0.0,0.0,0.0,0.0
978,1521992210,225191579,0.0,0.0,0.0,0.0,0.0,0.0
979,1521992210,235188262,0.0,0.0,0.0,0.0,0.0,0.0
980,1521992210,245186925,0.0,0.0,0.0,0.0,0.0,0.0
981,1521992210,255198683,0.0,0.0,0.0,0.0,0.0,0.0
982,1521992210,265189550,0.0,0.0,0.0,0.0,0.0,0.0
983,1521992210,275189002,0.0,0.0,0.0,0.0,0.0,0.0
984,1521992210,285189195,0.0,0.0,0.0,0.0,0.0,0.0
985,1521992210,295187693,0.0,0.0,0.0,0.0,0.0,0.0
986,1521992210,305187488,0.0,0.0,0.0,0.0,0.0,0.0
987,1521992210,315190029,0.0,0.0,0.0,0.0,0.0,0.0
988,1521992210,325186787,0.0,0.0,0.0,0.0,0.0,0.0
989,1521992210,335186272,0.0,0.0,0.0,0.0,0.0,0.0
990,1521992210,345189676,0.0,0.0,0.0,0.0,0.0,0.0
991,1521992210,355186667,0.0,0.0,0.0,0.0,0.0,0.0
992,1521992210,365190389,0.0,0.0,0.0,0.0,0.0,0.0
993,1521992210,375269183,0.0,0.0,0.0,0.0,0.0,0.0
994,1521992210,385234409,0.0,0.0,0.0,0.0,0.0,0.0
995,1521992210,395188088,0.0,0.0,0.0,0.0,0.0,0.0
996,1521992210,405187591,0.0,0.0,0.0,0.0,0.0,0.0
997,1521992210,415187391,0.0,0.0,0.0,0.0,0.0,0.0
998,1521992210,425187880,0.0,0.0,0.0,0.0,0.0,0.0
999,1521992210,435186659,0.0,0.0,0.0,0.0,0.0,0.0
1000,1521992210,445215683,0.0,0.0,0.0,0.0,0.0,0.0
1001,1521992210,455187750,0.0,0.0,0.0,0.0,0.0,0.0
1002,1521992210,465188139,0.0,0.0,0.0,0.0,0.0,0.0
1003,1521992210,475187934,0.0,0.0,0.0,0.0,0.0,0.0
1004,1521992210,485186211,0.0,0.0,0.0,0.0,0.0,0.0
1005,1521992210,495186296,0.0,0.0,0.0,0.0,0.0,0.0
1006,1521992210,505185933,0.0,0.0,0.0,0.0,0.0,0.0
1007,1521992210,515224275,0.0,0.0,0.0,0.0,0.0,0.0
