1,1521992712,148276759,0.0,0.0
2,1521992712,151607390,0.0,0.0
3,1521992712,154939546,0.0,0.0
4,1521992712,158271994,0.0,0.0
5,1521992712,161605803,0.0,0.0
6,1521992712,164938942,0.0,0.0
7,1521992712,168271824,0.0,0.0
8,1521992712,171616959,0.0,0.0
9,1521992712,174939320,0.0,0.0
10,1521992712,178273486,0.0,0.0
11,1521992712,181605954,0.0,0.0
12,1521992712,184939446,0.0,0.0
13,1521992712,188271999,0.0,0.0
14,1521992712,191603872,0.0,0.0
15,1521992712,194939291,0.0,0.0
16,1521992712,198271395,0.0,0.0
17,1521992712,201605793,0.0,0.0
18,1521992712,204938976,0.0,0.0
19,1521992712,208272135,0.0,0.0
20,1521992712,211605870,0.0,0.0
21,1521992712,214940321,0.0,0.0
22,1521992712,218271822,0.0,0.0
23,1521992712,221604680,0.0,0.0
24,1521992712,224938134,0.0,0.0
25,1521992712,228271514,0.0,0.0
26,1521992712,231604088,0.0,0.0
27,1521992712,234937096,0.0,0.0
28,1521992712,238270989,0.0,0.0
29,1521992712,241603349,0.0,0.0
30,1521992712,244937147,0.0,0.0
31,1521992712,248271075,0.0,0.0
32,1521992712,251603942,0.0,0.0
33,1521992712,254937291,0.0,0.0
34,1521992712,258270999,0.0,0.0
35,1521992712,261604009,0.0,0.0
36,1521992712,264937530,0.0,0.0
37,1521992712,268271120,0.0,0.0
38,1521992712,271604466,0.0,0.0
39,1521992712,274937767,0.0,0.0
40,1521992712,278270964,0.0,0.0
41,1521992712,281603866,0.0,0.0
42,1521992712,284937405,0.0,0.0
43,1521992712,288270724,0.0,0.0
44,1521992712,291604214,0.0,0.0
45,1521992712,294937865,0.0,0.0
46,1521992712,298270449,0.0,0.0
47,1521992712,301604276,0.0,0.0
48,1521992712,304937587,0.0,0.0
49,1521992712,308270797,0.0,0.0
50,1521992712,311604103,0.0,0.0
51,1521992712,314938377,0.0,0.0
52,1521992712,318270624,0.0,0.0
53,1521992712,321604285,0.0,0.0
54,1521992712,324937213,0.0,0.0
55,1521992712,328270477,0.0,0.0
56,1521992712,331603982,0.0,0.0
57,1521992712,334938355,0.0,0.0
58,1521992712,338269993,0.0,0.0
59,1521992712,341602976,0.0,0.0
60,1521992712,344937297,0.0,0.0
61,1521992712,348284972,0.0,0.0
62,1521992712,351607129,0.0,0.0
63,1521992712,354939092,0.0,0.0
64,1521992712,358273506,0.0,0.0
65,1521992712,361607263,0.0,0.0
66,1521992712,364940094,0.0,0.0
67,1521992712,368271299,0.0,0.0
68,1521992712,371604373,0.0,0.0
69,1521992712,374938783,0.0,0.0
70,1521992712,378271332,0.0,0.0
71,1521992712,381603879,0.0,0.0
72,1521992712,384937188,0.0,0.0
73,1521992712,388271120,0.0,0.0
74,1521992712,391603195,0.0,0.0
75,1521992712,394938299,0.0,0.0
76,1521992712,398270882,0.0,0.0
77,1521992712,401604126,0.0,0.0
78,1521992712,404937282,0.0,0.0
79,1521992712,408270575,0.0,0.0
80,1521992712,411604340,0.0,0.0
81,1521992712,414938289,0.0,0.0
82,1521992712,418271341,0.0,0.0
83,1521992712,421604042,0.0,0.0
84,1521992712,424936500,0.0,0.0
85,1521992712,428270840,0.0,0.0
86,1521992712,431603937,0.0,0.0
87,1521992712,434938510,0.0,0.0
88,1521992712,438271517,0.0,0.0
89,1521992712,441603083,0.0,0.0
90,1521992712,444937143,0.0,0.0
91,1521992712,448280987,0.0,0.0
92,1521992712,451604636,0.0,0.0
93,1521992712,454938714,0.0,0.0
94,1521992712,458270899,0.0,0.0
95,1521992712,461604570,0.0,0.0
96,1521992712,464937424,0.0,0.0
97,1521992712,468271280,0.0,0.0
98,1521992712,471603876,0.0,0.0
99,1521992712,474937440,0.0,0.0
100,1521992712,478271242,0.0,0.0
101,1521992712,481604522,0.0,0.0
102,1521992712,484937466,0.0,0.0
103,1521992712,488270154,0.0,0.0
104,1521992712,491603477,0.0,0.0
105,1521992712,494936846,0.0,0.0
106,1521992712,498270449,0.0,0.0
107,1521992712,501603786,0.0,0.0
108,1521992712,504937003,0.0,0.0
109,1521992712,508271203,0.0,0.0
110,1521992712,511603843,0.0,0.0
111,1521992712,514946724,0.0,0.0
112,1521992712,518271263,0.0,0.0
113,1521992712,521604068,0.0,0.0
114,1521992712,524937433,0.0,0.0
115,1521992712,528271294,0.0,0.0
116,1521992712,531603690,0.0,0.0
117,1521992712,534937119,0.0,0.0
118,1521992712,538270713,0.0,0.0
119,1521992712,541595085,0.0,0.0
120,1521992712,544937384,0.0,0.0
121,1521992712,548270732,0.0,0.0
122,1521992712,551603979,0.0,0.0
123,1521992712,554938323,0.0,0.0
124,1521992712,558270381,0.0,0.0
125,1521992712,561604492,0.0,0.0
126,1521992712,564937847,0.0,0.0
127,1521992712,568270638,0.0,0.0
128,1521992712,571606489,0.0,0.0
129,1521992712,574939908,0.0,0.0
130,1521992712,578274020,0.0,0.0
131,1521992712,581608841,0.0,0.0
132,1521992712,584941129,0.0,0.0
133,1521992712,588271001,0.0,0.0
134,1521992712,591605271,0.0,0.0
135,1521992712,594939035,0.0,0.0
136,1521992712,598270749,0.0,0.0
137,1521992712,601616584,0.0,0.0
138,1521992712,604937121,0.0,0.0
139,1521992712,608272113,0.0,0.0
140,1521992712,611604555,0.0,0.0
141,1521992712,614936857,0.0,0.0
142,1521992712,618271060,0.0,0.0
143,1521992712,621603680,0.0,0.0
144,1521992712,624936857,0.0,0.0
145,1521992712,628270541,0.0,0.0
146,1521992712,631613854,0.0,0.0
147,1521992712,634946907,0.0,0.0
148,1521992712,638270789,0.0,0.0
149,1521992712,641604109,0.0,0.0
150,1521992712,644937562,0.0,0.0
151,1521992712,648270076,0.0,0.0
152,1521992712,651604250,0.0,0.0
153,1521992712,654937503,0.0,0.0
154,1521992712,658270696,0.0,0.0
155,1521992712,661603815,0.0,0.0
156,1521992712,664937593,0.0,0.0
157,1521992712,668270817,0.0,0.0
158,1521992712,671603320,0.0,0.0
159,1521992712,674937881,0.0,0.0
160,1521992712,678270914,0.0,0.0
161,1521992712,681603854,0.0,0.0
162,1521992712,684937505,0.0,0.0
163,1521992712,688271331,0.0,0.0
164,1521992712,691604421,0.0,0.0
165,1521992712,694938790,0.0,0.0
166,1521992712,698270285,0.0,0.0
167,1521992712,701613700,0.0,0.0
168,1521992712,704937997,0.0,0.0
169,1521992712,708271055,0.0,0.0
170,1521992712,711604108,0.0,0.0
171,1521992712,714938263,0.0,0.0
172,1521992712,718270982,0.0,0.0
173,1521992712,721604025,0.0,0.0
174,1521992712,724937987,0.0,0.0
175,1521992712,728270426,0.0,0.0
176,1521992712,731603908,0.0,0.0
177,1521992712,734937969,0.0,0.0
178,1521992712,738251469,0.0,0.0
179,1521992712,741604176,0.0,0.0
180,1521992712,744937850,0.0,0.0
181,1521992712,748270387,0.0,0.0
182,1521992712,751603892,0.0,0.0
183,1521992712,754937347,0.0,0.0
184,1521992712,758270955,0.0,0.0
185,1521992712,761606674,0.0,0.0
186,1521992712,764940283,0.0,0.0
187,1521992712,768271096,0.0,0.0
188,1521992712,771603768,0.0,0.0
189,1521992712,774936662,0.0,0.0
190,1521992712,778270834,0.0,0.0
191,1521992712,781603906,0.0,0.0
192,1521992712,784937209,0.0,0.0
193,1521992712,788270699,0.0,0.0
194,1521992712,791603911,0.0,0.0
195,1521992712,794938106,0.0,0.0
196,1521992712,798271052,0.0,0.0
197,1521992712,801604068,0.0,0.0
198,1521992712,804937733,0.0,0.0
199,1521992712,808270700,0.0,0.0
200,1521992712,811604061,0.0,0.0
201,1521992712,814938223,0.0,0.0
202,1521992712,818270957,0.0,0.0
203,1521992712,821603944,0.0,0.0
204,1521992712,824937595,0.0,0.0
205,1521992712,828270485,0.0,0.0
206,1521992712,831604017,0.0,0.0
207,1521992712,834950418,0.0,0.0
208,1521992712,838270885,0.0,0.0
209,1521992712,841603885,0.0,0.0
210,1521992712,844937102,0.0,0.0
211,1521992712,848270415,0.0,0.0
212,1521992712,851603668,0.0,0.0
213,1521992712,854938094,0.0,0.0
214,1521992712,858270549,0.0,0.0
215,1521992712,861603976,0.0,0.0
216,1521992712,864937450,0.0,0.0
217,1521992712,868279955,0.0,0.0
218,1521992712,871603864,0.0,0.0
219,1521992712,874937754,0.0,0.0
220,1521992712,878271170,0.0,0.0
221,1521992712,881604214,0.0,0.0
222,1521992712,884937907,0.0,0.0
223,1521992712,888270276,0.0,0.0
224,1521992712,891603942,0.0,0.0
225,1521992712,894938489,0.0,0.0
226,1521992712,898270589,0.0,0.0
227,1521992712,901613652,0.0,0.0
228,1521992712,904938081,0.0,0.0
229,1521992712,908270027,0.0,0.0
230,1521992712,911603753,0.0,0.0
231,1521992712,914938160,0.0,0.0
232,1521992712,918269999,0.0,0.0
233,1521992712,921604805,0.0,0.0
234,1521992712,924941941,0.0,0.0
235,1521992712,928274769,0.0,0.0
236,1521992712,931607313,0.0,0.0
237,1521992712,934948064,0.0,0.0
238,1521992712,938271090,0.0,0.0
239,1521992712,941604731,0.0,0.0
240,1521992712,944937921,0.0,0.0
241,1521992712,948271137,0.0,0.0
242,1521992712,951603091,0.0,0.0
243,1521992712,954938023,0.0,0.0
244,1521992712,958270485,0.0,0.0
245,1521992712,961605277,0.0,0.0
246,1521992712,964938094,0.0,0.0
247,1521992712,968280990,0.0,0.0
248,1521992712,971604020,0.0,0.0
249,1521992712,974937463,0.0,0.0
250,1521992712,978270871,0.0,0.0
251,1521992712,981604023,0.0,0.0
252,1521992712,984937422,0.0,0.0
253,1521992712,988270653,0.0,0.0
254,1521992712,991604297,0.0,0.0
255,1521992712,994938106,0.0,0.0
256,1521992712,998269771,0.0,0.0
257,1521992713,1603695,0.0,0.0
258,1521992713,4937023,0.0,0.0
259,1521992713,8270582,0.0,0.0
260,1521992713,11603724,0.0,0.0
261,1521992713,14936678,0.0,0.0
262,1521992713,18270787,0.0,0.0
263,1521992713,21603437,0.0,0.0
264,1521992713,24940504,0.0,0.0
265,1521992713,28271332,0.0,0.0
266,1521992713,31613550,0.0,0.0
267,1521992713,34937670,0.0,0.0
268,1521992713,38295603,0.0,0.0
269,1521992713,41605373,0.0,0.0
270,1521992713,44939648,0.0,0.0
271,1521992713,48271370,0.0,0.0
272,1521992713,51603849,0.0,0.0
273,1521992713,54937600,0.0,0.0
274,1521992713,58270983,0.0,0.0
275,1521992713,61603979,0.0,0.0
276,1521992713,64937507,0.0,0.0
277,1521992713,68270721,0.0,0.0
278,1521992713,71603879,0.0,0.0
279,1521992713,74937121,0.0,0.0
280,1521992713,78270898,0.0,0.0
281,1521992713,81603853,0.0,0.0
282,1521992713,84937484,0.0,0.0
283,1521992713,88270495,0.0,0.0
284,1521992713,91603996,0.0,0.0
285,1521992713,94937763,0.0,0.0
286,1521992713,98270443,0.0,0.0
287,1521992713,101604401,0.0,0.0
288,1521992713,104937395,0.0,0.0
289,1521992713,108270441,0.0,0.0
290,1521992713,111603763,0.0,0.0
291,1521992713,114938449,0.0,0.0
292,1521992713,118270611,0.0,0.0
293,1521992713,121603550,0.0,0.0
294,1521992713,124911917,0.0,0.0
295,1521992713,128271781,0.0,0.0
296,1521992713,131604896,0.0,0.0
297,1521992713,134938219,0.0,0.0
298,1521992713,138281397,0.0,0.0
299,1521992713,141603761,0.0,0.0
300,1521992713,144937769,0.0,0.0
301,1521992713,148270780,0.0,0.0
302,1521992713,151603476,0.0,0.0
303,1521992713,154953926,0.0,0.0
304,1521992713,158273780,0.0,0.0
305,1521992713,161607209,0.0,0.0
306,1521992713,164952127,0.0,0.0
307,1521992713,168270243,0.0,0.0
308,1521992713,171603205,0.0,0.0
309,1521992713,174938442,0.0,0.0
310,1521992713,178271047,0.0,0.0
311,1521992713,181604026,0.0,0.0
312,1521992713,184937487,0.0,0.0
313,1521992713,188270527,0.0,0.0
314,1521992713,191604127,0.0,0.0
315,1521992713,194938581,0.0,0.0
316,1521992713,198270771,0.0,0.0
317,1521992713,201604000,0.0,0.0
318,1521992713,204936898,0.0,0.0
319,1521992713,208270585,0.0,0.0
320,1521992713,211603754,0.0,0.0
321,1521992713,214938185,0.0,0.0
322,1521992713,218270690,0.0,0.0
323,1521992713,221603941,0.0,0.0
324,1521992713,224937497,0.0,0.0
325,1521992713,228270290,0.0,0.0
326,1521992713,231603542,0.0,0.0
327,1521992713,234936954,0.0,0.0
328,1521992713,238270866,0.0,0.0
329,1521992713,241603810,0.0,0.0
330,1521992713,244937187,0.0,0.0
331,1521992713,248270400,0.0,0.0
332,1521992713,251603230,0.0,0.0
333,1521992713,254948223,0.0,0.0
334,1521992713,258270551,0.0,0.0
335,1521992713,261603852,0.0,0.0
336,1521992713,264937527,0.0,0.0
337,1521992713,268270105,0.0,0.0
338,1521992713,271603390,0.0,0.0
339,1521992713,274937210,0.0,0.0
340,1521992713,278270125,0.0,0.0
341,1521992713,281604585,0.0,0.0
342,1521992713,284937362,0.0,0.0
343,1521992713,288269853,0.0,0.0
344,1521992713,291603974,0.0,0.0
345,1521992713,294937251,0.0,0.0
346,1521992713,298271014,0.0,0.0
347,1521992713,301603753,0.0,0.0
348,1521992713,304936755,0.0,0.0
349,1521992713,308270937,0.0,0.0
350,1521992713,311604285,0.0,0.0
351,1521992713,314937787,0.0,0.0
352,1521992713,318270488,0.0,0.0
353,1521992713,321604049,0.0,0.0
354,1521992713,324937323,0.0,0.0
355,1521992713,328271057,0.0,0.0
356,1521992713,331604072,0.0,0.0
357,1521992713,334962436,0.0,0.0
358,1521992713,338274047,0.0,0.0
359,1521992713,342504020,0.0,0.0
360,1521992713,344941787,0.0,0.0
361,1521992713,348273398,0.0,0.0
362,1521992713,351614732,0.0,0.0
363,1521992713,354938805,0.0,0.0
364,1521992713,358270896,0.0,0.0
365,1521992713,361607085,0.0,0.0
366,1521992713,364937931,0.0,0.0
367,1521992713,368270418,0.0,0.0
368,1521992713,371604177,0.0,0.0
369,1521992713,374947695,0.0,0.0
370,1521992713,378270434,0.0,0.0
371,1521992713,381604022,0.0,0.0
372,1521992713,384937406,0.0,0.0
373,1521992713,388270819,0.0,0.0
374,1521992713,391604049,0.0,0.0
375,1521992713,394938238,0.0,0.0
376,1521992713,398270431,0.0,0.0
377,1521992713,401603776,0.0,0.0
378,1521992713,404937150,0.0,0.0
379,1521992713,408271111,0.0,0.0
380,1521992713,411604444,0.0,0.0
381,1521992713,414938527,0.0,0.0
382,1521992713,418270096,0.0,0.0
383,1521992713,421591518,0.0,0.0
384,1521992713,424937576,0.0,0.0
385,1521992713,428270732,0.0,0.0
386,1521992713,431605348,0.0,0.0
387,1521992713,434938599,0.0,0.0
388,1521992713,438273071,0.0,0.0
389,1521992713,441604647,0.0,0.0
390,1521992713,444936714,0.0,0.0
391,1521992713,448271309,0.0,0.0
392,1521992713,451614083,0.0,0.0
393,1521992713,454937328,0.0,0.0
394,1521992713,458271960,0.0,0.0
395,1521992713,461604354,0.0,0.0
396,1521992713,464937601,0.0,0.0
397,1521992713,468270536,0.0,0.0
398,1521992713,471604495,0.0,0.0
399,1521992713,474938211,0.0,0.0
400,1521992713,478271859,0.0,0.0
401,1521992713,481604650,0.0,0.0
402,1521992713,484937443,0.0,0.0
403,1521992713,488270687,0.0,0.0
404,1521992713,491604527,0.0,0.0
405,1521992713,494938394,0.0,0.0
406,1521992713,498270662,0.0,0.0
407,1521992713,501603948,0.0,0.0
408,1521992713,504937620,0.0,0.0
409,1521992713,508271146,0.0,0.0
410,1521992713,511604465,0.0,0.0
411,1521992713,514938563,0.0,0.0
412,1521992713,518279134,0.0,0.0
413,1521992713,521574424,0.0,0.0
414,1521992713,524936549,0.0,0.0
415,1521992713,528285225,0.0,0.0
416,1521992713,531604414,0.0,0.0
417,1521992713,534937136,0.0,0.0
418,1521992713,538270644,0.0,0.0
419,1521992713,541615113,0.0,0.0
420,1521992713,544937809,0.0,0.0
421,1521992713,548270727,0.0,0.0
422,1521992713,551613832,0.0,0.0
423,1521992713,554944028,0.0,0.0
424,1521992713,558270117,0.0,0.0
425,1521992713,561603299,0.0,0.0
426,1521992713,564937109,0.0,0.0
427,1521992713,568271108,0.0,0.0
428,1521992713,571603915,0.0,0.0
429,1521992713,574936446,0.0,0.0
430,1521992713,578270871,0.0,0.0
431,1521992713,581604382,0.0,0.0
432,1521992713,584937547,0.0,0.0
433,1521992713,588271007,0.0,0.0
434,1521992713,591603479,0.0,0.0
435,1521992713,594937484,0.0,0.0
436,1521992713,598270532,0.0,0.0
437,1521992713,601604120,0.0,0.0
438,1521992713,604937476,0.0,0.0
439,1521992713,608270981,0.0,0.0
440,1521992713,611604570,0.0,0.0
441,1521992713,614938885,0.0,0.0
442,1521992713,618271243,0.0,0.0
443,1521992713,621603406,0.0,0.0
444,1521992713,624937613,0.0,0.0
445,1521992713,628270607,0.0,0.0
446,1521992713,631602974,0.0,0.0
447,1521992713,634937507,0.0,0.0
448,1521992713,638271317,0.0,0.0
449,1521992713,641604754,0.0,0.0
450,1521992713,644937044,0.0,0.0
451,1521992713,648271015,0.0,0.0
452,1521992713,651603007,0.0,0.0
453,1521992713,654937125,0.0,0.0
454,1521992713,658270884,0.0,0.0
455,1521992713,661603244,0.0,0.0
456,1521992713,664937666,0.0,0.0
457,1521992713,668270919,0.0,0.0
458,1521992713,671604263,0.0,0.0
459,1521992713,674937724,0.0,0.0
460,1521992713,678271384,0.0,0.0
461,1521992713,681604512,0.0,0.0
462,1521992713,684936980,0.0,0.0
463,1521992713,688270704,0.0,0.0
464,1521992713,691604427,0.0,0.0
465,1521992713,694938326,0.0,0.0
466,1521992713,698270340,0.0,0.0
467,1521992713,701603632,0.0,0.0
468,1521992713,704936984,0.0,0.0
469,1521992713,708270214,0.0,0.0
470,1521992713,711604051,0.0,0.0
471,1521992713,714938467,0.0,0.0
472,1521992713,718270835,0.0,0.0
473,1521992713,721604111,0.0,0.0
474,1521992713,724937617,0.0,0.0
475,1521992713,728270683,0.0,0.0
476,1521992713,731567659,0.0,0.0
477,1521992713,734937582,0.0,0.0
478,1521992713,738271376,0.0,0.0
479,1521992713,741604193,0.0,0.0
480,1521992713,744937384,0.0,0.0
481,1521992713,748269738,0.0,0.0
482,1521992713,751614407,0.0,0.0
483,1521992713,754937814,0.0,0.0
484,1521992713,758271012,0.0,0.0
485,1521992713,761614642,0.0,0.0
486,1521992713,764937320,0.0,0.0
487,1521992713,768270764,0.0,0.0
488,1521992713,771604261,0.0,0.0
489,1521992713,774937660,0.0,0.0
490,1521992713,778281271,0.0,0.0
491,1521992713,781603973,0.0,0.0
492,1521992713,784937454,0.0,0.0
493,1521992713,788269944,0.0,0.0
494,1521992713,791603281,0.0,0.0
495,1521992713,794936742,0.0,0.0
496,1521992713,798270206,0.0,0.0
497,1521992713,801604081,0.0,0.0
498,1521992713,804938191,0.0,0.0
499,1521992713,808271332,0.0,0.0
500,1521992713,811604050,0.0,0.0
501,1521992713,814937440,0.0,0.0
502,1521992713,818271106,0.0,0.0
503,1521992713,821603544,0.0,0.0
504,1521992713,824937386,0.0,0.0
505,1521992713,828270317,0.0,0.0
506,1521992713,831603737,0.0,0.0
507,1521992713,834938928,0.0,0.0
508,1521992713,838270949,0.0,0.0
509,1521992713,841604258,0.0,0.0
510,1521992713,844947735,0.0,0.0
511,1521992713,848271137,0.0,0.0
512,1521992713,851603978,0.0,0.0
513,1521992713,854937635,0.0,0.0
514,1521992713,858271378,0.0,0.0
515,1521992713,861603876,0.0,0.0
516,1521992713,864936626,0.0,0.0
517,1521992713,868272017,0.0,0.0
518,1521992713,871606183,0.0,0.0
519,1521992713,874937588,0.0,0.0
520,1521992713,878270882,0.0,0.0
521,1521992713,881608194,0.0,0.0
522,1521992713,884942064,0.0,0.0
523,1521992713,888271534,0.0,0.0
524,1521992713,891604163,0.0,0.0
525,1521992713,894938482,0.0,0.0
526,1521992713,898270397,0.0,0.0
527,1521992713,901604776,0.0,0.0
528,1521992713,904938433,0.0,0.0
529,1521992713,908271546,0.0,0.0
530,1521992713,911604521,0.0,0.0
531,1521992713,914938456,0.0,0.0
532,1521992713,918270999,0.0,0.0
533,1521992713,921603948,0.000352528721395,0.0
534,1521992713,924937013,0.000352503504748,0.0
535,1521992713,928270701,0.000704855752897,0.0
536,1521992713,931603861,0.000705007009496,0.00175528546034
537,1521992713,934936920,0.00105751051424,0.00280845673654
538,1521992713,938270897,0.00211456725869,0.00491374483726
539,1521992713,941604352,0.00281962465821,0.00702013752982
540,1521992713,944937634,0.00352478291709,0.00912683154456
541,1521992713,948270116,0.00352579165513,0.0108851057137
542,1521992713,951604211,0.00352402674226,0.0136873103359
543,1521992713,954937078,0.00211517232837,0.015798699236
544,1521992713,958270408,0.000704956583417,0.0179026311066
545,1521992713,961603912,0.000704906164551,0.0196563850835
546,1521992713,964937371,0.000704906164551,0.0217624263424
547,1521992713,968271452,0.0014096106969,0.023865053919
548,1521992713,971604213,0.00246787759155,0.025630834507
549,1521992713,974936601,0.00282063332411,0.0280905953901
550,1521992713,978270454,0.00317162406803,0.0294803607234
551,1521992713,981614284,0.00316235229714,0.0311438328051
552,1521992713,984937453,0.00424278863227,0.0330988051246
553,1521992713,988270534,0.00528755257122,0.0333504237464
554,1521992713,991604486,0.00634324813607,0.0333408841515
555,1521992713,994938354,0.00669612965252,0.0347471956349
556,1521992713,998270462,0.0077572966457,0.0347645990672
557,1521992714,1603467,0.00810816059208,0.0347571383191
558,1521992714,4937841,0.00916115929543,0.0305288644929
559,1521992714,8270599,0.00951895642454,0.0238752978969
560,1521992714,11604204,0.00986798054056,0.0150922162859
561,1521992714,14937949,0.010221139386,0.0101791994182
562,1521992714,18271097,0.010926827043,0.010179927492
563,1521992714,21603840,0.0112817261328,0.0101821123384
564,1521992714,24936249,0.0133980082895,0.0101828408289
565,1521992714,28270610,0.0155035003461,0.0133344465601
566,1521992714,31604487,0.0176213938224,0.0175490887045
567,1521992714,34938473,0.0200869524309,0.0210574005167
568,1521992714,38270919,0.0218599082618,0.0228236087545
569,1521992714,41603802,0.0225618381693,0.024575754367
570,1521992714,44936167,0.0225650665928,0.0245792709664
571,1521992714,48271281,0.0225473216877,0.0245599421144
572,1521992714,51603850,0.0225634522656,0.0245775125409
573,1521992714,54937277,0.0225569972656,0.0238684676014
574,1521992714,58270537,0.0225602243039,0.0231697680764
575,1521992714,61603855,0.0250259587113,0.0228170788614
576,1521992714,64937340,0.0285486996643,0.0217624263424
577,1521992714,68270433,0.0320778189321,0.0217655397082
578,1521992714,71604128,0.0355977613098,0.0217624263424
579,1521992714,74936793,0.0377205731892,0.0224692611356
580,1521992714,78270734,0.0394719221622,0.0228138153158
581,1521992714,81603631,0.0408933316818,0.0235225077513
582,1521992714,84937259,0.0412340615445,0.0238667606381
583,1521992714,88270631,0.0415924384216,0.0242212067913
584,1521992714,91604034,0.0415924384216,0.0256253347213
585,1521992714,94937419,0.0415924384216,0.0270294626512
586,1521992714,98270405,0.0415954135603,0.0284356244574
587,1521992714,101604140,0.0415864894209,0.0308863961199
588,1521992714,104937122,0.0426559752888,0.0322995628824
589,1521992714,108270605,0.0454664476136,0.0347496807726
590,1521992714,111603841,0.0482929801505,0.0361588804829
591,1521992714,114937929,0.0514471114388,0.037198747486
592,1521992714,118269372,0.0536073747548,0.0382843926167
593,1521992714,121603721,0.0553232636705,0.0393043369664
594,1521992714,124937303,0.0570973993287,0.040716797673
595,1521992714,128270816,0.0578023054932,0.0414188114259
596,1521992714,131603464,0.0599341700804,0.0424839859636
597,1521992714,134936441,0.0631026411297,0.0435341934502
598,1521992714,138270568,0.0673040978411,0.0442173790872
599,1521992714,141603719,0.0712057079591,0.0449353077846
600,1521992714,144937264,0.0747200534424,0.0466839145733
601,1521992714,148270619,0.0747253978422,0.0473893176352
602,1521992714,151605254,0.0746933429064,0.0484216332523
603,1521992714,154937674,0.0736890455923,0.0498608068175
604,1521992714,158270830,0.0736732324923,0.0505522212577
605,1521992714,161603436,0.0736837738048,0.0516127763359
606,1521992714,164936852,0.0761353110091,0.0533568613375
607,1521992714,168271569,0.0789212679766,0.0554392612598
608,1521992714,171603871,0.0825035247301,0.0572345881074
609,1521992714,174937580,0.0863510051575,0.059320162127
610,1521992714,178270307,0.0905998813985,0.0603861393019
611,1521992714,181604024,0.0941049729676,0.0614262033859
612,1521992714,184937394,0.0955147852967,0.0617772102624
613,1521992714,188271323,0.095860382394,0.0617727922398
614,1521992714,191604261,0.0958809532915,0.0621371052959
615,1521992714,194938110,0.0962128102704,0.0621237740139
616,1521992714,198270615,0.0973118496816,0.062501574743
617,1521992714,201603528,0.0994130994333,0.0645991257648
618,1521992714,204937048,0.102916300024,0.0659892927803
619,1521992714,208270233,0.106095965804,0.0673981406368
620,1521992714,211603441,0.110333596986,0.0688071900452
621,1521992714,214938084,0.113801649806,0.0708780428765
622,1521992714,218270206,0.114243823328,0.0719873010987
623,1521992714,221603926,0.114194798657,0.0744134578161
624,1521992714,224936983,0.116326156567,0.0772325602548
625,1521992714,228270588,0.11771932948,0.0782745334575
626,1521992714,231604198,0.121596313385,0.0807315815929
627,1521992714,234937329,0.124424836973,0.0807373559711
628,1521992714,238270127,0.12832963476,0.081808006029
629,1521992714,241603890,0.130045886409,0.0824807169111
630,1521992714,244936940,0.130426296757,0.0828494737278
631,1521992714,248270366,0.130416967932,0.0838966438135
632,1521992714,251604102,0.132160453668,0.0870434799743
633,1521992714,254937290,0.133951331804,0.0898706155692
634,1521992714,258269817,0.138201145127,0.0926923330114
635,1521992714,261604132,0.14200812267,0.0958043213556
636,1521992714,264936211,0.142099570374,0.0972706458748
637,1521992714,268271156,0.143739175759,0.100695762669
638,1521992714,271604027,0.144889304493,0.101462757315
639,1521992714,274936643,0.149482871259,0.101470016062
640,1521992714,278270823,0.152237955266,0.102128392506
641,1521992714,281603909,0.155101542089,0.102508670884
642,1521992714,284937486,0.158251433942,0.102494007935
643,1521992714,288270833,0.158956340106,0.104249042318
644,1521992714,291604292,0.161082579311,0.105660626727
645,1521992714,294937857,0.16565294867,0.108812131712
646,1521992714,298270622,0.167451142663,0.110590894652
647,1521992714,301604262,0.169177479492,0.111269179848
648,1521992714,304944438,0.171301606798,0.112097716422
649,1521992714,308270324,0.173463868895,0.113291602507
650,1521992714,311603832,0.177283900385,0.114779248613
651,1521992714,314938072,0.183236287316,0.118263942479
652,1521992714,318270316,0.184764701925,0.120798202819
653,1521992714,321603538,0.185051103147,0.123212225852
654,1521992714,324936674,0.187179361021,0.126029496052
655,1521992714,328270529,0.188196486023,0.126353438672
656,1521992714,331603918,0.192791836005,0.126362475537
657,1521992714,334937358,0.19386306044,0.127073577659
658,1521992714,338270968,0.195963913745,0.128117509919
659,1521992714,341604394,0.199488444568,0.130925564931
660,1521992714,344937250,0.205524244573,0.134464484608
661,1521992714,348270545,0.208667148691,0.135849377221
662,1521992714,351603470,0.211164704115,0.137975306661
663,1521992714,354937789,0.214950260121,0.141074495183
664,1521992714,358270470,0.217878335939,0.143251787381
665,1521992714,361604105,0.22026742278,0.149167253988
666,1521992714,364937642,0.223471236943,0.150943752468
667,1521992714,368269742,0.224608998332,0.156967432152
668,1521992714,371604260,0.228324277824,0.158258826279
669,1521992714,374936213,0.232382922262,0.160841673801
670,1521992714,378270335,0.232216756426,0.160726663666
671,1521992714,381604160,0.23718396085,0.164259470274
672,1521992714,384937516,0.238275325195,0.164633999785
673,1521992714,388270913,0.240037716654,0.16674019168
674,1521992714,391604093,0.241800108112,0.16674019168
675,1521992714,394937817,0.246717157593,0.168834307592
676,1521992714,398270752,0.251334998885,0.171315860929
677,1521992714,401603760,0.252058035797,0.171328116159
678,1521992714,404937424,0.257624777684,0.175139905271
679,1521992714,408270787,0.260833935864,0.175515991242
680,1521992714,411604139,0.262243849031,0.176920119172
681,1521992714,414938292,0.263244797647,0.178285991042
682,1521992714,418270653,0.264434374135,0.181184340266
683,1521992714,421604020,0.264711197073,0.183238694856
684,1521992714,424937570,0.264692264789,0.18603364454
685,1521992714,428270730,0.264711197073,0.188504174593
686,1521992714,431604414,0.265397170954,0.193755795823
687,1521992714,434937797,0.265416153657,0.196928942173
688,1521992714,438271152,0.267178545115,0.199035134068
689,1521992714,441603846,0.267569299539,0.199414692578
690,1521992714,444937485,0.270331514105,0.205339022747
691,1521992714,448270863,0.270703328032,0.206757837683
692,1521992714,451603398,0.272171642953,0.207855534632
693,1521992714,454936489,0.273542719684,0.207825798504
694,1521992714,458270446,0.274874085896,0.208819221791
695,1521992714,461603781,0.277752893866,0.21202331742
696,1521992714,464937640,0.279475306024,0.213747900421
697,1521992714,468270669,0.27988778277,0.214144826161
698,1521992714,471603729,0.279907804787,0.214511227404
699,1521992714,474936479,0.279907804787,0.215915556225
700,1521992714,478270537,0.279455320661,0.215838355296
701,1521992714,481603593,0.282355307303,0.215900111621
702,1521992714,484937327,0.282999584788,0.208132192035
703,1521992714,488271178,0.283704440541,0.208132192035
704,1521992714,491603686,0.286646861562,0.208221538329
705,1521992714,494938022,0.286462404122,0.214403864427
706,1521992714,498271308,0.287995363379,0.223272310555
707,1521992714,501604633,0.288327242618,0.232383172404
708,1521992714,504937615,0.291167894922,0.240825165158
709,1521992714,508270497,0.291541252594,0.241193475002
710,1521992714,511603666,0.292577908941,0.244686793171
711,1521992714,514937660,0.292494219608,0.244616802669
712,1521992714,518270407,0.292951367479,0.24505537926
713,1521992714,521604268,0.298153983475,0.248144114282
714,1521992714,524937664,0.298549113077,0.250636835493
715,1521992714,528271359,0.298506411352,0.250951968474
716,1521992714,531603360,0.299029921211,0.254958635763
717,1521992714,534937751,0.301965904468,0.260372614411
718,1521992714,538270667,0.302822171678,0.263662736138
719,1521992714,541604065,0.303131330869,0.266082242722
720,1521992714,544938095,0.305885521228,0.269885683289
721,1521992714,548269894,0.306787772941,0.270761856988
722,1521992714,551603169,0.30738305614,0.271367132168
723,1521992714,554936150,0.30738305614,0.272069246352
724,1521992714,558270068,0.308021964016,0.273063820242
725,1521992714,561603279,0.308066026953,0.273102882372
726,1521992714,564936624,0.31159080987,0.273102882372
727,1521992714,568271779,0.311764894688,0.272946700868
728,1521992714,571604850,0.312318105207,0.27347347472
729,1521992714,574936674,0.313510169442,0.276049350481
730,1521992714,578270401,0.313308382163,0.278679528627
731,1521992714,581613673,0.312414683576,0.283134316552
732,1521992714,584937511,0.314252285186,0.284799693064
733,1521992714,588270170,0.313420454126,0.287205789407
734,1521992714,591603230,0.312318105207,0.288568929679
735,1521992714,594937796,0.310774711483,0.28949785295
736,1521992714,598270402,0.308484698943,0.290014647983
737,1521992714,601603888,0.308043993909,0.290282686858
738,1521992714,604937423,0.308066026953,0.292058609426
739,1521992714,608271322,0.307999937274,0.292697867182
740,1521992714,611604776,0.309123461828,0.294515833303
741,1521992714,614937152,0.312385140645,0.298111443578
742,1521992714,618270423,0.312648244746,0.299781313041
743,1521992714,621604401,0.314695588084,0.30182274074
744,1521992714,624937431,0.316900650769,0.30226015627
745,1521992714,628270299,0.316923320534,0.302983943125
746,1521992714,631603453,0.316900650769,0.304717555914
747,1521992714,634936714,0.316877984246,0.304695760795
748,1521992714,638271124,0.317844482998,0.304257679909
749,1521992714,641603984,0.317980906698,0.304388271946
750,1521992714,644937340,0.320755245455,0.306450920708
751,1521992714,648269928,0.318003655368,0.304410048185
752,1521992714,651604177,0.319606370376,0.304257679909
753,1521992714,654936015,0.319835069031,0.295344645561
754,1521992714,658270927,0.318856015709,0.295091257719
755,1521992714,661604097,0.317582940829,0.295217897268
756,1521992714,664937271,0.317605657778,0.300504870809
757,1521992714,668270825,0.31756022713,0.305375982547
758,1521992714,671603338,0.317651101426,0.312836623914
759,1521992714,674937207,0.316832660927,0.315532614907
760,1521992714,678270589,0.316877984246,0.315577752252
761,1521992714,681603925,0.316877984246,0.316981880182
762,1521992714,684937601,0.316127805174,0.320446359744
763,1521992714,688270991,0.315820549371,0.322598391902
764,1521992714,691604325,0.315468071079,0.329970063534
765,1521992714,694937687,0.314058157912,0.333480383359
766,1521992714,698270738,0.313728119226,0.336663751292
767,1521992714,701604010,0.313000723037,0.339798959044
768,1521992714,704937655,0.312273430896,0.340476670196
769,1521992714,708270434,0.311987918434,0.341251903497
770,1521992714,711604613,0.310466755993,0.341129888371
771,1521992714,714939138,0.310070006922,0.341081106748
772,1521992714,718270357,0.310380698312,0.341422871384
773,1521992714,721603577,0.309828418412,0.341905150939
774,1521992714,724937817,0.309739801059,0.346369469516
775,1521992714,728270352,0.310974823983,0.350781309934
776,1521992714,731603391,0.314080622731,0.355269777172
777,1521992714,734937252,0.314365665792,0.355193555379
778,1521992714,738270896,0.318594800309,0.355193555379
779,1521992714,741603340,0.324725411438,0.355346031685
780,1521992714,744936806,0.329214724456,0.354893334291
781,1521992714,748269823,0.333115811987,0.353865548804
782,1521992714,751604195,0.33299671445,0.350580648477
783,1521992714,754940105,0.333182322082,0.35040525793
784,1521992714,758270639,0.333354262819,0.350957077233
785,1521992714,761604087,0.332739507373,0.353138174378
786,1521992714,764946560,0.330079967016,0.354631518868
787,1521992714,768270989,0.331855354102,0.360058594699
788,1521992714,771604179,0.330295783949,0.360184576461
789,1521992714,774936813,0.327851710897,0.361965753606
790,1521992714,778270141,0.327099854706,0.362265005923
791,1521992714,781603679,0.327099854706,0.36331810187
792,1521992714,785092692,0.312503968063,0.347106080514
793,1521992714,788270685,0.340856344686,0.381061544055
794,1521992714,791603901,0.325008231378,0.363344090289
795,1521992714,794949010,0.323826888651,0.357126469117
796,1521992714,798270488,0.326505137726,0.359690007048
797,1521992714,801603984,0.32531419494,0.358378020897
798,1521992714,804937144,0.325360734882,0.360886690645
799,1521992714,808270647,0.32672400727,0.36715319281
800,1521992714,811603748,0.327123252406,0.372471574683
801,1521992714,814938108,0.327006297364,0.372338406441
802,1521992714,818270009,0.330061328129,0.374360751686
803,1521992714,821604037,0.332668124469,0.3776293826
804,1521992714,824937759,0.333044343244,0.380815224887
805,1521992714,828270295,0.332834732244,0.381680964863
806,1521992714,831603359,0.333115811987,0.385811744182
807,1521992714,834936834,0.333420615833,0.386809577893
808,1521992714,838270882,0.335839748537,0.388158082858
809,1521992714,841603959,0.336640847034,0.393183943115
810,1521992714,844937341,0.338731638332,0.395262012276
811,1521992714,848270095,0.33878010126,0.395318563104
812,1521992714,851604073,0.33938804502,0.400119222462
813,1521992714,854936611,0.343387539167,0.407284493535
814,1521992714,858269720,0.344395924139,0.408630455166
815,1521992714,861604044,0.346034681047,0.409537153927
816,1521992714,864937375,0.351773335125,0.409654323558
817,1521992714,868269692,0.352931744679,0.409771560254
818,1521992714,871603584,0.358066722472,0.409244748589
819,1521992714,874935928,0.359278169658,0.40626023583
820,1521992714,878270726,0.362192247678,0.405969780238
821,1521992714,881603149,0.365598437491,0.406231171569
822,1521992714,884937476,0.369996349388,0.405676906546
823,1521992714,888270951,0.371864597753,0.405792971751
824,1521992714,891603895,0.373301211528,0.403364598785
825,1521992714,894937258,0.373274510919,0.401580587961
826,1521992714,898257888,0.373279648275,0.401699245239
827,1521992714,901603654,0.369081945784,0.398343854453
828,1521992714,904936331,0.36982908479,0.399911239773
829,1521992714,908270497,0.369643971913,0.398658274945
830,1521992714,911603891,0.361642727293,0.395613044259
831,1521992714,914937530,0.356330066181,0.395584749805
832,1521992714,918271112,0.352100629193,0.395584749805
833,1521992714,921604026,0.350061020345,0.398829385157
834,1521992714,924936857,0.34124780231,0.402691289414
835,1521992714,928270004,0.341198986374,0.408952259593
836,1521992714,931603909,0.341150184402,0.412403584556
837,1521992714,934938274,0.343215661242,0.415152059208
838,1521992714,938270324,0.343789283162,0.417877503939
839,1521992714,941603138,0.347240790574,0.419192153061
840,1521992714,944903704,0.354924149345,0.424728615201
841,1521992714,948270022,0.349008427506,0.41987223808
842,1521992714,951603112,0.355323532786,0.425130138493
843,1521992714,954936640,0.359502143921,0.426473354937
844,1521992714,958271181,0.360104030766,0.4274041029
845,1521992714,961603400,0.364240337955,0.429816861194
846,1521992714,964942146,0.363512065357,0.43070975027
847,1521992714,968271086,0.366723317378,0.437981060828
848,1521992714,971603661,0.369123976907,0.43958636716
849,1521992714,974938520,0.371678505946,0.44207895806
850,1521992714,978270398,0.372050875997,0.442873067374
851,1521992714,981603326,0.372243701014,0.444438278557
852,1521992714,984936781,0.371864597753,0.444406489824
853,1521992714,988270149,0.372217076044,0.444406489824
854,1521992714,991603675,0.371485548719,0.444374705638
855,1521992714,994937780,0.372110614242,0.445332175092
856,1521992714,998270768,0.375795617007,0.448331976096
857,1521992715,1603751,0.37788375709,0.44829990657
858,1521992715,4936769,0.378968375499,0.44727872948
859,1521992715,8270614,0.378859967182,0.44715078019
860,1521992715,11604584,0.378832874793,0.44676784763
861,1521992715,14937339,0.381083547828,0.44657656507
862,1521992715,18270567,0.382818806156,0.434257622887
863,1521992715,21613764,0.382699201815,0.432926019251
864,1521992715,24937495,0.38709891686,0.43550369928
865,1521992715,28270833,0.388431077463,0.438438946122
866,1521992715,31603674,0.38919170842,0.440257085375
867,1521992715,34937552,0.389757357694,0.455541764512
868,1521992715,38270496,0.390954352027,0.456757949022
869,1521992715,41604071,0.392985186737,0.460521021956
870,1521992715,44937946,0.390842514981,0.464348887121
871,1521992715,48269717,0.393182030838,0.466721800178
872,1521992715,51604465,0.392844704437,0.466321381103
873,1521992715,54938017,0.394747452149,0.469296193869
874,1521992715,58270947,0.395537225405,0.469747990616
875,1521992715,61603574,0.398385954064,0.473292670074
876,1521992715,64937726,0.398891302388,0.473055769917
877,1521992715,68271039,0.400091477889,0.474629188475
878,1521992715,71603569,0.401206385597,0.475750421328
879,1521992715,74936671,0.403969016441,0.477437645211
880,1521992715,78270343,0.405292057916,0.478388158084
881,1521992715,81603885,0.405673497699,0.481230427669
882,1521992715,84937111,0.410666583031,0.483405615776
883,1521992715,88270506,0.411342166424,0.484073103844
884,1521992715,91604181,0.417274605715,0.48575877534
885,1521992715,94937039,0.417394006131,0.486951018673
886,1521992715,98270956,0.420798884479,0.486811720663
887,1521992715,101614427,0.419920051388,0.485388497577
888,1521992715,104937064,0.425400602228,0.488453522533
889,1521992715,108270879,0.424323163244,0.483652884696
890,1521992715,111603425,0.425532607571,0.481017031158
891,1521992715,114937993,0.426698611798,0.479689169676
892,1521992715,118270102,0.4273565243,0.468795351057
893,1521992715,121603571,0.428966081009,0.468627696615
894,1521992715,124938596,0.428751413969,0.468393181754
895,1521992715,128270783,0.430499161092,0.47578445942
896,1521992715,131604048,0.429701772288,0.476384473935
897,1521992715,134937054,0.430759282802,0.490426757618
898,1521992715,138270539,0.429640307294,0.49211164084
899,1521992715,141603085,0.430499161092,0.49790580329
900,1521992715,144937372,0.430252897717,0.498673775261
901,1521992715,148270015,0.430437568823,0.502047553498
902,1521992715,151603818,0.430314437143,0.502605900497
903,1521992715,154938472,0.432336248288,0.503901717377
904,1521992715,158270508,0.43335079898,0.504613422823
905,1521992715,161604102,0.433869744281,0.504396881518
906,1521992715,164937281,0.435694331869,0.5044690413
907,1521992715,168270615,0.436720603427,0.504432958828
908,1521992715,171603469,0.437488143251,0.503100800114
909,1521992715,174937506,0.440150940108,0.502219002324
910,1521992715,178270466,0.441334387945,0.502362698748
911,1521992715,181603825,0.442360256094,0.503028830898
912,1521992715,184937970,0.445084577548,0.506430482427
913,1521992715,188270056,0.445691952735,0.50777384092
914,1521992715,191604425,0.447871771498,0.508148927923
915,1521992715,194938394,0.448961006964,0.509238135829
916,1521992715,198270352,0.449602770689,0.510268454221
917,1521992715,201603643,0.452229648262,0.509347406583
918,1521992715,204937375,0.45745138363,0.508221608882
919,1521992715,208270464,0.457549549163,0.506224326761
920,1521992715,211603655,0.459312066687,0.500256356196
921,1521992715,214937152,0.461008631617,0.500184799
922,1521992715,218270509,0.46421391018,0.500220575039
923,1521992715,221603977,0.468796127972,0.504432958828
924,1521992715,224937066,0.471297185848,0.507628555129
925,1521992715,228270142,0.472002192858,0.510788068958
926,1521992715,231604129,0.472219583463,0.512747702582
927,1521992715,234937878,0.472253354441,0.518751062105
928,1521992715,238270880,0.473059703372,0.520968724628
929,1521992715,241603583,0.473127389694,0.524554339087
930,1521992715,244936081,0.472808660953,0.530912252873
931,1521992715,248269942,0.472571986137,0.530646493021
932,1521992715,251603896,0.472605782317,0.532439351294
933,1521992715,254938227,0.47253819479,0.532363206947
934,1521992715,258270761,0.473832497577,0.532629807494
935,1521992715,261603871,0.476232234915,0.532553608666
936,1521992715,264936980,0.476232234915,0.532553608666
937,1521992715,268270265,0.476198172098,0.530409325532
938,1521992715,271604307,0.478915234273,0.529593622996
939,1521992715,274936964,0.480178468527,0.527714304986
940,1521992715,278270912,0.481734455667,0.527487882944
941,1521992715,282026117,0.428657690479,0.468342257466
942,1521992715,284938774,0.552620006961,0.60297740843
943,1521992715,288271373,0.48299890006,0.527012090342
944,1521992715,291604662,0.483247737932,0.52022939804
945,1521992715,294936823,0.483420622784,0.513743519548
946,1521992715,298270879,0.483144066364,0.513449615933
947,1521992715,301603588,0.484409115827,0.517883299969
948,1521992715,305147114,0.459212716812,0.487376743936
949,1521992715,308282484,0.519032593915,0.550492225625
950,1521992715,311603924,0.490606848118,0.519945488452
951,1521992715,314937076,0.493152403143,0.527638809377
952,1521992715,318270322,0.4973824452,0.529043037745
953,1521992715,321605007,0.497133522835,0.528778270371
954,1521992715,324937891,0.498123083331,0.531889540944
955,1521992715,328270928,0.498087452209,0.532553608666
956,1521992715,331604198,0.498051826184,0.534621709322
957,1521992715,334938110,0.497980589422,0.536651132583
958,1521992715,338271020,0.498123083331,0.537857938433
959,1521992715,341603559,0.497453611668,0.537896417324
960,1521992715,344937315,0.497275733669,0.537704077906
961,1521992715,348270109,0.497418025888,0.536804691817
962,1521992715,351603490,0.497346869601,0.536727901217
963,1521992715,354938539,0.496393379032,0.534705025463
964,1521992715,358271105,0.496748503784,0.53368312946
965,1521992715,361603335,0.496819589718,0.533759500829
966,1521992715,364937171,0.50009515668,0.532790333068
967,1521992715,368269662,0.500979151084,0.529118734274
968,1521992715,371603580,0.50115244031,0.528578551779
969,1521992715,374936844,0.504396435435,0.528303133637
970,1521992715,378270763,0.504993032166,0.528189796295
971,1521992715,381604047,0.505137522304,0.526936695193
972,1521992715,384944331,0.504723328799,0.525770822839
973,1521992715,388271852,0.505653092778,0.526787880793
974,1521992715,391604644,0.507288830087,0.520303828171
975,1521992715,394936496,0.508491917909,0.520452752343
976,1521992715,398281370,0.506534646288,0.518449441443
977,1521992715,401604438,0.509841767311,0.521834353135
978,1521992715,404938298,0.511372848727,0.52261186162
979,1521992715,408270734,0.512613431158,0.523852124443
980,1521992715,411603950,0.512540095904,0.523777181364
981,1521992715,414938233,0.518347266619,0.523589917445
982,1521992715,418271032,0.519274806615,0.524165732428
983,1521992715,421603641,0.51931195605,0.524203231765
984,1521992715,425009631,0.509150673292,0.51290163612
985,1521992715,428270722,0.531782900911,0.535341789404
986,1521992715,431604029,0.519553001978,0.520931462005
987,1521992715,434938526,0.518699644095,0.515518491104
988,1521992715,438271313,0.519627335336,0.513633266271
989,1521992715,441604069,0.518569749172,0.511877855245
990,1521992715,444937419,0.518495567103,0.511804630461
991,1521992715,448270223,0.518569749172,0.51152677304
992,1521992715,451603845,0.518106030945,0.508959970912
993,1521992715,454938113,0.517994889144,0.508499859503
994,1521992715,458271173,0.519237662494,0.508330669313
995,1521992715,461603984,0.520017063933,0.507350080309
996,1521992715,464937278,0.523077784896,0.507241214688
997,1521992715,468270822,0.523040374097,0.505098895271
998,1521992715,471603732,0.524210208714,0.504505128935
999,1521992715,474937351,0.523002968649,0.49944706453
1000,1521992715,478270386,0.524210208714,0.499589978061
1001,1521992715,481603829,0.52198301485,0.499482785247
1002,1521992715,484937397,0.52198301485,0.500535805876
1003,1521992715,488270397,0.522095036386,0.501345389088
1004,1521992715,491603608,0.52202035002,0.501273670986
1005,1521992715,494937766,0.520851152506,0.501166132298
1006,1521992715,498270454,0.521037450222,0.501696471293
1007,1521992715,501603730,0.523077784896,0.501273670986
1008,1521992715,504937157,0.523077784896,0.501273670986
1009,1521992715,508270371,0.523467704551,0.501309527472
1010,1521992715,511603830,0.524097733344,0.502290840259
1011,1521992715,514937678,0.526174819537,0.501552955174
1012,1521992715,518270622,0.526992739598,0.502362698748
1013,1521992715,521603279,0.527420696708,0.503839007089
1014,1521992715,524937461,0.526841997968,0.502920915674
1015,1521992715,528270267,0.528088024649,0.50415404673
1016,1521992715,531604001,0.52793695892,0.505413754689
1017,1521992715,534937350,0.526955046104,0.508645342618
1018,1521992715,538270804,0.524135219771,0.509698438566
1019,1521992715,541603797,0.523467704551,0.509734897681
1020,1521992715,544936902,0.521705187027,0.510437011866
1021,1521992715,548269782,0.521742507664,0.51152677304
1022,1521992715,551603486,0.520183545638,0.511380444849
1023,1521992715,554937948,0.520109153997,0.509903585823
1024,1521992715,558270318,0.526753273277,0.510195438773
1025,1521992715,561603933,0.527584531043,0.50892357243
1026,1521992715,564936487,0.528163589939,0.502821657483
1027,1521992715,568271042,0.528138306683,0.503514809544
1028,1521992715,571602829,0.5310982173,0.502227189806
1029,1521992715,574936768,0.535652064824,0.501868045649
1030,1521992715,578270647,0.536395227954,0.502605900497
1031,1521992715,581603323,0.536587099191,0.503839007089
1032,1521992715,584937122,0.535690372202,0.503658845819
1033,1521992715,588270001,0.535491127799,0.50415404673
1034,1521992715,591603624,0.533966419648,0.505098895271
1035,1521992715,594937422,0.533928232819,0.505062772915
1036,1521992715,598270159,0.53337595547,0.505207293345
1037,1521992715,601603545,0.533299655355,0.505135022793
1038,1521992715,604936941,0.533299655355,0.505135022793
1039,1521992715,608270696,0.534280660696,0.505062772915
1040,1521992715,611603046,0.533452277421,0.503523922368
1041,1521992715,614938195,0.534051503217,0.502741159825
1042,1521992715,618269680,0.536779107743,0.499453268817
1043,1521992715,621603108,0.53647195998,0.498816447109
1044,1521992715,624937670,0.534127867199,0.498602469938
1045,1521992715,628270588,0.534433541635,0.498887813651
1046,1521992715,631603563,0.533728484192,0.497132402625
1047,1521992715,634937944,0.529233125451,0.494778148678
1048,1521992715,638270783,0.529498139535,0.495025909393
1049,1521992715,641603253,0.529573906601,0.495096743751
1050,1521992715,644937719,0.529585477732,0.495479961655
1051,1521992715,648270277,0.531651344008,0.497519075292
1052,1521992715,651603711,0.53224222048,0.497412319179
1053,1521992715,654938022,0.535261385449,0.497270048941
1054,1521992715,658269971,0.535644398962,0.497625877241
1055,1521992715,661603782,0.538509795213,0.495937246789
1056,1521992715,664936950,0.542111612648,0.495657159266
1057,1521992715,668270225,0.542150390303,0.495692613999
1058,1521992715,671602887,0.542189173505,0.496079156009
1059,1521992715,674936705,0.542034073978,0.496288228563
1060,1521992715,678270926,0.541290507611,0.49730560887
1061,1521992715,681603588,0.539721472455,0.49748348483
1062,1521992715,684936641,0.539721472455,0.49748348483
1063,1521992715,688269811,0.540349221189,0.498465415126
1064,1521992715,691604022,0.540194670107,0.498322843681
1065,1521992715,694936846,0.538349868899,0.499625719225
1066,1521992715,698270642,0.540271934595,0.500149028078
1067,1521992715,701603802,0.540349221189,0.501624702969
1068,1521992715,704937243,0.541054177773,0.505135022793
1069,1521992715,708270735,0.541015481293,0.505098895271
1070,1521992715,711603942,0.541092879788,0.506224326761
1071,1521992715,714937649,0.540976790348,0.508221608882
1072,1521992715,718270208,0.541170300432,0.508754509597
1073,1521992715,721603797,0.540663028211,0.510715005294
1074,1521992715,724905741,0.544076140188,0.515619698464
1075,1521992715,728269869,0.534012081181,0.510951530694
1076,1521992715,731603402,0.538195856635,0.517033129071
1077,1521992715,734938334,0.537965003394,0.517513065983
1078,1521992715,738270147,0.540972553345,0.523650867133
1079,1521992715,741603654,0.542777746704,0.524404273478
1080,1521992715,744938137,0.542622512114,0.52320157424
1081,1521992715,748270212,0.543363369592,0.523575931405
1082,1521992715,751603824,0.545949824445,0.521245211589
1083,1521992715,754937496,0.550179261432,0.516331115318
1084,1521992715,758270419,0.550610474416,0.509383840589
1085,1521992715,761603777,0.550571091649,0.498114383144
1086,1521992715,764950240,0.548413681415,0.491966646692
1087,1521992715,768270308,0.552785237511,0.493068698585
1088,1521992715,771603350,0.550610474416,0.488320415065
1089,1521992715,774938039,0.550334913301,0.488076027927
1090,1521992715,778270500,0.548965760704,0.491234286885
1091,1521992715,781603492,0.548847956893,0.496394728183
1092,1521992715,784937629,0.549395769119,0.496603695519
1093,1521992715,788270272,0.549984148973,0.503136792445
1094,1521992715,791603789,0.549474355268,0.506853929653
1095,1521992715,794937853,0.549395769119,0.512045789232
1096,1521992715,798270231,0.550023498201,0.513706763197
1097,1521992715,801603789,0.548416996021,0.513523060306
1098,1521992715,804937369,0.547007183692,0.5121190328
1099,1521992715,808270453,0.547085439369,0.506575383853
1100,1521992715,811603570,0.548142949883,0.505522212577
1101,1521992715,814937539,0.547633755747,0.504324742376
1102,1521992715,818270271,0.548221379265,0.505594543699
1103,1521992715,821603113,0.549592276654,0.506611622166
1104,1521992715,824937159,0.550805379815,0.507132395778
1105,1521992715,828270266,0.551667984931,0.509383840589
1106,1521992715,831604124,0.551862587838,0.510641962531
1107,1521992715,834938038,0.557540900541,0.51489026259
1108,1521992715,838270094,0.558172754097,0.51549930738
1109,1521992715,841603942,0.558950612047,0.515241244364
1110,1521992715,844936944,0.563340896789,0.515739759503
1111,1521992715,848270645,0.563179746565,0.515943207912
1112,1521992715,851603793,0.563653104092,0.516053925339
1113,1521992715,854938059,0.563099206022,0.515869422684
1114,1521992715,858270066,0.563461819992,0.516903937645
1115,1521992715,861603124,0.562988368067,0.518197334939
1116,1521992715,864937253,0.561337318644,0.519027806904
1117,1521992715,868269673,0.561658610663,0.52002714716
1118,1521992715,871603946,0.558870676314,0.520431533225
1119,1521992715,874937036,0.557660544511,0.520968724628
1120,1521992715,878270651,0.556875869996,0.52721232849
1121,1521992715,881605313,0.552448875836,0.528778270371
1122,1521992715,884937494,0.55253108381,0.527789822202
1123,1521992715,888270561,0.552725495445,0.527989866469
1124,1521992715,891604672,0.552214990512,0.527487882944
1125,1521992715,894938395,0.551549626642,0.527525606457
1126,1521992715,898270735,0.551786394028,0.520378279602
1127,1521992715,901603453,0.55350968839,0.519287729257
1128,1521992715,904937310,0.551549626642,0.51664517146
1129,1521992715,908270426,0.55307799895,0.516404982431
1130,1521992715,911604017,0.55299888609,0.514576080936
1131,1521992715,914938024,0.552214990512,0.512747702582
1132,1521992715,918270181,0.55253108381,0.513041204415
1133,1521992715,921603452,0.553038439691,0.51461288632
1134,1521992715,924937263,0.555073905406,0.517698116782
1135,1521992715,928270665,0.555153309441,0.517772174163
1136,1521992715,931603545,0.555585264918,0.517846252734
1137,1521992715,934937027,0.558638135407,0.518437156577
1138,1521992715,938270928,0.558558238648,0.518363009387
1139,1521992715,941604271,0.558678092358,0.518123206145
1140,1521992715,944936856,0.558837977338,0.51862261739
1141,1521992715,948270188,0.558678092358,0.519527334075
1142,1521992715,951602655,0.558797997515,0.519638836579
1143,1521992715,954936555,0.558598184171,0.522260879846
1144,1521992715,958270097,0.558638135407,0.523702259725
1145,1521992715,961603822,0.558598184171,0.525770697587
1146,1521992715,964937260,0.558678092358,0.53286654941
1147,1521992715,968270431,0.559383048942,0.535323773287
1148,1521992715,971603022,0.562363768994,0.543201888357
1149,1521992715,974936528,0.56216266623,0.543709651685
1150,1521992715,978270129,0.562515119312,0.548272741079
1151,1521992715,981603205,0.562948097083,0.548351177809
1152,1521992715,984937013,0.564941885947,0.548233531128
1153,1521992715,988270282,0.567137571359,0.544801636814
1154,1521992715,991603831,0.567097009381,0.544060658561
1155,1521992715,994937530,0.567097009381,0.544060658561
1156,1521992715,998270460,0.570703174187,0.542383207244
1157,1521992716,1603919,0.573129702318,0.539536157077
1158,1521992716,4936802,0.573564229709,0.538911185049
1159,1521992716,8270999,0.574375285241,0.539381838548
1160,1521992716,11604269,0.574892093777,0.542344412937
1161,1521992716,14938469,0.578292788405,0.543982846682
1162,1521992716,18271095,0.579557217973,0.544879582538
1163,1521992716,21604118,0.579909746694,0.544879582538
1164,1521992716,24936899,0.58131986158,0.547337157975
1165,1521992716,28269859,0.581672390301,0.54768824018
1166,1521992716,31604732,0.581298137262,0.547335852836
1167,1521992716,34938406,0.581547585755,0.547570727326
1168,1521992716,38270151,0.581838879715,0.547493819773
1169,1521992716,41603487,0.581589181319,0.547609892674
1170,1521992716,44936941,0.579474311569,0.546205764744
1171,1521992716,48270394,0.581547585755,0.548623747956
1172,1521992716,51604049,0.577318148767,0.554590864856
1173,1521992716,54937668,0.579432867261,0.555292878609
1174,1521992716,58270254,0.57713080248,0.560367285933
1175,1521992716,61603496,0.577359441819,0.56691665171
1176,1521992716,64936650,0.577400740777,0.566957203688
1177,1521992716,68270349,0.578334145252,0.567186546929
1178,1521992716,71603843,0.57771192011,0.567267683693
1179,1521992716,74937555,0.577629289499,0.564729674511
1180,1521992716,78270156,0.578541018247,0.562473929865
1181,1521992716,81603581,0.57771192011,0.558140852148
1182,1521992716,84936667,0.577048237273,0.55712760511
1183,1521992716,88270630,0.576883177708,0.552054850213
1184,1521992716,91603072,0.576466935614,0.548820007435
1185,1521992716,94937946,0.574252099235,0.548388421784
1186,1521992716,98270477,0.574704039787,0.548820007435
1187,1521992716,101603665,0.575949528652,0.549014020604
1188,1521992716,104936958,0.575949528652,0.551120212499
1189,1521992716,108270233,0.575990726758,0.551861748729
1190,1521992716,111603616,0.578064398402,0.554279500341
1191,1521992716,114938160,0.575702463722,0.554041731198
1192,1521992716,118270666,0.578229831442,0.555842656282
1193,1521992716,121603598,0.575679402038,0.554358802079
1194,1521992716,124936838,0.577359441819,0.555683628271
1195,1521992716,128270968,0.57371155364,0.550651023512
1196,1521992716,131604114,0.573834658902,0.554981564306
1197,1521992716,134937971,0.570933159846,0.554902184836
1198,1521992716,138270552,0.571137385472,0.556505105391
1199,1521992716,141603333,0.571137385472,0.558260642001
1200,1521992716,144937016,0.574457438611,0.565431638059
1201,1521992716,148270730,0.57551472224,0.566484583381
1202,1521992716,151603779,0.576384459481,0.56980641911
1203,1521992716,154937612,0.580801140387,0.572451273541
1204,1521992716,158270182,0.581008895839,0.573007149525
1205,1521992716,161611559,0.580529885339,0.571494394296
1206,1521992716,164937260,0.583629962149,0.573846595306
1207,1521992716,168271256,0.58534084189,0.569602683977
1208,1521992716,171603980,0.589470190438,0.564580573797
1209,1521992716,174937844,0.585382702781,0.56297476564
1210,1521992716,178270862,0.589385859939,0.564499804044
1211,1521992716,181603267,0.587044310579,0.561811907803
1212,1521992716,184937621,0.586666547188,0.56109947499
1213,1521992716,188270758,0.586918335406,0.561340290215
1214,1521992716,191603901,0.586918335406,0.56379768986
1215,1521992716,194937735,0.586792414287,0.563676729188
1216,1521992716,198270781,0.588680852929,0.568361432057
1217,1521992716,201603576,0.588722964729,0.571561830136
1218,1521992716,204937268,0.5885966474,0.568280133039
1219,1521992716,208270444,0.588638747153,0.571480067483
1220,1521992716,211603625,0.586213328396,0.571520945885
1221,1521992716,214937615,0.58534084189,0.567847900601
1222,1521992716,218270406,0.582419111605,0.568091647017
1223,1521992716,221603623,0.581589181319,0.569373875588
1224,1521992716,224937154,0.579432867261,0.569333153669
1225,1521992716,228270028,0.579557217973,0.570157501315
1226,1521992716,231604218,0.580759607125,0.570655554003
1227,1521992716,234937137,0.580925775825,0.573627288438
1228,1521992716,238270656,0.581547585755,0.574598256816
1229,1521992716,241602895,0.581797248428,0.576249566356
1230,1521992716,244937400,0.58772360403,0.575837547504
1231,1521992716,248270263,0.588017907287,0.576125898804
1232,1521992716,251602996,0.589117636496,0.575464900779
1233,1521992716,254937124,0.588822761741,0.573071270233
1234,1521992716,258270371,0.592910894986,0.572223060069
1235,1521992716,261603478,0.592868486654,0.570778003518
1236,1521992716,264937769,0.589527516692,0.567105433372
1237,1521992716,268269789,0.589949361069,0.567511233325
1238,1521992716,271603570,0.589611837298,0.57069636467
1239,1521992716,274936933,0.589696182028,0.571480067483
1240,1521992716,278270107,0.588680852929,0.572574117161
1241,1521992716,281603667,0.590711365894,0.575300270569
1242,1521992716,284936994,0.588638747153,0.57534141929
1243,1521992716,288269929,0.591500880967,0.577137859358
1244,1521992716,291603233,0.591811051779,0.580606899027
1245,1521992716,294937065,0.591726404557,0.580523854345
1246,1521992716,298270171,0.591853384472,0.580648430279
1247,1521992716,301603827,0.591768725141,0.580565373716
1248,1521992716,304937190,0.59004866032,0.580606899027
1249,1521992716,308270446,0.59004866032,0.581308962992
1250,1521992716,311603583,0.589738363444,0.581350544463
1251,1521992716,314937874,0.589527516692,0.581142696575
1252,1521992716,318270374,0.590175298321,0.58248704722
1253,1521992716,321603175,0.590880406205,0.583540369186
1254,1521992716,324937075,0.5920364927,0.582237124287
1255,1521992716,328269780,0.596168715329,0.586349227762
1256,1521992716,331604123,0.601155973387,0.586055738695
1257,1521992716,334937881,0.601241957221,0.583682690311
1258,1521992716,338270351,0.600399362629,0.580029295966
1259,1521992716,341603203,0.600356412535,0.579987803062
1260,1521992716,344936740,0.594588349799,0.57319422931
1261,1521992716,348270259,0.593573443237,0.573235227395
1262,1521992716,351603302,0.592910894986,0.573276231346
1263,1521992716,354938012,0.591557182735,0.571585801217
1264,1521992716,358271264,0.591458573487,0.571831099465
1265,1521992716,361603851,0.586691731414,0.574452675728
1266,1521992716,364937310,0.583662304248,0.574598256816
1267,1521992716,368270370,0.583745803863,0.57573363099
1268,1521992716,371603670,0.584409007653,0.57674554722
1269,1521992716,374937509,0.583620563399,0.579119927248
1270,1521992716,378270223,0.584181881313,0.579678188644
1271,1521992716,381603544,0.584056529361,0.57955380308
1272,1521992716,384935909,0.582460781428,0.579368529921
1273,1521992716,388270927,0.582002741065,0.579263777585
1274,1521992716,391603848,0.579868265311,0.579244201911
1275,1521992716,394937931,0.576883177708,0.577323730834
1276,1521992716,398270166,0.577213391319,0.577654196621
1277,1521992716,401604016,0.581858424016,0.577014036604
1278,1521992716,404937159,0.581941659611,0.57674554722
1279,1521992716,408270187,0.582024919023,0.57717914542
1280,1521992716,411603967,0.584325419151,0.579470909022
1281,1521992716,414938016,0.588160063283,0.57978042756
1282,1521992716,418270771,0.589428022172,0.581392131883
1283,1521992716,421569501,0.59551997123,0.587401027146
1284,1521992716,424937524,0.58329423205,0.575341965991
1285,1521992716,428269530,0.589554545073,0.58257040255
1286,1521992716,431603838,0.588822761741,0.582195491315
1287,1521992716,434938318,0.584904785785,0.580048425365
1288,1521992716,438270218,0.585365175956,0.580856175692
1289,1521992716,441603518,0.584098307368,0.580648430279
1290,1521992716,444936974,0.584014757331,0.580565373716
1291,1521992716,448270182,0.583745803863,0.580648430279
1292,1521992716,451602953,0.584140091351,0.58384970732
1293,1521992716,454937569,0.586666547188,0.58566292918
1294,1521992716,458270237,0.587312849844,0.588764858193
1295,1521992716,461602872,0.588059974672,0.591966944914
1296,1521992716,464937165,0.587765629314,0.595179959777
1297,1521992716,468270583,0.58793379057,0.596403338239
1298,1521992716,471604090,0.587539288153,0.596360683158
1299,1521992716,474936788,0.58559209708,0.595478018134
1300,1521992716,478271319,0.584904785785,0.589873807041
1301,1521992716,481604187,0.584492620073,0.590169187014
1302,1521992716,484937821,0.583620563399,0.588245453375
1303,1521992716,488270479,0.583829327372,0.588104764372
1304,1521992716,491603988,0.585072116578,0.585830476864
1305,1521992716,494936836,0.588370436008,0.585605118346
1306,1521992716,498270396,0.588949100483,0.585479469987
1307,1521992716,501603666,0.589738363444,0.588020629212
1308,1521992716,504937146,0.589654006647,0.585479469987
1309,1521992716,508270606,0.590401138612,0.587978570659
1310,1521992716,511603435,0.590485608336,0.588062693783
1311,1521992716,514937558,0.588822761741,0.585353875535
1312,1521992716,518270364,0.58559209708,0.584593691152
1313,1521992716,521604089,0.584325419151,0.584033672085
1314,1521992716,524937163,0.582688293349,0.582754772831
1315,1521992716,528270567,0.582646616194,0.582713090922
1316,1521992716,531603420,0.580614804137,0.582796460704
1317,1521992716,534936848,0.580490226508,0.582671414975
1318,1521992716,538270318,0.583351572778,0.591839922467
1319,1521992716,541603408,0.584450810872,0.592584371409
1320,1521992716,544936858,0.583309851166,0.597764710664
1321,1521992716,548269920,0.584450810872,0.598201284882
1322,1521992716,551603559,0.584367210413,0.598115717541
1323,1521992716,554937343,0.583268135522,0.597721961275
1324,1521992716,558270037,0.58347677343,0.596180232778
1325,1521992716,561603023,0.582335789844,0.595041771054
1326,1521992716,564936885,0.579743856758,0.588947416923
1327,1521992716,568270682,0.579743856758,0.585788580956
1328,1521992716,571604004,0.579826789861,0.585872378765
1329,1521992716,574937255,0.580531746444,0.585872378765
1330,1521992716,578270516,0.580925775825,0.58591428666
1331,1521992716,581603582,0.582688293349,0.58591428666
1332,1521992716,584936276,0.582729976466,0.588413775988
1333,1521992716,588271245,0.583101332595,0.589480752636
1334,1521992716,591603689,0.58347677343,0.589860300982
1335,1521992716,594937874,0.582521620496,0.589256257793
1336,1521992716,598269867,0.582502457214,0.588540081177
1337,1521992716,601603659,0.581858424016,0.588245453375
1338,1521992716,604936596,0.580262275416,0.586307282757
1339,1521992716,608270097,0.580137773426,0.58618148374
1340,1521992716,611603516,0.579121833277,0.585521346782
1341,1521992716,614937878,0.578956192424,0.585353875535
1342,1521992716,618269774,0.576902064978,0.589986925733
1343,1521992716,621603087,0.578416876694,0.592190954449
1344,1521992716,624937419,0.578210092454,0.597593749786
1345,1521992716,628270275,0.57885216053,0.598244077735
1346,1521992716,631603247,0.57885216053,0.598946242145
1347,1521992716,634938135,0.581298137262,0.598560874961
1348,1521992716,638270929,0.58347677343,0.598989091354
1349,1521992716,641603451,0.584181881313,0.597935769388
1350,1521992716,644937184,0.583972991275,0.596318034179
1351,1521992716,648270432,0.584450810872,0.590829085949
1352,1521992716,651602858,0.585633993917,0.588497973423
1353,1521992716,654937244,0.585257138065,0.588119274599
1354,1521992716,658270648,0.587228833987,0.587276506694
1355,1521992716,661602644,0.587438918715,0.585028505514
1356,1521992716,664936938,0.587060874363,0.584652012375
1357,1521992716,668270775,0.590316693051,0.588596435149
1358,1521992716,671603938,0.58727083891,0.590478028857
1359,1521992716,674937596,0.5885966474,0.593903635023
1360,1521992716,678270151,0.592290621971,0.594424696168
1361,1521992716,681604273,0.588470384265,0.595881822937
1362,1521992716,684937053,0.588765082555,0.594424696168
1363,1521992716,688270029,0.588680852929,0.595743885238
1364,1521992716,691603546,0.5885966474,0.595658669405
1365,1521992716,694937143,0.586481928907,0.594605648776
1366,1521992716,698270654,0.586523877403,0.594648178327
1367,1521992716,701603955,0.587228833987,0.595701274274
1368,1521992716,704937250,0.587228833987,0.601668817976
1369,1521992716,708285208,0.585379741202,0.600802637435
1370,1521992716,711603469,0.593427670494,0.606860625891
1371,1521992716,714938065,0.590500201468,0.607375704056
1372,1521992716,718270487,0.591275260566,0.608161390196
1373,1521992716,721603157,0.59193806803,0.608117881727
1374,1521992716,724936628,0.591768725141,0.607943910083
1375,1521992716,728270533,0.593488543939,0.604390614983
1376,1521992716,731603235,0.593700837738,0.598989091354
1377,1521992716,734938066,0.591514892402,0.598210018645
1378,1521992716,738270225,0.590964962645,0.593456287106
1379,1521992716,741614075,0.588900272223,0.588933377652
1380,1521992716,744937761,0.590370037586,0.592172370403
1381,1521992716,748270252,0.58770742073,0.590211408304
1382,1521992716,751604856,0.586666547188,0.586715648645
1383,1521992716,754937210,0.585281414752,0.587093443654
1384,1521992716,758270102,0.585197677515,0.587009447167
1385,1521992716,761603656,0.585072116578,0.586883497493
1386,1521992716,764937134,0.585072116578,0.586532490617
1387,1521992716,768269994,0.585197677515,0.586658364962
1388,1521992716,771603835,0.585030274904,0.586490544504
1389,1521992716,774937665,0.583620563399,0.58613956273
1390,1521992716,778270420,0.583435033908,0.586307282757
1391,1521992716,781603697,0.581941659611,0.586223410747
1392,1521992716,784938313,0.58173361526,0.586013835668
1393,1521992716,788270290,0.581133620467,0.586123916101
1394,1521992716,791603651,0.581589181319,0.589031666607
1395,1521992716,794937596,0.581464412473,0.589607214468
1396,1521992716,798270065,0.582108202262,0.591307032962
1397,1521992716,801603603,0.581900038837,0.590744573134
1398,1521992716,804937318,0.587144842163,0.590702325793
1399,1521992716,808270215,0.588370436008,0.590871351425
1400,1521992716,811604242,0.588160063283,0.590660084494
1401,1521992716,814937514,0.588991225445,0.589382698589
1402,1521992716,818270215,0.589470190438,0.58950919366
1403,1521992716,821603503,0.590753616904,0.589382698589
1404,1521992716,824937435,0.589259409422,0.587192508052
1405,1521992716,828270584,0.590753616904,0.589382698589
1406,1521992716,831603819,0.590795873958,0.586616400844
1407,1521992716,834937858,0.589217271306,0.586448604391
1408,1521992716,838270326,0.589470190438,0.588455871694
1409,1521992716,841603195,0.591895723222,0.590520269219
1410,1521992716,844936936,0.591416272059,0.591095580011
1411,1521992716,848269930,0.592205887977,0.592935428501
1412,1521992716,851603823,0.592078832433,0.592808216438
1413,1521992716,854936077,0.591627839731,0.593062695174
1414,1521992716,858270615,0.591247126836,0.594084684902
1415,1521992716,861603735,0.591500880967,0.59433965687
1416,1521992716,864937130,0.591458573487,0.592541986432
1417,1521992716,868273071,0.590993590332,0.593128419579
1418,1521992716,871605629,0.591232960146,0.592669159558
1419,1521992716,874936716,0.589017916114,0.591869895352
1420,1521992716,878270349,0.5885966474,0.591446586887
1421,1521992716,881603850,0.591063818976,0.591446586887
1422,1521992716,884936984,0.5939684055,0.589775914673
1423,1521992716,888270436,0.594278399821,0.589733730572
1424,1521992716,891603689,0.595688312988,0.592541986432
1425,1521992716,894939036,0.599222695892,0.589396474882
1426,1521992716,898270024,0.600304486962,0.590113604861
1427,1521992716,901603197,0.599960965081,0.589775914673
1428,1521992716,904937190,0.599436948859,0.589607214468
1429,1521992716,908269803,0.599341700804,0.586700335084
1430,1521992716,911603962,0.596617727465,0.585395734365
1431,1521992716,914937826,0.595955539074,0.585086617408
1432,1521992716,918270722,0.591500880967,0.585212172476
1433,1521992716,921603644,0.590485608336,0.586658364962
1434,1521992716,924936806,0.589033356434,0.590478028857
1435,1521992716,928270485,0.588906981545,0.590351344019
1436,1521992716,931603424,0.5915431945,0.592275680246
1437,1521992716,934938149,0.590500201468,0.591936922439
1438,1521992716,938269932,0.592812817583,0.593541224316
1439,1521992716,941603547,0.59243126031,0.593159198212
1440,1521992716,944936519,0.590838137058,0.59192459804
1441,1521992716,948269975,0.590711365894,0.587585511246
1442,1521992716,951603781,0.589611837298,0.587543489826
1443,1521992716,954936104,0.586028501143,0.581868087417
1444,1521992716,958270494,0.584552433504,0.579697518876
1445,1521992716,961603465,0.584140091351,0.579285638652
1446,1521992716,964936725,0.584056529361,0.57814967515
1447,1521992716,968270370,0.585072116578,0.578108325581
1448,1521992716,971603418,0.585155817882,0.578191030635
1449,1521992716,974937223,0.589611837298,0.582278763215
1450,1521992716,978270754,0.590006459729,0.582320408099
1451,1521992716,981603753,0.591148377463,0.582403715739
1452,1521992716,984936970,0.591148377463,0.582403715739
1453,1521992716,988270378,0.591106095195,0.578851739115
1454,1521992716,991603647,0.591106095195,0.575692451273
1455,1521992716,994937622,0.590626882003,0.575568947457
1456,1521992716,998270749,0.587623342415,0.57573363099
1457,1521992717,1603663,0.587665378565,0.575774816599
1458,1521992717,4936547,0.584845148794,0.578232392036
1459,1521992717,8270630,0.584594232034,0.577984312354
1460,1521992717,11604149,0.584409007653,0.582011026957
1461,1521992717,14936674,0.584534435255,0.590913622948
1462,1521992717,18270487,0.585030274904,0.591053307567
1463,1521992717,21603360,0.585902734958,0.592626762451
1464,1521992717,24936496,0.585155817882,0.592584371409
1465,1521992717,28270230,0.585735130657,0.592457234664
1466,1521992717,31603808,0.585777022742,0.591446586887
1467,1521992717,34937720,0.584677847028,0.590351344019
1468,1521992717,38270439,0.583082505187,0.583498625115
1469,1521992717,41603663,0.582688293349,0.577137859358
1470,1521992717,44938279,0.580635042971,0.576147259422
1471,1521992717,48270289,0.581133620467,0.576641983366
1472,1521992717,51603820,0.578727961097,0.572492215557
1473,1521992717,54936838,0.577400740777,0.572574117161
1474,1521992717,58270472,0.577318148767,0.574949263692
1475,1521992717,61603472,0.576695733768,0.575031516806
1476,1521992717,64936389,0.576736988202,0.575072652189
1477,1521992717,68270650,0.576489550095,0.574825928133
1478,1521992717,71603526,0.576031930759,0.573317241163
1479,1521992717,74936959,0.572424745735,0.567969747658
1480,1521992717,78270192,0.566432614776,0.564108395851
1481,1521992717,81604685,0.565525410352,0.562503100944
1482,1521992717,84937551,0.561930781903,0.564189103826
1483,1521992717,88270103,0.561618429048,0.564229466475
1484,1521992717,91603473,0.559383048942,0.564108395851
1485,1521992717,94936726,0.556955537502,0.562393461491
1486,1521992717,98270012,0.546341352148,0.562353235938
1487,1521992717,101603876,0.545166937028,0.560828767095
1488,1521992717,104936840,0.545009403276,0.560327199569
1489,1521992717,108270735,0.540976790348,0.557008075481
1490,1521992717,111603832,0.539682865769,0.555723376742
1491,1521992717,114938052,0.537023272827,0.549207922789
1492,1521992717,118270057,0.537369094911,0.545698858085
1493,1521992717,121603423,0.536824438272,0.540589253024
1494,1521992717,124937264,0.536042800078,0.540160950324
1495,1521992717,128269652,0.533099698256,0.536179239509
1496,1521992717,131602626,0.532670898028,0.535400362996
1497,1521992717,134938289,0.525521728439,0.528977874764
1498,1521992717,138270034,0.524360250992,0.528178771609
1499,1521992717,141614397,0.521713731348,0.525520979321
1500,1521992717,144937024,0.521937896,0.527191725474
1501,1521992717,148270261,0.520257958562,0.519176302093
1502,1521992717,151604066,0.52194568502,0.512082408397
1503,1521992717,154937187,0.522057690532,0.512192297326
1504,1521992717,158269691,0.52569553578,0.517920352506
1505,1521992717,161583475,0.535736850387,0.522239289126
1506,1521992717,164937069,0.540587405902,0.526506272144
1507,1521992717,168270385,0.548456221899,0.533568613375
1508,1521992717,171603431,0.548495453388,0.539223693415
1509,1521992717,174937617,0.548299352046,0.539030906968
1510,1521992717,178270077,0.540503860732,0.53933943149
1511,1521992717,181604067,0.533185246104,0.539069453228
1512,1521992717,184937074,0.528088024649,0.533293869765
1513,1521992717,188270327,0.519553001978,0.5230376539
1514,1521992717,191603567,0.513560871019,0.518474238128
1515,1521992717,194937958,0.510947339632,0.516220354264
1516,1521992717,198270420,0.50524594418,0.510546571216
1517,1521992717,201603366,0.50408001179,0.509032783497
1518,1521992717,204936822,0.501929087393,0.508645342618
1519,1521992717,208269673,0.499885726938,0.505909457756
1520,1521992717,211604153,0.498226124759,0.503550810888
1521,1521992717,214937757,0.498016205255,0.501588826506
1522,1521992717,218270302,0.491812748601,0.498572397258
1523,1521992717,221603731,0.486420042558,0.494604063319
1524,1521992717,224937121,0.484270535047,0.49211164084
1525,1521992717,228270014,0.478734003654,0.484844525441
1526,1521992717,231603463,0.475140737223,0.48056278402
1527,1521992717,234936676,0.474083302348,0.477052464195
1528,1521992717,238265339,0.469114724317,0.471056709198
1529,1521992717,241602758,0.464354241765,0.465253722046
1530,1521992717,244937368,0.462253141006,0.4635143299
1531,1521992717,248269860,0.457647756836,0.459983499513
1532,1521992717,251603880,0.454599449752,0.455892721187
1533,1521992717,254936561,0.454794584728,0.452928445397
1534,1521992717,258269471,0.449794472059,0.447948849478
1535,1521992717,261604115,0.449249157756,0.447405772741
1536,1521992717,264936912,0.445243775122,0.445523318454
1537,1521992717,268270260,0.432138385635,0.436332754227
1538,1521992717,271603573,0.428613602718,0.436332754227
1539,1521992717,274938476,0.424523791152,0.434710975426
1540,1521992717,278270996,0.417101152802,0.428381579699
1541,1521992717,281603604,0.41248811173,0.420977679094
1542,1521992717,284936660,0.410314079527,0.418108996652
1543,1521992717,288270345,0.405673497699,0.412784086753
1544,1521992717,291603732,0.403206326123,0.412433079877
1545,1521992717,294937696,0.395424077375,0.406436894396
1546,1521992717,298270493,0.389544237141,0.405148864851
1547,1521992717,301603864,0.386316207713,0.400878523996
1548,1521992717,304936881,0.380351281623,0.394237114391
1549,1521992717,308270134,0.377151772128,0.385433116767
1550,1521992717,311603840,0.375010079541,0.380491454116
1551,1521992717,314938210,0.372788712868,0.374768129637
1552,1521992717,318270790,0.372676177947,0.37079585915
1553,1521992717,321603575,0.362046996872,0.362667918016
1554,1521992717,324937008,0.36091195625,0.361537082786
1555,1521992717,328269959,0.352528721395,0.357050602733
1556,1521992717,331603712,0.343617179537,0.348524901671
1557,1521992717,334937835,0.340773385977,0.344288498448
1558,1521992717,338269660,0.333940253994,0.333974741888
1559,1521992717,341603757,0.330906111098,0.326740664685
1560,1521992717,344937243,0.324961741858,0.319767264483
1561,1521992717,348269718,0.321199619783,0.312507873715
1562,1521992717,351602780,0.319368175302,0.308930241019
1563,1521992717,354906722,0.315423229166,0.306691865737
1564,1521992717,358293639,0.302167344304,0.299199991228
1565,1521992717,361603663,0.30808867249,0.301168754057
1566,1521992717,364936881,0.292930412446,0.291728443508
1567,1521992717,368281621,0.275748749886,0.290709504615
1568,1521992717,371603521,0.277648691033,0.292712527111
1569,1521992717,374937123,0.272446232599,0.283613556205
1570,1521992717,378270686,0.273151138764,0.283613556205
1571,1521992717,381603370,0.272504701638,0.28191901081
1572,1521992717,384937024,0.272093779517,0.281507514946
1573,1521992717,388270346,0.269293414865,0.274858042284
1574,1521992717,391604163,0.266435474595,0.273414802016
1575,1521992717,394937062,0.264396541046,0.272439791269
1576,1521992717,398270250,0.256251718072,0.266082242722
1577,1521992717,401603284,0.251000449633,0.264013818343
1578,1521992717,404936537,0.244972412737,0.26292295488
1579,1521992717,408269848,0.234750542278,0.252040963423
1580,1521992717,411603886,0.231528556967,0.248126369422
1581,1521992717,414937834,0.226963552433,0.243230369444
1582,1521992717,418270039,0.226355824259,0.239121193258
1583,1521992717,421603426,0.22488115011,0.231330076456
1584,1521992717,424936580,0.223134718506,0.228538166936
1585,1521992717,428270611,0.220604074066,0.228121838931
1586,1521992717,431603364,0.219272864708,0.227150186793
1587,1521992717,434937167,0.215685860386,0.224628335417
1588,1521992717,438270380,0.208682074811,0.222570196371
1589,1521992717,441603319,0.20339452224,0.222219139278
1590,1521992717,444936367,0.200941371195,0.219777460482
1591,1521992717,448270019,0.1945401878,0.213045936873
1592,1521992717,451603474,0.188575886064,0.208864029578
1593,1521992717,454937619,0.184645797219,0.207400563814
1594,1521992717,458269445,0.181969907123,0.200188460272
1595,1521992717,461603028,0.179046165796,0.192000761441
1596,1521992717,464937248,0.176893492755,0.188801190071
1597,1521992717,468270683,0.171997104151,0.184980623911
1598,1521992717,471604021,0.170599493187,0.182887662874
1599,1521992717,474936983,0.168861257548,0.175190020416
1600,1521992717,478269771,0.168508728827,0.169572705133
1601,1521992717,481603389,0.166357854834,0.168483300716
1602,1521992717,484936807,0.160730101019,0.168144319609
1603,1521992717,488270174,0.15648916853,0.16707927321
1604,1521992717,491603626,0.152975578602,0.164633999785
1605,1521992717,494937565,0.151180747243,0.159334330577
1606,1521992717,498269770,0.147036031875,0.15521164432
1607,1521992717,501603814,0.141665875039,0.154420937123
1608,1521992717,504936186,0.136800716219,0.153444877319
1609,1521992717,508270205,0.133560613532,0.153017110422
1610,1521992717,511603875,0.13005518736,0.142859798732
1611,1521992717,514936445,0.12832963476,0.139740714161
1612,1521992717,518270258,0.127931319151,0.135478964799
1613,1521992717,521603282,0.125843751195,0.134805923354
1614,1521992717,524937161,0.120882761622,0.13302209238
1615,1521992717,528270356,0.117383667081,0.130593238249
1616,1521992717,531603841,0.11454725174,0.126362475537
1617,1521992717,534936679,0.114219305732,0.121123360809
1618,1521992717,538270153,0.112432533246,0.116183276119
1619,1521992717,541603716,0.111375173999,0.115832269242
1620,1521992717,544937065,0.109973227013,0.11443642629
1621,1521992717,548269566,0.104716012157,0.113064646445
1622,1521992717,551602685,0.101521009367,0.111636155277
1623,1521992717,554937544,0.0986445323839,0.107362032672
1624,1521992717,558279638,0.0959725871031,0.100830368552
1625,1521992717,561602767,0.0965234413841,0.0982400705295
1626,1521992717,564936956,0.0955011247153,0.0961621290264
1627,1521992717,568270495,0.0955147852967,0.0961758841586
1628,1521992717,571603452,0.0948234427772,0.0961896432264
1629,1521992717,574936270,0.0927216866538,0.0962034062316
1630,1521992717,578270201,0.0884530712308,0.0961621290264
1631,1521992717,581603477,0.0842423117184,0.0947786352705
1632,1521992717,584937047,0.0803593027588,0.0891557466287
1633,1521992717,588269887,0.0772037899855,0.0839086470532
1634,1521992717,591580736,0.0770110746229,0.0795225466727
1635,1521992717,594937425,0.0759553790904,0.0756437146048
1636,1521992717,598270541,0.0764877893008,0.0761739401989
1637,1521992717,601603653,0.0764932605303,0.0761793889786
1638,1521992717,604936714,0.0761462038213,0.0772380851536
1639,1521992717,608270693,0.0750617696102,0.0772104685613
1640,1521992717,611603585,0.0729734453287,0.0772380851536
1641,1521992717,614937559,0.0697757294968,0.0761575985355
1642,1521992717,618270339,0.0662753996222,0.0723229342801
1643,1521992717,621603293,0.0627501124083,0.067758865612
1644,1521992717,624937198,0.0606132599669,0.0631722015502
1645,1521992717,628269651,0.0599384581372,0.0600436476464
1646,1521992717,631603098,0.0599213095905,0.0579202771097
1647,1521992717,634937908,0.0598913232331,0.0578912921269
1648,1521992717,638270424,0.0609961956338,0.0579368529921
1649,1521992717,641602829,0.0609961956338,0.059692515204
1650,1521992717,644937218,0.0609569445426,0.0610577289858
1651,1521992717,648269997,0.0595816161388,0.0624971033183
1652,1521992717,651603362,0.0560400400818,0.0624792240154
1653,1521992717,654936053,0.0532356451891,0.0624971033183
1654,1521992717,658269129,0.0479404766457,0.0582754772831
1655,1521992717,661602921,0.0444059124325,0.054753156758
1656,1521992717,664936626,0.0426468229554,0.0508959970912
1657,1521992717,668270048,0.0412370106262,0.0463329076968
1658,1521992717,671612720,0.0411252412679,0.0423567158202
1659,1521992717,674937160,0.0413493891693,0.0408277585387
1660,1521992717,678270540,0.0415924384216,0.0396666140206
1661,1521992717,681602997,0.0416043415306,0.0396779659886
1662,1521992717,684937558,0.04157756911,0.0396524331919
1663,1521992717,688270899,0.0415924384216,0.0396666140206
1664,1521992717,691604297,0.0405321044617,0.0396637770435
1665,1521992717,694937395,0.0394803925318,0.0389673372194
1666,1521992717,698270037,0.0380758256982,0.0375684834554
1667,1521992717,701603588,0.0370075736389,0.0365047151551
1668,1521992717,704936254,0.0356079481066,0.0354618395233
1669,1521992717,708270141,0.0341855040155,0.0336942503126
1670,1521992717,711603377,0.0327804811289,0.0322949423885
1671,1521992717,714937910,0.0310070006922,0.0312306774697
1672,1521992717,718270319,0.0296166499031,0.0301973900444
1673,1521992717,721603738,0.027845785045,0.0291356545461
1674,1521992717,724936591,0.0264396541046,0.0280865764195
1675,1521992717,728270128,0.0257290750061,0.0273785363663
1676,1521992717,731603741,0.024319262677,0.0259745088603
1677,1521992717,734938173,0.0232552505192,0.0249143606781
1678,1521992717,738270494,0.0222124874273,0.0231747411969
1679,1521992717,741603573,0.0215027137896,0.0214144826161
1680,1521992717,744936839,0.0207962192108,0.0196577910191
1681,1521992717,748270457,0.0197373726074,0.0182523575775
1682,1521992717,751603768,0.0190338277523,0.0168495351592
1683,1521992717,754937474,0.0179751071961,0.0157953094421
1684,1521992717,758270181,0.0172739073483,0.0147454526202
1685,1521992717,761604889,0.0165605571879,0.0136853530485
1686,1521992717,764936838,0.0158671976844,0.0126416723881
1687,1521992717,768270211,0.0144516099601,0.0119350874044
1688,1521992717,771602856,0.0137496037243,0.0112354343044
1689,1521992717,774935914,0.0123376226662,0.010531712762
1690,1521992717,778270470,0.011275272979,0.00947447518745
1691,1521992717,781603821,0.00986939216784,0.00877579956208
1692,1521992717,784937397,0.00810642089234,0.0077221512828
1693,1521992717,788270326,0.0070505744279,0.00667056189963
1694,1521992717,791603719,0.00563924931641,0.00561611002386
1695,1521992717,794936980,0.00458254556172,0.00491479928894
1696,1521992717,798270447,0.00352453082276,0.0038610756414
1697,1521992717,801603513,0.00282002803798,0.00245739964447
1698,1521992717,804937437,0.00211456725869,0.00210589064454
1699,1521992717,808270348,0.00105751051424,0.0010531712762
1700,1521992717,811603532,0.0,0.000351057092067
1701,1521992717,814937886,0.0,0.0
1702,1521992717,818270204,0.0,0.0
1703,1521992717,821603448,0.0,0.0
1704,1521992717,824936724,0.0,0.0
1705,1521992717,828270090,0.0,0.0
1706,1521992717,831603373,0.0,0.0
1707,1521992717,834937523,0.0,0.0
1708,1521992717,838270227,-0.00035255394165,-0.000351107322013
1709,1521992717,841602808,-0.00035255394165,-0.000351107322013
1710,1521992717,844937358,0.0,-0.000350906488424
1711,1521992717,848271129,0.0,-0.00035098177409
1712,1521992717,851616767,0.0,-0.000349731215499
1713,1521992717,854935848,0.0,-0.000352544942684
1714,1521992717,858269522,0.0,-0.000351006876491
1715,1521992717,861603517,0.0,-0.000350956675279
1716,1521992717,864937945,0.0,0.0
1717,1521992717,868270721,0.0,0.0
1718,1521992717,871603863,0.0,0.0
1719,1521992717,874937074,0.0,0.0
1720,1521992717,878270174,0.0,0.0
1721,1521992717,881603453,0.0,0.0
1722,1521992717,884936047,0.0,0.0
1723,1521992717,888270029,0.0,0.0
1724,1521992717,891603783,0.0,0.0
1725,1521992717,894937866,0.0,0.0
1726,1521992717,898270656,0.0,0.0
1727,1521992717,901603451,0.0,0.0
1728,1521992717,904936289,0.0,0.0
1729,1521992717,908270269,0.0,0.0
1730,1521992717,911603451,0.0,-0.000351057092067
1731,1521992717,914937871,0.0,-0.000350906488424
1732,1521992717,918270116,0.0,-0.00105347269901
1733,1521992717,921603115,0.0,-0.0010531712762
1734,1521992717,924936891,0.0,-0.00175490887045
1735,1521992717,928269887,0.0,-0.00210649323146
1736,1521992717,931603433,0.0,-0.00280805501193
1737,1521992717,934937736,0.0,-0.00315838422051
1738,1521992717,938269934,0.0,-0.00316041809702
1739,1521992717,941603440,0.0,-0.00351006876491
1740,1521992717,944936662,0.0,-0.00351031982483
1741,1521992717,948268874,0.0,-0.00386273322969
1742,1521992717,951603717,0.0,-0.00385969540417
1743,1521992717,954936686,0.0,-0.00386162801274
1744,1521992717,958269628,0.0,-0.00386190425768
1745,1521992717,961603524,0.0,-0.00386052342807
1746,1521992717,964936978,0.0,-0.00351031982483
1747,1521992717,968269995,0.0,-0.00351057092067
1748,1521992717,971602915,0.0,-0.00351082205243
1749,1521992717,974936782,0.0,-0.0035098177409
1750,1521992717,978269398,0.0,-0.00315996589812
1751,1521992717,981602758,0.0,-0.00315928784235
1752,1521992717,984936913,0.0,-0.00315838422051
1753,1521992717,988270405,0.0,-0.00351006876491
1754,1521992717,991604348,0.0,-0.00421178128908
1755,1521992717,994938290,0.0,-0.00561530680446
1756,1521992717,998270690,0.0,-0.00702264884753
1757,1521992718,1603449,0.0,-0.00983100501636
1758,1521992718,4936331,-0.000352528721395,-0.011585712773
1759,1521992718,8270536,-0.000352377475608,-0.0136863316222
1760,1521992718,11604078,-0.00281962465821,-0.0147422888126
1761,1521992718,14937840,-0.00493399027028,-0.0147412345118
1762,1521992718,18270326,-0.0081093208068,-0.0147475625798
1763,1521992718,21603089,-0.0109283903632,-0.0140432882097
1764,1521992718,24936795,-0.0130407640442,-0.0126362475537
1765,1521992718,28270241,-0.0133932171265,-0.0115832269242
1766,1521992718,31603788,-0.0133932171265,-0.00982819254175
1767,1521992718,34937876,-0.0133913016206,-0.00877391688197
1768,1521992718,38270390,-0.0123393879577,-0.00772436108429
1769,1521992718,41603105,-0.0112817261328,-0.00702214644026
1770,1521992718,44936596,-0.010221139386,-0.00702013752982
1771,1521992718,48269330,-0.00916640248289,-0.00702214644026
1772,1521992718,51602739,-0.00881132705689,-0.00807315815929
1773,1521992718,54936603,-0.00845826903476,-0.00807258080407
1774,1521992718,58269145,-0.00810874065794,-0.00912879037234
