1,1521991901,74844670,0.0,0.0
2,1521991901,78105088,0.0,0.0
3,1521991901,81439430,0.0,0.0
4,1521991901,84772542,0.0,0.0
5,1521991901,88104969,0.0,0.0
6,1521991901,91438728,0.0,0.0
7,1521991901,94771552,0.0,0.0
8,1521991901,98105008,0.0,0.0
9,1521991901,101439212,0.0,0.0
10,1521991901,104771930,0.0,0.0
11,1521991901,108105574,0.0,0.0
12,1521991901,111438894,0.0,0.0
13,1521991901,114771959,0.0,0.0
14,1521991901,118105569,0.0,0.0
15,1521991901,121438065,0.0,0.0
16,1521991901,124772602,0.0,0.0
17,1521991901,128105405,0.0,0.0
18,1521991901,131438874,0.0,0.0
19,1521991901,134772089,0.0,0.0
20,1521991901,138106106,0.0,0.0
21,1521991901,141439475,0.0,0.0
22,1521991901,144772072,0.0,0.0
23,1521991901,148120745,0.0,0.0
24,1521991901,151439554,0.0,0.0
25,1521991901,154772305,0.0,0.0
26,1521991901,158105953,0.0,0.0
27,1521991901,161438866,0.0,0.0
28,1521991901,164772268,0.0,0.0
29,1521991901,168105224,0.0,0.0
30,1521991901,171438775,0.0,0.0
31,1521991901,174772958,0.0,0.0
32,1521991901,178105546,0.0,0.0
33,1521991901,181439044,0.0,0.0
34,1521991901,184771942,0.0,0.0
35,1521991901,188095229,0.0,0.0
36,1521991901,191439066,0.0,0.0
37,1521991901,194783130,0.0,0.0
38,1521991901,198105318,0.0,0.0
39,1521991901,201438976,0.0,0.0
40,1521991901,204771829,0.0,0.0
41,1521991901,208105120,0.0,0.0
42,1521991901,211440012,0.0,0.0
43,1521991901,214772723,0.0,0.0
44,1521991901,218106217,0.0,0.0
45,1521991901,221438887,0.0,0.0
46,1521991901,224773393,0.0,0.0
47,1521991901,228106025,0.0,0.0
48,1521991901,231439712,0.0,0.0
49,1521991901,234782834,0.0,0.0
50,1521991901,238104979,0.0,0.0
51,1521991901,241438609,0.0,0.0
52,1521991901,244771718,0.0,0.0
53,1521991901,248105211,0.0,0.0
54,1521991901,251439496,0.0,0.0
55,1521991901,254771869,0.0,0.0
56,1521991901,258115545,0.0,0.0
57,1521991901,261438738,0.0,0.0
58,1521991901,264771751,0.0,0.0
59,1521991901,268104950,0.0,0.0
60,1521991901,271437674,0.0,0.0
61,1521991901,274771469,0.0,0.0
62,1521991901,278105040,0.0,0.0
63,1521991901,281439824,0.0,0.0
64,1521991901,284772585,0.0,0.0
65,1521991901,288105694,0.0,0.0
66,1521991901,291438186,0.0,0.0
67,1521991901,294772128,0.0,0.0
68,1521991901,298109901,0.0,0.0
69,1521991901,301439081,0.0,0.0
70,1521991901,304772757,0.0,0.0
71,1521991901,308105714,0.0,0.0
72,1521991901,311439830,0.0,0.0
73,1521991901,314771799,0.0,0.0
74,1521991901,318116502,0.0,0.0
75,1521991901,321438886,0.0,0.0
76,1521991901,324772526,0.0,0.0
77,1521991901,328105516,0.0,0.0
78,1521991901,331439739,0.0,0.0
79,1521991901,334772564,0.0,0.0
80,1521991901,338105489,0.0,0.0
81,1521991901,341439255,0.0,0.0
82,1521991901,344771516,0.0,0.0
83,1521991901,348116707,0.0,0.0
84,1521991901,351438582,0.0,0.0
85,1521991901,354771728,0.0,0.0
86,1521991901,358105282,0.0,0.0
87,1521991901,361438813,0.0,0.0
88,1521991901,364772225,0.0,0.0
89,1521991901,368105559,0.0,0.0
90,1521991901,371438600,0.0,0.0
91,1521991901,374771430,0.0,0.0
92,1521991901,378104974,0.0,0.0
93,1521991901,381439372,0.0,0.0
94,1521991901,384772752,0.0,0.0
95,1521991901,388105846,0.0,0.0
96,1521991901,391438930,0.0,0.0
97,1521991901,394772367,0.0,0.0
98,1521991901,398105391,0.0,0.0
99,1521991901,401438816,0.0,0.0
100,1521991901,404771480,0.0,0.0
101,1521991901,408104980,0.0,0.0
102,1521991901,411438809,0.0,0.0
103,1521991901,414772076,0.0,0.0
104,1521991901,418105854,0.0,0.0
105,1521991901,421439157,0.0,0.0
106,1521991901,424807959,0.0,0.0
107,1521991901,428105678,0.0,0.0
108,1521991901,431439824,0.0,0.0
109,1521991901,434808054,0.0,0.0
110,1521991901,438105440,0.0,0.0
111,1521991901,441439300,0.0,0.0
112,1521991901,444772510,0.0,0.0
113,1521991901,448105285,0.0,0.0
114,1521991901,451440007,0.0,0.0
115,1521991901,454772179,0.0,0.0
116,1521991901,458105143,0.0,0.0
117,1521991901,461438041,0.0,0.0
118,1521991901,464771911,0.0,0.0
119,1521991901,468105020,0.0,0.0
120,1521991901,471448085,0.0,0.0
121,1521991901,474771487,0.0,0.0
122,1521991901,478106191,0.0,0.0
123,1521991901,481438869,0.0,0.0
124,1521991901,484772373,0.0,0.0
125,1521991901,488105043,0.0,0.0
126,1521991901,491437961,0.0,0.0
127,1521991901,494811113,0.0,0.0
128,1521991901,498116100,0.0,0.0
129,1521991901,501439071,0.0,0.0
130,1521991901,504807762,0.0,0.0
131,1521991901,508105253,0.0,0.0
132,1521991901,511439643,0.0,0.0
133,1521991901,514772029,0.0,0.0
134,1521991901,518115960,0.0,0.0
135,1521991901,521438049,0.0,0.0
136,1521991901,524771793,0.0,0.0
137,1521991901,528105439,0.0,0.0
138,1521991901,531438942,0.0,0.0
139,1521991901,534771224,0.0,0.0
140,1521991901,538109545,0.0,0.0
141,1521991901,541438071,0.0,0.0
142,1521991901,544772117,0.0,0.0
143,1521991901,548112119,0.0,0.0
144,1521991901,551437805,0.0,0.0
145,1521991901,554772148,0.0,0.0
146,1521991901,558105716,0.0,0.0
147,1521991901,561438347,0.0,0.0
148,1521991901,564772121,0.0,0.0
149,1521991901,568105675,0.0,0.0
150,1521991901,571438824,0.0,0.0
151,1521991901,574771719,0.0,0.0
152,1521991901,578105916,0.0,0.0
153,1521991901,581439320,0.0,0.0
154,1521991901,584772187,0.0,0.0
155,1521991901,588105316,0.0,0.0
156,1521991901,591438585,0.0,0.0
157,1521991901,594772109,0.0,0.0
158,1521991901,598104872,0.0,0.0
159,1521991901,601439112,0.0,0.0
160,1521991901,604771872,0.0,0.0
161,1521991901,608104927,0.0,0.0
162,1521991901,611439742,0.0,0.0
163,1521991901,614771736,0.0,0.0
164,1521991901,618112661,0.0,0.0
165,1521991901,621440128,0.0,0.0
166,1521991901,624772426,0.0,0.0
167,1521991901,628105291,0.0,0.0
168,1521991901,631438846,0.0,0.0
169,1521991901,634772716,0.0,0.0
170,1521991901,638105858,0.0,0.0
171,1521991901,641438948,0.0,0.0
172,1521991901,644772244,0.0,0.0
173,1521991901,648105001,0.0,0.0
174,1521991901,651438737,0.0,0.0
175,1521991901,654771686,0.0,0.0
176,1521991901,658105805,0.0,0.0
177,1521991901,661438735,0.0,0.0
178,1521991901,664771832,0.0,0.0
179,1521991901,668106480,0.0,0.0
180,1521991901,671438199,0.0,0.0
181,1521991901,674771398,0.0,0.0
182,1521991901,678115804,0.0,0.0
183,1521991901,681439107,0.0,0.0
184,1521991901,684771869,0.0,0.0
185,1521991901,688105224,0.0,0.0
186,1521991901,691438979,0.0,0.0
187,1521991901,694771951,0.0,0.0
188,1521991901,698105239,0.0,0.0
189,1521991901,701439120,0.0,0.0
190,1521991901,704771901,0.0,0.0
191,1521991901,708121415,0.0,0.0
192,1521991901,711440110,0.0,0.0
193,1521991901,714772428,0.0,0.0
194,1521991901,718105701,0.0,0.0
195,1521991901,721438250,0.0,0.0
196,1521991901,724772244,0.0,0.0
197,1521991901,728105841,0.0,0.0
198,1521991901,731440047,0.0,0.0
199,1521991901,734773045,0.0,0.0
200,1521991901,738105367,0.0,0.0
201,1521991901,741438621,0.0,0.0
202,1521991901,744772500,0.0,0.0
203,1521991901,748105571,0.0,0.0
204,1521991901,751439788,0.0,0.0
205,1521991901,754772537,0.0,0.0
206,1521991901,758105523,0.0,0.0
207,1521991901,761438336,0.0,0.0
208,1521991901,764772812,0.0,0.0
209,1521991901,768105473,0.0,0.0
210,1521991901,771437967,0.0,0.0
211,1521991901,774772125,0.0,0.0
212,1521991901,778105009,0.0,0.0
213,1521991901,781438552,0.0,0.0
214,1521991901,784771832,0.0,0.0
215,1521991901,788115441,0.0,0.0
216,1521991901,791437832,0.0,0.0
217,1521991901,794772237,0.0,0.0
218,1521991901,798105526,0.0,0.0
219,1521991901,801438932,0.0,0.0
220,1521991901,804772693,0.0,0.0
221,1521991901,808105903,0.0,0.0
222,1521991901,811439171,0.0,0.0
223,1521991901,814772593,0.0,0.0
224,1521991901,818105497,0.0,0.0
225,1521991901,821438817,0.0,0.0
226,1521991901,824772094,0.0,0.0
227,1521991901,828105926,0.0,0.0
228,1521991901,831438769,0.0,0.0
229,1521991901,834772679,0.0,0.0
230,1521991901,838105961,0.0,0.0
231,1521991901,841438589,0.0,0.0
232,1521991901,844772343,0.0,0.0
233,1521991901,848105658,0.0,0.0
234,1521991901,851438845,0.0,0.0
235,1521991901,854772451,0.0,0.0
236,1521991901,858105276,0.0,0.0
237,1521991901,861439116,0.0,0.0
238,1521991901,864773664,0.0,0.0
239,1521991901,868105167,0.0,0.0
240,1521991901,871438191,0.0,0.0
241,1521991901,874771589,0.0,0.0
242,1521991901,878104521,0.0,0.0
243,1521991901,881438918,0.0,0.0
244,1521991901,884771317,0.0,0.0
245,1521991901,888104749,0.0,0.0
246,1521991901,891439127,0.0,0.0
247,1521991901,894773168,0.0,0.0
248,1521991901,898104520,0.0,0.0
249,1521991901,901438551,0.0,0.0
250,1521991901,904771862,0.0,0.0
251,1521991901,908104952,0.0,0.0
252,1521991901,911438567,0.0,0.0
253,1521991901,914772984,0.0,0.0
254,1521991901,918105785,0.0,0.0
255,1521991901,921438034,0.0,0.0
256,1521991901,924771603,0.0,0.0
257,1521991901,928105608,0.0,0.0
258,1521991901,931438434,0.0,0.0
259,1521991901,934771756,0.0,0.0
260,1521991901,938105128,0.0,0.0
261,1521991901,941439519,0.0,0.0
262,1521991901,944773313,0.0,0.0
263,1521991901,948105463,0.0,0.0
264,1521991901,951439498,0.0,0.0
265,1521991901,954782883,0.0,0.0
266,1521991901,958105910,0.0,0.0
267,1521991901,961439590,0.0,0.0
268,1521991901,964771900,0.0,0.0
269,1521991901,968105215,0.0,0.0
270,1521991901,971440387,0.0,0.0
271,1521991901,974773354,-0.000352503504748,0.0
272,1521991901,978116477,-0.000351447653429,0.0
273,1521991901,981438932,-0.000353641836841,0.0
274,1521991901,984771803,-0.000352528721395,0.0
277,1521991901,994772250,-0.000352427876448,0.0
278,1521991901,998105154,-0.000352528721395,0.0
279,1521991902,1440313,-0.000352276717162,0.0
280,1521991902,4772974,-0.00035255394165,0.0
281,1521991902,8104750,-0.00035262962407,0.0
282,1521991902,11440284,-0.000352251536553,0.0
283,1521991902,14772465,-0.000352604392986,0.0
284,1521991902,18105730,-0.000352478291709,0.0
285,1521991902,21439703,-0.000352402674226,0.0
286,1521991902,24773030,-0.000352478291709,0.0
287,1521991902,28106274,-0.000352503504748,0.0
288,1521991902,31439431,0.0,0.0
289,1521991902,34772392,0.0,0.0
290,1521991902,38105768,0.0,0.0
291,1521991902,41439085,0.0,0.0
292,1521991902,44772347,0.0,0.0
293,1521991902,48126109,0.0,0.0
294,1521991902,51439300,0.0,0.0
295,1521991902,54771783,0.0,0.0
296,1521991902,58105278,0.0,0.0
297,1521991902,61442340,0.0,0.0
298,1521991902,64772248,0.0,0.0
299,1521991902,68115868,0.0,0.0
300,1521991902,71438173,0.0,0.0
301,1521991902,74772251,0.0,0.0
302,1521991902,78105679,0.0,0.0
303,1521991902,81438923,0.0,0.0
304,1521991902,84771779,0.0,0.0
305,1521991902,88105159,0.0,0.0
306,1521991902,91439537,0.0,0.0
307,1521991902,94771798,0.0,0.0
308,1521991902,98105348,0.0,0.0
309,1521991902,101439008,0.0,0.0
310,1521991902,104772313,0.0,0.0
311,1521991902,108115952,0.0,0.0
312,1521991902,111439818,0.0,0.0
313,1521991902,114771832,0.0,0.0
314,1521991902,118115339,0.0,0.0
315,1521991902,121438663,0.0,0.0
316,1521991902,124781648,0.0,0.0
317,1521991902,128105323,0.0,0.0
318,1521991902,131439031,0.0,0.0
319,1521991902,134771340,0.0,0.0
320,1521991902,138105606,0.0,0.0
321,1521991902,141438932,0.0,0.0
322,1521991902,144772005,0.0,0.0
323,1521991902,148117866,0.0,0.0
324,1521991902,151438789,0.0,0.0
325,1521991902,154762334,0.0,0.0
326,1521991902,158105168,0.0,0.0
327,1521991902,161438762,0.0,0.0
328,1521991902,164772475,0.0,0.0
329,1521991902,168105185,0.0,0.0
330,1521991902,171438630,0.0,0.0
331,1521991902,174772086,0.0,0.0
332,1521991902,178105862,0.0,0.0
333,1521991902,181438406,0.0,0.0
334,1521991902,184771365,0.0,0.0
335,1521991902,188105447,0.0,0.0
336,1521991902,191438894,0.0,0.0
337,1521991902,194772109,0.0,0.0
338,1521991902,198104750,0.0,0.0
339,1521991902,201438267,0.0,0.0
340,1521991902,204771870,0.0,0.0
341,1521991902,208105675,0.0,0.0
342,1521991902,211439588,0.0,0.0
343,1521991902,214771710,0.0,0.0
344,1521991902,218105861,0.0,0.0
345,1521991902,221438948,0.0,0.0
346,1521991902,224771998,0.0,0.0
347,1521991902,228105164,0.0,0.0
348,1521991902,231439290,0.0,0.0
349,1521991902,234771659,0.0,0.0
350,1521991902,238105890,0.0,0.0
351,1521991902,241438700,0.0,0.0
352,1521991902,244771238,0.0,0.0
353,1521991902,248105461,0.0,0.0
354,1521991902,251439308,0.0,0.0
355,1521991902,254772420,0.0,0.0
356,1521991902,258105713,0.0,0.0
357,1521991902,261438566,0.0,0.0
358,1521991902,264772584,0.0,0.0
359,1521991902,268105133,0.0,0.0
360,1521991902,271439323,0.0,0.0
361,1521991902,274772441,0.0,0.0
362,1521991902,278105344,0.0,0.0
363,1521991902,281439862,0.0,0.0
364,1521991902,284772329,0.0,0.0
365,1521991902,288105474,0.0,0.0
366,1521991902,291438782,0.0,0.0
367,1521991902,294771746,0.0,0.0
368,1521991902,298106258,0.0,0.0
369,1521991902,301439149,0.0,0.0
370,1521991902,304772616,0.0,0.0
371,1521991902,308105915,0.0,0.0
372,1521991902,311438944,0.0,0.0
373,1521991902,314772719,0.0,0.0
374,1521991902,318105417,0.0,0.0
375,1521991902,321439339,0.0,0.0
376,1521991902,324772628,0.0,0.0
377,1521991902,328105311,0.0,0.0
378,1521991902,331439255,0.0,0.0
379,1521991902,334772338,0.0,0.0
380,1521991902,338105454,0.0,0.0
381,1521991902,341438682,0.0,0.0
382,1521991902,344771314,0.0,0.0
383,1521991902,348105861,0.000352352280593,0.0
384,1521991902,351439282,0.00105743487513,0.0
385,1521991902,354773281,0.00105720802268,0.000350956675279
386,1521991902,358105572,0.00141031666205,0.000351132442377
387,1521991902,361439460,0.00176213938224,0.00035098177409
388,1521991902,364772168,0.00317298547485,0.000702214644026
389,1521991902,368105193,0.00317253154273,0.000702114184134
390,1521991902,371438225,0.00317253154273,0.000702114184134
391,1521991902,374772887,0.00246646596415,0.0014036259537
392,1521991902,378104909,0.00176302196493,0.00280926053068
393,1521991902,381439449,0.00105705684178,0.00421087786109
394,1521991902,384772677,0.00105743487513,0.00596754370221
395,1521991902,388105115,0.00105773749654,0.00877831105942
396,1521991902,391439752,0.00211411368356,0.011579914118
397,1521991902,394773356,0.00246717157593,0.0140402750596
398,1521991902,398105896,0.0035255394165,0.0168531514566
399,1521991902,401438705,0.00387781593534,0.0193095212884
400,1521991902,404772468,0.00422913451738,0.0221118517677
401,1521991902,408105598,0.00458254556172,0.025978224813
402,1521991902,411440023,0.00493293192831,0.029827051516
403,1521991902,414773369,0.00563965266734,0.0347521662658
404,1521991902,418106662,0.00634506308547,0.0382652230353
405,1521991902,421438439,0.00740522210547,0.0428442886545
406,1521991902,424771797,0.0081070007093,0.042825901863
407,1521991902,428072692,0.00925445820916,0.0432465824446
408,1521991902,431439462,0.00977154393447,0.0385782433488
409,1521991902,434772874,0.010221139386,0.0319416257607
410,1521991902,438105773,0.0105758616418,0.0193095212884
411,1521991902,441439044,0.010926827043,0.010881991457
412,1521991902,444772383,0.0116317836264,0.00737167163215
413,1521991902,448105753,0.0126892185015,0.00737167163215
414,1521991902,451438688,0.0155112637414,0.00737272631011
415,1521991902,454772708,0.0183249390598,0.0119325269595
416,1521991902,458105704,0.0222077207991,0.0168507404192
417,1521991902,461438543,0.0253820679404,0.0217670967251
418,1521991902,464772159,0.0253766219238,0.0252724951074
419,1521991902,468105607,0.025378437003,0.0266784306687
420,1521991902,471438207,0.0243262219738,0.026684156473
421,1521991902,474772945,0.023253587886,0.0266669864288
422,1521991902,478105383,0.0232702249239,0.0266860656206
423,1521991902,481438816,0.0232619034302,0.0245704813544
424,1521991902,484771861,0.0253802523419,0.0231697680764
425,1521991902,488105303,0.0274933067533,0.0231681108439
426,1521991902,491439076,0.0299563694981,0.0231647970899
427,1521991902,494773193,0.0313638380061,0.0235140972437
428,1521991902,498105271,0.0331448129407,0.0256345023425
429,1521991902,501438743,0.0338354958985,0.0270275294898
430,1521991902,504771851,0.0348978469701,0.0284356244574
431,1521991902,508104890,0.0349003434181,0.0284376586247
432,1521991902,511439115,0.0348853700852,0.0291273211447
433,1521991902,514772170,0.0366603644938,0.0291377386416
434,1521991902,518105490,0.0380676555045,0.0301887504936
435,1521991902,521438690,0.0394803925318,0.031244081194
436,1521991902,524772142,0.0398271982971,0.0322926326372
437,1521991902,528105426,0.0437073081719,0.0351031982483
438,1521991902,531438688,0.0451204486078,0.036509937575
439,1521991902,534772059,0.0468762599427,0.0375577357845
440,1521991902,538105468,0.0493469608392,0.0389645500556
441,1521991902,541438924,0.0504043957143,0.0389645500556
442,1521991902,544752139,0.0542551519354,0.0406126852498
443,1521991902,548119041,0.0540886449822,0.0403131472216
444,1521991902,551440339,0.0562492347756,0.0415734257974
445,1521991902,554772403,0.0574745160568,0.0438946957919
446,1521991902,558105431,0.0585155817882,0.0452863648767
447,1521991902,561438850,0.059216353007,0.0470382856528
448,1521991902,564771932,0.0613356098262,0.0487969357973
449,1521991902,568105131,0.0623886576324,0.0498465415126
450,1521991902,571438149,0.0638076985725,0.0505558375551
451,1521991902,574773057,0.0648235498523,0.0515758784403
452,1521991902,578104945,0.0673522581974,0.0523262213895
453,1521991902,581438508,0.0687283510437,0.0530020383502
454,1521991902,584771884,0.0733154846754,0.0565161491798
455,1521991902,588105507,0.0747200534424,0.0575651277445
456,1521991902,591439345,0.0792962722009,0.0603688651435
457,1521991902,594771838,0.082497622346,0.0628482106403
458,1521991902,598104841,0.0835433306253,0.0645945049403
459,1521991902,601438924,0.0835194337916,0.0663308116277
460,1521991902,604772288,0.0835373551349,0.0670471086543
461,1521991902,608105023,0.083555284171,0.0688170351146
462,1521991902,611439737,0.083501520136,0.0687727544742
463,1521991902,614772694,0.0846008411395,0.0691582471372
464,1521991902,618105672,0.0877796516273,0.069163194433
465,1521991902,621438143,0.0923757413645,0.0695242235906
466,1521991902,624772073,0.0986727487833,0.0715951617569
467,1521991902,628118389,0.103581026287,0.0741324522397
468,1521991902,631439528,0.105069325336,0.0778620940782
469,1521991902,634772940,0.104678565436,0.0807315815929
470,1521991902,638105398,0.104716012157,0.0821649915161
471,1521991902,641439133,0.104671079305,0.0842356257816
472,1521991902,644772314,0.10469354091,0.0846047591882
473,1521991902,648105349,0.105046044415,0.0856579304644
474,1521991902,651439754,0.108532262487,0.085978237114
475,1521991902,654773146,0.11454725174,0.0870497053698
476,1521991902,658105640,0.121639812102,0.0870808457094
477,1521991902,661438554,0.12373758121,0.0870683869004
478,1521991902,664772160,0.123702184633,0.089851334167
479,1521991902,668105331,0.124433737176,0.0933811864898
480,1521991902,671438988,0.124768391126,0.0961758841586
481,1521991902,674772942,0.124750546676,0.10037360913
482,1521991902,678104511,0.126612154849,0.103964956097
483,1521991902,681438590,0.128617778597,0.104577610857
484,1521991902,684772327,0.131112546607,0.104600049194
485,1521991902,688105938,0.131464999689,0.104600049194
486,1521991902,691439850,0.132151002835,0.104585089233
487,1521991902,694772501,0.13467560571,0.10462998196
488,1521991902,698105547,0.137828870356,0.105668184712
489,1521991902,701438339,0.142069074722,0.10778223701
490,1521991902,704772592,0.14517951995,0.110543447718
491,1521991902,708105275,0.14736754761,0.114460986976
492,1521991902,711439013,0.149087653803,0.115832269242
493,1521991902,714772918,0.149066331198,0.115815702842
494,1521991902,718105740,0.1515873502,0.116910374346
495,1521991902,721438800,0.152634017556,0.11725306875
496,1521991902,724772164,0.154385491768,0.117244682149
497,1521991902,728105284,0.156511556108,0.121816810947
498,1521991902,731439805,0.157149117145,0.124220896902
499,1521991902,734772754,0.160400568235,0.128145004914
500,1521991902,738105528,0.16427838417,0.128145004914
501,1521991902,741438738,0.168849178774,0.128135838604
502,1521991902,744772209,0.171644651068,0.129170530549
503,1521991902,748105498,0.172714362937,0.133041121361
504,1521991902,751439779,0.175131605377,0.133354000422
505,1521991902,754772619,0.17696941814,0.13727314225
506,1521991902,758105979,0.178001537313,0.137955569116
507,1521991902,761439083,0.179776787422,0.139720722643
508,1521991902,764772527,0.184698624855,0.142518984888
509,1521991902,768105228,0.185782636175,0.146401279587
510,1521991902,771437930,0.189674020607,0.150273933822
511,1521991902,774772122,0.195921876438,0.154760826805
512,1521991902,778115188,0.196459238267,0.154352457771
513,1521991902,781438624,0.198336138673,0.157032000402
514,1521991902,784772037,0.199502713107,0.15691129617
515,1521991902,788118250,0.199774253985,0.156296439994
516,1521991902,791439419,0.202709506455,0.160304311337
517,1521991902,794772274,0.204114129688,0.162551061028
518,1521991902,798104747,0.204848495163,0.162925453263
519,1521991902,801438460,0.208284874981,0.163557506726
520,1521991902,804771950,0.210782018442,0.165687095732
521,1521991902,808104569,0.211179811048,0.171691480464
522,1521991902,811439359,0.212805561865,0.173335411787
523,1521991902,814772396,0.213264620373,0.176230660218
524,1521991902,818105921,0.213234114777,0.178311493257
525,1521991902,821439110,0.213617123877,0.179039116954
526,1521991902,824772525,0.214291474024,0.181821562022
527,1521991902,828105528,0.214689991329,0.185020322163
528,1521991902,831439275,0.21533343251,0.185669358494
529,1521991902,834772650,0.218536540859,0.190259334506
530,1521991902,838105807,0.219593975734,0.194120686313
531,1521991902,841438649,0.220346213531,0.197673422293
532,1521991902,844772153,0.22310280108,0.202179960859
533,1521991902,848105414,0.223118758652,0.202896485875
534,1521991902,851439319,0.223086845792,0.203920410746
535,1521991902,854772161,0.224560795528,0.207489583299
536,1521991902,858105436,0.224528671818,0.207459901648
537,1521991902,861438538,0.224897236029,0.207474741412
538,1521991902,864772481,0.22518530883,0.208468265116
539,1521991902,868113403,0.224719286283,0.208036838605
540,1521991902,871438110,0.228305174388,0.212937878585
541,1521991902,874772547,0.227619573263,0.21370205145
542,1521991902,878115372,0.227051376625,0.214918749185
543,1521991902,881438806,0.226265826651,0.218647695627
544,1521991902,884771732,0.225602243039,0.224325481831
545,1521991902,888106199,0.225521584389,0.225999937557
546,1521991902,891439480,0.232283194236,0.230276980509
547,1521991902,894771433,0.234851329631,0.238804231844
548,1521991902,898105117,0.235069393591,0.245687241863
549,1521991902,901438156,0.236177348181,0.247144192815
550,1521991902,904771944,0.236831532973,0.250951968474
551,1521991902,908105076,0.235119837667,0.251005820828
552,1521991902,911439414,0.238911928462,0.256881916602
553,1521991902,914772761,0.239685238362,0.259763667038
554,1521991902,918105427,0.240089234263,0.25981941829
555,1521991902,921438786,0.238980281778,0.26151882695
556,1521991902,924771696,0.240054886733,0.262239647774
557,1521991902,928105114,0.240037716654,0.264678114792
558,1521991902,931439192,0.241043429171,0.266376116537
559,1521991902,934772982,0.243527662626,0.268852038953
560,1521991902,938104914,0.244724959105,0.27181540507
561,1521991902,941438472,0.245307345264,0.277295432428
562,1521991902,944772234,0.246347085637,0.279030510401
563,1521991902,948104769,0.24784542098,0.284748038153
564,1521991902,951439790,0.250134349973,0.286298753791
565,1521991902,954772261,0.250331207514,0.289684264961
566,1521991902,958105187,0.249237806026,0.291749312557
567,1521991902,961438848,0.250223792278,0.292367817817
568,1521991902,964772475,0.249184329169,0.296249803758
569,1521991902,968105589,0.249219977857,0.299100642441
570,1521991902,971439067,0.250241688416,0.299408865647
571,1521991902,974772262,0.250629991876,0.305068613006
572,1521991902,978104700,0.251036365845,0.305134092425
573,1521991902,981438820,0.254064159913,0.314083764151
574,1521991902,984772169,0.255546761489,0.314173624322
575,1521991902,988105343,0.255565040942,0.318057725413
576,1521991902,991439626,0.257587934669,0.321453327332
577,1521991902,994772680,0.257680061971,0.323674638886
578,1521991902,998105453,0.257345966618,0.325102122055
579,1521991903,1439216,0.254805354672,0.325360104581
580,1521991903,4772521,0.254860033933,0.32613203853
581,1521991903,8105939,0.253061313074,0.328191429519
582,1521991903,11440239,0.252302272535,0.329173822094
583,1521991903,14772809,0.251723514338,0.332849741268
584,1521991903,18105673,0.251352978354,0.338092163649
585,1521991903,21438399,0.251723514338,0.339169673065
586,1521991903,24771649,0.250612065405,0.342607214904
587,1521991903,28063937,0.252662994383,0.346874608702
588,1521991903,31439560,0.24747897206,0.338324019746
589,1521991903,34772938,0.250964543697,0.343309278869
590,1521991903,38105593,0.250665852513,0.343382960929
591,1521991903,41438629,0.249572481362,0.343684893134
592,1521991903,44772234,0.249536782251,0.348900835232
593,1521991903,48104992,0.248180219862,0.351784369654
594,1521991903,51439511,0.247703653257,0.353713740331
595,1521991903,54772847,0.247439760779,0.359456750063
596,1521991903,58105252,0.246805415859,0.365528872514
597,1521991903,61438520,0.243210021279,0.36612635773
598,1521991903,64771941,0.239685238362,0.366828421695
599,1521991903,68105027,0.238644872714,0.370365232131
600,1521991903,71438636,0.230856768891,0.370312254698
601,1521991903,74772553,0.230823751618,0.37166311912
602,1521991903,78116234,0.230165383815,0.37060304177
603,1521991903,81438580,0.237647314357,0.372970007734
604,1521991903,84771722,0.238997376219,0.375631088512
605,1521991903,88106417,0.239230093554,0.378951912409
606,1521991903,91438356,0.239435514744,0.382789136339
607,1521991903,94772663,0.239264305938,0.382515422262
608,1521991903,98105229,0.23938412638,0.383058088316
609,1521991903,101438362,0.237234858695,0.383003287445
610,1521991903,104772063,0.236831532973,0.384676024402
611,1521991903,108105734,0.234381299713,0.386809577893
612,1521991903,111438824,0.233357320143,0.389322315102
613,1521991903,114773325,0.232552505192,0.389506202151
614,1521991903,118105257,0.231677663014,0.390515155605
615,1521991903,121438594,0.231225759361,0.391400660469
616,1521991903,124771845,0.229463367902,0.392804788399
617,1521991903,128106660,0.228307953789,0.392987168424
618,1521991903,131438974,0.228471299253,0.395726262558
619,1521991903,134773478,0.227267220983,0.395471612454
620,1521991903,138105058,0.22852034848,0.396864842294
621,1521991903,141448750,0.227705601088,0.3961498048
622,1521991903,144772095,0.229094149484,0.403494781302
623,1521991903,148105324,0.228405933027,0.402633683908
624,1521991903,151438038,0.228454954189,0.403422312993
625,1521991903,154772353,0.228340604194,0.402518522325
626,1521991903,158104691,0.228118720087,0.403451176291
627,1521991903,161438599,0.224480503482,0.405354959947
628,1521991903,164772354,0.224160160327,0.405763949224
629,1521991903,168105566,0.224176193527,0.405792971751
630,1521991903,171438887,0.224528671818,0.406846067698
631,1521991903,174772243,0.227348498152,0.411058451488
632,1521991903,178104831,0.227397292364,0.413955532653
633,1521991903,181438414,0.228742050397,0.416645162395
634,1521991903,184772171,0.234012109962,0.416615365845
635,1521991903,188105002,0.234431599728,0.419543235266
636,1521991903,191439928,0.235354495573,0.419303273453
637,1521991903,194771903,0.236597547694,0.41963329177
638,1521991903,198105609,0.237553377454,0.421208251789
639,1521991903,201439178,0.238963189783,0.422612279295
640,1521991903,204772232,0.241464900752,0.427236481046
641,1521991903,208105388,0.242169907762,0.427587538138
642,1521991903,211439436,0.24351024789,0.428869057191
643,1521991903,214772954,0.246364704511,0.432440471837
644,1521991903,218105436,0.247492867038,0.435021971974
645,1521991903,221438634,0.247457460333,0.436012908347
646,1521991903,224772353,0.248814080773,0.436270345194
647,1521991903,228061647,0.253615489086,0.442183838565
648,1521991903,231439369,0.247669604392,0.434068329097
649,1521991903,234772838,0.253061313074,0.441215643749
650,1521991903,238105232,0.254914736666,0.441373480067
651,1521991903,241438870,0.25870056239,0.442970678132
652,1521991903,244771884,0.260500090009,0.443034050189
653,1521991903,248104957,0.263320118047,0.443034050189
654,1521991903,251439110,0.263597200321,0.444311150903
655,1521991903,254772953,0.263616051583,0.450309616157
656,1521991903,258106055,0.263672621552,0.451459420398
657,1521991903,261439044,0.262615111037,0.45181047749
658,1521991903,264771694,0.260184808937,0.456790625939
659,1521991903,268105208,0.260110374719,0.458765987574
660,1521991903,271439211,0.260073173579,0.459753244615
661,1521991903,274771876,0.265473118062,0.460652806481
662,1521991903,278104772,0.273562287802,0.467290415179
663,1521991903,281438731,0.274169280548,0.468527161497
664,1521991903,284771577,0.275677460131,0.468694744
665,1521991903,288105039,0.2805727202,0.468627696615
666,1521991903,291439420,0.281529472194,0.468460162046
667,1521991903,294772757,0.286564851159,0.468276664633
668,1521991903,298105497,0.286978908503,0.468377167565
669,1521991903,301438889,0.289737155784,0.471084920492
670,1521991903,304772034,0.291147068951,0.471084920492
671,1521991903,308105518,0.294319373577,0.47354214437
672,1521991903,311439531,0.296370649024,0.475897251678
673,1521991903,314772365,0.296829183414,0.476769634721
674,1521991903,318105323,0.296829183414,0.476769634721
675,1521991903,321438709,0.300290026099,0.484038482681
676,1521991903,324772180,0.306656113786,0.486530327722
677,1521991903,328105249,0.308440566655,0.492884157262
678,1521991903,331439528,0.310092178535,0.4927079384
679,1521991903,334772610,0.312318105207,0.493235214354
680,1521991903,338105557,0.314455619484,0.492919416162
681,1521991903,341438620,0.31478562974,0.492884157262
682,1521991903,344772285,0.315070521545,0.4917254655
683,1521991903,348114859,0.314942018599,0.490427759207
684,1521991903,351439824,0.319462968284,0.493065412986
685,1521991903,354772682,0.321858722633,0.491866169546
686,1521991903,358105567,0.325360734882,0.491479928894
687,1521991903,361438571,0.326441596012,0.493270498367
688,1521991903,364771708,0.327123252406,0.49428838563
689,1521991903,368105130,0.32989608501,0.494217682099
690,1521991903,371438987,0.330929775985,0.494533319693
691,1521991903,374772936,0.334077735166,0.495199868818
692,1521991903,378104535,0.335398772315,0.495589706259
693,1521991903,381438790,0.335463356779,0.497270048941
694,1521991903,384771522,0.337017457653,0.495376991598
695,1521991903,388061316,0.341438399807,0.500096831049
696,1521991903,391438883,0.33358869468,0.487071085962
697,1521991903,394772446,0.339764771314,0.490005599582
698,1521991903,398105488,0.338075043818,0.489759676315
699,1521991903,401438778,0.339789073207,0.489689615564
700,1521991903,404772200,0.339764771314,0.489654592705
701,1521991903,408104981,0.336336460334,0.489794714208
702,1521991903,411439707,0.33153979092,0.491584841931
703,1521991903,414772616,0.325031481126,0.491866169546
704,1521991903,418105431,0.325031481126,0.491866169546
705,1521991903,421437951,0.325054734201,0.494359109394
706,1521991903,424771970,0.325267668311,0.495901782169
707,1521991903,428105392,0.359527857543,0.497061287196
708,1521991903,431439680,0.360129780071,0.499024706841
709,1521991903,434772644,0.369071169471,0.502011641656
710,1521991903,438105821,0.369776176481,0.499203184919
711,1521991903,441438710,0.372270329793,0.502047553498
712,1521991903,444771497,0.374738030843,0.499941060267
713,1521991903,448105053,0.377477251117,0.501939833382
714,1521991903,451438234,0.379998778118,0.502362698748
715,1521991903,454773039,0.380160929227,0.502111283942
716,1521991903,458105560,0.38040570304,0.502434577801
717,1521991903,461438365,0.380731019106,0.503100800114
718,1521991903,464771740,0.383848859671,0.503028830898
719,1521991903,468105483,0.389785231352,0.502956882271
720,1521991903,471438355,0.390954352027,0.501696471293
721,1521991903,474772918,0.39181573602,0.499339933027
722,1521991903,478104662,0.39109423837,0.499417527206
723,1521991903,481438863,0.391843752876,0.497270048941
724,1521991903,484771544,0.393450198881,0.494359109394
725,1521991903,488104729,0.393365773547,0.491444775477
726,1521991903,491439516,0.397424956596,0.485970739525
727,1521991903,494772625,0.398328960365,0.484107729961
728,1521991903,498105141,0.401940248685,0.482807108268
729,1521991903,501438818,0.402825062781,0.482599939374
730,1521991903,504772245,0.402882687423,0.48056278402
731,1521991903,508114771,0.401761972387,0.479225983122
732,1521991903,511439789,0.407780786019,0.481768842921
733,1521991903,514772892,0.406789044479,0.48059715904
734,1521991903,518105404,0.402264047422,0.475750421328
735,1521991903,521438968,0.402501419959,0.475965324522
736,1521991903,524771335,0.402292827851,0.472273134997
737,1521991903,528106167,0.397777283686,0.471935483509
738,1521991903,531439957,0.394014365869,0.469613613732
739,1521991903,534773243,0.393013295255,0.475999368247
740,1521991903,538105165,0.38119262362,0.476906098301
741,1521991903,541438469,0.381029033337,0.48056278402
742,1521991903,544771792,0.381029033337,0.48056278402
743,1521991903,548104639,0.416366205088,0.490848036174
744,1521991903,551438596,0.419359182329,0.494146998792
745,1521991903,554772757,0.424967235583,0.498322843681
746,1521991903,558105694,0.425854695445,0.498536731446
747,1521991903,561438854,0.425824233736,0.498852127827
748,1521991903,564771336,0.428000485163,0.498572397258
749,1521991903,568104908,0.425763323389,0.497727750864
750,1521991903,571438047,0.427939254764,0.496745785275
751,1521991903,574772048,0.43028366523,0.492041258741
752,1521991903,578104585,0.431204319423,0.491585419327
753,1521991903,581438857,0.432719540047,0.486040238379
754,1521991903,584772507,0.437010566796,0.483301902922
755,1521991903,588105186,0.437519441587,0.483474782412
756,1521991903,591439453,0.441176599461,0.483232785739
757,1521991903,594773227,0.441239701313,0.479441103407
758,1521991903,598105315,0.441813304412,0.479681235614
759,1521991903,601438847,0.444475125845,0.480913816002
760,1521991903,604772204,0.443417690969,0.479509688072
761,1521991903,608105045,0.444538717679,0.479578292363
762,1521991903,611439788,0.444284459458,0.478251348716
763,1521991903,614772506,0.443481131515,0.476769634721
764,1521991903,618105507,0.443481131515,0.475014223694
765,1521991903,621437907,0.444602327712,0.475082194536
766,1521991903,624771981,0.443290864315,0.474810427817
767,1521991903,628064551,0.447480864696,0.477984185941
768,1521991903,631439875,0.438949405554,0.469041734338
769,1521991903,634772319,0.440723956891,0.471922002554
770,1521991903,638105509,0.437104345888,0.471820731738
771,1521991903,641438870,0.437041822022,0.468594180116
772,1521991903,644771994,0.437456849392,0.471820731738
773,1521991903,648104954,0.437488143251,0.468694744
774,1521991903,651439142,0.453157433632,0.464984343576
775,1521991903,654772754,0.457836553876,0.464031090721
776,1521991903,658105222,0.461173548491,0.465250486149
777,1521991903,661438526,0.461041605555,0.464064280843
778,1521991903,664772244,0.462737801777,0.464699868895
779,1521991903,668115563,0.462472130017,0.46337433265
780,1521991903,671437884,0.467160866467,0.470526846396
781,1521991903,674770782,0.463927797356,0.464832839742
782,1521991903,678105358,0.465457362664,0.464600190673
783,1521991903,681438138,0.465690440963,0.469045826205
784,1521991903,684771788,0.465590521686,0.464733104474
785,1521991903,688105157,0.465623823347,0.464766344808
786,1521991903,691439732,0.474618521959,0.463898377697
787,1521991903,694772569,0.475561245162,0.464130675332
788,1521991903,698105535,0.474822220896,0.463395361529
789,1521991903,701438860,0.475493215515,0.463362216878
790,1521991903,704772273,0.475493215515,0.462660152913
791,1521991903,708105467,0.47866552014,0.455990545246
792,1521991903,711439231,0.480746004224,0.455957932562
793,1521991903,714772275,0.480814780476,0.454969991319
794,1521991903,718105417,0.478699759448,0.454618934227
795,1521991903,721438847,0.478983738813,0.454553905056
796,1521991903,724771795,0.476266302604,0.451842798148
797,1521991903,728104496,0.474151130276,0.451842798148
798,1521991903,731439259,0.473879934949,0.451233480887
799,1521991903,734772373,0.470944682343,0.449002020754
800,1521991903,738104619,0.466495611921,0.447725897077
801,1521991903,741413741,0.464041404054,0.45046897402
802,1521991903,744772009,0.457287517804,0.443912627576
803,1521991903,748104899,0.460755038863,0.44657656507
804,1521991903,751439431,0.476027931082,0.446002146787
805,1521991903,754771486,0.48059978764,0.443512006281
806,1521991903,758105358,0.480359195599,0.440482126483
807,1521991903,761438625,0.487124999141,0.439492042069
808,1521991903,764775587,0.486602930337,0.439021023161
809,1521991903,768105201,0.483766763858,0.437504209733
810,1521991903,771438782,0.482860722718,0.437003561231
811,1521991903,774783440,0.481628644428,0.435570558393
812,1521991903,778104761,0.48462842761,0.437546512002
813,1521991903,781438639,0.483178618611,0.436972308742
814,1521991903,784772104,0.485327894294,0.435950540602
815,1521991903,788105489,0.485362607683,0.433173466384
816,1521991903,791439705,0.488747558668,0.43304956979
817,1521991903,794772417,0.489697424951,0.433266435364
818,1521991903,798104932,0.489697424951,0.432213113398
819,1521991903,801438592,0.489909784363,0.43314248559
820,1521991903,804772413,0.490579604016,0.431005618582
821,1521991903,808104818,0.490437619229,0.430488374354
822,1521991903,811438749,0.493011341242,0.430272883892
823,1521991903,814782589,0.491570095967,0.429015045158
824,1521991903,818105118,0.49188049684,0.428233225235
825,1521991903,821439024,0.487760181005,0.426091873745
826,1521991903,824772176,0.487512347067,0.426183309769
827,1521991903,828104869,0.486842164246,0.426213797166
828,1521991903,831439464,0.485893794938,0.426000476947
829,1521991903,834772772,0.478313041849,0.425801794752
830,1521991903,838105555,0.47665292911,0.426244288924
831,1521991903,841438797,0.47655065039,0.426152826735
832,1521991903,844771848,0.476584738419,0.425832252677
833,1521991903,848105184,0.498051826184,0.425801794752
834,1521991903,851439038,0.499390300927,0.426442855519
835,1521991903,854772179,0.502317494266,0.425832252677
836,1521991903,858104630,0.504504690501,0.425893181602
837,1521991903,861438403,0.504324291198,0.423635001326
838,1521991903,864772489,0.506755045537,0.420797053659
839,1521991903,868116072,0.503201266601,0.418546966909
840,1521991903,871438986,0.508463984845,0.421511834834
841,1521991903,874772625,0.506827532312,0.418049189901
842,1521991903,878106628,0.506755045537,0.418340356932
843,1521991903,881438988,0.507361419173,0.418549871313
844,1521991903,884771977,0.508310053847,0.418460053744
845,1521991903,888105312,0.508273696644,0.41843012312
846,1521991903,891440238,0.513340568937,0.418601510652
847,1521991903,894772219,0.514449809367,0.418930976638
848,1521991903,898105165,0.513634347072,0.417085659829
849,1521991903,901438404,0.514265827603,0.418781155102
850,1521991903,904772233,0.514192271738,0.416966347619
851,1521991903,908105569,0.514265827603,0.414568771313
852,1521991903,911439484,0.513134988109,0.4145094752
853,1521991903,914773210,0.511372848727,0.4145094752
854,1521991903,918105449,0.508808139079,0.414365928275
855,1521991903,921438349,0.506195032818,0.412141026087
856,1521991903,924771768,0.50122413081,0.411058451488
857,1521991903,928105022,0.497699347893,0.407899163646
858,1521991903,931438682,0.497663752173,0.407869990483
859,1521991903,934773109,0.501044943004,0.409156965502
860,1521991903,938105357,0.512334183009,0.408045092081
861,1521991903,941438762,0.512150957853,0.40860122761
862,1521991903,944771795,0.513950109923,0.408630455166
863,1521991903,948104889,0.516770137961,0.406524112614
864,1521991903,951439191,0.517290134193,0.406378769706
865,1521991903,954772972,0.517364122626,0.405734930848
866,1521991903,958104762,0.516955028887,0.405264828748
867,1521991903,961438092,0.517438132228,0.405792971751
868,1521991903,964771907,0.513487415985,0.404331003751
869,1521991903,968104997,0.513597606418,0.404066712969
870,1521991903,971437669,0.51508130875,0.404124527637
871,1521991903,974772634,0.516122285509,0.404186475941
872,1521991903,978115407,0.513538269166,0.401513661535
873,1521991903,981438790,0.51789946411,0.404522029485
874,1521991903,984771851,0.517122641465,0.403364598785
875,1521991903,988104812,0.519274806615,0.402691289414
876,1521991903,991439498,0.519330129453,0.402460966234
877,1521991903,994772848,0.523782741479,0.402633683908
878,1521991903,998105059,0.525027941157,0.402777728586
879,1521991904,1439009,0.524727581923,0.402547306545
880,1521991904,4771732,0.524952819116,0.402720098349
881,1521991904,8105191,0.522335467932,0.401551866706
882,1521991904,11439769,0.520424318436,0.401437022757
883,1521991904,14773001,0.519590165999,0.401609313325
884,1521991904,18105691,0.516807105565,0.40374453603
885,1521991904,21438598,0.516807105565,0.40374453603
886,1521991904,24771803,0.519590165999,0.404417770061
887,1521991904,28105195,0.522687921015,0.404359921718
888,1521991904,31438964,0.523002968649,0.404331003751
889,1521991904,34772461,0.525897611229,0.405090907786
890,1521991904,38104978,0.527420696708,0.405177849603
891,1521991904,41438957,0.530013622036,0.405004003272
892,1521991904,44772858,0.532166093437,0.405734930848
893,1521991904,48104474,0.532508836735,0.405996245745
894,1521991904,51439303,0.53342321302,0.405618898838
895,1521991904,54771873,0.534471775541,0.405880064247
896,1521991904,58104784,0.533728484192,0.404797782646
897,1521991904,61438411,0.53431887273,0.404710928594
898,1521991904,64771957,0.533613966565,0.404008914841
899,1521991904,68105252,0.53224222048,0.402282651926
900,1521991904,71438651,0.53224222048,0.402282651926
901,1521991904,74772805,0.532089988168,0.401816659165
902,1521991904,78105192,0.531336802428,0.401344381636
903,1521991904,81438540,0.53224222048,0.401229555978
904,1521991904,84772235,0.530403954055,0.401874131333
905,1521991904,88105987,0.530441888825,0.401902873582
906,1521991904,91439519,0.532909060401,0.404008914841
907,1521991904,94771294,0.533175991594,0.404211280666
908,1521991904,98105523,0.53036602471,0.401845393194
909,1521991904,101438783,0.531184785605,0.404037811838
910,1521991904,104772566,0.529699098302,0.401172167785
911,1521991904,108105475,0.528088024649,0.401286960593
912,1521991904,111439583,0.527899205991,0.40289826322
913,1521991904,114772174,0.528125804591,0.403071205671
914,1521991904,118105045,0.528088024649,0.400584796183
915,1521991904,121438441,0.530089435743,0.402955894212
916,1521991904,124772049,0.532909060401,0.400498846076
917,1521991904,128105400,0.532594698772,0.400176460031
918,1521991904,131438054,0.534471775541,0.399209025129
919,1521991904,134772599,0.536984875624,0.398980677338
920,1521991904,138104776,0.537369094911,0.397510365091
921,1521991904,141438420,0.53780493946,0.39731136827
922,1521991904,144771813,0.540349221189,0.399123364083
923,1521991904,148104997,0.540387872779,0.400556142049
924,1521991904,151439242,0.539489915156,0.400412932845
925,1521991904,154772983,0.539567078842,0.400470204236
926,1521991904,158105398,0.536625489911,0.399588719425
927,1521991904,161439443,0.536356870172,0.399388696467
928,1521991904,164771854,0.536272910746,0.399237586982
929,1521991904,168105408,0.534671325812,0.399445825447
930,1521991904,171437801,0.536625489911,0.400642116752
931,1521991904,174772879,0.534756056652,0.400298439191
932,1521991904,178105042,0.535253468553,0.399617310489
933,1521991904,181438387,0.53647195998,0.399474396066
934,1521991904,184771692,0.537529394856,0.399474396066
935,1521991904,188105359,0.536433591224,0.399445825447
936,1521991904,191438921,0.536433591224,0.4001478392
937,1521991904,194772995,0.533890051453,0.400090609818
938,1521991904,198104871,0.534233880466,0.400348271033
939,1521991904,201438478,0.533966419648,0.4001478392
940,1521991904,204772276,0.539214650966,0.400470204236
941,1521991904,208105209,0.539682865769,0.404768827153
942,1521991904,211439756,0.541917807552,0.405998807107
943,1521991904,214772833,0.542150390303,0.406173055522
944,1521991904,218105424,0.542266756559,0.40485570606
945,1521991904,221437803,0.542266756559,0.403451176291
946,1521991904,224771939,0.543718444863,0.403220385486
947,1521991904,228062283,0.550610423333,0.40717382642
948,1521991904,231438838,0.53761887088,0.398180842467
949,1521991904,234773151,0.543366067388,0.401816659165
950,1521991904,238105947,0.543599288391,0.401989125004
951,1521991904,241438621,0.543638178024,0.402017883705
952,1521991904,244771812,0.543560404322,0.403013541693
953,1521991904,248105081,0.543169047523,0.402984715891
954,1521991904,251439089,0.540938104937,0.404302089921
955,1521991904,254771927,0.541131587341,0.40444670044
956,1521991904,258105343,0.540701699481,0.402984715891
957,1521991904,261438861,0.540663028211,0.404359921718
958,1521991904,264771972,0.535452823712,0.403013541693
959,1521991904,268105223,0.535414525105,0.402984715891
960,1521991904,271437696,0.534510014918,0.401344381636
961,1521991904,274772769,0.535108333369,0.403806751541
962,1521991904,278104995,0.529964402659,0.400670783188
963,1521991904,281438146,0.527345243103,0.404066712969
964,1521991904,284771763,0.527269811084,0.404008914841
965,1521991904,288104998,0.535414525105,0.405441939768
966,1521991904,291439438,0.536632523344,0.40529699413
967,1521991904,294771955,0.540151281566,0.408367030484
968,1521991904,298105887,0.539880896914,0.408162613349
969,1521991904,301439334,0.539996742898,0.408250195628
970,1521991904,304772386,0.540740376284,0.410385740626
971,1521991904,308105648,0.537176916564,0.408250195628
972,1521991904,311439166,0.537138497388,0.406816969853
973,1521991904,314771722,0.543677073221,0.403100043848
974,1521991904,318105001,0.543521525815,0.401229555978
975,1521991904,321438255,0.543521525815,0.401229555978
976,1521991904,324772338,0.544109729005,0.40289826322
977,1521991904,328104844,0.544382231552,0.405206838503
978,1521991904,331438918,0.546537464668,0.404975043386
979,1521991904,334773167,0.546576547725,0.405004003272
980,1521991904,338105413,0.546850285711,0.405206838503
981,1521991904,341438728,0.54669383044,0.406144003733
982,1521991904,344772013,0.546341352148,0.406144003733
983,1521991904,348114563,0.544860435437,0.406093348358
984,1521991904,351439239,0.545631441406,0.408248307683
985,1521991904,354772243,0.543912907826,0.407226226798
986,1521991904,358104886,0.54081774649,0.407284493535
987,1521991904,361438791,0.539567078842,0.407138857944
988,1521991904,364771658,0.531965840585,0.406904275877
989,1521991904,368106175,0.528176068609,0.407051526572
990,1521991904,371438905,0.528440553371,0.410766180135
991,1521991904,374771900,0.531965840585,0.412872673366
992,1521991904,378104708,0.54853469049,0.413574837777
993,1521991904,381438271,0.551941526844,0.413837107383
994,1521991904,384772445,0.553937391656,0.414099264467
995,1521991904,388105985,0.555858266024,0.414568771313
996,1521991904,391437658,0.556096917158,0.415097944177
997,1521991904,394773046,0.559415426853,0.418892494648
998,1521991904,398105300,0.559895714835,0.419252136198
999,1521991904,401438459,0.55977556554,0.423725910125
1000,1521991904,404771464,0.55977556554,0.423725910125
1001,1521991904,408104905,0.559735527233,0.425099730787
1002,1521991904,411439769,0.55949541762,0.42632090146
1003,1521991904,414773079,0.559383048942,0.426503858717
1004,1521991904,418104967,0.558917954151,0.423877511524
1005,1521991904,421438266,0.559383048942,0.42404663484
1006,1521991904,424771979,0.560712751429,0.423635001326
1007,1521991904,428072030,0.564329052038,0.424435405106
1008,1521991904,431439663,0.555075851557,0.415901624218
1009,1521991904,434772518,0.560873195739,0.421298646292
1010,1521991904,438104891,0.557780239842,0.419954401082
1011,1521991904,441438669,0.554016621777,0.419774201811
1012,1521991904,444776407,0.547046963381,0.419294425597
1013,1521991904,448108896,0.543285624082,0.419222142484
1014,1521991904,451442591,0.54207284054,0.418400196777
1015,1521991904,454774922,0.542266756559,0.418549871313
1016,1521991904,458107527,0.542227962257,0.418871035162
1017,1521991904,461441769,0.550061239424,0.418310443428
1018,1521991904,464774758,0.550610474416,0.418811110836
1019,1521991904,468063414,0.558075431911,0.424489185057
1020,1521991904,471437793,0.543880055984,0.414038515342
1021,1521991904,474782291,0.553644597825,0.415978629662
1022,1521991904,478105401,0.557926705143,0.420425248073
1023,1521991904,481438756,0.558638135407,0.419804224283
1024,1521991904,484771942,0.558718055026,0.421970624665
1025,1521991904,488105261,0.557620657483,0.421940442945
1026,1521991904,491439245,0.558558238648,0.42220088036
1027,1521991904,494771918,0.559503105398,0.42378653767
1028,1521991904,498105774,0.559303039924,0.425038928423
1029,1521991904,501438386,0.562323536931,0.428350932856
1030,1521991904,504771989,0.563924931641,0.429281409949
1031,1521991904,508105170,0.566080136484,0.435279658279
1032,1521991904,511439483,0.569794378058,0.437611680331
1033,1521991904,514772675,0.569998167178,0.437768193808
1034,1521991904,518105393,0.570038942495,0.437799509939
1035,1521991904,521438491,0.57317069872,0.443385107281
1036,1521991904,524771986,0.573129702318,0.443353393876
1037,1521991904,528105284,0.565727658192,0.441247201981
1038,1521991904,531439704,0.560240126143,0.443545801368
1039,1521991904,534772176,0.557075081511,0.443129142279
1040,1521991904,538105205,0.556955537502,0.443034050189
1041,1521991904,541438546,0.5569157009,0.445459585771
1042,1521991904,544771839,0.572777224026,0.453182289386
1043,1521991904,548104958,0.57387570573,0.456023162595
1044,1521991904,551437883,0.574974344595,0.456406866816
1045,1521991904,554770811,0.580967332859,0.456406866816
1046,1521991904,558104995,0.581070457278,0.456211054074
1047,1521991904,561438362,0.583351572778,0.457043641193
1048,1521991904,564771467,0.58127827933,0.455321048411
1049,1521991904,568106062,0.580635042971,0.455093176291
1050,1521991904,571439854,0.581195132673,0.457361960068
1051,1521991904,574771791,0.581092039642,0.457909466501
1052,1521991904,578105317,0.579474311569,0.457745705158
1053,1521991904,581438846,0.580490226508,0.460521021956
1054,1521991904,584771853,0.578810754796,0.460586904792
1055,1521991904,588104772,0.57885216053,0.460619853279
1056,1521991904,591438262,0.578727961097,0.461574042586
1057,1521991904,594771775,0.580490226508,0.463680083845
1058,1521991904,598105523,0.578375508014,0.463680083845
1059,1521991904,601438683,0.581236703027,0.46511737679
1060,1521991904,604773769,0.581650439164,0.467340612806
1061,1521991904,608105433,0.583643791256,0.469213654252
1062,1521991904,611439543,0.582521620496,0.468878118172
1063,1521991904,614772089,0.582771665547,0.469430489531
1064,1521991904,618105344,0.582646616194,0.469680792563
1065,1521991904,621438657,0.578064398402,0.469680792563
1066,1521991904,624771686,0.577794574366,0.475014223694
1067,1521991904,628104746,0.577400740777,0.479895044856
1068,1521991904,631438560,0.577276861622,0.480494048729
1069,1521991904,634772245,0.577276861622,0.481546994051
1070,1521991904,638104831,0.57713080248,0.481719245802
1071,1521991904,641438013,0.577048237273,0.481650330316
1072,1521991904,644771773,0.583620563399,0.487864665985
1073,1521991904,648105194,0.583704051069,0.487934455652
1074,1521991904,651438588,0.583704051069,0.485477231774
1075,1521991904,654772043,0.583662304248,0.485442510187
1076,1521991904,658105120,0.581983286339,0.4823524445
1077,1521991904,661437902,0.582024919023,0.482386950004
1078,1521991904,664771621,0.583662304248,0.482283448299
1079,1521991904,668105098,0.581900038837,0.479826400163
1080,1521991904,671438764,0.581900038837,0.482283448299
1081,1521991904,674772234,0.583662304248,0.489303585829
1082,1521991904,678105088,0.582024919023,0.489408594109
1083,1521991904,681438620,0.581900038837,0.489303585829
1084,1521991904,684771166,0.582108202262,0.492638816654
1085,1521991904,688105226,0.577546682522,0.49235700682
1086,1521991904,691439218,0.577629289499,0.492427429048
1087,1521991904,694772360,0.577753244282,0.49253310017
1088,1521991904,698073578,0.582590767464,0.495846149187
1089,1521991904,701438143,0.57165067723,0.486534979294
1090,1521991904,704771968,0.579743856758,0.495235283241
1091,1521991904,708105632,0.576965695685,0.491058620211
1092,1521991904,711439437,0.577276861622,0.493831356144
1093,1521991904,714772350,0.579868265311,0.495341556907
1094,1521991904,718104715,0.580034226463,0.495483326099
1095,1521991904,721438989,0.579660947375,0.497270048941
1096,1521991904,724771853,0.579909746694,0.499238895856
1097,1521991904,728105360,0.586834381989,0.503343860888
1098,1521991904,731438281,0.587623342415,0.504117984208
1099,1521991904,734771667,0.587581312278,0.509347406583
1100,1521991904,738105116,0.587228833987,0.510751534513
1101,1521991904,741438640,0.587186835071,0.513523060306
1102,1521991904,744782003,0.58652430471,0.512021637967
1103,1521991904,748104802,0.589082752957,0.514124710825
1104,1521991904,751438559,0.588202125792,0.514188299042
1105,1521991904,754771530,0.588370436008,0.512580019655
1106,1521991904,758105043,0.586834381989,0.512470039677
1107,1521991904,761439137,0.586750452586,0.514151529283
1108,1521991904,764771848,0.586960321122,0.514335430682
1109,1521991904,768105206,0.586876355695,0.515665982268
1110,1521991904,771438550,0.588991225445,0.517070110198
1111,1521991904,774772065,0.588949100483,0.52019219096
1112,1521991904,778105408,0.588638747153,0.52022939804
1113,1521991904,781438320,0.588722964729,0.521005992581
1114,1521991904,784771572,0.587581312278,0.521282493988
1115,1521991904,788105269,0.587539288153,0.522298232219
1116,1521991904,791439817,0.585609490346,0.522148854775
1117,1521991904,794771913,0.586028501143,0.522522458706
1118,1521991904,798105654,0.57657200587,0.514539280816
1119,1521991904,801438519,0.576384459481,0.513633266271
1120,1521991904,804771816,0.576302006944,0.513559790373
1121,1521991904,808105130,0.576654485235,0.51461288632
1122,1521991904,811438614,0.580884224736,0.515314950285
1123,1521991904,814782705,0.579020557966,0.513661651215
1124,1521991904,818104930,0.582801747114,0.517368216583
1125,1521991904,821438823,0.580801140387,0.515592226138
1126,1521991904,824771784,0.579515761806,0.518160267891
1127,1521991904,828105550,0.579080414179,0.519841184083
1128,1521991904,831439554,0.577940385731,0.522223532815
1129,1521991904,834771602,0.576860786926,0.522522458706
1130,1521991904,838104951,0.575244572068,0.519878366058
1131,1521991904,841438817,0.569171020464,0.519453025653
1132,1521991904,844772007,0.568547484526,0.515665982268
1133,1521991904,848105130,0.565768125121,0.512192297326
1134,1521991904,851448433,0.564033258874,0.510621715511
1135,1521991904,854772602,0.567310169932,0.512884289221
1136,1521991904,858105393,0.565808597839,0.51152677304
1137,1521991904,861438696,0.574539615485,0.51601701425
1138,1521991904,864772042,0.574539615485,0.51601701425
1139,1521991904,868104700,0.574662924889,0.516127763359
1140,1521991904,871438792,0.574768761663,0.518012052711
1141,1521991904,874754376,0.577596776019,0.520174371814
1142,1521991904,878105097,0.56910078064,0.521368491079
1143,1521991904,881438765,0.574850977192,0.524755280354
1144,1521991904,884771731,0.574228209235,0.526234581009
1145,1521991904,888104928,0.572113188206,0.524128238456
1146,1521991904,891439094,0.574022907765,0.523940849025
1147,1521991904,894770787,0.574474764928,0.524353282784
1148,1521991904,898104996,0.572301942943,0.518012052711
1149,1521991904,901438669,0.572342871352,0.518049098557
1150,1521991904,904772118,0.573129702318,0.518123206145
1151,1521991904,908105062,0.57317069872,0.518160267891
1152,1521991904,911439787,0.582749005506,0.524567693566
1153,1521991904,914772914,0.583040796853,0.526936695193
1154,1521991904,918105979,0.578810754796,0.528340923561
1155,1521991904,921438158,0.578976413284,0.531652555431
1156,1521991904,924771679,0.57767060185,0.53317944539
1157,1521991904,928104899,0.576695733768,0.53325572285
1158,1521991904,931439155,0.576489550095,0.535170659587
1159,1521991904,934772297,0.576695733768,0.535362065402
1160,1521991904,938105407,0.57317069872,0.53325572285
1161,1521991904,941438501,0.576695733768,0.535362065402
1162,1521991904,944771552,0.577400740777,0.534659951218
1163,1521991904,948104325,0.577089516923,0.531538458739
1164,1521991904,951437636,0.577006963527,0.53146242148
1165,1521991904,954771889,0.578251437473,0.534468796427
1166,1521991904,958105726,0.578334145252,0.534545241939
1167,1521991904,961438541,0.581672390301,0.538911185049
1168,1521991904,964772146,0.581547585755,0.54019958292
1169,1521991904,968105391,0.581630782834,0.540276864691
1170,1521991904,971438695,0.581589181319,0.540238221042
1171,1521991904,974772013,0.581236703027,0.540940285007
1172,1521991904,978104979,0.578458251292,0.540627921783
1173,1521991904,981437569,0.578541018247,0.543163027154
1174,1521991904,984771442,0.58150599614,0.544723713387
1175,1521991904,988105029,0.581547585755,0.54616669982
1176,1521991904,991437967,0.581672390301,0.546283911359
1177,1521991904,994771659,0.58150599614,0.546127640484
1178,1521991904,998104520,0.585197677515,0.54839040459
1179,1521991905,1438873,0.584946609509,0.549207922789
1180,1521991905,4772029,0.58057327232,0.549404349085
1181,1521991905,8105481,0.579432867261,0.549325761709
1182,1521991905,11438428,0.585197677515,0.551199062232
1183,1521991905,14774150,0.57906013509,0.551778645228
1184,1521991905,18105396,0.579806079585,0.552840678704
1185,1521991905,21438657,0.579163258301,0.553265977098
1186,1521991905,24771705,0.579163258301,0.553265977098
1187,1521991905,28104727,0.578105747787,0.552563862914
1188,1521991905,31438492,0.577981717375,0.553147275966
1189,1521991905,34772359,0.577981717375,0.553147275966
1190,1521991905,38105234,0.578147103087,0.552252308848
1191,1521991905,41438752,0.588244194318,0.557749926744
1192,1521991905,44771505,0.588412528613,0.557909534679
1193,1521991905,48105486,0.58040720445,0.550651023512
1194,1521991905,51441926,0.579992450124,0.550257532714
1195,1521991905,54772823,0.58094727271,0.551514686919
1196,1521991905,58105131,0.5806978856,0.551277934531
1197,1521991905,61439043,0.583620563399,0.557359057255
1198,1521991905,64771802,0.58378756263,0.557518541927
1199,1521991905,68105096,0.583745803863,0.557478662203
1200,1521991905,71439122,0.583931231193,0.559073983719
1201,1521991905,74774039,0.585173458177,0.558914111262
1202,1521991905,78105545,0.585801641236,0.557406707181
1203,1521991905,81438549,0.585860824891,0.560989233123
1204,1521991905,84771652,0.586918335406,0.560989233123
1205,1521991905,88105738,0.58534084189,0.560828767095
1206,1521991905,91438959,0.586876355695,0.561651171973
1207,1521991905,94771835,0.586960321122,0.56173152839
1208,1521991905,98101902,0.583936302642,0.562214150165
1209,1521991905,101439161,0.58017876454,0.563423309215
1210,1521991905,104771973,0.580967332859,0.562082610595
1211,1521991905,108105169,0.577048237273,0.562042404399
1212,1521991905,111439266,0.574768761663,0.561881637121
1213,1521991905,114771626,0.575056618952,0.56286530513
1214,1521991905,118105229,0.574146071027,0.561962009262
1215,1521991905,121437983,0.574269287152,0.56173152839
1216,1521991905,124771882,0.574809866487,0.559113966125
1217,1521991905,128106646,0.575350136633,0.558954070803
1218,1521991905,131439310,0.574310370947,0.558260642001
1219,1521991905,134772679,0.56991663404,0.552484823597
1220,1521991905,138105096,0.570120510635,0.548820007435
1221,1521991905,141438672,0.569211727875,0.548623747956
1222,1521991905,144771862,0.568940656663,0.548000120717
1223,1521991905,148104761,0.568981356331,0.548741486795
1224,1521991905,151438140,0.563220025476,0.548623747956
1225,1521991905,154772666,0.563058944388,0.550923186826
1226,1521991905,158105027,0.558837977338,0.551629066974
1227,1521991905,161438781,0.558638135407,0.55213381672
1228,1521991905,164771969,0.553743396274,0.552173308446
1229,1521991905,168105291,0.551276048232,0.553928468359
1230,1521991905,171438887,0.546302277527,0.55213381672
1231,1521991905,174772275,0.543874004106,0.550769180516
1232,1521991905,178105155,0.540074001177,0.550496897822
1233,1521991905,181438842,0.539919506719,0.548233531128
1234,1521991905,184771283,0.539446123235,0.542850755914
1235,1521991905,188104513,0.538234351439,0.542344412937
1236,1521991905,191438274,0.537138497388,0.538444548537
1237,1521991905,194772167,0.537061675521,0.538016583202
1238,1521991905,198105163,0.536196185241,0.537857938433
1239,1521991905,201438558,0.534671325812,0.533530452266
1240,1521991905,204771807,0.534747816703,0.53150043739
1241,1521991905,208105370,0.53431887273,0.530722397254
1242,1521991905,211439483,0.525079984597,0.521521619464
1243,1521991905,214772565,0.52487771857,0.520266610443
1244,1521991905,218105562,0.522057690532,0.518160267891
1245,1521991905,221437790,0.515507622546,0.508827313619
1246,1521991905,224808814,0.506740490858,0.500149102544
1247,1521991905,228104852,0.517611005696,0.508741759606
1248,1521991905,231439742,0.510837756988,0.501373675451
1249,1521991905,234771523,0.506765032045,0.500822358506
1250,1521991905,238105205,0.50009515668,0.490321538403
1251,1521991905,241438402,0.500202473238,0.486565129605
1252,1521991905,244771549,0.506547536323,0.486565129605
1253,1521991905,248104238,0.509756531137,0.484142361031
1254,1521991905,251438232,0.512430132356,0.478388158084
1255,1521991905,254772132,0.516269917741,0.478353948405
1256,1521991905,258105395,0.516770137961,0.478490816487
1257,1521991905,261438154,0.51821722045,0.478525045747
1258,1521991905,264771861,0.518421406256,0.485407793566
1259,1521991905,268105145,0.51818015198,0.496394728183
1260,1521991905,271438563,0.516696218616,0.497727750864
1261,1521991905,274771873,0.509331131519,0.502677798916
1262,1521991905,278104960,0.502317494266,0.50271375584
1263,1521991905,281438551,0.499426017585,0.498429764617
1264,1521991905,284771875,0.493469608392,0.501273670986
1265,1521991905,288105032,0.492094892628,0.498501070735
1266,1521991905,291438615,0.488499972034,0.496674730235
1267,1521991905,294771915,0.480427911599,0.484073103844
1268,1521991905,298104186,0.47774476927,0.48315824071
1269,1521991905,301438508,0.475357214595,0.482881854159
1270,1521991905,304771494,0.47767641749,0.478876127952
1271,1521991905,308104874,0.477573926483,0.476667338275
1272,1521991905,311438211,0.467386214806,0.467574600668
1273,1521991905,314773148,0.46471943063,0.467374025305
1274,1521991905,318104702,0.464446448993,0.470969693378
1275,1521991905,321438339,0.464180709357,0.467541159486
1276,1521991905,324771941,0.463828256275,0.467541159486
1277,1521991905,328105268,0.459631692388,0.464766344808
1278,1521991905,331438464,0.452229648262,0.458447769123
1279,1521991905,334772102,0.450435039148,0.455255918809
1280,1521991905,338105252,0.446974444021,0.453565762951
1281,1521991905,341438476,0.446237517303,0.450374033526
1282,1521991905,344772133,0.43210747887,0.449990815662
1283,1521991905,348105046,0.431847683709,0.445523318454
1284,1521991905,351438357,0.421211558592,0.438789978104
1285,1521991905,354771557,0.414161992758,0.431418306472
1286,1521991905,358104739,0.41278160406,0.430747051966
1287,1521991905,361438573,0.409873620309,0.426091873745
1288,1521991905,364772083,0.398624436054,0.418400196777
1289,1521991905,368105091,0.395156428823,0.414598425731
1290,1521991905,371438547,0.39407073013,0.4128136114
1291,1521991905,374771628,0.387048848213,0.409683626442
1292,1521991905,378104976,0.382438946504,0.406846067698
1293,1521991905,381438963,0.382356901535,0.39623008639
1294,1521991905,384771966,0.380351281623,0.393886057299
1295,1521991905,388105164,0.379293771109,0.392130771839
1296,1521991905,391438747,0.373600267212,0.380491454116
1297,1521991905,394772201,0.372542907965,0.377683399104
1298,1521991905,398104785,0.367034911299,0.373604918689
1299,1521991905,401439062,0.35942502512,0.36672350116
1300,1521991905,404771674,0.349028402233,0.360938327029
1301,1521991905,408104700,0.340870889091,0.357376119724
1302,1521991905,411438439,0.334101626873,0.34501508393
1303,1521991905,414772351,0.327405497221,0.338697411997
1304,1521991905,418105102,0.325384009847,0.331772683955
1305,1521991905,421437649,0.323291964493,0.32968977537
1306,1521991905,424771669,0.315400393432,0.321476314555
1307,1521991905,428110760,0.313519964711,0.317489967959
1308,1521991905,431439095,0.314177586445,0.316755595311
1309,1521991905,434771785,0.302843835877,0.311081087304
1310,1521991905,438105021,0.296434243327,0.307504016655
1311,1521991905,441438646,0.290068886713,0.305375982547
1312,1521991905,444771204,0.28415847697,0.305463370151
1313,1521991905,448104158,0.281317919673,0.298770956662
1314,1521991905,451438459,0.276616318352,0.293729732508
1315,1521991905,454772331,0.276655883012,0.290612908946
1316,1521991905,458105194,0.276735046295,0.2878874083
1317,1521991905,461438835,0.273484032124,0.28324229169
1318,1521991905,464771777,0.273209759081,0.28191901081
1319,1521991905,468104031,0.271838536611,0.282310483671
1320,1521991905,471437632,0.264692264789,0.281156508069
1321,1521991905,474771633,0.263244797647,0.277957686821
1322,1521991905,478104205,0.251388945011,0.27634123215
1323,1521991905,481438378,0.250188007682,0.270568248224
1324,1521991905,484771489,0.237939865705,0.266101275787
1325,1521991905,488105011,0.234381299713,0.256586026715
1326,1521991905,491438138,0.231594802619,0.254867448841
1327,1521991905,494809717,0.228261038302,0.245024494155
1328,1521991905,498105326,0.233512214615,0.245690695058
1329,1521991905,501438519,0.230520802777,0.239754844036
1330,1521991905,504772015,0.228405933027,0.239754844036
1331,1521991905,508105120,0.227364760563,0.235910365869
1332,1521991905,511439314,0.221293054682,0.235475090218
1333,1521991905,514771615,0.21613102846,0.23350307418
1334,1521991905,518106056,0.216007392548,0.230912979678
1335,1521991905,521448834,0.207368904348,0.229970062238
1336,1521991905,524811367,0.199873461386,0.22376099756
1337,1521991905,528104593,0.200858860129,0.227748193172
1338,1521991905,531438522,0.194878678847,0.223559402153
1339,1521991905,534771522,0.185077578732,0.209244994325
1340,1521991905,538104951,0.183980508948,0.203934995241
1341,1521991905,541438435,0.18364118998,0.201492357945
1342,1521991905,544771169,0.181199762797,0.196254952731
1343,1521991905,548115927,0.178446324767,0.192057181749
1344,1521991905,551437644,0.179335019463,0.191280758963
1345,1521991905,554785203,0.17513506867,0.186999594665
1346,1521991905,558105297,0.171639462351,0.185737815693
1347,1521991905,561438608,0.170599493187,0.183589726839
1348,1521991905,564772193,0.167767667163,0.182874582652
1349,1521991905,568132456,0.160490388771,0.173064122258
1350,1521991905,571437331,0.162109907831,0.174898456548
1351,1521991905,574772015,0.152909956705,0.170528360584
1352,1521991905,578105287,0.147346464985,0.167103175824
1353,1521991905,581438463,0.146630969351,0.166389159697
1354,1521991905,584771609,0.145231443956,0.159028862706
1355,1521991905,588104864,0.142048751559,0.157613360135
1356,1521991905,591438049,0.141001401899,0.155518291786
1357,1521991905,594771261,0.136066352833,0.153411949233
1358,1521991905,598104853,0.133217737297,0.149869217536
1359,1521991905,601438374,0.130769446224,0.148135496608
1360,1521991905,604771744,0.129702734277,0.139700736843
1361,1521991905,608105070,0.126539706723,0.137253505151
1362,1521991905,611438487,0.124777315265,0.135498345239
1363,1521991905,614772581,0.117702493192,0.135118319982
1364,1521991905,618104922,0.115998545454,0.134132592988
1365,1521991905,621438418,0.112432533246,0.128819523672
1366,1521991905,624771588,0.112448618015,0.124274210592
1367,1521991905,628115119,0.111744415349,0.122484480283
1368,1521991905,631438131,0.111381192786,0.122192653874
1369,1521991905,634772312,0.10994177239,0.12177325828
1370,1521991905,638105377,0.107513568948,0.121816810947
1371,1521991905,641438059,0.105413628553,0.120780918772
1372,1521991905,644771508,0.101154034613,0.11407723486
1373,1521991905,648104832,0.097988965095,0.104958562762
1374,1521991905,651439283,0.096199050841,0.103524816117
1375,1521991905,654771935,0.0948302260552,0.100058428494
1376,1521991905,658105327,0.0941117038862,0.100044115008
1377,1521991905,661437750,0.0920231621989,0.0993704811926
1378,1521991905,664772129,0.0905610112313,0.0993136371561
1379,1521991905,668104724,0.0870808235874,0.0965545135536
1380,1521991905,671437331,0.0863757157041,0.0944478696215
1381,1521991905,674772111,0.0827968659576,0.0877203500947
1382,1521991905,678104688,0.0810874065794,0.0832124353171
1383,1521991905,681437033,0.0807406289025,0.0825161239585
1384,1521991905,684771861,0.0792735950658,0.082457129089
1385,1521991905,688105488,0.0792962722009,0.0824807169111
1386,1521991905,691439102,0.0789494904297,0.0842416503579
1387,1521991905,694772039,0.0764987325427,0.0842597292584
1388,1521991905,698104973,0.0750886176571,0.0842597292584
1389,1521991905,701438682,0.0711904310426,0.0814277715888
1390,1521991905,704813170,0.0668486510742,0.0755896309218
1391,1521991905,708105085,0.0660302610509,0.0728684377602
1392,1521991905,711439863,0.0651805114985,0.0691236358746
1393,1521991905,714771325,0.064187777667,0.0656805634801
1394,1521991905,718105551,0.0641327005607,0.0656242054707
1395,1521991905,721438232,0.0641648173802,0.0656570692164
1396,1521991905,724771561,0.064151049091,0.0666960766718
1397,1521991905,728104971,0.0641464609742,0.0691483546687
1398,1521991905,731438474,0.064151049091,0.0691533005492
1399,1521991905,734770939,0.0627546016136,0.0691681424366
1400,1521991905,738104250,0.059216353007,0.0673981406368
1401,1521991905,741438280,0.0574416358989,0.0670327249782
1402,1521991905,744771794,0.0528717437563,0.0607285329696
1403,1521991905,748104797,0.0500554976742,0.0561691347307
1404,1521991905,751439538,0.048621138307,0.0526322100568
1405,1521991905,754771807,0.0468963842672,0.0484597441542
1406,1521991905,758114743,0.0463910902526,0.0469007468058
1407,1521991905,761438451,0.0459569490337,0.0471766335517
1408,1521991905,764771774,0.0458221779221,0.0470382856528
1409,1521991905,768104534,0.0458287337813,0.0477471799131
1410,1521991905,771439654,0.0457992471782,0.0498215968607
1411,1521991905,774771474,0.0444313326328,0.0498679425322
1412,1521991905,778104585,0.0440629380935,0.0498501070735
1413,1521991905,781438241,0.0429962009267,0.0480845030503
1414,1521991905,784770164,0.040552406768,0.0449513848178
1415,1521991905,788105466,0.0394549923221,0.0435030731461
1416,1521991905,791438741,0.0380676555045,0.0410707419505
1417,1521991905,794771619,0.0352528721395,0.0382679603715
1418,1521991905,798118962,0.0333447225538,0.0349556848084
1419,1521991905,801438203,0.0322137711853,0.0331392246123
1420,1521991905,804771811,0.0296039416217,0.0301844325717
1421,1521991905,808105022,0.0289052873893,0.0280845673654
1422,1521991905,811438471,0.0278437934998,0.0266765226133
1423,1521991905,814771042,0.0264434374135,0.0252815358511
1424,1521991905,818104920,0.0253729925443,0.0245669672695
1425,1521991905,821438171,0.0250277488371,0.0242229393526
1426,1521991905,824772124,0.0229061738247,0.0231631405684
1427,1521991905,828104548,0.0218599082618,0.0228236087545
1428,1521991905,831438413,0.0207932447105,0.0224628335417
1429,1521991905,834771994,0.0190311053282,0.0214098882195
1430,1521991905,838095980,0.0180279713661,0.0200662330094
1431,1521991905,841438653,0.016519217804,0.0189016489511
1432,1521991905,844771140,0.0151609041171,0.0172054896765
1433,1521991905,848104315,0.0141001401899,0.0150954549589
1434,1521991905,851438691,0.013037034382,0.014036259537
1435,1521991905,854771890,0.0123376226662,0.0126380553144
1436,1521991905,858105161,0.0119842619181,0.0112330234395
1437,1521991905,861438755,0.0112784986328,0.0105302062947
1438,1521991905,864772056,0.0105743487513,0.00982889550953
1439,1521991905,868105675,0.00916378013917,0.00912617878877
1440,1521991905,871438376,0.00846129459959,0.00877768305033
1441,1521991905,874771853,0.00704906164551,0.0077221512828
1442,1521991905,878105452,0.00563924931641,0.00737114440631
1443,1521991905,881438558,0.00458254556172,0.00667008474927
1444,1521991905,884771634,0.00317253154273,0.00596797056514
1445,1521991905,888104806,0.00246734804196,0.00526547973725
1446,1521991905,891438641,0.00140971150579,0.00456276306317
1447,1521991905,894771681,0.00105758616418,0.00386190425768
1448,1521991905,898104854,0.0,0.00351031982483
1449,1521991905,901438192,0.0,0.00280825585987
1450,1521991905,904771926,0.0,0.00210589064454
1451,1521991905,908105331,0.0,0.00140412792993
1452,1521991905,911438751,0.0,0.000702063964966
1453,1521991905,914771814,0.0,0.0
1454,1521991905,918104851,0.0,0.0
1455,1521991905,921438636,0.0,0.0
1456,1521991905,924791892,0.0,0.0
1457,1521991905,928105097,0.0,0.0
1458,1521991905,931439027,0.0,0.0
1459,1521991905,934782338,0.0,0.0
1460,1521991905,938104919,0.0,0.0
1461,1521991905,941438509,0.0,0.0
1462,1521991905,944771640,0.0,0.0
1463,1521991905,948084374,0.0,0.0
1464,1521991905,951437969,0.0,0.0
1465,1521991905,954771423,0.0,0.0
1466,1521991905,958105350,0.0,0.0
1467,1521991905,961437655,0.0,0.0
1468,1521991905,964771766,0.0,0.0
1469,1521991905,968141610,0.0,0.0
1470,1521991905,971438480,0.0,0.0
1471,1521991905,974771672,0.0,0.0
1472,1521991905,978105420,0.0,0.0
1473,1521991905,981438339,0.0,0.0
1474,1521991905,984771590,0.0,0.0
1475,1521991905,988104831,0.0,0.0
1476,1521991905,991439168,0.0,0.0
1477,1521991905,994771920,0.0,0.0
1478,1521991905,998105068,0.0,-0.000351057092067
1479,1521991906,1438611,0.0,-0.000351006876491
1480,1521991906,4771816,0.0,-0.000351057092067
1481,1521991906,8104991,0.0,-0.000351031982483
1482,1521991906,11438850,0.0,-0.00035098177409
1483,1521991906,14771695,0.0,-0.000351082205243
1484,1521991906,18105423,0.0,-0.00035098177409
1485,1521991906,21438545,0.0,0.0
1486,1521991906,24771941,0.0,0.0
1487,1521991906,28104813,0.0,0.0
1488,1521991906,31439605,0.0,0.0
1489,1521991906,34771938,0.0,0.0
1490,1521991906,38105073,0.0,0.0
1491,1521991906,41438576,0.0,0.0
1492,1521991906,44771512,0.0,0.0
1493,1521991906,48104666,0.0,0.0
1494,1521991906,51438492,0.0,0.0
1495,1521991906,54771229,0.0,0.0
1496,1521991906,58105123,0.0,0.0
1497,1521991906,61437589,0.0,-0.00105339732713
1498,1521991906,64771428,0.0,-0.00245687241863
1499,1521991906,68104973,0.0,-0.0038610756414
1500,1521991906,71438456,0.0,-0.00631812377684
1501,1521991906,74771734,0.0,-0.00877642730168
1502,1521991906,78105082,0.0,-0.010881991457
1503,1521991906,81437544,0.0,-0.0133420782365
1504,1521991906,84771971,0.0,-0.0140372632023
1505,1521991906,88105247,0.0,-0.0143923112818
1506,1521991906,91438500,0.0,-0.0143923112818
1507,1521991906,94771528,0.0,-0.0143933407748
1508,1521991906,98106517,0.0,-0.0143851089527
1509,1521991906,101437649,-0.000352730584524,-0.0133487631229
1510,1521991906,104771961,-0.000704754951216,-0.012282605302
1511,1521991906,108105561,-0.00211456725869,-0.011582398545
1512,1521991906,111439365,-0.00422913451738,-0.0112314167709
1513,1521991906,114771929,-0.00599384581372,-0.0101828408289
1514,1521991906,118104922,-0.00846008411395,-0.0101806556699
1515,1521991906,121438168,-0.00986939216784,-0.010179927492
1516,1521991906,124772155,-0.0109252641699,-0.00947650790043
1517,1521991906,128104909,-0.0109283903632,-0.00947921954157
1518,1521991906,131437968,-0.0109276086472,-0.00947854148581
1519,1521991906,134771717,-0.010220408417,-0.00912552612634
1520,1521991906,138104941,-0.0088125876187,-0.00842537020961
1521,1521991906,141438804,-0.00810584115831,-0.00842356257816
1522,1521991906,144771257,-0.00669852489134,-0.0080754684063
1523,1521991906,148105059,-0.00599127389962,-0.00807258080407
1524,1521991906,151438383,-0.00563965266734,-0.00807373559711
1525,1521991906,154771974,-0.00493434315186,-0.00807315815929
1526,1521991906,158105021,-0.00493504906647,-0.00807431311754
1527,1521991906,161438287,-0.00493504906647,-0.00807431311754
