969,1521992200,626784375,0.0,0.0
970,1521992200,626784375,0.0,0.0
971,1521992200,626784375,0.0,0.0
972,1521992200,626784375,0.0,0.0
973,1521992200,626784375,0.0,0.0
974,1521992200,626784375,0.0,0.0
975,1521992200,626784375,0.0,0.0
976,1521992200,626784375,0.0,0.0
977,1521992200,626784375,0.0,0.0
978,1521992200,626784375,0.0,0.0
979,1521992200,626784375,0.0,0.0
980,1521992200,626784375,0.0,0.0
981,1521992200,626784375,0.0,0.0
982,1521992200,626784375,0.0,0.0
983,1521992200,626784375,0.0,0.0
984,1521992200,626784375,0.0,0.0
985,1521992200,626784375,0.0,0.0
986,1521992200,626784375,0.0,0.0
987,1521992200,626784375,0.0,0.0
988,1521992200,626784375,0.0,0.0
989,1521992200,626784375,0.0,0.0
990,1521992200,626784375,0.0,0.0
991,1521992200,626784375,0.0,0.0
992,1521992200,626784375,0.0,0.0
993,1521992200,626784375,0.0,0.0
994,1521992200,626784375,0.0,0.0
995,1521992200,626784375,0.0,0.0
996,1521992200,626784375,0.0,0.0
997,1521992200,626784375,0.0,0.0
998,1521992200,626784375,0.0,0.0
999,1521992200,626784375,0.0,0.0
1000,1521992200,626784375,0.0,0.0
1001,1521992200,626784375,0.0,0.0
1002,1521992200,626784375,0.0,0.0
1003,1521992200,626784375,0.0,0.0
1004,1521992200,626784375,0.0,0.0
1005,1521992200,626784375,0.0,0.0
1006,1521992200,626784375,0.0,0.0
1007,1521992200,626784375,0.0,0.0
1008,1521992200,626784375,0.0,0.0
1009,1521992200,626784375,0.0,0.0
1010,1521992200,626784375,0.0,0.0
1011,1521992200,626784375,0.0,0.0
1012,1521992200,626784375,0.0,0.0
1013,1521992200,626784375,0.0,0.0
1014,1521992200,626784375,0.0,0.0
1015,1521992200,626784375,0.0,0.0
1016,1521992200,626784375,0.0,0.0
1017,1521992200,626784375,0.0,0.0
1018,1521992200,626784375,0.0,0.0
1019,1521992200,626784375,0.0,0.0
1020,1521992200,626784375,0.0,0.0
1021,1521992200,626784375,0.0,0.0
1022,1521992200,626784375,0.0,0.0
1023,1521992200,626784375,0.0,0.0
1024,1521992200,626784375,0.0,0.0
1025,1521992200,626784375,0.0,0.0
1026,1521992200,626784375,0.0,0.0
1027,1521992200,626784375,0.0,0.0
1028,1521992200,626784375,0.0,0.0
1029,1521992200,626784375,0.0,0.0
1030,1521992200,626784375,0.0,0.0
1031,1521992200,626784375,0.0,0.0
1032,1521992200,626784375,0.0,0.0
1033,1521992200,626784375,0.0,0.0
1034,1521992200,626784375,0.0,0.0
1035,1521992200,626784375,0.0,0.0
1036,1521992200,626784375,0.0,0.0
1037,1521992200,626784375,0.0,0.0
1038,1521992200,626784375,0.0,0.0
1039,1521992200,626784375,0.0,0.0
1040,1521992200,626784375,0.0,0.0
1041,1521992200,626784375,0.0,0.0
1042,1521992200,626784375,0.0,0.0
1043,1521992200,626784375,0.0,0.0
1044,1521992200,626784375,0.0,0.0
1045,1521992200,626784375,0.0,0.0
1046,1521992200,626784375,0.0,0.0
1047,1521992200,626784375,0.0,0.0
1048,1521992200,626784375,0.0,0.0
1049,1521992200,626784375,0.0,0.0
1050,1521992200,626784375,0.0,0.0
1051,1521992200,626784375,0.0,0.0
1052,1521992200,626784375,0.0,0.0
1053,1521992200,626784375,0.0,0.0
1054,1521992200,626784375,0.0,0.0
1055,1521992200,626784375,0.0,0.0
1056,1521992200,626784375,0.0,0.0
1057,1521992200,626784375,0.0,0.0
1058,1521992200,626784375,0.0,0.0
1059,1521992200,626784375,0.0,0.0
1060,1521992200,626784375,0.0,0.0
1061,1521992200,626784375,0.0,0.0
1062,1521992200,626784375,0.0,0.0
1063,1521992200,626784375,0.0,0.0
1064,1521992200,626784375,0.0,0.0
1065,1521992200,626784375,0.0,0.0
1066,1521992200,626784375,0.0,0.0
1067,1521992200,626784375,0.0,0.0
1068,1521992200,626784375,0.0,0.0
1069,1521992200,626784375,0.0,0.0
1070,1521992200,626784375,0.0,0.0
1071,1521992200,626784375,0.0,0.0
1072,1521992200,626784375,0.0,0.0
1073,1521992200,626784375,0.0,0.0
1074,1521992200,626784375,0.0,0.0
1075,1521992200,626784375,0.0,0.0
1076,1521992200,626784375,0.0,0.0
1077,1521992200,626784375,0.0,0.0
1078,1521992200,626784375,0.0,0.0
1079,1521992200,626784375,0.0,0.0
1080,1521992200,626784375,0.0,0.0
1081,1521992200,626784375,0.0,0.0
1082,1521992200,626784375,0.0,0.0
1083,1521992200,626784375,0.0,0.0
1084,1521992200,626784375,0.0,0.0
1085,1521992200,626784375,0.0,0.0
1086,1521992200,626784375,0.0,0.0
1087,1521992200,626784375,0.0,0.0
1088,1521992200,626784375,0.0,0.0
1089,1521992200,626784375,0.0,0.0
1090,1521992200,626784375,0.0,0.0
1091,1521992200,626784375,0.0,0.0
1092,1521992200,626784375,0.0,0.0
1093,1521992200,626784375,0.0,0.0
1094,1521992200,626784375,0.0,0.0
1095,1521992200,626784375,0.0,0.0
1096,1521992200,626784375,0.0,0.0
1097,1521992200,626784375,0.0,0.0
1098,1521992200,626784375,0.0,0.0
1099,1521992200,626784375,0.0,0.0
1100,1521992200,626784375,0.0,0.0
1101,1521992200,626784375,0.0,0.0
1102,1521992200,626784375,0.0,0.0
1103,1521992200,626784375,0.0,0.0
1104,1521992200,626784375,0.0,0.0
1105,1521992200,626784375,0.0,0.0
1106,1521992200,626784375,0.0,0.0
1107,1521992200,626784375,0.0,0.0
1108,1521992200,626784375,0.0,0.0
1109,1521992200,626784375,0.0,0.0
1110,1521992200,626784375,0.0,0.0
1111,1521992200,626784375,0.0,0.0
1112,1521992200,626784375,0.0,0.0
1113,1521992200,626784375,0.0,0.0
1114,1521992200,626784375,0.0,0.0
1115,1521992200,626784375,0.0,0.0
1116,1521992200,626784375,0.0,0.0
1117,1521992200,626784375,0.0,0.0
1118,1521992200,626784375,0.0,0.0
1119,1521992200,626784375,0.0,0.0
1120,1521992200,626784375,0.0,0.0
1121,1521992200,626784375,0.0,0.0
1122,1521992200,626784375,0.0,0.0
1123,1521992200,626784375,0.0,0.0
1124,1521992200,626784375,0.0,0.0
1125,1521992200,626784375,0.0,0.0
1126,1521992200,626784375,0.0,0.0
1127,1521992200,626784375,0.0,0.0
1128,1521992200,626784375,0.0,0.0
1129,1521992200,626784375,0.0,0.0
1130,1521992200,626784375,0.0,0.0
1131,1521992200,626784375,0.0,0.0
1132,1521992200,626784375,0.0,0.0
1133,1521992200,626784375,0.0,0.0
1134,1521992200,626784375,0.0,0.0
1135,1521992200,626784375,0.0,0.0
1136,1521992200,626784375,0.0,0.0
1137,1521992200,626784375,0.0,0.0
1138,1521992200,626784375,0.0,0.0
1139,1521992200,626784375,0.0,0.0
1140,1521992200,626784375,0.0,0.0
1141,1521992200,626784375,0.0,0.0
1142,1521992200,626784375,0.0,0.0
1143,1521992200,626784375,0.0,0.0
1144,1521992200,626784375,0.0,0.0
1145,1521992200,626784375,0.0,0.0
1146,1521992200,626784375,0.0,0.0
1147,1521992200,626784375,0.0,0.0
1148,1521992200,626784375,0.0,0.0
1149,1521992200,626784375,0.0,0.0
1150,1521992200,626784375,0.0,0.0
1151,1521992200,626784375,0.0,0.0
1152,1521992200,626784375,0.0,0.0
1153,1521992200,626784375,0.0,0.0
1154,1521992200,626784375,0.0,0.0
1155,1521992200,626784375,0.0,0.0
1156,1521992200,626784375,0.0,0.0
1157,1521992200,626784375,0.0,0.0
1158,1521992200,626784375,0.0,0.0
1159,1521992200,626784375,0.0,0.0
1160,1521992200,626784375,0.0,0.0
1161,1521992200,626784375,0.0,0.0
1162,1521992200,626784375,0.0,0.0
1163,1521992200,626784375,0.0,0.0
1164,1521992200,626784375,0.0,0.0
1165,1521992200,626784375,0.0,0.0
1166,1521992200,626784375,0.0,0.0
1167,1521992200,626784375,0.0,0.0
1168,1521992200,626784375,0.0,0.0
1169,1521992200,626784375,0.0,0.0
1170,1521992200,626784375,0.0,0.0
1171,1521992200,626784375,0.0,0.0
1172,1521992200,626784375,0.0,0.0
1173,1521992200,626784375,0.0,0.0
1174,1521992200,626784375,0.0,0.0
1175,1521992200,626784375,0.0,0.0
1176,1521992200,626784375,0.0,0.0
1177,1521992200,626784375,0.0,0.0
1178,1521992200,626784375,0.0,0.0
1179,1521992200,626784375,0.0,0.0
1180,1521992200,626784375,0.0,0.0
1181,1521992200,626784375,0.0,0.0
1182,1521992200,626784375,0.0,0.0
1183,1521992200,626784375,0.0,0.0
1184,1521992200,626784375,0.0,0.0
1185,1521992200,626784375,0.0,0.0
1186,1521992200,626784375,0.0,0.0
1187,1521992200,626784375,0.0,0.0
1188,1521992200,626784375,0.0,0.0
1189,1521992200,626784375,0.0,0.0
1190,1521992200,626784375,0.0,0.0
1191,1521992200,626784375,0.0,0.0
1192,1521992200,626784375,0.0,0.0
1193,1521992200,626784375,0.0,0.0
1194,1521992200,626784375,0.0,0.0
1195,1521992200,626784375,0.0,0.0
1196,1521992200,626784375,0.0,0.0
1197,1521992200,626784375,0.0,0.0
1198,1521992200,626784375,0.0,0.0
1199,1521992200,626784375,0.0,0.0
1200,1521992200,626784375,0.0,0.0
1201,1521992200,626784375,0.0,0.0
1202,1521992200,626784375,0.0,0.0
1203,1521992200,626784375,0.0,0.0
1204,1521992200,626784375,0.0,0.0
1205,1521992200,626784375,0.0,0.0
1206,1521992200,626784375,0.0,0.0
1207,1521992200,626784375,0.0,0.0
1208,1521992200,626784375,0.0,0.0
1209,1521992200,626784375,0.0,0.0
1210,1521992200,626784375,0.0,0.0
1211,1521992200,626784375,0.0,0.0
1212,1521992200,626784375,0.0,0.0
1213,1521992200,626784375,0.0,0.0
1214,1521992200,626784375,0.0,0.0
1215,1521992200,626784375,0.0,0.0
1216,1521992200,626784375,0.0,0.0
1217,1521992200,626784375,0.0,0.0
1218,1521992200,626784375,0.0,0.0
1219,1521992200,626784375,0.0,0.0
1220,1521992200,626784375,0.0,0.0
1221,1521992200,626784375,0.0,0.0
1222,1521992200,626784375,0.0,0.0
1223,1521992200,626784375,0.0,0.0
1224,1521992200,626784375,0.0,0.0
1225,1521992200,626784375,0.0,0.0
1226,1521992200,626784375,0.0,0.0
1227,1521992200,626784375,0.0,0.0
1228,1521992200,626784375,0.0,0.0
1229,1521992200,626784375,0.0,0.0
1230,1521992200,626784375,0.0,0.0
1231,1521992200,626784375,0.0,0.0
1232,1521992200,626784375,0.0,0.0
1233,1521992200,626784375,0.0,0.0
1234,1521992200,626784375,0.0,0.0
1235,1521992200,626784375,0.0,0.0
1236,1521992200,626784375,0.0,0.0
1237,1521992200,626784375,0.0,0.0
1238,1521992200,626784375,0.0,0.0
1239,1521992200,626784375,0.0,0.0
1240,1521992200,626784375,0.0,0.0
1241,1521992200,626784375,0.0,0.0
1242,1521992200,626784375,0.0,0.0
1243,1521992200,626784375,0.0,0.0
1244,1521992200,626784375,0.0,0.0
1245,1521992200,626784375,0.0,0.0
1246,1521992200,626784375,0.0,0.0
1247,1521992200,626784375,0.0,0.0
1248,1521992200,626784375,0.0,0.0
1249,1521992200,626784375,0.0,0.0
1250,1521992200,626784375,0.0,0.0
1251,1521992200,626784375,0.0,0.0
1252,1521992200,626784375,0.0,0.0
1253,1521992200,626784375,0.0,0.0
1254,1521992200,626784375,0.0,0.0
1255,1521992200,626784375,0.0,0.0
1256,1521992200,626784375,0.0,0.0
1257,1521992200,626784375,0.0,0.0
1258,1521992200,626784375,0.0,0.0
1259,1521992200,626784375,0.0,0.0
1260,1521992200,626784375,0.0,0.0
1261,1521992200,626784375,0.0,0.0
1262,1521992200,626784375,0.0,0.0
1263,1521992200,626784375,0.0,0.0
1264,1521992200,626784375,0.0,0.0
1265,1521992200,626784375,0.0,0.0
1266,1521992200,626784375,0.0,0.0
1267,1521992200,626784375,0.0,0.0
1268,1521992200,626784375,0.0,0.0
1269,1521992200,626784375,0.0,0.0
1270,1521992200,626784375,0.0,0.0
1271,1521992200,626784375,0.0,0.0
1272,1521992200,626784375,0.0,0.0
1273,1521992200,626784375,0.0,0.0
1274,1521992200,626784375,0.0,0.0
1275,1521992200,626784375,0.0,0.0
1276,1521992200,626784375,0.0,0.0
1277,1521992200,626784375,0.0,0.0
1278,1521992200,626784375,0.0,0.0
1279,1521992200,626784375,0.0,0.0
1280,1521992200,626784375,0.0,0.0
1281,1521992200,626784375,0.0,0.0
1282,1521992200,626784375,0.0,0.0
1283,1521992200,626784375,0.0,0.0
1284,1521992200,626784375,0.0,0.0
1285,1521992200,626784375,0.0,0.0
1286,1521992200,626784375,0.0,0.0
1287,1521992200,626784375,0.0,0.0
1288,1521992200,626784375,0.0,0.0
1289,1521992200,626784375,0.0,0.0
1290,1521992200,626784375,0.0,0.0
1291,1521992200,626784375,0.0,0.0
1292,1521992200,626784375,0.0,0.0
1293,1521992200,626784375,0.0,0.0
1294,1521992200,626784375,0.0,0.0
1295,1521992200,626784375,0.0,0.0
1296,1521992200,626784375,0.0,0.0
1297,1521992200,626784375,0.0,0.0
1298,1521992200,626784375,0.0,0.0
1299,1521992200,626784375,0.0,0.0
1300,1521992200,626784375,0.0,0.0
1301,1521992200,626784375,0.0,0.0
1302,1521992200,626784375,0.0,0.0
1303,1521992200,626784375,0.0,0.0
1304,1521992200,626784375,0.0,0.0
1305,1521992200,626784375,0.0,0.0
1306,1521992200,626784375,0.0,0.0
1307,1521992200,626784375,0.0,0.0
1308,1521992200,626784375,0.0,0.0
1309,1521992200,626784375,0.0,0.0
1310,1521992200,626784375,0.0,0.0
1311,1521992200,626784375,0.0,0.0
1312,1521992200,626784375,0.0,0.0
1313,1521992200,626784375,0.0,0.0
1314,1521992200,626784375,0.0,0.0
1315,1521992200,626784375,0.0,0.0
1316,1521992200,626784375,0.0,0.0
1317,1521992200,626784375,0.0,0.0
1318,1521992200,626784375,0.0,0.0
1319,1521992200,626784375,0.0,0.0
1320,1521992200,626784375,0.0,0.0
1321,1521992200,626784375,0.0,0.0
1322,1521992200,626784375,0.0,0.0
1323,1521992200,626784375,0.0,0.0
1324,1521992200,626784375,0.0,0.0
1325,1521992200,626784375,0.0,0.0
1326,1521992200,626784375,0.0,0.0
1327,1521992200,626784375,0.0,0.0
1328,1521992200,626784375,0.0,0.0
1329,1521992200,626784375,0.0,0.0
1330,1521992200,626784375,0.0,0.0
1331,1521992200,626784375,0.0,0.0
1332,1521992200,626784375,0.0,0.0
1333,1521992200,626784375,0.0,0.0
1334,1521992200,626784375,0.0,0.0
1335,1521992200,626784375,0.0,0.0
1336,1521992200,626784375,0.0,0.0
1337,1521992200,626784375,0.0,0.0
1338,1521992200,626784375,0.0,0.0
1339,1521992200,626784375,0.0,0.0
1340,1521992200,626784375,0.0,0.0
1341,1521992200,626784375,0.0,0.0
1342,1521992200,626784375,0.0,0.0
1343,1521992200,626784375,0.0,0.0
1344,1521992200,626784375,0.0,0.0
1345,1521992200,626784375,0.0,0.0
1346,1521992200,626784375,0.0,0.0
1347,1521992200,626784375,0.0,0.0
1348,1521992200,626784375,0.0,0.0
1349,1521992200,626784375,0.0,0.0
1350,1521992200,626784375,0.0,0.0
1351,1521992200,626784375,0.0,0.0
1352,1521992200,626784375,0.0,0.0
1353,1521992200,626784375,0.0,0.0
1354,1521992200,626784375,0.0,0.0
1355,1521992200,626784375,0.0,0.0
1356,1521992200,626784375,0.0,0.0
1357,1521992200,626784375,0.0,0.0
1358,1521992200,626784375,0.0,0.0
1359,1521992200,626784375,0.0,0.0
1360,1521992200,626784375,0.0,0.0
1361,1521992200,626784375,0.0,0.0
1362,1521992200,626784375,0.0,0.0
1363,1521992200,626784375,0.0,0.0
1364,1521992200,626784375,0.0,0.0
1365,1521992200,626784375,0.0,0.0
1366,1521992200,626784375,0.0,0.0
1367,1521992200,626784375,0.0,0.0
1368,1521992200,626784375,0.0,0.0
1369,1521992200,626784375,0.0,0.0
1370,1521992200,626784375,0.0,0.0
1371,1521992200,626784375,0.0,0.0
1372,1521992200,626784375,0.0,0.0
1373,1521992200,626784375,0.0,0.0
1374,1521992200,626784375,0.0,0.0
1375,1521992200,626784375,0.0,0.0
1376,1521992200,626784375,0.0,0.0
1377,1521992200,626784375,0.0,0.0
1378,1521992200,626784375,0.0,0.0
1379,1521992200,626784375,0.0,0.0
1380,1521992200,626784375,0.0,0.0
1381,1521992206,243322163,-0.0351268053055,0.0
1382,1521992206,243322163,-0.0351268053055,0.0
1383,1521992206,243322163,-0.0351268053055,0.0
1384,1521992206,243322163,-0.0351268053055,0.0
1385,1521992206,243322163,-0.0351268053055,0.0
1386,1521992206,243322163,-0.0351268053055,0.0
1387,1521992206,267287026,-0.0969267860055,0.0
1388,1521992206,267287026,-0.0969267860055,0.0
1389,1521992206,267287026,-0.0969267860055,0.0
1390,1521992206,267287026,-0.0969267860055,0.0
1391,1521992206,283283728,-0.167851805687,0.0
1392,1521992206,283283728,-0.167851805687,0.0
1393,1521992206,283283728,-0.167851805687,0.0
1394,1521992206,283283728,-0.167851805687,0.0
1395,1521992206,283283728,-0.167851805687,0.0
1396,1521992206,283283728,-0.167851805687,0.0
1397,1521992206,307290829,-0.249824523926,0.0
1398,1521992206,307290829,-0.249824523926,0.0
1399,1521992206,307290829,-0.249824523926,0.0
1400,1521992206,307290829,-0.249824523926,0.0
1401,1521992206,323322759,-0.348063588142,0.0
1402,1521992206,323322759,-0.348063588142,0.0
1403,1521992206,323322759,-0.348063588142,0.0
1404,1521992206,323322759,-0.348063588142,0.0
1405,1521992206,323322759,-0.348063588142,0.0
1406,1521992206,323322759,-0.348063588142,0.0
1407,1521992206,347290739,-0.461287260056,0.0
1408,1521992206,347290739,-0.461287260056,0.0
1409,1521992206,347290739,-0.461287260056,0.0
1410,1521992206,347290739,-0.461287260056,0.0
1411,1521992206,363316143,-0.590105891228,0.00131229590625
1412,1521992206,363316143,-0.590105891228,0.00131229590625
1413,1521992206,363316143,-0.590105891228,0.00131229590625
1414,1521992206,363316143,-0.590105891228,0.00131229590625
1415,1521992206,363316143,-0.590105891228,0.00131229590625
1416,1521992206,363316143,-0.590105891228,0.00131229590625
1417,1521992206,387301052,-0.729361832142,0.0357982106507
1418,1521992206,387301052,-0.729361832142,0.0357982106507
1419,1521992206,387301052,-0.729361832142,0.0357982106507
1420,1521992206,387301052,-0.729361832142,0.0357982106507
1421,1521992206,403315407,-0.881588160992,0.0793786421418
1422,1521992206,403315407,-0.881588160992,0.0793786421418
1423,1521992206,403315407,-0.881588160992,0.0793786421418
1424,1521992206,403315407,-0.881588160992,0.0793786421418
1425,1521992206,403315407,-0.881588160992,0.0793786421418
1426,1521992206,403315407,-0.881588160992,0.0793786421418
1427,1521992206,427330281,-1.0,0.148350477219
1428,1521992206,427330281,-1.0,0.148350477219
1429,1521992206,427330281,-1.0,0.148350477219
1430,1521992206,427330281,-1.0,0.148350477219
1431,1521992206,443313054,-1.0,0.238807335496
1432,1521992206,443313054,-1.0,0.238807335496
1433,1521992206,443313054,-1.0,0.238807335496
1434,1521992206,443313054,-1.0,0.238807335496
1435,1521992206,443313054,-1.0,0.238807335496
1436,1521992206,443313054,-1.0,0.238807335496
1437,1521992206,467311062,-1.0,0.326639592648
1438,1521992206,467311062,-1.0,0.326639592648
1439,1521992206,467311062,-1.0,0.326639592648
1440,1521992206,467311062,-1.0,0.326639592648
1441,1521992206,483316235,-1.0,0.396893203259
1442,1521992206,483316235,-1.0,0.396893203259
1443,1521992206,483316235,-1.0,0.396893203259
1444,1521992206,483316235,-1.0,0.396893203259
1445,1521992206,483316235,-1.0,0.396893203259
1446,1521992206,483316235,-1.0,0.396893203259
1447,1521992206,507293621,-1.0,0.442457348108
1448,1521992206,507293621,-1.0,0.442457348108
1449,1521992206,507293621,-1.0,0.442457348108
1450,1521992206,507293621,-1.0,0.442457348108
1451,1521992206,523287338,-1.0,0.45091098547
1452,1521992206,523287338,-1.0,0.45091098547
1453,1521992206,523287338,-1.0,0.45091098547
1454,1521992206,523287338,-1.0,0.45091098547
1455,1521992206,523287338,-1.0,0.45091098547
1456,1521992206,523287338,-1.0,0.45091098547
1457,1521992206,547302314,-1.0,0.456770539284
1458,1521992206,547302314,-1.0,0.456770539284
1459,1521992206,547302314,-1.0,0.456770539284
1460,1521992206,547302314,-1.0,0.456770539284
1461,1521992206,563319264,-1.0,0.458723723888
1462,1521992206,563319264,-1.0,0.458723723888
1463,1521992206,563319264,-1.0,0.458723723888
1464,1521992206,563319264,-1.0,0.458723723888
1465,1521992206,563319264,-1.0,0.458723723888
1466,1521992206,563319264,-1.0,0.458723723888
1467,1521992206,587292536,-1.0,0.460676908493
1468,1521992206,587292536,-1.0,0.460676908493
1469,1521992206,587292536,-1.0,0.460676908493
1470,1521992206,587292536,-1.0,0.460676908493
1471,1521992206,603317628,-1.0,0.461958676577
1472,1521992206,603317628,-1.0,0.461958676577
1473,1521992206,603317628,-1.0,0.461958676577
1474,1521992206,603317628,-1.0,0.461958676577
1475,1521992206,603317628,-1.0,0.461958676577
1476,1521992206,603317628,-1.0,0.461958676577
1477,1521992206,603317628,-1.0,0.461958676577
1478,1521992206,603317628,-1.0,0.461958676577
1479,1521992206,603317628,-1.0,0.461958676577
1480,1521992206,603317628,-1.0,0.461958676577
1481,1521992206,603317628,-1.0,0.461958676577
1482,1521992206,603317628,-1.0,0.461958676577
1483,1521992206,603317628,-1.0,0.461958676577
1484,1521992206,603317628,-1.0,0.461958676577
1485,1521992206,603317628,-1.0,0.461958676577
1486,1521992206,603317628,-1.0,0.461958676577
1487,1521992206,603317628,-1.0,0.461958676577
1488,1521992206,603317628,-1.0,0.461958676577
1489,1521992206,603317628,-1.0,0.461958676577
1490,1521992206,603317628,-1.0,0.461958676577
1491,1521992206,603317628,-1.0,0.461958676577
1492,1521992206,603317628,-1.0,0.461958676577
1493,1521992206,603317628,-1.0,0.461958676577
1494,1521992206,603317628,-1.0,0.461958676577
1495,1521992206,603317628,-1.0,0.461958676577
1496,1521992206,603317628,-1.0,0.461958676577
1497,1521992206,707295135,-1.0,0.460676908493
1498,1521992206,707295135,-1.0,0.460676908493
1499,1521992206,707295135,-1.0,0.460676908493
1500,1521992206,707295135,-1.0,0.460676908493
1501,1521992206,723313924,-1.0,0.439191877842
1502,1521992206,723313924,-1.0,0.439191877842
1503,1521992206,723313924,-1.0,0.439191877842
1504,1521992206,723313924,-1.0,0.439191877842
1505,1521992206,723313924,-1.0,0.439191877842
1506,1521992206,723313924,-1.0,0.439191877842
1507,1521992206,747328770,-1.0,0.40992462635
1508,1521992206,747328770,-1.0,0.40992462635
1509,1521992206,747328770,-1.0,0.40992462635
1510,1521992206,747328770,-1.0,0.40992462635
1511,1521992206,763314497,-1.0,0.369579136372
1512,1521992206,763314497,-1.0,0.369579136372
1513,1521992206,763314497,-1.0,0.369579136372
1514,1521992206,763314497,-1.0,0.369579136372
1515,1521992206,763314497,-1.0,0.369579136372
1516,1521992206,763314497,-1.0,0.369579136372
1517,1521992206,787295839,-1.0,0.32728049159
1518,1521992206,787295839,-1.0,0.32728049159
1519,1521992206,787295839,-1.0,0.32728049159
1520,1521992206,787295839,-1.0,0.32728049159
1521,1521992206,803318044,-1.0,0.292794585228
1522,1521992206,803318044,-1.0,0.292794585228
1523,1521992206,803318044,-1.0,0.292794585228
1524,1521992206,803318044,-1.0,0.292794585228
1525,1521992206,803318044,-1.0,0.292794585228
1526,1521992206,803318044,-1.0,0.292794585228
1527,1521992206,827309174,-1.0,0.270027786493
1528,1521992206,827309174,-1.0,0.270027786493
1529,1521992206,827309174,-1.0,0.270027786493
1530,1521992206,827309174,-1.0,0.270027786493
1531,1521992206,843311833,-1.0,0.264168232679
1532,1521992206,843311833,-1.0,0.264168232679
1533,1521992206,843311833,-1.0,0.264168232679
1534,1521992206,843311833,-1.0,0.264168232679
1535,1521992206,843311833,-1.0,0.264168232679
1536,1521992206,843311833,-1.0,0.264168232679
1537,1521992206,867295033,-1.0,0.256355494261
1538,1521992206,867295033,-1.0,0.256355494261
1539,1521992206,867295033,-1.0,0.256355494261
1540,1521992206,867295033,-1.0,0.256355494261
1541,1521992206,883296757,-1.0,0.232947781682
1542,1521992206,883296757,-1.0,0.232947781682
1543,1521992206,883296757,-1.0,0.232947781682
1544,1521992206,883296757,-1.0,0.232947781682
1545,1521992206,883296757,-1.0,0.232947781682
1546,1521992206,883296757,-1.0,0.232947781682
1547,1521992206,907299419,-1.0,0.209509566426
1548,1521992206,907299419,-1.0,0.209509566426
1549,1521992206,907299419,-1.0,0.209509566426
1550,1521992206,907299419,-1.0,0.209509566426
1551,1521992206,923314299,-1.0,0.176976829767
1552,1521992206,923314299,-1.0,0.176976829767
1553,1521992206,923314299,-1.0,0.176976829767
1554,1521992206,923314299,-1.0,0.176976829767
1555,1521992206,923314299,-1.0,0.176976829767
1556,1521992206,923314299,-1.0,0.176976829767
1557,1521992206,947303841,-1.0,0.134708702564
1558,1521992206,947303841,-1.0,0.134708702564
1559,1521992206,947303841,-1.0,0.134708702564
1560,1521992206,947303841,-1.0,0.134708702564
1561,1521992206,963281662,-1.0,0.0871913805604
1562,1521992206,963281662,-1.0,0.0871913805604
1563,1521992206,963281662,-1.0,0.0871913805604
1564,1521992206,963281662,-1.0,0.0871913805604
1565,1521992206,963281662,-1.0,0.0871913805604
1566,1521992206,963281662,-1.0,0.0871913805604
1567,1521992206,987308733,-1.0,0.0357982106507
1568,1521992206,987308733,-1.0,0.0357982106507
1569,1521992206,987308733,-1.0,0.0357982106507
1570,1521992206,987308733,-1.0,0.0357982106507
1571,1521992207,3314028,-1.0,-0.0
1572,1521992207,3314028,-1.0,-0.0
1573,1521992207,3314028,-1.0,-0.0
1574,1521992207,3314028,-1.0,-0.0
1575,1521992207,3314028,-1.0,-0.0
1576,1521992207,3314028,-1.0,-0.0
1577,1521992207,3314028,-1.0,-0.0
1578,1521992207,3314028,-1.0,-0.0
1579,1521992207,3314028,-1.0,-0.0
1580,1521992207,3314028,-1.0,-0.0
1581,1521992207,3314028,-1.0,-0.0
1582,1521992207,3314028,-1.0,-0.0
1583,1521992207,3314028,-1.0,-0.0
1584,1521992207,3314028,-1.0,-0.0
1585,1521992207,3314028,-1.0,-0.0
1586,1521992207,3314028,-1.0,-0.0
1587,1521992207,3314028,-1.0,-0.0
1588,1521992207,3314028,-1.0,-0.0
1589,1521992207,3314028,-1.0,-0.0
1590,1521992207,3314028,-1.0,-0.0
1591,1521992207,3314028,-1.0,-0.0
1592,1521992207,3314028,-1.0,-0.0
1593,1521992207,3314028,-1.0,-0.0
1594,1521992207,3314028,-1.0,-0.0
1595,1521992207,3314028,-1.0,-0.0
1596,1521992207,3314028,-1.0,-0.0
1597,1521992207,3314028,-1.0,-0.0
1598,1521992207,3314028,-1.0,-0.0
1599,1521992207,3314028,-1.0,-0.0
1600,1521992207,3314028,-1.0,-0.0
1601,1521992207,3314028,-1.0,-0.0
1602,1521992207,3314028,-1.0,-0.0
1603,1521992207,3314028,-1.0,-0.0
1604,1521992207,3314028,-1.0,-0.0
1605,1521992207,3314028,-1.0,-0.0
1606,1521992207,3314028,-1.0,-0.0
1607,1521992207,3314028,-1.0,-0.0
1608,1521992207,3314028,-1.0,-0.0
1609,1521992207,3314028,-1.0,-0.0
1610,1521992207,3314028,-1.0,-0.0
1611,1521992207,3314028,-1.0,-0.0
1612,1521992207,3314028,-1.0,-0.0
1613,1521992207,3314028,-1.0,-0.0
1614,1521992207,3314028,-1.0,-0.0
1615,1521992207,3314028,-1.0,-0.0
1616,1521992207,3314028,-1.0,-0.0
1617,1521992207,3314028,-1.0,-0.0
1618,1521992207,3314028,-1.0,-0.0
1619,1521992207,3314028,-1.0,-0.0
1620,1521992207,3314028,-1.0,-0.0
1621,1521992207,3314028,-1.0,-0.0
1622,1521992207,3314028,-1.0,-0.0
1623,1521992207,3314028,-1.0,-0.0
1624,1521992207,3314028,-1.0,-0.0
1625,1521992207,3314028,-1.0,-0.0
1626,1521992207,3314028,-1.0,-0.0
1627,1521992207,3314028,-1.0,-0.0
1628,1521992207,3314028,-1.0,-0.0
1629,1521992207,3314028,-1.0,-0.0
1630,1521992207,3314028,-1.0,-0.0
1631,1521992207,3314028,-1.0,-0.0
1632,1521992207,3314028,-1.0,-0.0
1633,1521992207,3314028,-1.0,-0.0
1634,1521992207,3314028,-1.0,-0.0
1635,1521992207,3314028,-1.0,-0.0
1636,1521992207,3314028,-1.0,-0.0
1637,1521992207,3314028,-1.0,-0.0
1638,1521992207,3314028,-1.0,-0.0
1639,1521992207,3314028,-1.0,-0.0
1640,1521992207,3314028,-1.0,-0.0
1641,1521992207,3314028,-1.0,-0.0
1642,1521992207,3314028,-1.0,-0.0
1643,1521992207,3314028,-1.0,-0.0
1644,1521992207,3314028,-1.0,-0.0
1645,1521992207,3314028,-1.0,-0.0
1646,1521992207,3314028,-1.0,-0.0
1647,1521992207,3314028,-1.0,-0.0
1648,1521992207,3314028,-1.0,-0.0
1649,1521992207,3314028,-1.0,-0.0
1650,1521992207,3314028,-1.0,-0.0
1651,1521992207,3314028,-1.0,-0.0
1652,1521992207,3314028,-1.0,-0.0
1653,1521992207,3314028,-1.0,-0.0
1654,1521992207,3314028,-1.0,-0.0
1655,1521992207,3314028,-1.0,-0.0
1656,1521992207,3314028,-1.0,-0.0
1657,1521992207,3314028,-1.0,-0.0
1658,1521992207,3314028,-1.0,-0.0
1659,1521992207,3314028,-1.0,-0.0
1660,1521992207,3314028,-1.0,-0.0
1661,1521992207,3314028,-1.0,-0.0
1662,1521992207,3314028,-1.0,-0.0
1663,1521992207,3314028,-1.0,-0.0
1664,1521992207,3314028,-1.0,-0.0
1665,1521992207,3314028,-1.0,-0.0
1666,1521992207,3314028,-1.0,-0.0
1667,1521992207,3314028,-1.0,-0.0
1668,1521992207,3314028,-1.0,-0.0
1669,1521992207,3314028,-1.0,-0.0
1670,1521992207,3314028,-1.0,-0.0
1671,1521992207,3314028,-1.0,-0.0
1672,1521992207,3314028,-1.0,-0.0
1673,1521992207,3314028,-1.0,-0.0
1674,1521992207,3314028,-1.0,-0.0
1675,1521992207,3314028,-1.0,-0.0
1676,1521992207,3314028,-1.0,-0.0
1677,1521992207,3314028,-1.0,-0.0
1678,1521992207,3314028,-1.0,-0.0
1679,1521992207,3314028,-1.0,-0.0
1680,1521992207,3314028,-1.0,-0.0
1681,1521992207,3314028,-1.0,-0.0
1682,1521992207,3314028,-1.0,-0.0
1683,1521992207,3314028,-1.0,-0.0
1684,1521992207,3314028,-1.0,-0.0
1685,1521992207,3314028,-1.0,-0.0
1686,1521992207,3314028,-1.0,-0.0
1687,1521992207,3314028,-1.0,-0.0
1688,1521992207,3314028,-1.0,-0.0
1689,1521992207,3314028,-1.0,-0.0
1690,1521992207,3314028,-1.0,-0.0
1691,1521992207,3314028,-1.0,-0.0
1692,1521992207,3314028,-1.0,-0.0
1693,1521992207,3314028,-1.0,-0.0
1694,1521992207,3314028,-1.0,-0.0
1695,1521992207,3314028,-1.0,-0.0
1696,1521992207,3314028,-1.0,-0.0
1697,1521992207,3314028,-1.0,-0.0
1698,1521992207,3314028,-1.0,-0.0
1699,1521992207,3314028,-1.0,-0.0
1700,1521992207,3314028,-1.0,-0.0
1701,1521992207,3314028,-1.0,-0.0
1702,1521992207,3314028,-1.0,-0.0
1703,1521992207,3314028,-1.0,-0.0
1704,1521992207,3314028,-1.0,-0.0
1705,1521992207,3314028,-1.0,-0.0
1706,1521992207,3314028,-1.0,-0.0
1707,1521992207,3314028,-1.0,-0.0
1708,1521992207,3314028,-1.0,-0.0
1709,1521992207,3314028,-1.0,-0.0
1710,1521992207,3314028,-1.0,-0.0
1711,1521992207,3314028,-1.0,-0.0
1712,1521992207,3314028,-1.0,-0.0
1713,1521992207,3314028,-1.0,-0.0
1714,1521992207,3314028,-1.0,-0.0
1715,1521992207,587309895,-1.0,-0.00259407330304
1716,1521992207,587309895,-1.0,-0.00259407330304
1717,1521992207,587309895,-1.0,-0.00259407330304
1718,1521992207,587309895,-1.0,-0.00259407330304
1719,1521992207,603314632,-1.0,-0.0253608822823
1720,1521992207,603314632,-1.0,-0.0253608822823
1721,1521992207,603314632,-1.0,-0.0253608822823
1722,1521992207,603314632,-1.0,-0.0253608822823
1723,1521992207,603314632,-1.0,-0.0253608822823
1724,1521992207,603314632,-1.0,-0.0253608822823
1725,1521992207,627320124,-1.0,-0.0513931699097
1726,1521992207,627320124,-1.0,-0.0513931699097
1727,1521992207,627320124,-1.0,-0.0513931699097
1728,1521992207,627320124,-1.0,-0.0513931699097
1729,1521992207,643314300,-1.0,-0.0735190883279
1730,1521992207,643314300,-1.0,-0.0735190883279
1731,1521992207,643314300,-1.0,-0.0735190883279
1732,1521992207,643314300,-1.0,-0.0735190883279
1733,1521992207,643314300,-1.0,-0.0735190883279
1734,1521992207,643314300,-1.0,-0.0735190883279
1735,1521992207,667305021,-1.0,-0.0800195336342
1736,1521992207,667305021,-1.0,-0.0800195336342
1737,1521992207,667305021,-1.0,-0.0800195336342
1738,1521992207,667305021,-1.0,-0.0800195336342
1739,1521992207,683314180,-1.0,-0.0858790874481
1740,1521992207,683314180,-1.0,-0.0858790874481
1741,1521992207,683314180,-1.0,-0.0858790874481
1742,1521992207,683314180,-1.0,-0.0858790874481
1743,1521992207,683314180,-1.0,-0.0858790874481
1744,1521992207,683314180,-1.0,-0.0858790874481
1745,1521992207,707290589,-1.0,-0.0904263406992
1746,1521992207,707290589,-1.0,-0.0904263406992
1747,1521992207,707290589,-1.0,-0.0904263406992
1748,1521992207,707290589,-1.0,-0.0904263406992
1749,1521992207,723318703,-1.0,-0.0917386412621
1750,1521992207,723318703,-1.0,-0.0917386412621
1751,1521992207,723318703,-1.0,-0.0917386412621
1752,1521992207,723318703,-1.0,-0.0917386412621
1753,1521992207,723318703,-1.0,-0.0917386412621
1754,1521992207,723318703,-1.0,-0.0917386412621
1755,1521992207,747295120,-1.0,-0.0930204167962
1756,1521992207,747295120,-1.0,-0.0930204167962
1757,1521992207,747295120,-1.0,-0.0930204167962
1758,1521992207,747295120,-1.0,-0.0930204167962
1759,1521992207,747295120,-1.0,-0.0930204167962
1760,1521992207,747295120,-1.0,-0.0930204167962
1761,1521992207,747295120,-1.0,-0.0930204167962
1762,1521992207,747295120,-1.0,-0.0930204167962
1763,1521992207,747295120,-1.0,-0.0930204167962
1764,1521992207,747295120,-1.0,-0.0930204167962
1765,1521992207,747295120,-1.0,-0.0930204167962
1766,1521992207,747295120,-1.0,-0.0930204167962
1767,1521992207,747295120,-1.0,-0.0930204167962
1768,1521992207,747295120,-1.0,-0.0930204167962
1769,1521992207,747295120,-1.0,-0.0930204167962
1770,1521992207,747295120,-1.0,-0.0930204167962
1771,1521992207,747295120,-1.0,-0.0930204167962
1772,1521992207,747295120,-1.0,-0.0930204167962
1773,1521992207,747295120,-1.0,-0.0930204167962
1774,1521992207,747295120,-1.0,-0.0930204167962
1775,1521992207,747295120,-1.0,-0.0930204167962
1776,1521992207,747295120,-1.0,-0.0930204167962
1777,1521992207,747295120,-1.0,-0.0930204167962
1778,1521992207,747295120,-1.0,-0.0930204167962
1779,1521992207,747295120,-1.0,-0.0930204167962
1780,1521992207,747295120,-1.0,-0.0930204167962
1781,1521992207,747295120,-1.0,-0.0930204167962
1782,1521992207,747295120,-1.0,-0.0930204167962
1783,1521992207,747295120,-1.0,-0.0930204167962
1784,1521992207,747295120,-1.0,-0.0930204167962
1785,1521992207,747295120,-1.0,-0.0930204167962
1786,1521992207,747295120,-1.0,-0.0930204167962
1787,1521992207,747295120,-1.0,-0.0930204167962
1788,1521992207,747295120,-1.0,-0.0930204167962
1789,1521992207,883285231,-1.0,-0.0943327099085
1790,1521992207,883285231,-1.0,-0.0943327099085
1791,1521992207,883285231,-1.0,-0.0943327099085
1792,1521992207,883285231,-1.0,-0.0943327099085
1793,1521992207,883285231,-1.0,-0.0943327099085
1794,1521992207,883285231,-1.0,-0.0943327099085
1795,1521992207,907292549,-1.0,-0.0956144928932
1796,1521992207,907292549,-1.0,-0.0956144928932
1797,1521992207,907292549,-1.0,-0.0956144928932
1798,1521992207,907292549,-1.0,-0.0956144928932
1799,1521992207,923314984,-1.0,-0.0975676774979
1800,1521992207,923314984,-1.0,-0.0975676774979
1801,1521992207,923314984,-1.0,-0.0975676774979
1802,1521992207,923314984,-1.0,-0.0975676774979
1803,1521992207,923314984,-1.0,-0.0975676774979
1804,1521992207,923314984,-1.0,-0.0975676774979
1805,1521992207,947287213,-1.0,-0.105380415916
1806,1521992207,947287213,-1.0,-0.105380415916
1807,1521992207,947287213,-1.0,-0.105380415916
1808,1521992207,947287213,-1.0,-0.105380415916
1809,1521992207,963320210,-1.0,-0.126194030046
1810,1521992207,963320210,-1.0,-0.126194030046
1811,1521992207,963320210,-1.0,-0.126194030046
1812,1521992207,963320210,-1.0,-0.126194030046
1813,1521992207,963320210,-1.0,-0.126194030046
1814,1521992207,963320210,-1.0,-0.126194030046
1815,1521992207,987287193,-1.0,-0.145725876093
1816,1521992207,987287193,-1.0,-0.145725876093
1817,1521992207,987287193,-1.0,-0.145725876093
1818,1521992207,987287193,-1.0,-0.145725876093
1819,1521992208,3319217,-1.0,-0.17303994298
1820,1521992208,3319217,-1.0,-0.17303994298
1821,1521992208,3319217,-1.0,-0.17303994298
1822,1521992208,3319217,-1.0,-0.17303994298
1823,1521992208,3319217,-1.0,-0.17303994298
1824,1521992208,3319217,-1.0,-0.17303994298
1825,1521992208,27288303,-1.0,-0.202978610992
1826,1521992208,27288303,-1.0,-0.202978610992
1827,1521992208,27288303,-1.0,-0.202978610992
1828,1521992208,27288303,-1.0,-0.202978610992
1829,1521992208,43319785,-1.0,-0.230323195457
1830,1521992208,43319785,-1.0,-0.230323195457
1831,1521992208,43319785,-1.0,-0.230323195457
1832,1521992208,43319785,-1.0,-0.230323195457
1833,1521992208,43319785,-1.0,-0.230323195457
1834,1521992208,43319785,-1.0,-0.230323195457
1835,1521992208,67291830,-1.0,-0.251136809587
1836,1521992208,67291830,-1.0,-0.251136809587
1837,1521992208,67291830,-1.0,-0.251136809587
1838,1521992208,67291830,-1.0,-0.251136809587
1839,1521992208,83314739,-1.0,-0.257637262344
1840,1521992208,83314739,-1.0,-0.257637262344
1841,1521992208,83314739,-1.0,-0.257637262344
1842,1521992208,83314739,-1.0,-0.257637262344
1843,1521992208,83314739,-1.0,-0.257637262344
1844,1521992208,83314739,-1.0,-0.257637262344
1845,1521992208,107288952,-1.0,-0.265450000763
1846,1521992208,107288952,-1.0,-0.265450000763
1847,1521992208,107288952,-1.0,-0.265450000763
1848,1521992208,107288952,-1.0,-0.265450000763
1849,1521992208,123314913,-1.0,-0.284951329231
1850,1521992208,123314913,-1.0,-0.284951329231
1851,1521992208,123314913,-1.0,-0.284951329231
1852,1521992208,123314913,-1.0,-0.284951329231
1853,1521992208,123314913,-1.0,-0.284951329231
1854,1521992208,123314913,-1.0,-0.284951329231
1855,1521992208,147324622,-1.0,-0.289529085159
1856,1521992208,147324622,-1.0,-0.289529085159
1857,1521992208,147324622,-1.0,-0.289529085159
1858,1521992208,147324622,-1.0,-0.289529085159
1859,1521992208,163283073,-1.0,-0.296670436859
1860,1521992208,163283073,-1.0,-0.296670436859
1861,1521992208,163283073,-1.0,-0.296670436859
1862,1521992208,163283073,-1.0,-0.296670436859
1863,1521992208,163283073,-1.0,-0.296670436859
1864,1521992208,163283073,-1.0,-0.296670436859
1865,1521992208,187308174,-1.0,-0.303842276335
1866,1521992208,187308174,-1.0,-0.303842276335
1867,1521992208,187308174,-1.0,-0.303842276335
1868,1521992208,187308174,-1.0,-0.303842276335
1869,1521992208,203320049,-1.0,-0.310342729092
1870,1521992208,203320049,-1.0,-0.310342729092
1871,1521992208,203320049,-1.0,-0.310342729092
1872,1521992208,203320049,-1.0,-0.310342729092
1873,1521992208,203320049,-1.0,-0.310342729092
1874,1521992208,203320049,-1.0,-0.310342729092
1875,1521992208,227313948,-1.0,-0.314889967442
1876,1521992208,227313948,-1.0,-0.314889967442
1877,1521992208,227313948,-1.0,-0.314889967442
1878,1521992208,227313948,-1.0,-0.314889967442
1879,1521992208,243319309,-1.0,-0.316843152046
1880,1521992208,243319309,-1.0,-0.316843152046
1881,1521992208,243319309,-1.0,-0.316843152046
1882,1521992208,243319309,-1.0,-0.316843152046
1883,1521992208,243319309,-1.0,-0.316843152046
1884,1521992208,243319309,-1.0,-0.316843152046
1885,1521992208,267298114,-1.0,-0.32270270586
1886,1521992208,267298114,-1.0,-0.32270270586
1887,1521992208,267298114,-1.0,-0.32270270586
1888,1521992208,267298114,-1.0,-0.32270270586
1889,1521992208,283306139,-1.0,-0.331156343222
1890,1521992208,283306139,-1.0,-0.331156343222
1891,1521992208,283306139,-1.0,-0.331156343222
1892,1521992208,283306139,-1.0,-0.331156343222
1893,1521992208,283306139,-1.0,-0.331156343222
1894,1521992208,283306139,-1.0,-0.331156343222
1895,1521992208,307323700,-1.0,-0.35914182663
1896,1521992208,307323700,-1.0,-0.35914182663
1897,1521992208,307323700,-1.0,-0.35914182663
1898,1521992208,307323700,-1.0,-0.35914182663
1899,1521992208,323315554,-1.0,-0.385814994574
1900,1521992208,323315554,-1.0,-0.385814994574
1901,1521992208,323315554,-1.0,-0.385814994574
1902,1521992208,323315554,-1.0,-0.385814994574
1903,1521992208,323315554,-1.0,-0.385814994574
1904,1521992208,323315554,-1.0,-0.385814994574
1905,1521992208,347291634,-1.0,-0.415753662586
1906,1521992208,347291634,-1.0,-0.415753662586
1907,1521992208,347291634,-1.0,-0.415753662586
1908,1521992208,347291634,-1.0,-0.415753662586
1909,1521992208,363319609,-1.0,-0.447614967823
1910,1521992208,363319609,-1.0,-0.447614967823
1911,1521992208,363319609,-1.0,-0.447614967823
1912,1521992208,363319609,-1.0,-0.447614967823
1913,1521992208,363319609,-1.0,-0.447614967823
1914,1521992208,363319609,-1.0,-0.447614967823
1915,1521992208,387296062,-1.0,-0.474288165569
1916,1521992208,387296062,-1.0,-0.474288165569
1917,1521992208,387296062,-1.0,-0.474288165569
1918,1521992208,387296062,-1.0,-0.474288165569
1919,1521992208,403315844,-1.0,-0.48341318965
1920,1521992208,403315844,-1.0,-0.48341318965
1921,1521992208,403315844,-1.0,-0.48341318965
1922,1521992208,403315844,-1.0,-0.48341318965
1923,1521992208,403315844,-1.0,-0.48341318965
1924,1521992208,403315844,-1.0,-0.48341318965
1925,1521992208,427297452,-1.0,-0.50486767292
1926,1521992208,427297452,-1.0,-0.50486767292
1927,1521992208,427297452,-1.0,-0.50486767292
1928,1521992208,427297452,-1.0,-0.50486767292
1929,1521992208,443320583,-1.0,-0.505539119244
1930,1521992208,443320583,-1.0,-0.505539119244
1931,1521992208,443320583,-1.0,-0.505539119244
1932,1521992208,443320583,-1.0,-0.505539119244
1933,1521992208,443320583,-1.0,-0.505539119244
1934,1521992208,443320583,-1.0,-0.505539119244
1935,1521992208,467292741,-1.0,-0.506820857525
1936,1521992208,467292741,-1.0,-0.506820857525
1937,1521992208,467292741,-1.0,-0.506820857525
1938,1521992208,467292741,-1.0,-0.506820857525
1939,1521992208,483323859,-1.0,-0.508133172989
1940,1521992208,483323859,-1.0,-0.508133172989
1941,1521992208,483323859,-1.0,-0.508133172989
1942,1521992208,483323859,-1.0,-0.508133172989
1943,1521992208,483323859,-1.0,-0.508133172989
1944,1521992208,483323859,-1.0,-0.508133172989
1945,1521992208,507292591,-1.0,-0.510086357594
1946,1521992208,507292591,-1.0,-0.510086357594
1947,1521992208,507292591,-1.0,-0.510086357594
1948,1521992208,507292591,-1.0,-0.510086357594
1949,1521992208,523319094,-1.0,-0.511398673058
1950,1521992208,523319094,-1.0,-0.511398673058
1951,1521992208,523319094,-1.0,-0.511398673058
1952,1521992208,523319094,-1.0,-0.511398673058
1953,1521992208,523319094,-1.0,-0.511398673058
1954,1521992208,523319094,-1.0,-0.511398673058
1955,1521992208,523319094,-1.0,-0.511398673058
1956,1521992208,523319094,-1.0,-0.511398673058
1957,1521992208,523319094,-1.0,-0.511398673058
1958,1521992208,523319094,-1.0,-0.511398673058
1959,1521992208,563285866,-1.0,-0.512039542198
1960,1521992208,563285866,-1.0,-0.512039542198
1961,1521992208,563285866,-1.0,-0.512039542198
1962,1521992208,563285866,-1.0,-0.512039542198
1963,1521992208,563285866,-1.0,-0.512039542198
1964,1521992208,563285866,-1.0,-0.512039542198
1965,1521992208,563285866,-1.0,-0.512039542198
1966,1521992208,563285866,-1.0,-0.512039542198
1967,1521992208,563285866,-1.0,-0.512039542198
1968,1521992208,563285866,-1.0,-0.512039542198
1969,1521992208,563285866,-1.0,-0.512039542198
1970,1521992208,563285866,-1.0,-0.512039542198
1971,1521992208,563285866,-1.0,-0.512039542198
1972,1521992208,563285866,-1.0,-0.512039542198
1973,1521992208,563285866,-1.0,-0.512039542198
1974,1521992208,563285866,-1.0,-0.512039542198
1975,1521992208,563285866,-1.0,-0.512039542198
1976,1521992208,563285866,-1.0,-0.512039542198
1977,1521992208,563285866,-1.0,-0.512039542198
1978,1521992208,563285866,-1.0,-0.512039542198
1979,1521992208,643315175,-1.0,-0.510086357594
1980,1521992208,643315175,-1.0,-0.510086357594
1981,1521992208,643315175,-1.0,-0.510086357594
1982,1521992208,643315175,-1.0,-0.510086357594
1983,1521992208,643315175,-1.0,-0.510086357594
1984,1521992208,643315175,-1.0,-0.510086357594
1985,1521992208,667295987,-1.0,-0.487960457802
1986,1521992208,667295987,-1.0,-0.487960457802
1987,1521992208,667295987,-1.0,-0.487960457802
1988,1521992208,667295987,-1.0,-0.487960457802
1989,1521992208,683315340,-1.0,-0.45869320631
1990,1521992208,683315340,-1.0,-0.45869320631
1991,1521992208,683315340,-1.0,-0.45869320631
1992,1521992208,683315340,-1.0,-0.45869320631
1993,1521992208,683315340,-1.0,-0.45869320631
1994,1521992208,683315340,-1.0,-0.45869320631
1995,1521992208,707296193,-1.0,-0.419660031796
1996,1521992208,707296193,-1.0,-0.419660031796
1997,1521992208,707296193,-1.0,-0.419660031796
1998,1521992208,707296193,-1.0,-0.419660031796
1999,1521992208,723315641,-1.0,-0.374095886946
2000,1521992208,723315641,-1.0,-0.374095886946
2001,1521992208,723315641,-1.0,-0.374095886946
2002,1521992208,723315641,-1.0,-0.374095886946
2003,1521992208,723315641,-1.0,-0.374095886946
2004,1521992208,723315641,-1.0,-0.374095886946
2005,1521992208,747300065,-1.0,-0.330515444279
2006,1521992208,747300065,-1.0,-0.330515444279
2007,1521992208,747300065,-1.0,-0.330515444279
2008,1521992208,747300065,-1.0,-0.330515444279
2009,1521992208,763293032,-1.0,-0.29276406765
2010,1521992208,763293032,-1.0,-0.29276406765
2011,1521992208,763293032,-1.0,-0.29276406765
2012,1521992208,763293032,-1.0,-0.29276406765
2013,1521992208,763293032,-1.0,-0.29276406765
2014,1521992208,763293032,-1.0,-0.29276406765
2015,1521992208,787287088,-1.0,-0.259590446949
2016,1521992208,787287088,-1.0,-0.259590446949
2017,1521992208,787287088,-1.0,-0.259590446949
2018,1521992208,787287088,-1.0,-0.259590446949
2019,1521992208,803315422,-1.0,-0.230323195457
2020,1521992208,803315422,-1.0,-0.230323195457
2021,1521992208,803315422,-1.0,-0.230323195457
2022,1521992208,803315422,-1.0,-0.230323195457
2023,1521992208,803315422,-1.0,-0.230323195457
2024,1521992208,803315422,-1.0,-0.230323195457
2025,1521992208,827288366,-1.0,-0.201025426388
2026,1521992208,827288366,-1.0,-0.201025426388
2027,1521992208,827288366,-1.0,-0.201025426388
2028,1521992208,827288366,-1.0,-0.201025426388
2029,1521992208,843287363,-1.0,-0.169804990292
2030,1521992208,843287363,-1.0,-0.169804990292
2031,1521992208,843287363,-1.0,-0.169804990292
2032,1521992208,843287363,-1.0,-0.169804990292
2033,1521992208,843287363,-1.0,-0.169804990292
2034,1521992208,843287363,-1.0,-0.169804990292
2035,1521992208,867286149,-1.0,-0.136631369591
2036,1521992208,867286149,-1.0,-0.136631369591
2037,1521992208,867286149,-1.0,-0.136631369591
2038,1521992208,867286149,-1.0,-0.136631369591
2039,1521992208,883319427,-1.0,-0.101474046707
2040,1521992208,883319427,-1.0,-0.101474046707
2041,1521992208,883319427,-1.0,-0.101474046707
2042,1521992208,883319427,-1.0,-0.101474046707
2043,1521992208,883319427,-1.0,-0.101474046707
2044,1521992208,883319427,-1.0,-0.101474046707
2045,1521992208,907326027,-1.0,-0.064394056797
2046,1521992208,907326027,-1.0,-0.064394056797
2047,1521992208,907326027,-1.0,-0.064394056797
2048,1521992208,907326027,-1.0,-0.064394056797
2049,1521992208,923307182,-1.0,-0.0325022116303
2050,1521992208,923307182,-1.0,-0.0325022116303
2051,1521992208,923307182,-1.0,-0.0325022116303
2052,1521992208,923307182,-1.0,-0.0325022116303
2053,1521992208,923307182,-1.0,-0.0325022116303
2054,1521992208,923307182,-1.0,-0.0325022116303
2055,1521992208,947288775,-1.0,-0.00518814660609
2056,1521992208,947288775,-1.0,-0.00518814660609
2057,1521992208,947288775,-1.0,-0.00518814660609
2058,1521992208,947288775,-1.0,-0.00518814660609
2059,1521992208,963288841,-1.0,-0.0
2060,1521992208,963288841,-1.0,-0.0
2061,1521992208,963288841,-1.0,-0.0
2062,1521992208,963288841,-1.0,-0.0
2063,1521992208,963288841,-1.0,-0.0
2064,1521992208,963288841,-1.0,-0.0
2065,1521992208,963288841,-1.0,-0.0
2066,1521992208,963288841,-1.0,-0.0
2067,1521992208,963288841,-1.0,-0.0
2068,1521992208,963288841,-1.0,-0.0
2069,1521992208,963288841,-1.0,-0.0
2070,1521992208,963288841,-1.0,-0.0
2071,1521992208,963288841,-1.0,-0.0
2072,1521992208,963288841,-1.0,-0.0
2073,1521992208,963288841,-1.0,-0.0
2074,1521992208,963288841,-1.0,-0.0
2075,1521992208,963288841,-1.0,-0.0
2076,1521992208,963288841,-1.0,-0.0
2077,1521992208,963288841,-1.0,-0.0
2078,1521992208,963288841,-1.0,-0.0
2079,1521992208,963288841,-1.0,-0.0
2080,1521992208,963288841,-1.0,-0.0
2081,1521992208,963288841,-1.0,-0.0
2082,1521992208,963288841,-1.0,-0.0
2083,1521992208,963288841,-1.0,-0.0
2084,1521992208,963288841,-1.0,-0.0
2085,1521992208,963288841,-1.0,-0.0
2086,1521992208,963288841,-1.0,-0.0
2087,1521992208,963288841,-1.0,-0.0
2088,1521992208,963288841,-1.0,-0.0
2089,1521992208,963288841,-1.0,-0.0
2090,1521992208,963288841,-1.0,-0.0
2091,1521992208,963288841,-1.0,-0.0
2092,1521992208,963288841,-1.0,-0.0
2093,1521992208,963288841,-1.0,-0.0
2094,1521992208,963288841,-1.0,-0.0
2095,1521992208,963288841,-1.0,-0.0
2096,1521992208,963288841,-1.0,-0.0
2097,1521992208,963288841,-1.0,-0.0
2098,1521992208,963288841,-1.0,-0.0
2099,1521992208,963288841,-1.0,-0.0
2100,1521992208,963288841,-1.0,-0.0
2101,1521992208,963288841,-1.0,-0.0
2102,1521992208,963288841,-1.0,-0.0
2103,1521992208,963288841,-1.0,-0.0
2104,1521992208,963288841,-1.0,-0.0
2105,1521992208,963288841,-1.0,-0.0
2106,1521992208,963288841,-1.0,-0.0
2107,1521992208,963288841,-1.0,-0.0
2108,1521992208,963288841,-1.0,-0.0
2109,1521992208,963288841,-1.0,-0.0
2110,1521992208,963288841,-1.0,-0.0
2111,1521992208,963288841,-1.0,-0.0
2112,1521992208,963288841,-1.0,-0.0
2113,1521992208,963288841,-1.0,-0.0
2114,1521992208,963288841,-1.0,-0.0
2115,1521992208,963288841,-1.0,-0.0
2116,1521992208,963288841,-1.0,-0.0
2117,1521992208,963288841,-1.0,-0.0
2118,1521992208,963288841,-1.0,-0.0
2119,1521992208,963288841,-1.0,-0.0
2120,1521992208,963288841,-1.0,-0.0
2121,1521992208,963288841,-1.0,-0.0
2122,1521992208,963288841,-1.0,-0.0
2123,1521992208,963288841,-1.0,-0.0
2124,1521992208,963288841,-1.0,-0.0
2125,1521992208,963288841,-1.0,-0.0
2126,1521992208,963288841,-1.0,-0.0
2127,1521992208,963288841,-1.0,-0.0
2128,1521992209,243315802,-0.983092725277,-0.0
2129,1521992209,243315802,-0.983092725277,-0.0
2130,1521992209,243315802,-0.983092725277,-0.0
2131,1521992209,243315802,-0.983092725277,-0.0
2132,1521992209,243315802,-0.983092725277,-0.0
2133,1521992209,243315802,-0.983092725277,-0.0
2134,1521992209,267313641,-0.875728607178,-0.0
2135,1521992209,267313641,-0.875728607178,-0.0
2136,1521992209,267313641,-0.875728607178,-0.0
2137,1521992209,267313641,-0.875728607178,-0.0
2138,1521992209,283318192,-0.753410458565,-0.0
2139,1521992209,283318192,-0.753410458565,-0.0
2140,1521992209,283318192,-0.753410458565,-0.0
2141,1521992209,283318192,-0.753410458565,-0.0
2142,1521992209,283318192,-0.753410458565,-0.0
2143,1521992209,283318192,-0.753410458565,-0.0
2144,1521992209,307312606,-0.619403660297,-0.0
2145,1521992209,307312606,-0.619403660297,-0.0
2146,1521992209,307312606,-0.619403660297,-0.0
2147,1521992209,307312606,-0.619403660297,-0.0
2148,1521992209,323317336,-0.472334980965,-0.0
2149,1521992209,323317336,-0.472334980965,-0.0
2150,1521992209,323317336,-0.472334980965,-0.0
2151,1521992209,323317336,-0.472334980965,-0.0
2152,1521992209,323317336,-0.472334980965,-0.0
2153,1521992209,323317336,-0.472334980965,-0.0
2154,1521992209,347297930,-0.310983598232,-0.0
2155,1521992209,347297930,-0.310983598232,-0.0
2156,1521992209,347297930,-0.310983598232,-0.0
2157,1521992209,347297930,-0.310983598232,-0.0
2158,1521992209,363316756,-0.141178622842,-0.0
2159,1521992209,363316756,-0.141178622842,-0.0
2160,1521992209,363316756,-0.141178622842,-0.0
2161,1521992209,363316756,-0.141178622842,-0.0
2162,1521992209,363316756,-0.141178622842,-0.0
2163,1521992209,363316756,-0.141178622842,-0.0
2164,1521992209,387303497,-0.0,-0.0
2165,1521992209,387303497,-0.0,-0.0
2166,1521992209,387303497,-0.0,-0.0
2167,1521992209,387303497,-0.0,-0.0
2168,1521992209,387303497,-0.0,-0.0
2169,1521992209,387303497,-0.0,-0.0
2170,1521992209,387303497,-0.0,-0.0
2171,1521992209,387303497,-0.0,-0.0
2172,1521992209,387303497,-0.0,-0.0
2173,1521992209,387303497,-0.0,-0.0
2174,1521992209,387303497,-0.0,-0.0
2175,1521992209,387303497,-0.0,-0.0
2176,1521992209,387303497,-0.0,-0.0
2177,1521992209,387303497,-0.0,-0.0
2178,1521992209,387303497,-0.0,-0.0
2179,1521992209,387303497,-0.0,-0.0
2180,1521992209,387303497,-0.0,-0.0
2181,1521992209,387303497,-0.0,-0.0
2182,1521992209,387303497,-0.0,-0.0
2183,1521992209,387303497,-0.0,-0.0
2184,1521992209,387303497,-0.0,-0.0
2185,1521992209,387303497,-0.0,-0.0
2186,1521992209,387303497,-0.0,-0.0
2187,1521992209,387303497,-0.0,-0.0
2188,1521992209,387303497,-0.0,-0.0
2189,1521992209,387303497,-0.0,-0.0
2190,1521992209,387303497,-0.0,-0.0
2191,1521992209,387303497,-0.0,-0.0
2192,1521992209,387303497,-0.0,-0.0
2193,1521992209,387303497,-0.0,-0.0
2194,1521992209,387303497,-0.0,-0.0
2195,1521992209,387303497,-0.0,-0.0
2196,1521992209,387303497,-0.0,-0.0
2197,1521992209,387303497,-0.0,-0.0
2198,1521992209,387303497,-0.0,-0.0
2199,1521992209,387303497,-0.0,-0.0
2200,1521992209,387303497,-0.0,-0.0
2201,1521992209,387303497,-0.0,-0.0
2202,1521992209,387303497,-0.0,-0.0
2203,1521992209,387303497,-0.0,-0.0
2204,1521992209,387303497,-0.0,-0.0
2205,1521992209,387303497,-0.0,-0.0
2206,1521992209,387303497,-0.0,-0.0
2207,1521992209,387303497,-0.0,-0.0
2208,1521992209,387303497,-0.0,-0.0
2209,1521992209,387303497,-0.0,-0.0
2210,1521992209,387303497,-0.0,-0.0
2211,1521992209,387303497,-0.0,-0.0
2212,1521992209,387303497,-0.0,-0.0
2213,1521992209,387303497,-0.0,-0.0
2214,1521992209,387303497,-0.0,-0.0
2215,1521992209,387303497,-0.0,-0.0
2216,1521992209,387303497,-0.0,-0.0
2217,1521992209,387303497,-0.0,-0.0
2218,1521992209,387303497,-0.0,-0.0
2219,1521992209,387303497,-0.0,-0.0
2220,1521992209,387303497,-0.0,-0.0
2221,1521992209,387303497,-0.0,-0.0
2222,1521992209,387303497,-0.0,-0.0
2223,1521992209,387303497,-0.0,-0.0
2224,1521992209,387303497,-0.0,-0.0
2225,1521992209,387303497,-0.0,-0.0
2226,1521992209,387303497,-0.0,-0.0
2227,1521992209,387303497,-0.0,-0.0
2228,1521992209,387303497,-0.0,-0.0
2229,1521992209,387303497,-0.0,-0.0
2230,1521992209,387303497,-0.0,-0.0
2231,1521992209,387303497,-0.0,-0.0
2232,1521992209,387303497,-0.0,-0.0
2233,1521992209,387303497,-0.0,-0.0
2234,1521992209,387303497,-0.0,-0.0
2235,1521992209,387303497,-0.0,-0.0
2236,1521992209,387303497,-0.0,-0.0
2237,1521992209,387303497,-0.0,-0.0
2238,1521992209,387303497,-0.0,-0.0
2239,1521992209,387303497,-0.0,-0.0
2240,1521992209,387303497,-0.0,-0.0
2241,1521992209,387303497,-0.0,-0.0
2242,1521992209,387303497,-0.0,-0.0
2243,1521992209,387303497,-0.0,-0.0
2244,1521992209,387303497,-0.0,-0.0
2245,1521992209,387303497,-0.0,-0.0
2246,1521992209,387303497,-0.0,-0.0
2247,1521992209,387303497,-0.0,-0.0
2248,1521992209,387303497,-0.0,-0.0
2249,1521992209,387303497,-0.0,-0.0
2250,1521992209,387303497,-0.0,-0.0
2251,1521992209,387303497,-0.0,-0.0
2252,1521992209,387303497,-0.0,-0.0
2253,1521992209,387303497,-0.0,-0.0
2254,1521992209,387303497,-0.0,-0.0
2255,1521992209,387303497,-0.0,-0.0
2256,1521992209,387303497,-0.0,-0.0
2257,1521992209,387303497,-0.0,-0.0
2258,1521992209,387303497,-0.0,-0.0
2259,1521992209,387303497,-0.0,-0.0
2260,1521992209,387303497,-0.0,-0.0
2261,1521992209,387303497,-0.0,-0.0
2262,1521992209,387303497,-0.0,-0.0
2263,1521992209,387303497,-0.0,-0.0
2264,1521992209,387303497,-0.0,-0.0
2265,1521992209,387303497,-0.0,-0.0
2266,1521992209,387303497,-0.0,-0.0
2267,1521992209,387303497,-0.0,-0.0
2268,1521992209,387303497,-0.0,-0.0
2269,1521992209,387303497,-0.0,-0.0
2270,1521992209,387303497,-0.0,-0.0
2271,1521992209,387303497,-0.0,-0.0
2272,1521992209,387303497,-0.0,-0.0
2273,1521992209,387303497,-0.0,-0.0
2274,1521992209,387303497,-0.0,-0.0
2275,1521992209,387303497,-0.0,-0.0
2276,1521992209,387303497,-0.0,-0.0
2277,1521992209,387303497,-0.0,-0.0
2278,1521992209,387303497,-0.0,-0.0
2279,1521992209,387303497,-0.0,-0.0
2280,1521992209,387303497,-0.0,-0.0
2281,1521992209,387303497,-0.0,-0.0
2282,1521992209,387303497,-0.0,-0.0
2283,1521992209,387303497,-0.0,-0.0
2284,1521992209,387303497,-0.0,-0.0
2285,1521992209,387303497,-0.0,-0.0
2286,1521992209,387303497,-0.0,-0.0
2287,1521992209,387303497,-0.0,-0.0
2288,1521992209,387303497,-0.0,-0.0
2289,1521992209,387303497,-0.0,-0.0
2290,1521992209,387303497,-0.0,-0.0
2291,1521992209,387303497,-0.0,-0.0
2292,1521992209,387303497,-0.0,-0.0
2293,1521992209,387303497,-0.0,-0.0
2294,1521992209,387303497,-0.0,-0.0
2295,1521992209,387303497,-0.0,-0.0
2296,1521992209,387303497,-0.0,-0.0
2297,1521992209,387303497,-0.0,-0.0
2298,1521992209,387303497,-0.0,-0.0
2299,1521992209,387303497,-0.0,-0.0
2300,1521992209,387303497,-0.0,-0.0
2301,1521992209,387303497,-0.0,-0.0
2302,1521992209,387303497,-0.0,-0.0
2303,1521992209,387303497,-0.0,-0.0
2304,1521992209,387303497,-0.0,-0.0
2305,1521992209,387303497,-0.0,-0.0
2306,1521992209,387303497,-0.0,-0.0
2307,1521992209,387303497,-0.0,-0.0
2308,1521992209,387303497,-0.0,-0.0
2309,1521992209,387303497,-0.0,-0.0
2310,1521992209,387303497,-0.0,-0.0
2311,1521992209,387303497,-0.0,-0.0
2312,1521992209,387303497,-0.0,-0.0
2313,1521992209,387303497,-0.0,-0.0
2314,1521992209,387303497,-0.0,-0.0
2315,1521992209,387303497,-0.0,-0.0
2316,1521992209,387303497,-0.0,-0.0
2317,1521992209,387303497,-0.0,-0.0
2318,1521992209,387303497,-0.0,-0.0
2319,1521992209,387303497,-0.0,-0.0
2320,1521992209,387303497,-0.0,-0.0
2321,1521992209,387303497,-0.0,-0.0
2322,1521992209,387303497,-0.0,-0.0
2323,1521992209,387303497,-0.0,-0.0
2324,1521992209,387303497,-0.0,-0.0
2325,1521992209,387303497,-0.0,-0.0
2326,1521992209,387303497,-0.0,-0.0
2327,1521992209,387303497,-0.0,-0.0
2328,1521992209,387303497,-0.0,-0.0
2329,1521992209,387303497,-0.0,-0.0
2330,1521992209,387303497,-0.0,-0.0
2331,1521992209,387303497,-0.0,-0.0
2332,1521992209,387303497,-0.0,-0.0
2333,1521992209,387303497,-0.0,-0.0
2334,1521992209,387303497,-0.0,-0.0
2335,1521992209,387303497,-0.0,-0.0
2336,1521992209,387303497,-0.0,-0.0
2337,1521992209,387303497,-0.0,-0.0
2338,1521992209,387303497,-0.0,-0.0
2339,1521992209,387303497,-0.0,-0.0
2340,1521992209,387303497,-0.0,-0.0
2341,1521992209,387303497,-0.0,-0.0
2342,1521992209,387303497,-0.0,-0.0
2343,1521992209,387303497,-0.0,-0.0
2344,1521992209,387303497,-0.0,-0.0
2345,1521992209,387303497,-0.0,-0.0
2346,1521992209,387303497,-0.0,-0.0
2347,1521992209,387303497,-0.0,-0.0
2348,1521992209,387303497,-0.0,-0.0
2349,1521992209,387303497,-0.0,-0.0
2350,1521992209,387303497,-0.0,-0.0
2351,1521992209,387303497,-0.0,-0.0
2352,1521992209,387303497,-0.0,-0.0
2353,1521992209,387303497,-0.0,-0.0
2354,1521992209,387303497,-0.0,-0.0
2355,1521992209,387303497,-0.0,-0.0
2356,1521992209,387303497,-0.0,-0.0
2357,1521992209,387303497,-0.0,-0.0
2358,1521992209,387303497,-0.0,-0.0
2359,1521992209,387303497,-0.0,-0.0
2360,1521992209,387303497,-0.0,-0.0
2361,1521992209,387303497,-0.0,-0.0
2362,1521992209,387303497,-0.0,-0.0
2363,1521992209,387303497,-0.0,-0.0
2364,1521992209,387303497,-0.0,-0.0
2365,1521992209,387303497,-0.0,-0.0
2366,1521992209,387303497,-0.0,-0.0
2367,1521992209,387303497,-0.0,-0.0
2368,1521992209,387303497,-0.0,-0.0
2369,1521992209,387303497,-0.0,-0.0
2370,1521992209,387303497,-0.0,-0.0
2371,1521992209,387303497,-0.0,-0.0
2372,1521992209,387303497,-0.0,-0.0
2373,1521992209,387303497,-0.0,-0.0
2374,1521992209,387303497,-0.0,-0.0
2375,1521992209,387303497,-0.0,-0.0
2376,1521992209,387303497,-0.0,-0.0
2377,1521992209,387303497,-0.0,-0.0
2378,1521992209,387303497,-0.0,-0.0
2379,1521992209,387303497,-0.0,-0.0
2380,1521992209,387303497,-0.0,-0.0
2381,1521992209,387303497,-0.0,-0.0
2382,1521992209,387303497,-0.0,-0.0
2383,1521992209,387303497,-0.0,-0.0
2384,1521992209,387303497,-0.0,-0.0
2385,1521992209,387303497,-0.0,-0.0
2386,1521992209,387303497,-0.0,-0.0
2387,1521992209,387303497,-0.0,-0.0
2388,1521992209,387303497,-0.0,-0.0
2389,1521992209,387303497,-0.0,-0.0
2390,1521992209,387303497,-0.0,-0.0
2391,1521992209,387303497,-0.0,-0.0
2392,1521992209,387303497,-0.0,-0.0
2393,1521992209,387303497,-0.0,-0.0
2394,1521992209,387303497,-0.0,-0.0
2395,1521992209,387303497,-0.0,-0.0
2396,1521992209,387303497,-0.0,-0.0
2397,1521992209,387303497,-0.0,-0.0
2398,1521992209,387303497,-0.0,-0.0
2399,1521992209,387303497,-0.0,-0.0
2400,1521992209,387303497,-0.0,-0.0
2401,1521992209,387303497,-0.0,-0.0
2402,1521992209,387303497,-0.0,-0.0
2403,1521992209,387303497,-0.0,-0.0
2404,1521992209,387303497,-0.0,-0.0
2405,1521992209,387303497,-0.0,-0.0
2406,1521992209,387303497,-0.0,-0.0
2407,1521992209,387303497,-0.0,-0.0
2408,1521992209,387303497,-0.0,-0.0
2409,1521992209,387303497,-0.0,-0.0
2410,1521992209,387303497,-0.0,-0.0
2411,1521992209,387303497,-0.0,-0.0
2412,1521992209,387303497,-0.0,-0.0
2413,1521992209,387303497,-0.0,-0.0
2414,1521992209,387303497,-0.0,-0.0
2415,1521992209,387303497,-0.0,-0.0
2416,1521992209,387303497,-0.0,-0.0
2417,1521992209,387303497,-0.0,-0.0
2418,1521992209,387303497,-0.0,-0.0
2419,1521992209,387303497,-0.0,-0.0
2420,1521992209,387303497,-0.0,-0.0
2421,1521992209,387303497,-0.0,-0.0
2422,1521992209,387303497,-0.0,-0.0
2423,1521992209,387303497,-0.0,-0.0
2424,1521992209,387303497,-0.0,-0.0
2425,1521992209,387303497,-0.0,-0.0
2426,1521992209,387303497,-0.0,-0.0
2427,1521992209,387303497,-0.0,-0.0
2428,1521992209,387303497,-0.0,-0.0
2429,1521992209,387303497,-0.0,-0.0
2430,1521992209,387303497,-0.0,-0.0
2431,1521992209,387303497,-0.0,-0.0
2432,1521992209,387303497,-0.0,-0.0
2433,1521992209,387303497,-0.0,-0.0
2434,1521992209,387303497,-0.0,-0.0
2435,1521992209,387303497,-0.0,-0.0
2436,1521992209,387303497,-0.0,-0.0
2437,1521992209,387303497,-0.0,-0.0
2438,1521992209,387303497,-0.0,-0.0
2439,1521992209,387303497,-0.0,-0.0
2440,1521992209,387303497,-0.0,-0.0
2441,1521992209,387303497,-0.0,-0.0
2442,1521992209,387303497,-0.0,-0.0
2443,1521992209,387303497,-0.0,-0.0
