1,1521990750,422811984,0.0,0.0
2,1521990750,426145459,0.0,0.0
3,1521990750,429478556,0.0,0.0
4,1521990750,432811495,0.0,0.0
5,1521990750,436144231,0.0,0.0
6,1521990750,439477307,0.0,0.0
7,1521990750,442811454,0.0,0.0
8,1521990750,446144178,0.0,0.0
9,1521990750,449478787,0.0,0.0
10,1521990750,452811321,0.0,0.0
11,1521990750,456144814,0.0,0.0
12,1521990750,459478043,0.0,0.0
13,1521990750,462812411,0.0,0.0
14,1521990750,466144545,0.0,0.0
15,1521990750,469478025,0.0,0.0
16,1521990750,472811745,0.0,0.0
17,1521990750,476144855,0.0,0.0
18,1521990750,479477490,0.0,0.0
19,1521990750,482812385,0.0,0.0
20,1521990750,486145062,0.0,0.0
21,1521990750,489478275,0.0,0.0
22,1521990750,492811552,0.0,0.0
23,1521990750,496144735,0.0,0.0
24,1521990750,499477415,0.0,0.0
25,1521990750,502812556,0.0,0.0
26,1521990750,506145457,0.0,0.0
27,1521990750,509478248,0.0,0.0
28,1521990750,512810512,0.0,0.0
29,1521990750,516154882,0.0,0.0
30,1521990750,519478094,0.0,0.0
31,1521990750,522810984,0.0,0.0
32,1521990750,526159003,0.0,0.0
33,1521990750,529478315,0.0,0.0
34,1521990750,532811890,0.0,0.0
35,1521990750,536145037,0.0,0.0
36,1521990750,539478187,0.0,0.0
37,1521990750,542811580,0.0,0.0
38,1521990750,546155516,0.0,0.0
39,1521990750,549477320,0.0,0.0
40,1521990750,552811195,0.0,0.0
41,1521990750,556144214,0.0,0.0
42,1521990750,559478095,0.0,0.0
43,1521990750,562812245,0.0,0.0
44,1521990750,566145249,0.0,0.0
45,1521990750,569477410,0.0,0.0
46,1521990750,572811387,0.0,0.0
47,1521990750,576144601,0.0,0.0
48,1521990750,579478092,0.0,0.0
49,1521990750,582811921,0.0,0.0
50,1521990750,586144842,0.0,0.0
51,1521990750,589478298,0.0,0.0
52,1521990750,592813633,0.0,0.0
53,1521990750,596144881,0.0,0.0
54,1521990750,599478981,0.0,0.0
55,1521990750,602812609,0.0,0.0
56,1521990750,606144683,0.0,0.0
57,1521990750,609477652,0.0,0.0
58,1521990750,612811736,0.0,0.0
59,1521990750,616143917,0.0,0.0
60,1521990750,619487330,0.0,0.0
61,1521990750,622811129,0.0,0.0
62,1521990750,626143838,0.0,0.0
63,1521990750,629478040,0.0,0.0
64,1521990750,632811601,0.0,0.0
65,1521990750,636130786,0.0,0.0
66,1521990750,639478592,0.0,0.0
67,1521990750,642812438,0.0,0.0
68,1521990750,646145084,0.0,0.0
69,1521990750,649477990,0.0,0.0
70,1521990750,652811015,0.0,0.0
71,1521990750,656145015,0.0,0.0
72,1521990750,659477849,0.0,0.0
73,1521990750,662812680,0.0,0.0
74,1521990750,666144630,0.0,0.0
75,1521990750,669478151,0.0,0.0
76,1521990750,672811745,0.0,0.0
77,1521990750,676144383,0.0,0.0
78,1521990750,679477886,0.0,0.0
79,1521990750,682811584,0.0,0.0
80,1521990750,686144961,0.0,0.0
81,1521990750,689478414,0.0,0.0
82,1521990750,692810427,0.0,0.0
83,1521990750,696144636,0.0,0.0
84,1521990750,699493138,0.0,0.0
85,1521990750,702817646,0.0,0.0
86,1521990750,706148852,0.0,0.0
87,1521990750,709483129,0.0,0.0
88,1521990750,712815788,0.0,0.0
89,1521990750,716148340,0.0,0.0
90,1521990750,719481138,0.0,0.0
91,1521990750,722816431,0.0,0.0
92,1521990750,726149632,0.0,0.0
93,1521990750,729481235,0.0,0.0
94,1521990750,732815523,0.0,0.0
95,1521990750,736145212,0.0,0.0
96,1521990750,739477744,0.0,0.0
97,1521990750,742812234,0.0,0.0
98,1521990750,746144562,0.0,0.0
99,1521990750,749477799,0.0,0.0
100,1521990750,752812026,0.0,0.0
101,1521990750,756155028,0.0,0.0
102,1521990750,759477484,0.0,0.0
103,1521990750,762812264,0.0,0.0
104,1521990750,766144873,0.0,0.0
105,1521990750,769477723,0.0,0.0
106,1521990750,772811354,0.0,0.0
107,1521990750,776144233,0.0,0.0
108,1521990750,779477884,0.0,0.0
109,1521990750,782811987,0.0,0.0
110,1521990750,786144446,0.0,0.0
111,1521990750,789488195,0.0,0.0
112,1521990750,792817592,0.0,0.0
113,1521990750,796151449,0.0,0.0
114,1521990750,799483777,0.0,0.0
115,1521990750,802817237,0.0,0.0
116,1521990750,806150569,0.0,0.0
117,1521990750,809480317,0.0,0.0
118,1521990750,812815179,0.0,0.0
119,1521990750,816150033,0.0,0.0
120,1521990750,819481997,0.0,0.0
121,1521990750,822816390,0.0,0.0
122,1521990750,826149338,0.0,0.0
123,1521990750,829483501,0.0,0.0
124,1521990750,832816945,0.0,0.0
125,1521990750,836149213,0.0,0.0
126,1521990750,839481445,0.0,0.0
127,1521990750,842817618,0.0,0.0
128,1521990750,846149809,0.0,0.0
129,1521990750,849477453,0.0,0.0
130,1521990750,852811799,0.0,0.0
131,1521990750,856144970,0.0,0.0
132,1521990750,859478437,0.0,0.0
133,1521990750,862812631,0.0,0.0
134,1521990750,866145253,0.0,0.0
135,1521990750,869478059,0.0,0.0
136,1521990750,872811299,0.0,0.0
137,1521990750,876144550,0.0,0.0
138,1521990750,879478232,0.0,0.0
139,1521990750,882812306,0.0,0.0
140,1521990750,886144873,0.0,0.0
141,1521990750,889478018,0.0,0.0
142,1521990750,892811485,0.0,0.0
143,1521990750,896144655,0.0,0.0
144,1521990750,899478625,0.0,0.0
145,1521990750,902812364,0.0,0.0
146,1521990750,906144939,0.0,0.0
147,1521990750,909477921,0.0,0.0
148,1521990750,912811602,0.0,0.0
149,1521990750,916144904,0.0,0.0
150,1521990750,919488190,0.0,0.0
151,1521990750,922812831,0.0,0.0
152,1521990750,926144351,0.0,0.0
153,1521990750,929478398,0.0,0.0
154,1521990750,932812046,0.0,0.0
155,1521990750,936145104,0.0,0.0
156,1521990750,939478404,0.0,0.0
157,1521990750,942812739,0.0,0.0
158,1521990750,946144329,0.0,0.0
159,1521990750,949482600,0.0,0.0
160,1521990750,952821641,0.0,0.0
161,1521990750,956153436,0.0,0.0
162,1521990750,959483069,0.0,0.0
163,1521990750,962819593,0.0,0.0
164,1521990750,966151274,0.0,0.0
165,1521990750,969483907,0.0,0.0
166,1521990750,972817446,0.0,0.0
167,1521990750,976147446,0.0,0.0
168,1521990750,979480464,0.0,0.0
169,1521990750,982814886,0.0,0.0
170,1521990750,986147277,0.0,0.0
171,1521990750,989480807,0.0,0.0
172,1521990750,992813605,0.0,0.0
173,1521990750,996147650,0.0,0.0
174,1521990750,999480560,0.0,0.0
175,1521990751,2816369,0.0,0.0
176,1521990751,6146960,0.0,0.0
177,1521990751,9479428,0.0,0.0
178,1521990751,12813837,0.0,0.0
179,1521990751,16145057,0.0,0.0
180,1521990751,19478060,0.0,0.0
181,1521990751,22812156,0.0,0.0
182,1521990751,26144152,0.0,0.0
183,1521990751,29477659,0.0,0.0
184,1521990751,32811670,0.0,0.0
185,1521990751,36145595,0.0,0.0
186,1521990751,39478399,0.0,0.0
187,1521990751,42811575,0.0,0.0
188,1521990751,46144303,0.0,0.0
189,1521990751,49478001,0.0,0.0
190,1521990751,52811315,0.0,0.0
191,1521990751,56144345,0.0,0.0
192,1521990751,59477930,0.0,0.0
193,1521990751,62811936,0.0,0.0
194,1521990751,66144707,0.0,0.0
195,1521990751,69477850,0.0,0.0
196,1521990751,72811294,0.0,0.0
197,1521990751,76144409,0.0,0.0
198,1521990751,79477531,0.0,0.0
199,1521990751,82811735,0.0,0.0
200,1521990751,86144706,0.0,0.0
201,1521990751,89478190,0.0,0.0
202,1521990751,92811140,0.0,0.0
203,1521990751,96144625,0.0,0.0
204,1521990751,99477924,0.0,0.0
205,1521990751,102812073,0.0,0.0
206,1521990751,106144833,0.0,0.0
207,1521990751,109477953,0.0,0.0
208,1521990751,112811224,0.0,0.0
209,1521990751,116144769,0.0,0.0
210,1521990751,119477824,0.0,0.0
211,1521990751,122811487,0.0,0.0
212,1521990751,126145219,0.0,0.0
213,1521990751,129478067,0.0,0.0
214,1521990751,132811361,0.0,0.0
215,1521990751,136145218,0.0,0.0
216,1521990751,139488176,0.0,0.0
217,1521990751,142811209,0.0,0.0
218,1521990751,146144401,0.0,0.0
219,1521990751,149478030,0.0,0.0
220,1521990751,152811359,0.0,0.0
221,1521990751,156144642,0.0,0.0
222,1521990751,159478375,0.0,0.0
223,1521990751,162812662,0.0,0.0
224,1521990751,166144221,0.0,0.0
225,1521990751,169477130,0.0,0.0
226,1521990751,172811125,0.0,0.0
227,1521990751,176145119,0.0,0.0
228,1521990751,179477397,0.0,0.0
229,1521990751,182810483,0.0,0.0
230,1521990751,186154360,0.0,0.0
231,1521990751,189458116,0.0,0.0
232,1521990751,192813699,0.0,0.0
233,1521990751,196144454,0.0,0.0
234,1521990751,199492826,0.0,0.0
235,1521990751,202810595,0.0,0.0
236,1521990751,206144326,0.0,0.0
237,1521990751,209477444,0.0,0.0
238,1521990751,212810857,0.0,0.0
239,1521990751,216144409,0.0,0.0
240,1521990751,219478071,0.0,0.0
241,1521990751,222812055,0.0,0.0
242,1521990751,226144447,0.0,0.0
243,1521990751,229478042,0.0,0.0
244,1521990751,232811216,0.0,0.0
245,1521990751,236144103,0.0,0.0
246,1521990751,239487647,0.0,0.0
247,1521990751,242811485,0.0,0.0
248,1521990751,246144649,0.0,0.0
249,1521990751,249477102,0.0,0.0
250,1521990751,252811655,0.0,0.0
251,1521990751,256156345,0.0,0.0
252,1521990751,259478082,0.0,0.0
253,1521990751,262811231,0.0,0.0
254,1521990751,266144712,0.0,0.0
255,1521990751,269478093,0.0,0.0
256,1521990751,272811414,0.0,0.0
257,1521990751,276145097,0.0,0.0
258,1521990751,279488683,0.0,0.0
259,1521990751,283837287,0.0,0.0
260,1521990751,286148138,0.0,0.0
261,1521990751,289481877,0.0,0.0
262,1521990751,292815859,0.0,0.0
263,1521990751,296144929,0.0,0.0
264,1521990751,299477453,0.0,0.0
265,1521990751,302813605,0.0,0.0
266,1521990751,306144501,0.0,0.0
267,1521990751,309478276,0.0,0.0
268,1521990751,312811508,0.0,0.0
269,1521990751,316144327,0.0,0.0
270,1521990751,319477982,0.0,0.0
271,1521990751,322810866,0.0,0.0
272,1521990751,326144037,0.0,0.0
273,1521990751,329477371,0.0,0.0
274,1521990751,332810467,0.0,0.0
275,1521990751,336144068,0.0,0.0
276,1521990751,339477463,0.0,0.0
277,1521990751,342811118,0.0,0.0
278,1521990751,346144334,0.0,0.0
279,1521990751,349487639,0.0,0.0
280,1521990751,352814672,0.0,0.0
281,1521990751,356145941,0.0,0.0
282,1521990751,359478417,0.0,0.0
283,1521990751,362812743,0.0,0.0
284,1521990751,366144965,0.0,0.0
285,1521990751,369478453,0.0,0.0
286,1521990751,372811888,0.0,0.0
287,1521990751,376145177,0.0,0.0
288,1521990751,379478639,0.0,0.0
289,1521990751,382812661,0.0,0.0
290,1521990751,386145421,0.0,0.0
291,1521990751,389478724,0.0,0.0
292,1521990751,392812035,0.0,0.0
293,1521990751,396145296,0.0,0.0
294,1521990751,399478332,0.0,0.0
295,1521990751,402812259,0.0,0.0
296,1521990751,406144804,0.0,0.0
297,1521990751,409477415,0.0,0.0
298,1521990751,412811206,0.0,0.0
299,1521990751,416144942,0.0,0.0
300,1521990751,419478955,0.0,0.0
301,1521990751,422812729,0.0,0.0
302,1521990751,426144346,0.0,0.0
303,1521990751,429478419,0.0,0.0
304,1521990751,432811385,0.0,0.0
305,1521990751,436147238,0.0,0.0
306,1521990751,439481724,0.0,0.000350906488424
307,1521990751,442815897,0.0,0.000350956675279
308,1521990751,446146951,0.0,0.000351258098132
309,1521990751,449480110,0.0,0.000351057092067
310,1521990751,452811628,0.0,0.000351207825039
311,1521990751,456146797,0.0,0.000350856315921
312,1521990751,459478746,0.0,0.000351157566335
313,1521990751,462812466,0.0,0.000351006876491
314,1521990751,466145571,0.0,0.000351057092067
315,1521990751,469478607,0.0,0.000351057092067
316,1521990751,472811920,0.0,0.000351031982483
317,1521990751,476144873,0.0,0.000351082205243
318,1521990751,479478687,0.0,0.00035098177409
319,1521990751,482811910,0.0,0.000351031982483
320,1521990751,486144614,0.0,0.0
321,1521990751,489478001,0.0,0.000351006876491
322,1521990751,492811421,0.0,0.0
323,1521990751,496144485,0.0,0.000351057092067
324,1521990751,499478533,0.0,0.000350956675279
325,1521990751,502812108,0.0,0.000351006876491
326,1521990751,506144607,0.0,0.000351132442377
327,1521990751,509477557,0.0,0.000351057092067
328,1521990751,512811539,0.0,0.00035098177409
329,1521990751,516144303,0.0,0.000351082205243
330,1521990751,519478109,0.0,0.00035098177409
331,1521990751,522811246,0.0,0.000351057092067
332,1521990751,526144821,0.0,0.000702013752982
333,1521990751,529478443,0.0,0.00070196354818
334,1521990751,532811295,0.0,0.000702164410487
335,1521990751,536144648,0.0,0.000702063964966
336,1521990751,539478139,0.0,0.000702063964966
337,1521990751,542811834,0.0,0.00035098177409
338,1521990751,546144432,0.0,0.000351107322013
339,1521990751,549477975,0.0,0.000351006876491
340,1521990751,552811699,0.0,0.0
341,1521990751,556144633,0.0,0.0
342,1521990751,559477705,0.0,0.0
343,1521990751,562810738,0.0,0.0
344,1521990751,566144550,0.0,0.0
345,1521990751,569477425,0.0,0.0
346,1521990751,572811232,0.0,0.0
347,1521990751,576144356,0.0,0.0
348,1521990751,579477852,0.0,0.0
349,1521990751,582810718,0.0,0.0
350,1521990751,586144659,0.0,0.0
351,1521990751,589478353,0.0,0.0
352,1521990751,592811239,0.0,0.0
353,1521990751,596144392,0.0,-0.000351057092067
354,1521990751,599481251,0.0,-0.000350655769298
355,1521990751,602812701,0.0,-0.000351232959787
356,1521990751,606145026,0.0,-0.000351132442377
357,1521990751,609478181,0.0,-0.000351057092067
358,1521990751,612811689,0.0,-0.000351006876491
359,1521990751,616144467,0.0,-0.000351107322013
360,1521990751,619477328,0.0,-0.000351082205243
361,1521990751,622811497,0.0,-0.000350931580057
362,1521990751,626144006,0.0,-0.000351132442377
363,1521990751,629478715,0.0,-0.000350881400379
364,1521990751,632811304,0.0,-0.000351107322013
365,1521990751,636144233,0.0,-0.000351082205243
366,1521990751,639487357,0.0,-0.000350005573178
367,1521990751,642811046,0.0,-0.000352039175604
368,1521990751,646144613,0.0,-0.000351006876491
369,1521990751,649477235,0.0,0.0
370,1521990751,652811119,0.0,0.0
371,1521990751,656144307,0.0,0.0
372,1521990751,659476788,0.0,0.0
373,1521990751,662811610,0.0,0.0
374,1521990751,666144087,0.0,0.0
375,1521990751,669478010,0.0,0.0
376,1521990751,672811356,0.0,0.0
377,1521990751,676144614,0.0,0.0
378,1521990751,679478066,0.0,0.0
379,1521990751,682811296,0.0,0.0
380,1521990751,686144621,0.0,0.0
381,1521990751,689478988,0.0,0.0
382,1521990751,692811333,0.0,0.0
383,1521990751,696144417,0.0,0.0
384,1521990751,699487969,0.0,0.0
385,1521990751,702811332,0.0,0.0
386,1521990751,706145256,0.0,0.0
387,1521990751,709478052,0.0,0.0
388,1521990751,712812232,0.0,0.0
389,1521990751,716144575,0.0,0.0
390,1521990751,719477625,0.0,0.0
391,1521990751,722811330,0.0,0.0
392,1521990751,726143888,0.0,0.0
393,1521990751,729478054,0.0,0.0
394,1521990751,732811094,0.0,0.0
395,1521990751,736144877,0.0,0.0
396,1521990751,739478329,0.0,0.0
397,1521990751,742812020,0.0,0.0
398,1521990751,746144608,0.0,0.0
399,1521990751,749477808,0.0,0.0
400,1521990751,752811263,0.0,0.0
401,1521990751,756145674,0.0,0.0
402,1521990751,759477289,0.0,0.0
403,1521990751,762811292,0.0,0.0
404,1521990751,766144406,0.0,0.0
405,1521990751,769479635,0.0,0.0
406,1521990751,772811473,0.0,0.0
407,1521990751,776144437,0.0,0.0
408,1521990751,779477914,0.0,0.0
409,1521990751,782812490,0.0,0.0
410,1521990751,786144332,0.0,0.0
411,1521990751,789487535,0.0,0.0
412,1521990751,792812311,0.0,0.0
413,1521990751,796145438,0.0,0.0
414,1521990751,799478309,0.0,0.0
415,1521990751,802812124,0.0,0.0
416,1521990751,806144686,0.0,0.0
417,1521990751,809478051,0.0,0.0
418,1521990751,812810300,0.0,0.0
419,1521990751,816144542,0.0,0.0
420,1521990751,819477193,0.0,0.0
421,1521990751,822811246,0.0,0.0
422,1521990751,826143679,0.0,0.0
423,1521990751,829477688,0.0,0.0
424,1521990751,832811300,0.0,0.0
425,1521990751,836144913,0.0,0.0
426,1521990751,839477469,0.0,0.0
427,1521990751,842811038,0.0,0.0
428,1521990751,846144290,0.0,0.0
429,1521990751,849477284,0.0,0.0
430,1521990751,852810849,0.0,0.0
431,1521990751,856145944,0.0,0.0
432,1521990751,859477859,0.0,0.0
433,1521990751,862811110,0.0,0.0
434,1521990751,866145064,0.0,0.0
435,1521990751,869480403,0.0,0.0
436,1521990751,872811582,0.0,0.0
437,1521990751,876144427,0.0,0.0
438,1521990751,879478060,0.0,0.0
439,1521990751,882812350,0.0,0.0
440,1521990751,886145870,0.0,0.0
441,1521990751,889478228,0.0,0.0
442,1521990751,892811519,0.0,0.0
443,1521990751,896144846,0.0,0.0
444,1521990751,899492312,0.0,0.0
445,1521990751,902812860,0.0,0.0
446,1521990751,906144214,0.0,0.0
447,1521990751,909487476,0.0,0.0
448,1521990751,912811407,0.0,0.0
449,1521990751,916144746,-0.000352478291709,0.0
450,1521990751,919478193,-0.000352478291709,0.0
451,1521990751,922811082,-0.000352528721395,0.0
452,1521990751,926143952,-0.000352528721395,0.0
453,1521990751,929477961,0.0,0.0
454,1521990751,932811316,0.0,0.0
455,1521990751,936146050,0.0,0.0
456,1521990751,939478186,0.0,0.0
457,1521990751,942811263,0.0,0.0
458,1521990751,946113662,0.0,0.0
459,1521990751,949477845,0.0,0.0
460,1521990751,952812602,0.0,0.0
461,1521990751,956144985,0.0,0.0
462,1521990751,959477732,0.0,0.0
463,1521990751,962812834,0.0,0.0
464,1521990751,966144999,0.0,0.0
465,1521990751,969478413,0.0,0.0
466,1521990751,972811635,0.0,0.0
467,1521990751,976144025,0.0,0.0
468,1521990751,979477774,0.0,0.0
469,1521990751,982812029,0.0,0.0
470,1521990751,986144806,0.0,0.0
471,1521990751,989477983,0.0,0.0
472,1521990751,992811474,0.0,0.0
473,1521990751,996144060,0.0,0.0
474,1521990751,999477075,0.0,0.0
475,1521990752,2811629,0.0,0.0
476,1521990752,6145219,0.0,0.0
477,1521990752,9478480,0.0,0.0
478,1521990752,12811349,0.0,0.0
479,1521990752,16145489,0.0,0.0
480,1521990752,19489367,0.0,0.0
481,1521990752,22812381,0.0,0.0
482,1521990752,26112680,0.0,0.0
483,1521990752,29479219,0.0,0.0
484,1521990752,32811332,0.0,0.0
485,1521990752,36144746,0.0,0.0
486,1521990752,39477323,0.0,0.0
487,1521990752,42812126,0.0,0.0
488,1521990752,46144763,0.0,0.0
489,1521990752,49477249,0.0,0.0
490,1521990752,52812373,0.0,0.0
491,1521990752,56144825,0.0,0.0
492,1521990752,59477697,0.0,0.0
493,1521990752,62812572,0.0,0.0
494,1521990752,66144755,0.0,0.0
495,1521990752,69477654,0.0,0.0
496,1521990752,72811397,0.0,0.0
497,1521990752,76144847,0.0,0.0
498,1521990752,79478225,0.0,0.0
499,1521990752,82812110,0.0,0.0
500,1521990752,86145182,0.0,0.0
501,1521990752,89478452,0.0,0.0
502,1521990752,92811287,0.0,0.0
503,1521990752,96144907,0.0,0.0
504,1521990752,99478097,0.0,0.0
505,1521990752,102811216,0.0,0.0
506,1521990752,106144482,0.0,0.0
507,1521990752,109477933,0.0,0.0
508,1521990752,112812694,0.0,0.0
509,1521990752,116144675,0.0,0.0
510,1521990752,119478890,0.0,0.0
511,1521990752,122810914,0.0,0.0
512,1521990752,126146819,0.0,0.0
513,1521990752,129478589,0.0,0.0
514,1521990752,132811231,0.0,0.0
515,1521990752,136144813,0.0,0.0
516,1521990752,139477934,0.0,0.0
517,1521990752,142811914,0.0,0.0
518,1521990752,146144231,0.0,0.0
519,1521990752,149478266,0.0,0.0
520,1521990752,152811410,0.0,0.0
521,1521990752,156144454,0.0,0.0
522,1521990752,159478014,0.0,0.0
523,1521990752,162812520,0.0,0.0
524,1521990752,166144747,0.0,0.0
525,1521990752,169478028,0.0,0.0
526,1521990752,172810984,0.0,0.0
527,1521990752,176144626,0.0,0.0
528,1521990752,179477742,0.0,0.0
529,1521990752,182811278,0.0,0.0
530,1521990752,186144829,0.0,0.0
531,1521990752,189477751,0.0,0.0
532,1521990752,192811340,0.0,0.0
533,1521990752,196144719,0.0,0.0
534,1521990752,199477242,0.0,0.0
535,1521990752,202810546,0.0,0.0
536,1521990752,206144685,0.0,0.0
537,1521990752,209477064,0.0,0.0
538,1521990752,212811051,0.0,0.0
539,1521990752,216144527,0.0,0.0
540,1521990752,219477101,0.0,0.0
541,1521990752,222811785,0.0,0.0
542,1521990752,226144423,0.0,0.0
543,1521990752,229477826,0.0,0.0
544,1521990752,232811184,0.0,0.0
545,1521990752,236144484,0.0,0.0
546,1521990752,239478151,0.0,0.0
547,1521990752,242811807,0.0,0.0
548,1521990752,246144590,0.0,0.0
549,1521990752,249477833,0.0,0.0
550,1521990752,252811674,0.0,0.0
551,1521990752,256143941,0.0,0.0
552,1521990752,259478279,0.0,0.0
553,1521990752,262811305,0.0,0.0
554,1521990752,266144807,0.0,0.0
555,1521990752,269478207,0.0,0.0
556,1521990752,272811816,0.0,0.0
557,1521990752,276144488,0.0,0.0
558,1521990752,279478737,0.0,0.0
559,1521990752,282812030,0.0,0.0
560,1521990752,286145485,0.0,0.0
561,1521990752,289492400,0.0,0.0
562,1521990752,292811424,0.0,0.0
563,1521990752,296143811,0.0,0.0
564,1521990752,299478960,0.0,0.0
565,1521990752,302812065,0.0,0.0
566,1521990752,306144409,0.0,0.0
567,1521990752,309478172,0.0,0.0
568,1521990752,312811068,0.0,0.0
569,1521990752,316144813,0.0,0.0
570,1521990752,319478611,0.0,0.0
571,1521990752,322810730,0.0,0.0
572,1521990752,326145380,0.0,0.0
573,1521990752,329477541,0.0,0.0
574,1521990752,332811614,0.0,0.0
575,1521990752,336144820,0.0,0.0
576,1521990752,339477243,0.0,0.0
577,1521990752,342812219,0.0,0.0
578,1521990752,346140479,0.0,0.0
579,1521990752,349478152,0.0,0.0
580,1521990752,352810609,0.0,0.0
581,1521990752,356145394,0.0,0.0
582,1521990752,359478058,0.0,0.0
583,1521990752,362811645,0.0,0.0
584,1521990752,366145010,0.0,0.0
585,1521990752,369488450,0.0,0.0
586,1521990752,372811351,0.0,0.0
587,1521990752,376144124,0.0,0.0
588,1521990752,379478474,0.0,0.0
589,1521990752,382811922,0.0,0.0
590,1521990752,386144505,0.0,0.0
591,1521990752,389478105,0.0,0.0
592,1521990752,392811875,0.0,0.0
593,1521990752,396145805,0.0,0.0
594,1521990752,399478024,0.0,0.0
595,1521990752,402811181,0.0,0.0
596,1521990752,406143700,0.0,0.0
597,1521990752,409477483,0.0,0.0
598,1521990752,412810988,0.0,0.0
599,1521990752,416144812,0.0,0.0
600,1521990752,419478178,0.0,0.0
601,1521990752,422810644,0.0,0.0
602,1521990752,426154461,0.0,0.0
603,1521990752,429488745,0.0,0.0
604,1521990752,432810239,0.0,0.0
605,1521990752,436144000,0.0,0.0
606,1521990752,439477249,0.0,0.0
607,1521990752,442811972,0.0,0.0
608,1521990752,446154759,0.0,0.0
609,1521990752,449477683,0.0,0.0
610,1521990752,452811537,0.0,0.0
611,1521990752,456144413,0.0,0.0
612,1521990752,459477768,0.0,0.0
613,1521990752,462811645,0.0,0.0
614,1521990752,466145089,0.0,0.0
615,1521990752,469477821,0.0,0.0
616,1521990752,472811578,0.0,0.0
617,1521990752,476144730,0.0,0.0
618,1521990752,479478034,0.0,0.0
619,1521990752,482812160,0.0,0.0
620,1521990752,486144554,0.0,0.0
621,1521990752,489477477,0.0,0.0
622,1521990752,492811049,0.0,0.0
623,1521990752,496144534,0.0,0.0
624,1521990752,499477594,0.0,0.0
625,1521990752,502812286,0.0,0.0
626,1521990752,506144355,0.0,0.0
627,1521990752,509478248,0.0,0.0
628,1521990752,512810854,0.0,0.0
629,1521990752,516145016,0.0,0.0
630,1521990752,519477162,0.0,0.0
631,1521990752,522810866,0.0,0.0
632,1521990752,526144515,0.0,0.0
633,1521990752,529481126,0.0,0.0
634,1521990752,532814311,0.0,0.0
635,1521990752,536147130,0.0,0.0
636,1521990752,539478198,0.0,0.0
637,1521990752,542811982,0.0,0.0
638,1521990752,546144128,0.0,0.0
639,1521990752,549477771,0.0,0.0
640,1521990752,552811002,0.0,0.0
641,1521990752,556144301,0.0,0.0
642,1521990752,559478059,0.0,0.0
643,1521990752,562810672,0.0,0.0
644,1521990752,566144564,0.0,0.0
645,1521990752,569477004,0.0,0.0
646,1521990752,572811539,0.0,0.0
647,1521990752,576144173,0.0,0.0
648,1521990752,579477775,0.0,0.0
649,1521990752,582811920,0.0,0.0
650,1521990752,586144602,0.0,0.0
651,1521990752,589477574,0.0,0.0
652,1521990752,592811239,0.0,0.0
653,1521990752,596144021,0.0,0.0
654,1521990752,599478053,0.0,0.0
655,1521990752,602812129,0.0,0.0
656,1521990752,606145099,0.0,0.0
657,1521990752,609477068,0.0,0.0
658,1521990752,612811501,0.0,0.0
659,1521990752,616144618,0.0,0.0
660,1521990752,619477180,0.0,0.0
661,1521990752,622810330,0.0,0.0
662,1521990752,626143829,0.0,0.0
663,1521990752,629477629,0.0,0.0
664,1521990752,632810232,0.0,0.0
665,1521990752,636144073,0.0,0.0
666,1521990752,639474752,0.0,0.0
667,1521990752,642814791,0.0,0.0
668,1521990752,646148540,0.0,0.0
669,1521990752,649480431,0.0,0.0
670,1521990752,652813256,0.0,0.0
671,1521990752,656144337,0.0,0.0
672,1521990752,659477326,0.0,0.0
673,1521990752,662812354,0.0,0.0
674,1521990752,666144392,0.0,0.0
675,1521990752,669477248,0.0,0.0
676,1521990752,672811192,0.0,0.0
677,1521990752,676144340,0.0,0.0
678,1521990752,679477952,0.0,0.0
679,1521990752,682811084,0.0,0.0
680,1521990752,686144596,0.0,0.0
681,1521990752,689477754,0.0,0.0
682,1521990752,692810921,0.0,0.0
683,1521990752,696144745,0.0,0.0
684,1521990752,699477813,0.0,0.0
685,1521990752,702811718,0.0,0.0
686,1521990752,706154486,0.0,0.0
687,1521990752,709477455,0.0,0.0
688,1521990752,712811321,0.0,0.0
689,1521990752,716144799,0.0,0.0
690,1521990752,719477634,0.0,0.0
691,1521990752,722811129,0.0,0.0
692,1521990752,726144232,0.0,0.0
693,1521990752,729477332,0.0,0.0
694,1521990752,732813028,0.0,0.0
695,1521990752,736946662,0.0,0.0
696,1521990752,739481039,0.0,0.0
697,1521990752,742813877,0.0,0.0
698,1521990752,746144769,0.0,0.0
699,1521990752,749478055,0.0,0.0
700,1521990752,752811386,0.0,0.0
701,1521990752,756150360,0.0,0.0
702,1521990752,759477997,0.0,0.0
703,1521990752,762811817,0.0,0.0
704,1521990752,766143972,0.0,0.0
705,1521990752,769478008,0.0,0.0
706,1521990752,772840643,0.0,0.0
707,1521990752,776144666,0.0,0.0
708,1521990752,779488333,0.0,0.0
709,1521990752,782812449,0.0,0.0
710,1521990752,786144349,0.0,0.0
711,1521990752,789487865,0.0,0.0
712,1521990752,792811128,0.0,0.000352089687
713,1521990752,796144517,0.0,0.000351031982483
714,1521990752,799477942,0.0,0.000351006876491
715,1521990752,802811847,0.0,0.0
716,1521990752,806145372,0.0,0.000351006876491
717,1521990752,809479233,0.0,0.0
718,1521990752,812811249,0.0,0.0
719,1521990752,816145011,0.0,0.0
720,1521990752,819477317,0.0,0.0
721,1521990752,822811673,0.0,0.0
722,1521990752,826145894,0.0,0.0
723,1521990752,829482166,0.0,0.0
724,1521990752,832811565,0.0,0.0
725,1521990752,836144407,0.0,0.0
726,1521990752,839478858,0.0,0.0
727,1521990752,842809999,0.0,0.0
728,1521990752,846146361,0.0,0.0
729,1521990752,849478290,0.0,0.0
730,1521990752,852811980,0.0,0.0
731,1521990752,856145197,0.0,0.0
732,1521990752,859478374,0.0,0.0
733,1521990752,862811832,0.0,0.0
734,1521990752,866144418,0.0,0.0
735,1521990752,869477751,0.0,0.0
736,1521990752,872811608,0.0,0.0
737,1521990752,876144953,0.0,0.0
738,1521990752,879489150,0.0,0.0
739,1521990752,882823568,0.0,0.0
740,1521990752,886144734,0.0,0.0
741,1521990752,889478078,0.0,0.0
742,1521990752,892811415,0.0,0.0
743,1521990752,896144641,0.0,0.0
744,1521990752,899477792,0.0,0.0
745,1521990752,902811127,0.0,0.0
746,1521990752,906155366,0.0,0.0
747,1521990752,909478657,0.0,0.0
748,1521990752,912811466,0.0,0.0
749,1521990752,916146566,0.0,0.0
750,1521990752,919478003,0.0,0.0
751,1521990752,922811490,0.0,0.0
752,1521990752,926144653,0.0,0.0
753,1521990752,929477579,0.0,0.0
754,1521990752,932811151,0.0,0.0
755,1521990752,936144532,0.0,0.0
756,1521990752,939478325,0.0,0.0
757,1521990752,942810518,0.0,0.0
758,1521990752,946144737,0.0,0.0
759,1521990752,949477892,0.0,0.0
760,1521990752,952811907,0.0,0.0
761,1521990752,956144233,0.0,0.0
762,1521990752,959478045,0.0,0.0
763,1521990752,962812097,0.0,0.0
764,1521990752,966144595,0.0,0.0
765,1521990752,969477380,0.0,0.0
766,1521990752,972811861,0.0,0.0
767,1521990752,976145136,0.0,0.0
768,1521990752,979478078,0.0,0.0
769,1521990752,982811704,0.0,0.0
770,1521990752,986145103,0.0,0.0
771,1521990752,989477918,0.0,0.0
772,1521990752,992811256,0.0,0.0
773,1521990752,996144700,0.0,0.0
774,1521990752,999477931,0.0,0.0
775,1521990753,2811976,0.000352402674226,0.0
776,1521990753,6145309,0.000352478291709,0.000351031982483
777,1521990753,9478710,0.000352453082276,0.000351006876491
778,1521990753,12811614,0.000352528721395,0.000702164410487
779,1521990753,16155920,0.0,0.0010496424354
780,1521990753,19478382,0.0,0.00140876301316
781,1521990753,22811284,0.000352528721395,0.00280865764195
782,1521990753,26144380,0.00105751051424,0.00421268510481
783,1521990753,29477778,0.00176226541138,0.00702013752982
784,1521990753,32811728,0.00281942301159,0.00947650790043
785,1521990753,36144773,0.00387753855223,0.0115848840382
786,1521990753,39479070,0.00599041708534,0.0147391263624
787,1521990753,42811600,0.00916640248289,0.0175553661007
788,1521990753,46144668,0.0123376226662,0.021063425524
789,1521990753,49477521,0.0162163211842,0.0238735899566
790,1521990753,52811599,0.0207917577793,0.0270236639965
791,1521990753,56144495,0.0239719530548,0.0294909052404
792,1521990753,59477802,0.0289032199201,0.0333480383359
793,1521990753,62812452,0.033118746383,0.0364916656394
794,1521990753,66144343,0.0387920344641,0.0403888998795
795,1521990753,69478135,0.0433486288032,0.0442237035353
796,1521990753,72811271,0.0489944825475,0.0466872536703
797,1521990753,76145484,0.054622414505,0.0466772378121
798,1521990753,79477825,0.0567652456476,0.0467006148361
799,1521990753,82810877,0.0567530642644,0.0438821365084
800,1521990753,86144621,0.0567408881082,0.0368530862794
801,1521990753,89477880,0.050408001179,0.0221165968002
802,1521990753,92811358,0.0380649328858,0.0122852406772
803,1521990753,96144400,0.0211502102849,0.00702114184134
804,1521990753,99477548,0.0095175946282,0.00702114184134
805,1521990753,102812070,0.0052852842089,0.00701812976848
806,1521990753,106144980,0.00528793082092,0.0136922060045
807,1521990753,109478857,0.00528604011339,0.0221102705426
808,1521990753,112811621,0.014102157666,0.0294930150491
809,1521990753,116145237,0.0222045441834,0.0361537082786
810,1521990753,119477837,0.0289094232153,0.0361640541673
811,1521990753,122811866,0.0288970192865,0.0361485375537
812,1521990753,126144354,0.0289094232153,0.0340574102353
813,1521990753,129477960,0.0274913404175,0.0294845776252
814,1521990753,132811677,0.0229078119691,0.0252706877345
815,1521990753,136144630,0.0215042520051,0.0238735899566
816,1521990753,139478111,0.0214996380188,0.0238684676014
817,1521990753,142811994,0.0214981004634,0.0238667606381
818,1521990753,146144774,0.025029539219,0.0277354942142
819,1521990753,149488759,0.0288125431517,0.0318436942165
820,1521990753,152811245,0.0332399473062,0.0373295410155
821,1521990753,156144994,0.0359476433977,0.0396609404722
822,1521990753,159478350,0.0377151772128,0.0410707419505
823,1521990753,162811965,0.0377124798035,0.0414188114259
824,1521990753,166144514,0.0377232717565,0.0414306639975
825,1521990753,169477881,0.0359527857543,0.0417728059155
826,1521990753,172811237,0.0359527857543,0.0417728059155
827,1521990753,176144487,0.0359527857543,0.0431769338454
828,1521990753,179477551,0.0366629870251,0.0445874400659
829,1521990753,182811010,0.0394747452149,0.0466839145733
830,1521990753,186144618,0.0429992760376,0.0491409627087
831,1521990753,189477713,0.0451204486078,0.0516053925339
832,1521990753,192811147,0.0472287130249,0.0530020383502
833,1521990753,196144545,0.0475845693807,0.0537078933199
834,1521990753,199478789,0.0482757141583,0.0536925317487
835,1521990753,202810771,0.0490155177457,0.0540821348589
836,1521990753,206144402,0.0496958846009,0.0547570727326
837,1521990753,209477726,0.0511093522977,0.0565161491798
838,1521990753,212811462,0.0542738929731,0.0600178833694
839,1521990753,216143966,0.0578188464305,0.0624971033183
840,1521990753,219477934,0.0616748783785,0.0656335917548
841,1521990753,222811220,0.0655609622578,0.0684512365842
842,1521990753,226144874,0.069080804126,0.0719564096807
843,1521990753,229477640,0.070505744279,0.0737272631011
844,1521990753,232811948,0.0715326275484,0.0747484265522
845,1521990753,236145058,0.0740257359971,0.0751262177024
846,1521990753,239477643,0.0743888816881,0.0751369669108
847,1521990753,242812074,0.0746986834858,0.0750939885227
848,1521990753,246144505,0.0750993622543,0.0751423426686
849,1521990753,249477941,0.0750778761339,0.0751208442514
850,1521990753,252810851,0.0750832465113,0.0775836173468
851,1521990753,256144617,0.0757774126893,0.0789765472105
852,1521990753,259478197,0.0778921311829,0.0842416503579
853,1521990753,262783318,0.0814045855998,0.0899210596092
854,1521990753,266144916,0.0845798409307,0.0932825917321
855,1521990753,269477897,0.0898948239557,0.0976008530577
856,1521990753,272811683,0.0937458151353,0.097572933197
857,1521990753,276144241,0.0941319024204,0.0976078355196
858,1521990753,279478088,0.095860382394,0.0968709696488
859,1521990753,282810751,0.0958946721287,0.0965545135536
860,1521990753,286144547,0.0962128102704,0.0965199878747
861,1521990753,289477871,0.0969315302199,0.0965337951829
862,1521990753,292811287,0.0993917692017,0.097930918541
863,1521990753,296143954,0.105413628553,0.102523338028
864,1521990753,299478735,0.108164416379,0.104913538713
865,1521990753,302812061,0.112793053347,0.109521978535
866,1521990753,306144061,0.112841479702,0.112378462044
867,1521990753,309477865,0.112776920463,0.112314167709
868,1521990753,312811188,0.112793053347,0.113383330342
869,1521990753,316144291,0.112801121519,0.114444612014
870,1521990753,319477396,0.112801121519,0.116902011658
871,1521990753,322811264,0.114883271798,0.121080052971
872,1521990753,326144025,0.118105570453,0.123589777349
873,1521990753,329477327,0.122309967223,0.124967385764
874,1521990753,332812654,0.125058234592,0.124895919677
875,1521990753,336144705,0.126584977082,0.125363251182
876,1521990753,339479165,0.126494468733,0.125273616367
877,1521990753,342811230,0.126937581475,0.125363251182
878,1521990753,346144793,0.13006448964,0.127775641624
879,1521990753,349478196,0.131817452771,0.128117509919
880,1521990753,352811183,0.137486201344,0.129549333735
881,1521990753,356144736,0.142038592157,0.129872544302
882,1521990753,359477836,0.142058912413,0.130242181157
883,1521990753,362811754,0.142018277713,0.131257796554
884,1521990753,366145566,0.142380862085,0.136180928347
885,1521990753,369478309,0.142431792426,0.139389606839
886,1521990753,372811694,0.142391045239,0.143912819361
887,1521990753,376144844,0.143468926432,0.144635521932
888,1521990753,379477089,0.144215196731,0.145379232463
889,1521990753,382811064,0.144132693758,0.145997976916
890,1521990753,386143986,0.1466519481,0.148507772818
891,1521990753,389477529,0.149792559967,0.150230943138
892,1521990753,392810993,0.157898980859,0.150932956891
893,1521990753,396144510,0.161423511682,0.150932956891
894,1521990753,399477859,0.164254883936,0.15129478445
895,1521990753,402811844,0.165288674054,0.151273144633
896,1521990753,406144212,0.168885420281,0.1566050693
897,1521990753,409477568,0.171656928062,0.161825743925
898,1521990753,412811671,0.173369717999,0.168447158427
899,1521990753,416144299,0.175571862941,0.169935943854
900,1521990753,419477790,0.176239145854,0.170250511504
901,1521990753,422811593,0.178328505483,0.170577142208
902,1521990753,426143841,0.184046324398,0.171703764322
903,1521990753,429478104,0.187112439548,0.171605542648
904,1521990753,432811407,0.188223407772,0.171654639434
905,1521990753,436144446,0.18966045211,0.171679198364
906,1521990753,439480181,0.190554460513,0.171531950106
907,1521990753,442812109,0.192874602964,0.173471837769
908,1521990753,446144016,0.196062070983,0.178049625802
909,1521990753,449477610,0.195963913745,0.179715520763
910,1521990753,452810252,0.198487869149,0.181522485481
911,1521990753,456144365,0.204041148377,0.185656081222
912,1521990753,459477701,0.207257235525,0.186749014681
913,1521990753,462811975,0.210016975462,0.18739746375
914,1521990753,466144312,0.210489761811,0.187504724229
915,1521990753,469477120,0.214337462608,0.189233308626
916,1521990753,472811146,0.21848965802,0.190920431352
917,1521990753,476144554,0.218889019151,0.193418622348
918,1521990753,479477960,0.222061323776,0.196226878208
919,1521990753,482811149,0.227348498152,0.197279974156
920,1521990753,486143983,0.232316427399,0.197659281552
921,1521990753,489477922,0.234716965715,0.197602738813
922,1521990753,492811275,0.235807977153,0.197279974156
923,1521990753,496144485,0.237570368612,0.197279974156
924,1521990753,499477833,0.240037716654,0.198684102086
925,1521990753,502811941,0.241395831845,0.198641478208
926,1521990753,506144959,0.245694942809,0.203262056307
927,1521990753,509477845,0.249942863469,0.204680925657
928,1521990753,512811147,0.254136848322,0.208161965613
929,1521990753,516144800,0.254471125403,0.209200098389
930,1521990753,519477921,0.25838506898,0.213442711977
931,1521990753,522812023,0.263578351755,0.215822921735
932,1521990753,526145005,0.264044012325,0.21626663843
933,1521990753,529477472,0.269370482452,0.218755511601
934,1521990753,532811057,0.273484032124,0.223224408321
935,1521990753,536144581,0.277400415575,0.225713564737
936,1521990753,539477711,0.277400415575,0.226064596719
937,1521990753,542810498,0.279575275728,0.226464222698
938,1521990753,546144276,0.280885017529,0.228489134932
939,1521990753,549477514,0.281277676783,0.228872852579
940,1521990753,552810905,0.283745024825,0.229223884562
941,1521990753,556143732,0.286958379215,0.231714255461
942,1521990753,559477927,0.288949529999,0.232316705998
943,1521990753,562811572,0.292536058289,0.232366552237
944,1521990753,566143828,0.29512987693,0.235626727011
945,1521990753,569478076,0.294939947084,0.237931611279
946,1521990753,572811148,0.295045433474,0.24117622225
947,1521990753,576144808,0.290421339795,0.243598772285
948,1521990753,579477988,0.286564851159,0.247828579633
949,1521990753,582811608,0.281962465821,0.253777971703
950,1521990753,586144826,0.27845785045,0.258359539108
951,1521990753,589477883,0.276735046295,0.25909866747
952,1521990753,592811220,0.276695458991,0.259763667038
953,1521990753,596144532,0.276695458991,0.259763667038
954,1521990753,599481428,0.292947639682,0.260186580819
955,1521990753,602812340,0.319926640163,0.260652164136
956,1521990753,606144486,0.327922085477,0.26442164745
957,1521990753,609478218,0.328815208726,0.265342221212
958,1521990753,612811072,0.335959871489,0.270333298037
959,1521990753,616144437,0.33626429029,0.272400818407
960,1521990753,619477564,0.339813378577,0.275579817273
961,1521990753,622811926,0.340372303053,0.278970658297
962,1521990753,626144350,0.344117265541,0.287928602749
963,1521990753,629477875,0.344346661383,0.291335707488
964,1521990753,632810951,0.344748427644,0.294185843152
965,1521990753,636144479,0.346133682458,0.294866865286
966,1521990753,639477823,0.347896073916,0.295568929251
967,1521990753,642811756,0.348173842135,0.296558390611
968,1521990753,646144125,0.352226586348,0.296706913808
969,1521990753,649478050,0.352075448572,0.297281562654
970,1521990753,652810838,0.35393883628,0.298770956662
971,1521990753,656144815,0.35522189562,0.299366044013
972,1521990753,659477982,0.356733546805,0.299802756625
973,1521990753,662811971,0.359803130385,0.300067957363
974,1521990753,666144362,0.363509119644,0.306889754637
975,1521990753,669478190,0.365115280001,0.309214942973
976,1521990753,672811165,0.366603644938,0.309281298111
977,1521990753,676144701,0.371159641169,0.309259176568
978,1521990753,679477287,0.371239300557,0.309325550693
979,1521990753,682809830,0.371239300557,0.308974443371
980,1521990753,686144467,0.371026951465,0.308095896836
981,1521990753,689477613,0.371512119461,0.30820608062
982,1521990753,692810953,0.372922032628,0.308908144585
983,1521990753,696144629,0.37324781413,0.312045113201
984,1521990753,699477410,0.373327915957,0.312814244872
985,1521990753,702811972,0.37419812199,0.318272185001
986,1521990753,706144106,0.374465865352,0.325874221559
987,1521990753,709477678,0.374305173377,0.328542436396
988,1521990753,712811110,0.370454684586,0.332076255429
989,1521990753,716144461,0.367256111731,0.334509553296
990,1521990753,719477819,0.358117944376,0.335235543271
991,1521990753,722810282,0.349758532189,0.33533148247
992,1521990753,726144470,0.349558455803,0.335139658954
993,1521990753,729477490,0.349708491624,0.335985670418
994,1521990753,732811039,0.365141393238,0.336264587678
995,1521990753,736143823,0.387781593534,0.341954067907
996,1521990753,739477737,0.389080375599,0.346419011027
997,1521990753,742811944,0.394310395205,0.352335306377
998,1521990753,746144232,0.395593823706,0.355346031685
999,1521990753,749477806,0.39650971756,0.355218959009
1000,1521990753,752810220,0.399119615361,0.356399429012
1001,1521990753,756144198,0.399272229898,0.356922938758
1002,1521990753,759477551,0.399357904506,0.356999526185
1003,1521990753,762811766,0.39856742455,0.356922938758
1004,1521990753,766144243,0.399443615889,0.358831683097
1005,1521990753,769477637,0.398652947922,0.361562941958
1006,1521990753,772811063,0.397919529889,0.370663261575
1007,1521990753,776144509,0.398300469631,0.37314699738
1008,1521990753,779477949,0.398300469631,0.378412477117
1009,1521990753,782811876,0.398215021876,0.378682252626
1010,1521990753,786144738,0.399767570062,0.381275274894
1011,1521990753,789477895,0.400091477889,0.381950116169
1012,1521990753,792811008,0.400443981394,0.381950116169
1013,1521990753,796144721,0.400005639769,0.38186817021
1014,1521990753,799481170,0.40004336572,0.382269414059
1015,1521990753,802811238,0.400816700787,0.383359773644
1016,1521990753,806144331,0.39938647088,0.382652230353
1017,1521990753,809477661,0.399357904506,0.386135180732
1018,1521990753,812811114,0.400034248383,0.38610756414
1019,1521990753,816144319,0.400091477889,0.384758572906
1020,1521990753,819477848,0.400386701465,0.384703536634
1021,1521990753,822810151,0.400529932023,0.386245686614
1022,1521990753,826143972,0.400005639769,0.387132896821
1023,1521990753,829477261,0.396890556464,0.387539308661
1024,1521990753,832811524,0.390434242974,0.389884985443
1025,1521990753,836144409,0.384961363763,0.392860987667
1026,1521990753,839477542,0.372948708023,0.395290285668
1027,1521990753,842810097,0.363835667782,0.396751273875
1028,1521990753,846143948,0.363705568495,0.399417258914
1029,1521990753,849477347,0.363757597043,0.400878523996
1030,1521990753,852811215,0.380622106564,0.403629040203
1031,1521990753,856144463,0.391603382088,0.404739875803
1032,1521990753,859477536,0.391631393775,0.406524112614
1033,1521990753,862812258,0.39143539608,0.413338289646
1034,1521990753,866144827,0.391334875231,0.413955532653
1035,1521990753,869478433,0.389108202832,0.416294155518
1036,1521990753,872810833,0.38818966123,0.416443076659
1037,1521990753,876143891,0.387048848213,0.416704768284
1038,1521990753,879477707,0.38696580834,0.416615365845
1039,1521990753,882811023,0.388078599171,0.41843012312
1040,1521990753,886144471,0.390193468921,0.42123837898
1041,1521990753,889477400,0.390221379756,0.424428024309
1042,1521990753,892811222,0.390137659228,0.428899727938
1043,1521990753,896144115,0.389544237141,0.429022454807
1044,1521990753,899478031,0.389432803475,0.429250709712
1045,1521990753,902811214,0.389488512338,0.429312114577
1046,1521990753,906155186,0.388266587593,0.428315183747
1047,1521990753,909477255,0.390448607148,0.431112419409
1048,1521990753,912811186,0.387642941649,0.431676710593
1049,1521990753,916144452,0.38528633069,0.433204451611
1050,1521990753,919477277,0.383551248878,0.437799509939
1051,1521990753,922813510,0.382110977708,0.437361491419
1052,1521990753,926144244,0.382712684208,0.439104050095
1053,1521990753,929477426,0.383876316671,0.440576650544
1054,1521990753,932810448,0.383876316671,0.438821365084
1055,1521990753,936145261,0.386502816832,0.440356157475
1056,1521990753,939478051,0.392011938191,0.441310331991
1057,1521990753,942812228,0.391871773739,0.441854454176
1058,1521990753,946144462,0.387484502899,0.441373480067
1059,1521990753,949477982,0.387373642588,0.441949265946
1060,1521990753,952809844,0.379429475499,0.442139011606
1061,1521990753,956144596,0.371705079086,0.439654394675
1062,1521990753,959477868,0.367987336544,0.439843074051
1063,1521990753,962811935,0.367908391892,0.442556367527
1064,1521990753,966144920,0.368013658957,0.443385107281
1065,1521990753,969478273,0.377856728712,0.447916809649
1066,1521990753,972811354,0.397976456861,0.453214705859
1067,1521990753,976144557,0.399033967375,0.454618934227
1068,1521990753,979477687,0.400443981394,0.456374219687
1069,1521990753,982810937,0.399005426214,0.458096737141
1070,1521990753,986144593,0.398976889136,0.458765987574
1071,1521990753,989477657,0.39938647088,0.464799589897
1072,1521990753,992811293,0.399329342218,0.464733104474
1073,1521990753,996144340,0.39938647088,0.464799589897
1074,1521990753,999478959,0.399891246221,0.464566974102
1075,1521990754,2810684,0.400263264698,0.464647952527
1076,1521990754,6144374,0.400034248383,0.464031090721
1077,1521990754,9477236,0.400472627504,0.463077428716
1078,1521990754,12811168,0.400329437921,0.462911854693
1079,1521990754,16144617,0.40217773084,0.463011184895
1080,1521990754,19477292,0.402587799833,0.463077428716
1081,1521990754,22812040,0.402005208756,0.4635143299
1082,1521990754,26144214,0.402321612397,0.46563493296
1083,1521990754,29477595,0.402530209131,0.469680792563
1084,1521990754,32810984,0.401120295964,0.471084920492
1085,1521990754,36144000,0.39868146387,0.471118617554
1086,1521990754,39477125,0.396566442842,0.474278131383
1087,1521990754,42811959,0.39601564824,0.474040771912
1088,1521990754,46154474,0.395083514403,0.472924984075
1089,1521990754,49477974,0.397350851645,0.475639044242
1090,1521990754,52811694,0.39333763982,0.472806262633
1091,1521990754,56144171,0.390982321289,0.470132704175
1092,1521990754,59477646,0.389136034046,0.468627696615
1093,1521990754,62811368,0.38802309197,0.46856066841
1094,1521990754,66145331,0.382004498861,0.469930988198
1095,1521990754,69477834,0.38113807792,0.472975399881
1096,1521990754,72810877,0.37788375709,0.476033416843
1097,1521990754,76144216,0.377856728712,0.476701432212
1098,1521990754,79477188,0.377910789335,0.479227210157
1099,1521990754,82812045,0.379429147777,0.479971440179
1100,1521990754,86144043,0.399881993695,0.487090396424
1101,1521990754,89477931,0.400681840595,0.488180735313
1102,1521990754,92811258,0.402882687423,0.493901999354
1103,1521990754,96144330,0.406436540975,0.493937328538
1104,1521990754,99477521,0.406789044479,0.493937328538
1105,1521990754,102811960,0.407671588646,0.493725429213
1106,1521990754,106144372,0.412165044485,0.492638816654
1107,1521990754,109477712,0.412047123007,0.490742711512
1108,1521990754,112809982,0.412194535401,0.488109017206
1109,1521990754,116144190,0.417919686071,0.484987443639
1110,1521990754,119477896,0.418684317221,0.485056811792
1111,1521990754,122811543,0.420476527155,0.485091503311
1112,1521990754,126144215,0.425532607571,0.485932533666
1113,1521990754,129477049,0.426912281609,0.486248854262
1114,1521990754,132811034,0.426759638488,0.486074995261
1115,1521990754,136144113,0.42688174425,0.491479928894
1116,1521990754,139478081,0.425028018997,0.492778410822
1117,1521990754,142811883,0.425028018997,0.492778410822
1118,1521990754,146144313,0.424122391804,0.492603572784
1119,1521990754,149477645,0.421211558592,0.491444775477
1120,1521990754,152810009,0.41569083614,0.491234286885
1121,1521990754,156145239,0.413572865948,0.490812897833
1122,1521990754,159477588,0.403732029969,0.491269435303
1123,1521990754,162811492,0.400681840595,0.490988388715
1124,1521990754,166144080,0.395565522531,0.492603572784
1125,1521990754,169478148,0.392576579088,0.493094128767
1126,1521990754,172811257,0.392688904289,0.495341556907
1127,1521990754,176143752,0.390657715389,0.496150141078
1128,1521990754,179477723,0.385528525603,0.498358478896
1129,1521990754,182810982,0.381381511629,0.507241214688
1130,1521990754,186144673,0.376772344953,0.510715005294
1131,1521990754,189477389,0.365219755365,0.515037595092
1132,1521990754,192811477,0.365089170498,0.516257269335
1133,1521990754,196144232,0.365219755365,0.516441923913
1134,1521990754,199502648,0.368742790159,0.512518930454
1135,1521990754,202810388,0.403887757434,0.519326628699
1136,1521990754,206144025,0.410930903939,0.513837317268
1137,1521990754,209477547,0.416247090168,0.513874067183
1138,1521990754,212811225,0.417304449414,0.508959970912
1139,1521990754,216143954,0.417776420855,0.509105616919
1140,1521990754,219477766,0.421503740232,0.509274554204
1141,1521990754,222810216,0.422007068155,0.510861153529
1142,1521990754,226144342,0.421826001049,0.510641962531
1143,1521990754,229476622,0.426620790271,0.516515822736
1144,1521990754,232811422,0.426315777909,0.516146539957
1145,1521990754,236144829,0.426498732967,0.516368046233
1146,1521990754,239477857,0.42688174425,0.520617667536
1147,1521990754,242811965,0.427464443836,0.520468749438
1148,1521990754,246143637,0.427770343682,0.520841204533
1149,1521990754,249477919,0.428491010339,0.521835259545
1150,1521990754,252809967,0.428766941871,0.520766670875
1151,1521990754,256144728,0.428429740444,0.520357116762
1152,1521990754,259477609,0.430437568823,0.522059239197
1153,1521990754,262810956,0.431785907343,0.52163352597
1154,1521990754,266144376,0.432138385635,0.52163352597
1155,1521990754,269477509,0.43319582051,0.523388685882
1156,1521990754,272811362,0.433133860155,0.527525606457
1157,1521990754,276144263,0.433257798594,0.534347116381
1158,1521990754,279478126,0.433133860155,0.535247205487
1159,1521990754,282811700,0.433164838117,0.537742534784
1160,1521990754,286144616,0.433226807335,0.540978978875
1161,1521990754,289477551,0.427969867773,0.541368760485
1162,1521990754,292812020,0.424936850396,0.54109780515
1163,1521990754,296145506,0.4208590803,0.540940285007
1164,1521990754,299477983,0.42094940633,0.53894973929
1165,1521990754,302811985,0.420768793026,0.538367539878
1166,1521990754,306144179,0.422772667191,0.538675706758
1167,1521990754,309477454,0.434253255385,0.538834093112
1168,1521990754,312811042,0.446558055243,0.538795555414
1169,1521990754,316143977,0.448769062336,0.538560102843
1170,1521990754,319477871,0.45146010973,0.539108005002
1171,1521990754,322812073,0.455271698486,0.541487428028
1172,1521990754,326143708,0.457040696959,0.546128167936
1173,1521990754,329476972,0.457869300929,0.546205764744
1174,1521990754,332810975,0.457803811506,0.547180585806
1175,1521990754,336144190,0.456811866054,0.550067116551
1176,1521990754,339477131,0.456877222928,0.550145815616
1177,1521990754,342812080,0.455526358473,0.549791847048
1178,1521990754,346143790,0.455277422665,0.550342661836
1179,1521990754,349477315,0.455016929218,0.550027775461
1180,1521990754,352811132,0.454984388495,0.549286476451
1181,1521990754,356144591,0.455016929218,0.549325761709
1182,1521990754,359477576,0.458287337813,0.551199062232
1183,1521990754,362812007,0.461581487577,0.550923186826
1184,1521990754,366143954,0.464765844524,0.551356829406
1185,1521990754,369476776,0.46498538352,0.552603391053
1186,1521990754,372811410,0.464752658103,0.552326812779
1187,1521990754,376144451,0.46847715781,0.549404349085
1188,1521990754,379477699,0.468443649681,0.549014020604
1189,1521990754,382811791,0.464114321956,0.546439543409
1190,1521990754,386144603,0.463222739913,0.544879582538
1191,1521990754,389477958,0.463156475305,0.544801636814
1192,1521990754,392811203,0.458574257513,0.544801636814
1193,1521990754,396144427,0.45437701762,0.544840606888
1194,1521990754,399478223,0.446878547337,0.545074695162
1195,1521990754,402811463,0.446942473887,0.545503700779
1196,1521990754,406144466,0.447006418729,0.546634993564
1197,1521990754,409477858,0.452549757642,0.549676768585
1198,1521990754,412821129,0.471642750901,0.549508749889
1199,1521990754,416144448,0.477279478091,0.554893346713
1200,1521990754,419476772,0.481270560926,0.553735861628
1201,1521990754,422811669,0.481949001076,0.553651266523
1202,1521990754,426143610,0.482397325728,0.554517473651
1203,1521990754,429477053,0.484657651099,0.559544980078
1204,1521990754,432810115,0.484692319029,0.56379768986
1205,1521990754,436147575,0.484034475321,0.563032481194
1206,1521990754,439480532,0.486489635525,0.564189103826
1207,1521990754,442815551,0.486528925793,0.56768551916
1208,1521990754,446146625,0.488144189163,0.568686860875
1209,1521990754,449480345,0.489909784363,0.569333153669
1210,1521990754,452814843,0.490474374586,0.569872137201
1211,1521990754,456147318,0.494633180134,0.572656042203
1212,1521990754,459480979,0.495901486762,0.570035167421
1213,1521990754,462814456,0.498368658338,0.572843222433
1214,1521990754,466147258,0.499568935317,0.570198290949
1215,1521990754,469480790,0.501188282996,0.571790201804
1216,1521990754,472814573,0.50115244031,0.569643419348
1217,1521990754,476145270,0.50161879548,0.57017350986
1218,1521990754,479477804,0.501331705026,0.569847183627
1219,1521990754,482810745,0.500943313102,0.567699925879
1220,1521990754,486143926,0.4973824452,0.567659317873
1221,1521990754,489477744,0.49516116641,0.569994401122
1222,1521990754,492811056,0.493469608392,0.570075939553
1223,1521990754,496144020,0.487864850571,0.568712489149
1224,1521990754,499477452,0.487829955725,0.570075939553
1225,1521990754,502811095,0.487760181005,0.571398328218
1226,1521990754,506144178,0.498792459219,0.574680459714
1227,1521990754,509477596,0.513208392728,0.577096579202
1228,1521990754,512810323,0.515786416633,0.577220437389
1229,1521990754,516144231,0.522260763203,0.584342864339
1230,1521990754,519477543,0.522725306604,0.585521346782
1231,1521990754,522812155,0.52253843212,0.588821087575
1232,1521990754,526144443,0.523227481622,0.58955137075
1233,1521990754,529477583,0.52487771857,0.590478028857
1234,1521990754,532810989,0.523077784896,0.590435794537
1235,1521990754,536144055,0.523115201046,0.589424857581
1236,1521990754,539478018,0.523317971226,0.587150517741
1237,1521990754,542812133,0.525784789945,0.586448604391
1238,1521990754,546144006,0.526123399112,0.586826281488
1239,1521990754,549477856,0.527232103167,0.586841526278
1240,1521990754,552810270,0.528163589939,0.587444576096
1241,1521990754,556144538,0.532089988168,0.587459465016
1242,1521990754,559477544,0.532632795674,0.589073800489
1243,1521990754,562811786,0.532442365644,0.588863191336
1244,1521990754,566144507,0.532709005833,0.589158086338
1245,1521990754,569477627,0.532632795674,0.590126971765
1246,1521990754,572810566,0.53228029217,0.589073800489
1247,1521990754,576144267,0.531851701154,0.588638531876
1248,1521990754,579478071,0.525469963785,0.588596435149
1249,1521990754,582811946,0.521240829267,0.590702325793
1250,1521990754,586145289,0.517048671698,0.590744573134
1251,1521990754,589478066,0.5171966324,0.59126473027
1252,1521990754,592811094,0.517122641465,0.595392828146
1253,1521990754,596144331,0.53435709023,0.595701274274
1254,1521990754,599478003,0.54207284054,0.601976793182
1255,1521990754,602811023,0.543560404322,0.604169255447
1256,1521990754,606144540,0.54669383044,0.607636361678
1257,1521990754,609477836,0.548456221899,0.609742553573
1258,1521990754,612811126,0.548456221899,0.609742553573
1259,1521990754,616144375,0.54669383044,0.607636361678
1260,1521990754,619477387,0.545009403276,0.598946242145
1261,1521990754,622810870,0.54207284054,0.598466724417
1262,1521990754,626143543,0.539760084666,0.59828687671
1263,1521990754,629477100,0.54207284054,0.593903635023
1264,1521990754,632811037,0.53952849424,0.593116781221
1265,1521990754,636144546,0.539605668964,0.59320162127
1266,1521990754,639477834,0.541092879788,0.593988599778
1267,1521990754,642811664,0.542700118308,0.594520607922
1268,1521990754,646144424,0.54293307014,0.595478018134
1269,1521990754,649477116,0.54293307014,0.595478018134
1270,1521990754,652810919,0.543443785483,0.594563125308
1271,1521990754,656144550,0.542738929731,0.591053307567
1272,1521990754,659477433,0.54077905862,0.59122243363
1273,1521990754,662811589,0.538823688892,0.591011041169
1274,1521990754,666144332,0.539016415013,0.59122243363
1275,1521990754,669477357,0.535100320208,0.591180143041
1276,1521990754,672810982,0.535023778894,0.59320162127
1277,1521990754,676144575,0.535023778894,0.596009676282
1278,1521990754,679477796,0.537920348246,0.598903399066
1279,1521990754,682810725,0.540387872779,0.599254456159
1280,1521990754,686144394,0.541720387458,0.603731827565
1281,1521990754,689478011,0.54207284054,0.604433841318
1282,1521990754,692811266,0.54246409094,0.604477073836
1283,1521990754,696144222,0.545361931998,0.603861393019
1284,1521990754,699479900,0.546655310012,0.601940340249
1285,1521990754,702810871,0.54743786718,0.60209947349
1286,1521990754,706144336,0.550884167597,0.597764710664
1287,1521990754,709476964,0.551746918682,0.597935769388
1288,1521990754,712810975,0.551510185164,0.594871564597
1289,1521990754,716144831,0.551902054518,0.594914107082
1290,1521990754,719477630,0.552412506426,0.596488666709
1291,1521990754,722811927,0.552175504278,0.596232754517
1292,1521990754,726143524,0.551199544249,0.596702094742
1293,1521990754,729476512,0.552412506426,0.597541913324
1294,1521990754,732811816,0.550569151633,0.597072080512
1295,1521990754,736144571,0.551041810798,0.597584662066
1296,1521990754,739477550,0.550962977921,0.597499170698
1297,1521990754,742810392,0.545009403276,0.594382173477
1298,1521990754,746144412,0.544853496989,0.594212143534
1299,1521990754,749477060,0.545009403276,0.594382173477
1300,1521990754,752811023,0.543443785483,0.594212143534
1301,1521990754,756144819,0.543443785483,0.600178833694
1302,1521990754,759477287,0.546458609557,0.602149057252
1303,1521990754,762811785,0.54614603492,0.601804627647
1304,1521990754,766144943,0.551315481426,0.603818198355
1305,1521990754,769477371,0.551433814863,0.60429893333
1306,1521990754,772811458,0.554329406558,0.60434739483
1307,1521990754,776143927,0.55139436474,0.604255701184
1308,1521990754,779478005,0.555034211906,0.603645481479
1309,1521990754,782811494,0.555153309441,0.601668817976
1310,1521990754,786143888,0.553901869021,0.597978549367
1311,1521990754,789477467,0.553703792255,0.597764710664
1312,1521990754,792810963,0.555466057666,0.599519745047
1313,1521990754,796144101,0.558013048016,0.599605513251
1314,1521990754,799478304,0.557813543887,0.599391138737
1315,1521990754,802811882,0.558990588489,0.600923772553
1316,1521990754,806144748,0.558052965968,0.600701653172
1317,1521990754,809477472,0.559110552132,0.601052735377
1318,1521990754,812810377,0.558052965968,0.600701653172
1319,1521990754,816144504,0.5578534333,0.600837828077
1320,1521990754,819477995,0.557933229242,0.602327800059
1321,1521990754,822822034,0.556182975279,0.603237524996
1322,1521990754,826144596,0.558360391452,0.607133289724
1323,1521990754,829477148,0.556722502345,0.608161390196
1324,1521990754,832811445,0.554994524083,0.607813496659
1325,1521990754,836144034,0.554567350215,0.608820096371
1326,1521990754,839477755,0.546263208495,0.611410250464
1327,1521990754,842812124,0.546185087192,0.61202467562
1328,1521990754,846145676,0.546302277527,0.614613040736
1329,1521990754,849477521,0.558565324527,0.614920897
1330,1521990754,852811065,0.562867572394,0.6121559926
1331,1521990754,856144189,0.566825635635,0.610488283105
1332,1521990754,859477831,0.566744556299,0.608645923836
1333,1521990754,862811904,0.566663500156,0.607506004908
1334,1521990754,866145277,0.566744556299,0.605837868824
1335,1521990754,869477016,0.567069012894,0.607940745143
1336,1521990754,872811542,0.568696580878,0.60566459902
1337,1521990754,876144318,0.568981356331,0.60596788625
1338,1521990754,879477428,0.569293160168,0.605924540908
1339,1521990754,882811185,0.570269087122,0.607592903206
1340,1521990754,886144138,0.572818195216,0.607679826368
1341,1521990754,889477112,0.573916758431,0.608074379482
1342,1521990754,892811164,0.57371155364,0.609611744959
1343,1521990754,896143929,0.572859172267,0.608776543892
1344,1521990754,899477444,0.57308871178,0.610751965094
1345,1521990754,902811847,0.572613397863,0.6123756072
1346,1521990754,906144737,0.571449057381,0.611585201534
1347,1521990754,909477271,0.569374615764,0.613033384235
1348,1521990754,912810892,0.568154368628,0.614262033859
1349,1521990754,916144557,0.567056453205,0.613516141109
1350,1521990754,919478032,0.55903057065,0.614305969346
1351,1521990754,922812440,0.558830717021,0.615840887184
1352,1521990754,926144707,0.559230567276,0.618388474316
1353,1521990754,929476601,0.563502139264,0.618432723938
1354,1521990754,932811408,0.577775118248,0.617857972336
1355,1521990754,936144964,0.580137773426,0.617772102624
1356,1521990754,939477926,0.580967332859,0.617904681228
1357,1521990754,942812694,0.579930388792,0.617551264667
1358,1521990754,946144430,0.580469897527,0.614964901644
1359,1521990754,949477604,0.579121833277,0.614305969346
1360,1521990754,952810217,0.578541018247,0.611628954947
1361,1521990754,956144939,0.576054790811,0.610533636659
1362,1521990754,959476783,0.57659069408,0.611101615568
1363,1521990754,962810920,0.576137172619,0.609568154559
1364,1521990754,966153554,0.574698884385,0.608046408096
1365,1521990754,969478026,0.577477794039,0.609600670595
1366,1521990754,972811240,0.580925775825,0.615754139486
1367,1521990754,976116844,0.585744128816,0.620861368194
1368,1521990754,979477868,0.576104302052,0.614473180792
1369,1521990754,982812056,0.580718079802,0.61553399142
1370,1521990754,986144302,0.581092039642,0.619090789449
1371,1521990754,989477584,0.574892093777,0.619571449083
1372,1521990754,992811059,0.573834658902,0.618869385118
1373,1521990754,996144146,0.572818195216,0.615403082394
1374,1521990754,999477551,0.564277384723,0.614964047612
1375,1521990755,2812070,0.56411600123,0.614086354742
1376,1521990755,6144245,0.564519633171,0.613823425954
1377,1521990755,9477406,0.565768125121,0.613647796933
1378,1521990755,12830780,0.570407562467,0.610637167254
1379,1521990755,16145931,0.576971043948,0.616957655601
1380,1521990755,19478019,0.579329017677,0.617686159183
1381,1521990755,22811241,0.581983286339,0.617509424946
1382,1521990755,26143616,0.582108202262,0.616939701256
1383,1521990755,29476838,0.581941659611,0.616763193223
1384,1521990755,32810972,0.581816815147,0.616630878465
1385,1521990755,36144052,0.58127827933,0.614349911117
1386,1521990755,39477714,0.579743856758,0.611761232239
1387,1521990755,42811744,0.580448712511,0.611761232239
1388,1521990755,46144551,0.580614804137,0.611936283739
1389,1521990755,49478906,0.580324206137,0.611630009323
1390,1521990755,52811101,0.582149852821,0.61417458352
1391,1521990755,56144303,0.584450810872,0.619264710406
1392,1521990755,59477926,0.584325419151,0.622290685461
1393,1521990755,62812295,0.584241854558,0.625009144082
1394,1521990755,66144256,0.582544138964,0.625456377816
1395,1521990755,69478014,0.582210851893,0.626151484976
1396,1521990755,72810364,0.582108202262,0.625366879873
1397,1521990755,76144412,0.580054801776,0.624351925321
1398,1521990755,79477852,0.578769354986,0.622379704943
1399,1521990755,82812088,0.576137172619,0.621499828281
1400,1521990755,86144542,0.576466935614,0.618344231025
1401,1521990755,89477435,0.578810754796,0.61821153913
1402,1521990755,92810365,0.58131986158,0.622468749897
1403,1521990755,96144120,0.589259409422,0.622641667235
1404,1521990755,99477323,0.589738363444,0.623828452603
1405,1521990755,102811970,0.591557182735,0.623867129873
1406,1521990755,106144531,0.594801052221,0.625366879873
1407,1521990755,109478264,0.594545827568,0.625098539654
1408,1521990755,112810884,0.594758499563,0.625322140505
1409,1521990755,116145167,0.594108423875,0.624658212502
1410,1521990755,119478517,0.594278399821,0.62483692882
1411,1521990755,122812300,0.593488543939,0.62474755788
1412,1521990755,126143905,0.59387078216,0.62795959117
1413,1521990755,129476975,0.593615901996,0.629445366076
1414,1521990755,132810451,0.593573443237,0.631155504505
1415,1521990755,136144317,0.593446103397,0.632423928852
1416,1521990755,139477423,0.599960965081,0.644891878127
1417,1521990755,142816330,0.601044150658,0.644838031324
1418,1521990755,146144160,0.603024952415,0.645908329003
1419,1521990755,149478775,0.602522399815,0.644615219235
1420,1521990755,152811108,0.602910373028,0.644328031761
1421,1521990755,156144629,0.601989864527,0.640938556473
1422,1521990755,159477670,0.597140937043,0.639626021746
1423,1521990755,162810580,0.595068481714,0.639671777954
1424,1521990755,166145142,0.594770649641,0.639351621909
1425,1521990755,169477756,0.59405339168,0.637259789454
1426,1521990755,172811378,0.592473631305,0.636375467078
1427,1521990755,176144099,0.592600780665,0.636512038106
1428,1521990755,179477130,0.592558391481,0.636466507918
1429,1521990755,182810793,0.591768725141,0.634620432696
1430,1521990755,186144964,0.591641781546,0.631676844103
1431,1521990755,189478254,0.589033356434,0.630498537353
1432,1521990755,192811597,0.588991225445,0.629400344592
1433,1521990755,196144509,0.589033356434,0.617860482038
1434,1521990755,199479070,0.590190069994,0.617595419626
1435,1521990755,202810225,0.588665210775,0.616106704123
1436,1521990755,206143752,0.588244194318,0.615666061365
1437,1521990755,209477697,0.588202125792,0.615622031754
1438,1521990755,212810650,0.58727083891,0.615754139486
1439,1521990755,216144514,0.58643998641,0.615622031754
1440,1521990755,219477630,0.586565831901,0.615754139486
1441,1521990755,222810759,0.586918335406,0.615754139486
1442,1521990755,226144562,0.586792414287,0.614569086431
1443,1521990755,229477009,0.588102048076,0.614832906601
1444,1521990755,232812563,0.587513567719,0.613165334939
1445,1521990755,236144158,0.588270401915,0.60974041819
1446,1521990755,239477890,0.588202125792,0.607549450949
1447,1521990755,242811427,0.588244194318,0.607592903206
1448,1521990755,246143881,0.58774946891,0.607810257754
1449,1521990755,249477976,0.588864868632,0.607856961583
1450,1521990755,252811008,0.587623342415,0.609435111828
1451,1521990755,256144382,0.587581312278,0.611146681503
1452,1521990755,259477497,0.588286268862,0.616061129258
1453,1521990755,262811349,0.59243126031,0.617727922398
1454,1521990755,266144613,0.592205887977,0.617158367854
1455,1521990755,269477903,0.592516008362,0.61781628917
1456,1521990755,272811091,0.594278399821,0.619922481065
1457,1521990755,276144331,0.599255958072,0.61996682459
1458,1521990755,279477867,0.599522692951,0.623037205772
1459,1521990755,282811592,0.599479817839,0.623343630784
1460,1521990755,286144267,0.602162132337,0.623917711217
1461,1521990755,289477198,0.602119056142,0.623873078718
1462,1521990755,292810903,0.601946812974,0.624045594332
1463,1521990755,296144295,0.600975487363,0.623783832873
1464,1521990755,299477787,0.60093250528,0.624090226401
1465,1521990755,302811824,0.600494156881,0.623299055295
1466,1521990755,306143963,0.601190490042,0.624358152944
1467,1521990755,309477172,0.599608461576,0.623477395511
1468,1521990755,312810781,0.600184673592,0.623343630784
1469,1521990755,316144402,0.600227599115,0.623388212648
1470,1521990755,319433012,0.608452279477,0.62801627127
1471,1521990755,322811786,0.592180517276,0.611221311715
1472,1521990755,326144086,0.607184764723,0.621548892413
1473,1521990755,329479443,0.606577145944,0.62092689924
1474,1521990755,332811270,0.603701916408,0.621593368183
1475,1521990755,336143767,0.606083585517,0.621855555449
1476,1521990755,339477103,0.603442835405,0.621677640978
1477,1521990755,342811961,0.602788553246,0.621717391811
1478,1521990755,346143532,0.603788326186,0.62519466842
1479,1521990755,349476770,0.603090357113,0.625187960803
1480,1521990755,352814516,0.602314899836,0.627889896525
1481,1521990755,356144915,0.603608438886,0.62923836076
1482,1521990755,359478090,0.605953524662,0.629445366076
1483,1521990755,362811712,0.608642942626,0.630363266265
1484,1521990755,366145545,0.608642942626,0.630363266265
1485,1521990755,369478167,0.608860657229,0.630588750335
1486,1521990755,372810841,0.608860657229,0.630588750335
1487,1521990755,376144252,0.606967618322,0.62904931261
1488,1521990755,379477398,0.603442835405,0.623783832873
1489,1521990755,382811994,0.596884763325,0.619349952068
1490,1521990755,386144578,0.597226377154,0.619353316031
1491,1521990755,389478396,0.597012822704,0.619131849494
1492,1521990755,392811470,0.597140937043,0.617509424946
1493,1521990755,396143959,0.597269106379,0.615184039044
1494,1521990755,399477201,0.597803182738,0.615008033311
1495,1521990755,402812057,0.597546743251,0.608077466856
1496,1521990755,406144898,0.596831125321,0.608074379482
1497,1521990755,409478556,0.596660394827,0.606496505627
1498,1521990755,412811091,0.592332998062,0.602192138676
1499,1521990755,416144307,0.59004866032,0.597807466169
1500,1521990755,419477074,0.588765082555,0.593371374202
1501,1521990755,422811546,0.58807595631,0.59233015246
1502,1521990755,426143778,0.581403043931,0.585337781442
1503,1521990755,429477752,0.578334145252,0.585086617408
1504,1521990755,432812018,0.57367053029,0.583950149215
1505,1521990755,436144365,0.573293723124,0.581826457018
1506,1521990755,439477253,0.564045954232,0.57717914542
1507,1521990755,442811759,0.558830717021,0.57443392155
1508,1521990755,446144241,0.559150551456,0.573358256847
1509,1521990755,449487821,0.557316486613,0.566578210222
1510,1521990755,452810270,0.558400460372,0.56737930355
1511,1521990755,456144404,0.552567393187,0.561881637121
1512,1521990755,459477619,0.552685961399,0.562002203956
1513,1521990755,462810562,0.550649862819,0.556465295311
1514,1521990755,466156143,0.548530922279,0.554323976566
1515,1521990755,469488216,0.550807472797,0.563999406386
1516,1521990755,472810764,0.545630198867,0.569803748709
1517,1521990755,476144348,0.539958122046,0.573896243063
1518,1521990755,479477613,0.539291786314,0.57393729136
1519,1521990755,482811616,0.537414078195,0.57241033738
1520,1521990755,486144124,0.533804856587,0.568132291765
1521,1521990755,489476615,0.530593682183,0.568091647017
1522,1521990755,492811321,0.525004898084,0.562503100944
1523,1521990755,496144407,0.524525215065,0.559936061847
1524,1521990755,499478705,0.518310204753,0.551975906291
1525,1521990755,502810968,0.517270644511,0.550263906447
1526,1521990755,506144226,0.50756874006,0.541993380954
1527,1521990755,509477344,0.507605046837,0.542032150152
1528,1521990755,512810776,0.50756874006,0.541642348972
1529,1521990755,516144423,0.513839843862,0.541564877421
1530,1521990755,519477753,0.517085653937,0.541291316989
1531,1521990755,522811893,0.520146347158,0.540473279929
1532,1521990755,526144487,0.528830912474,0.537545310002
1533,1521990755,529477147,0.529183466416,0.537545310002
1534,1521990755,532811890,0.528842960861,0.53719942398
1535,1521990755,536144652,0.529145610814,0.537155774022
1536,1521990755,539477624,0.525972852321,0.534347116381
1537,1521990755,542810998,0.51567574077,0.52444178183
1538,1521990755,546144279,0.508626174936,0.523739717865
1539,1521990755,549477710,0.50647507923,0.519490177207
1540,1521990755,552810660,0.496007911002,0.517495170529
1541,1521990755,556143440,0.493540209953,0.512931101861
1542,1521990755,559477221,0.49022717614,0.509976517753
1543,1521990755,562811793,0.490122022305,0.50776168875
1544,1521990755,566144734,0.490014922739,0.50485621114
1545,1521990755,569477745,0.485044822533,0.499905299104
1546,1521990755,572810795,0.482577298,0.496394728183
1547,1521990755,576144103,0.481485346474,0.494253031336
1548,1521990755,579477784,0.476164114154,0.490707613335
1549,1521990755,582811781,0.470105167418,0.482214471833
1550,1521990755,586143987,0.468611238279,0.477925447782
1551,1521990755,589477463,0.459598819287,0.466488138857
1552,1521990755,592810618,0.451909493087,0.46199113316
1553,1521990755,596144281,0.447967867572,0.45911699445
1554,1521990755,599477495,0.440950342927,0.454937449298
1555,1521990755,602811574,0.43697931604,0.450979327733
1556,1521990755,606144705,0.436751842383,0.45005519203
1557,1521990755,609477332,0.432583686404,0.443448547702
1558,1521990755,612810944,0.431755025788,0.438407588737
1559,1521990755,616144084,0.427908646134,0.430014178542
1560,1521990755,619477600,0.413809514466,0.42123837898
1561,1521990755,622811642,0.411606323496,0.421148010335
1562,1521990755,626145699,0.409844310125,0.419393226958
1563,1521990755,629477500,0.403408289936,0.416502674952
1564,1521990755,632812067,0.401681599876,0.415824188782
1565,1521990755,636144256,0.394211711359,0.403831201285
1566,1521990755,639477498,0.390898425505,0.397368204171
1567,1521990755,642811195,0.382384245947,0.388185842143
1568,1521990755,646144955,0.376772344953,0.383299509128
1569,1521990755,649477837,0.366277341529,0.379870946073
1570,1521990755,652811470,0.363000712742,0.376954425372
1571,1521990755,656144286,0.354996422445,0.370391726532
1572,1521990755,659477448,0.352503504748,0.366503604118
1573,1521990755,662810266,0.351118606509,0.362667918016
1574,1521990755,666144273,0.350993063529,0.357273895434
1575,1521990755,669478008,0.347518739124,0.349602848985
1576,1521990755,672811147,0.345100931148,0.343684893134
1577,1521990755,676144344,0.339789073207,0.338745863096
1578,1521990755,679477718,0.331682072498,0.334884511289
1579,1521990755,682811164,0.328838725763,0.334509553296
1580,1521990755,686144036,0.314808148206,0.327910779697
1581,1521990755,689477453,0.314058157912,0.324002519832
1582,1521990755,692810918,0.308748900073,0.323979347001
1583,1521990755,696144317,0.306303635495,0.322598391902
1584,1521990755,699477715,0.300663982827,0.314173624322
1585,1521990755,702811519,0.293924848958,0.304301198136
1586,1521990755,706143917,0.288762336555,0.29986710579
1587,1521990755,709476605,0.282375505837,0.291749312557
1588,1521990755,712810970,0.275559185925,0.285658306166
1589,1521990755,716144329,0.270703328032,0.285740033741
1590,1521990755,719477665,0.265063675365,0.281527649952
1591,1521990755,722811068,0.259776500989,0.279772490039
1592,1521990755,726144285,0.258719066114,0.276613202197
1593,1521990755,729477550,0.255546761489,0.270996690477
1594,1521990755,732811663,0.252320314746,0.268832813264
1595,1521990755,736144343,0.251370960396,0.262979384188
1596,1521990755,739476686,0.25068378668,0.259135742474
1597,1521990755,742812038,0.24833733327,0.250475596642
1598,1521990755,746144445,0.247157995025,0.244037047452
1599,1521990755,749477706,0.240407390238,0.241878336434
1600,1521990755,752811645,0.23681459708,0.239001495865
1601,1521990755,756144007,0.23340740757,0.237716663489
1602,1521990755,759476859,0.225265852971,0.236629406334
1603,1521990755,762810252,0.219593975734,0.235191428264
1604,1521990755,766143839,0.212881661694,0.23412158662
1605,1521990755,769476892,0.207977067801,0.229591338212
1606,1521990755,772810739,0.202998456834,0.227787171384
1607,1521990755,776144208,0.200545803815,0.22604842846
1608,1521990755,779478178,0.198769322317,0.217608699936
1609,1521990755,782810428,0.198502070184,0.210328332984
1610,1521990755,786144104,0.198078632239,0.207796070883
1611,1521990755,789477626,0.189267305182,0.197616871464
1612,1521990755,792810113,0.188968912724,0.192406812463
1613,1521990755,796143658,0.181513337372,0.183225589528
1614,1521990755,799478511,0.180391469661,0.181756565396
1615,1521990755,804230704,0.126587170688,0.127545107375
1616,1521990755,812842724,0.0693065942294,0.0703809163699
1617,1521990755,816232705,0.17120975485,0.178790989535
1618,1521990755,819563730,0.154495996021,0.173533920597
1619,1521990755,822895658,0.145978218696,0.162585953213
1620,1521990755,826231513,0.140890543818,0.155045239155
1621,1521990755,829602376,0.139415771876,0.153422302922
1622,1521990755,832899434,0.139700289744,0.152968786621
1623,1521990755,836229863,0.136879061536,0.150019419344
1624,1521990755,839562038,0.131874042977,0.144325759764
1625,1521990755,842896896,0.130704005409,0.141395095316
1626,1521990755,846229486,0.12832963476,0.135176318975
1627,1521990755,849563134,0.127940468866,0.131627578684
1628,1521990755,852896736,0.127588015784,0.129872544302
1629,1521990755,856228864,0.125879768296,0.128523669279
1630,1521990755,859562023,0.124433737176,0.127784781512
1631,1521990755,862895454,0.119481594891,0.121799386142
1632,1521990755,866231658,0.116570261402,0.11644267454
1633,1521990755,869562680,0.112168325878,0.109951654144
1634,1521990755,872895851,0.108563313846,0.108117850605
1635,1521990755,876229358,0.106800922388,0.108117850605
1636,1521990755,879562613,0.105038530929,0.108117850605
1637,1521990755,882896109,0.101858940778,0.108812131712
1638,1521990755,886229402,0.0993988782618,0.10881991457
1639,1521990755,889562431,0.097297927105,0.108835483625
1640,1521990755,892895498,0.0941184357677,0.103912899252
1641,1521990755,896229365,0.091983675753,0.0989768602933
1642,1521990755,899562324,0.0888308831965,0.0930301293978
1643,1521990755,902896568,0.0887991238532,0.091944073975
1644,1521990755,906236602,0.0886469945811,0.0917865568234
1645,1521990755,909562721,0.0886623000567,0.0921681509956
1646,1521990755,912896354,0.0870559113221,0.0902087672582
1647,1521990755,916228607,0.0846250543167,0.0891940218491
1648,1521990755,919562651,0.0838718364658,0.0877391688197
1649,1521990755,922908440,0.0797104013238,0.0828803919668
1650,1521990755,926229947,0.0778235431199,0.0803225480969
1651,1521990755,929562990,0.0754357500161,0.0775836173468
1652,1521990755,932895251,0.0747521313131,0.0772546645937
1653,1521990755,936229298,0.0743569642617,0.0772104685613
1654,1521990755,939562863,0.0740151472779,0.077221512828
1655,1521990755,942896516,0.0740098540542,0.0779179538479
1656,1521990755,946229238,0.0740363277464,0.0779458254869
1657,1521990755,949562417,0.0729682254828,0.0779346744389
1658,1521990755,952895588,0.0694382234666,0.0751208442514
1659,1521990755,956229123,0.0666136325501,0.0709033890512
1660,1521990755,959562787,0.0627366486451,0.0649362721508
1661,1521990755,962895917,0.0595730923024,0.0603818198355
1662,1521990755,966229105,0.0567490049651,0.0568671811623
1663,1521990755,969555024,0.0558153291346,0.0552344924082
1664,1521990755,972895964,0.0548649617067,0.0549900919993
1665,1521990755,976229571,0.0549787487259,0.0551041385321
1666,1521990755,979562733,0.0549905467407,0.0565201918228
1667,1521990755,982896789,0.0549748171793,0.0575568947457
1668,1521990755,986229168,0.0550023498201,0.0575857205498
1669,1521990755,989562568,0.0549866135065,0.0575692451273
1670,1521990755,992895805,0.0535767003397,0.0561651171973
1671,1521990755,996229591,0.0503971863321,0.0522962843394
1672,1521990755,999562726,0.046177959122,0.0473927074291
1673,1521990756,2896980,0.0436948069754,0.0442173790872
1674,1521990756,6229515,0.0401940248685,0.0389757011038
1675,1521990756,9562055,0.0384283796398,0.0361640541673
1676,1521990756,12896178,0.0366498781195,0.0333408841515
1677,1521990756,16229192,0.0359553574843,0.0333504237464
1678,1521990756,19562285,0.0356028539796,0.0333504237464
1679,1521990756,22897085,0.0355850360073,0.0336846144364
1680,1521990756,26229407,0.0342001790548,0.0337087144682
1681,1521990756,29562164,0.0341952859753,0.0337038917034
1682,1521990756,32896132,0.0324233646333,0.0336942503126
1683,1521990756,36229811,0.0313660810039,0.0322903232163
1684,1521990756,39563303,0.0292536058289,0.0308886051312
1685,1521990756,42896135,0.0274992074487,0.0287908004051
1686,1521990756,46229575,0.0253766219238,0.0266765226133
1687,1521990756,49562548,0.0246770104976,0.0252779187775
1688,1521990756,52896629,0.0232569133901,0.0235124158638
1689,1521990756,56228788,0.0232718899371,0.0228252418118
1690,1521990756,59563319,0.0229028982386,0.0217562022823
1691,1521990756,62896892,0.0229094503479,0.021411419466
1692,1521990756,66229268,0.0218599082618,0.0203656816578
1693,1521990756,69562908,0.0214996380188,0.0203583988365
1694,1521990756,72895792,0.0200941371195,0.0200116856989
1695,1521990756,76229949,0.0183236287316,0.018599373743
1696,1521990756,79563407,0.016918958002,0.0182536630891
1697,1521990756,82896704,0.0151565665435,0.0175515991242
1698,1521990756,86229123,0.013750587455,0.0172054896765
1699,1521990756,89562680,0.0123358578796,0.0168483300716
1700,1521990756,92895696,0.0109276086472,0.015797569143
1701,1521990756,96229292,0.010221139386,0.0150932956891
1702,1521990756,99562873,0.00951623322144,0.0147422888126
1703,1521990756,102896807,0.00881069691121,0.0133373074154
1704,1521990756,106229011,0.00846189997232,0.0126407679256
1705,1521990756,109563368,0.00845705941459,0.0115807421419
1706,1521990756,112895757,0.00775674164129,0.0105339732713
1707,1521990756,116228539,0.00775563187069,0.00947921954157
1708,1521990756,119563692,0.00739833992879,0.0084205515821
1709,1521990756,122896884,0.00669708754246,0.00772270361463
1710,1521990756,126229226,0.00564126664821,0.00702264884753
1711,1521990756,129562398,0.00528755257122,0.00631902765721
1712,1521990756,132895838,0.00422943698731,0.00526510314737
1713,1521990756,136229538,0.00352453082276,0.00491409627087
1714,1521990756,139562994,0.00246717157593,0.00456308939438
1715,1521990756,142896955,0.00176213938224,0.0035098177409
1716,1521990756,146229174,0.00141031666205,0.00316019198139
1717,1521990756,149562127,0.00070505744279,0.0024575754367
1718,1521990756,152896346,0.0,0.00210558948034
1719,1521990756,156229592,0.0,0.00140422836827
1720,1521990756,159562416,0.0,0.000351082205243
1721,1521990756,162896437,0.0,0.0
1722,1521990756,166229049,0.0,0.0
1723,1521990756,169562087,0.0,0.0
1724,1521990756,172895650,0.0,0.0
1725,1521990756,176239345,0.0,0.0
1726,1521990756,179562216,0.0,0.0
1727,1521990756,182895869,0.0,0.0
1728,1521990756,186229339,0.0,0.0
1729,1521990756,189562905,0.0,0.0
1730,1521990756,192895446,0.0,0.0
1731,1521990756,196229476,0.0,0.0
1732,1521990756,199562928,0.0,0.0
1733,1521990756,202895783,0.0,0.0
1734,1521990756,206228868,0.0,0.0
1735,1521990756,209562302,0.0,0.0
1736,1521990756,212895950,0.0,0.0
1737,1521990756,216228943,0.0,0.0
1738,1521990756,219562391,0.0,0.0
1739,1521990756,222895026,0.0,0.0
1740,1521990756,226228459,0.0,0.0
1741,1521990756,229562623,0.0,0.0
1742,1521990756,232895777,0.0,0.0
1743,1521990756,236228907,0.0,0.0
1744,1521990756,239561916,0.0,0.0
1745,1521990756,242896857,0.0,0.0
1746,1521990756,246228692,0.0,0.0
1747,1521990756,249561611,0.0,0.0
1748,1521990756,252895910,0.0,0.0
1749,1521990756,256229222,0.0,0.0
1750,1521990756,259562220,0.0,0.0
1751,1521990756,262897059,0.0,0.0
1752,1521990756,266229754,0.0,0.0
1753,1521990756,269562734,0.0,-0.000351082205243
1754,1521990756,272896189,0.0,-0.000351006876491
1755,1521990756,276229413,0.0,-0.000351057092067
1756,1521990756,279563667,0.0,-0.000350931580057
1757,1521990756,282896826,0.0,0.0
1758,1521990756,286228664,0.0,0.0
1759,1521990756,289562393,0.0,0.0
1760,1521990756,292896089,0.0,0.0
1761,1521990756,296233058,0.0,0.0
1762,1521990756,299567827,0.0,0.0
1763,1521990756,302902106,0.0,0.0
1764,1521990756,306233720,0.0,0.0
1765,1521990756,309567082,0.0,0.0
1766,1521990756,312900596,0.0,0.0
1767,1521990756,316229799,0.0,0.0
1768,1521990756,319561961,0.0,0.0
1769,1521990756,322896575,0.0,0.0
1770,1521990756,326228909,0.0,0.0
1771,1521990756,329562876,0.0,0.0
1772,1521990756,332896244,0.0,0.0
1773,1521990756,336228673,0.0,0.0
1774,1521990756,339563175,0.0,0.0
1775,1521990756,342896770,0.0,0.0
1776,1521990756,346229876,0.0,0.0
1777,1521990756,349562804,0.0,0.0
1778,1521990756,352895567,0.0,0.0
1779,1521990756,356229609,0.0,-0.000350956675279
1780,1521990756,359563399,0.0,-0.00140392709636
1781,1521990756,362896436,0.0,-0.00175528546034
1782,1521990756,366229222,0.0,-0.00280865764195
1783,1521990756,369563583,0.0,-0.00386024738063
1784,1521990756,372896019,0.0,-0.0045647217509
1785,1521990756,376229561,0.0,-0.00561611002386
1786,1521990756,379563726,0.0,-0.00631676844103
1787,1521990756,382896792,0.0,-0.00631902765721
1788,1521990756,386229090,0.0,-0.00632083619403
1789,1521990756,389562735,0.0,-0.00596669015953
1790,1521990756,392895768,0.0,-0.0056173152839
1791,1521990756,396228384,0.0,-0.00456439518617
1792,1521990756,399562818,0.0,-0.00421087786109
1793,1521990756,402896728,0.0,-0.0035098177409
1794,1521990756,406229848,0.0,-0.00280845673654
1795,1521990756,409562729,0.0,-0.00280845673654
1796,1521990756,412896179,0.0,-0.00280825585987
1797,1521990756,416229002,0.0,-0.0024575754367
1798,1521990756,419562593,0.0,-0.00245704813544
1799,1521990756,422896891,0.0,-0.0024565210604
1800,1521990756,426229310,0.0,-0.00245792709664
1801,1521990756,429562670,0.0,-0.0021061918949
1802,1521990756,432895564,0.0,-0.0021063425524
1803,1521990756,436228855,0.0,-0.0021063425524
1804,1521990756,439561756,0.0,-0.0021063425524
1805,1521990756,442896047,0.0,-0.00210558948034
1806,1521990756,446229143,0.0,-0.0021063425524
1807,1521990756,449562182,0.0,-0.00210649323146
1808,1521990756,452895602,0.0,-0.00175503438246
1809,1521990756,456229222,0.0,-0.00175503438246
1810,1521990756,459562235,0.0,-0.00175528546034
1811,1521990756,462896270,0.0,-0.00140382670112
1812,1521990756,466229592,0.0,-0.00140412792993
1813,1521990756,469562626,0.0,-0.00140432882097
1814,1521990756,472895857,0.0,-0.00140412792993
1815,1521990756,476228767,0.0,-0.00105324661573
1816,1521990756,479562078,0.0,-0.00105309594745
1817,1521990756,482895997,0.0,-0.00105287002584
1818,1521990756,486229242,0.0,-0.0010531712762
1819,1521990756,489562352,0.0,-0.000702114184134
1820,1521990756,492895847,0.0,-0.000702013752982
1821,1521990756,496229115,0.0,-0.000351031982483
1822,1521990756,499562307,0.0,-0.000351057092067
1823,1521990756,502896477,0.0,-0.000350931580057
1824,1521990756,506229291,0.0,-0.000351082205243
1825,1521990756,509562487,0.0,0.0
1826,1521990756,512894897,0.0,0.0
1827,1521990756,516229146,0.0,0.0
1828,1521990756,519562462,0.0,0.0
1829,1521990756,522896458,0.0,0.0
1830,1521990756,526229080,0.0,-0.000351107322013
1831,1521990756,529562417,0.0,-0.000351031982483
1832,1521990756,532895356,0.0,-0.000351082205243
1833,1521990756,536229386,0.0,-0.000350956675279
1834,1521990756,539562636,0.0,-0.000351031982483
1835,1521990756,542896274,0.0,-0.000351006876491
1836,1521990756,546228560,0.0,-0.000351132442377
1837,1521990756,549562670,0.0,-0.000350956675279
1838,1521990756,552895689,0.0,-0.000351057092067
1839,1521990756,556229256,0.0,-0.000351006876491
1840,1521990756,559562156,0.0,-0.000351082205243
1841,1521990756,562896896,0.0,-0.000350881400379
1842,1521990756,566229191,0.0,-0.000351157566335
1843,1521990756,569562488,0.0,-0.000351031982483
1844,1521990756,572895786,0.0,-0.000351031982483
1845,1521990756,576228999,0.0,-0.000351031982483
1846,1521990756,579562474,0.0,-0.000351031982483
1847,1521990756,582896756,0.0,-0.000350931580057
1848,1521990756,586229335,0.0,-0.000351107322013
1849,1521990756,589562652,0.0,-0.000351031982483
1850,1521990756,592891833,0.0,-0.00035145933451
1851,1521990756,596228456,0.0,-0.000350705884457
1852,1521990756,599573299,0.0,0.0
1853,1521990756,602897090,0.0,-0.000352039175604
1854,1521990756,606229292,0.0,0.0
1855,1521990756,609562750,0.0,0.0
1856,1521990756,612896004,0.0,-0.000351031982483
1857,1521990756,616228819,0.0,-0.000351082205243
1858,1521990756,619562381,0.0,-0.000351006876491
1859,1521990756,622896537,0.0,-0.000350956675279
1860,1521990756,626239234,0.0,-0.000350030536131
1861,1521990756,629562746,0.0,-0.000704128858981
1862,1521990756,632895760,0.0,-0.000702164410487
1863,1521990756,636228682,0.0,-0.0010531712762
1864,1521990756,639562748,0.0,-0.00105287002584
1865,1521990756,642896398,0.0,-0.00105302062947
1866,1521990756,646228692,0.0,-0.00105339732713
1867,1521990756,649562357,0.0,-0.00140402750596
1868,1521990756,652895333,0.0,-0.00140422836827
1869,1521990756,656228524,0.0,-0.00140422836827
1870,1521990756,659561927,0.0,-0.00140412792993
1871,1521990756,662896597,0.0,-0.00175440700189
1872,1521990756,666229557,0.0,-0.00210649323146
1873,1521990756,669562348,0.0,-0.00210649323146
1874,1521990756,672895982,0.0,-0.00245704813544
1875,1521990756,676229066,0.0,-0.00245739964447
1876,1521990756,679562801,0.0,-0.00280785419272
1877,1521990756,682895936,0.0,-0.00280845673654
1878,1521990756,686229046,0.0,-0.00280845673654
1879,1521990756,689562433,0.0,-0.00280825585987
1880,1521990756,692894889,0.0,-0.00315996589812
1881,1521990756,696228827,0.0,-0.00315883596681
1882,1521990756,699562156,0.0,-0.00315928784235
1883,1521990756,702895533,0.0,-0.00315906188842
1884,1521990756,706229476,0.0,-0.00315883596681
1885,1521990756,709562203,0.0,-0.00315973984719
1886,1521990756,712895183,0.0,-0.00315973984719
1887,1521990756,716228782,0.0,-0.00351006876491
1888,1521990756,719562245,0.0,-0.00351006876491
1889,1521990756,722896334,0.0,-0.00350956675279
1890,1521990756,726229127,0.0,-0.00351082205243
1891,1521990756,729562369,0.0,-0.00351057092067
1892,1521990756,732895377,0.0,-0.00351057092067
1893,1521990756,736228635,0.0,-0.00351031982483
1894,1521990756,739562875,0.0,-0.00350931580057
1895,1521990756,742896775,0.0,-0.0035098177409
1896,1521990756,746227990,0.0,-0.00351258098132
1897,1521990756,749562518,0.0,-0.00315815839582
1898,1521990756,752895745,0.0,-0.00315928784235
1899,1521990756,756228169,-0.000352579165513,-0.00316019198139
1900,1521990756,759562001,-0.000352427876448,-0.00315883596681
1901,1521990756,762894834,-0.000352528721395,-0.00315973984719
1902,1521990756,766229033,-0.000704805348452,-0.00315861007751
1903,1521990756,769562694,-0.000704855752897,-0.00315883596681
1904,1521990756,772896526,-0.00105728362935,-0.00315883596681
1905,1521990756,776229298,-0.00105758616418,-0.00280865764195
1906,1521990756,779562231,-0.00105758616418,-0.00280865764195
1907,1521990756,782896680,-0.00105705684178,-0.00280725190739
1908,1521990756,786229228,-0.00141031666205,-0.00245792709664
1909,1521990756,789562554,-0.00140991316683,-0.00245722387738
1910,1521990756,792895716,-0.00140991316683,-0.00245722387738
1911,1521990756,796229358,-0.0014098123291,-0.00245704813544
1912,1521990756,799562578,-0.00140991316683,-0.00245722387738
1913,1521990756,802896556,-0.00140971150579,-0.00245687241863
1914,1521990756,806229458,-0.00141011488558,-0.0024575754367
1915,1521990756,809562498,-0.00141001401899,-0.00245739964447
1916,1521990756,812895778,-0.00176239145854,-0.00245722387738
1917,1521990756,816229269,-0.00176226541138,-0.00210604125895
1918,1521990756,819562518,-0.00176251752374,-0.0021063425524
1919,1521990756,822897047,-0.00176176140297,-0.00210543893054
1920,1521990756,826229730,-0.00176264360697,-0.00175541102622
1921,1521990756,829562275,-0.00176289582757,-0.00210679465426
1922,1521990756,832895863,-0.00176226541138,-0.00175503438246
1923,1521990756,836228623,-0.00176264360697,-0.00175541102622
1924,1521990756,839562887,-0.00176188737804,-0.00175465790029
1925,1521990756,842896571,-0.00176226541138,-0.00175503438246
1926,1521990756,846228101,-0.00176327429382,-0.0017560391252
1927,1521990756,849562115,-0.0014096106969,-0.00140382670112
1928,1521990756,852901983,-0.00140719560148,-0.00140142151545
1929,1521990756,856228562,-0.00141274249162,-0.00140694564527
1930,1521990756,859562247,-0.0014098123291,-0.00140402750596
1931,1521990756,862896134,-0.0014096106969,-0.00140382670112
1932,1521990756,866229211,-0.00141001401899,-0.00140422836827
1933,1521990756,869562687,-0.00140991316683,-0.00140412792993
1934,1521990756,872895866,-0.00140991316683,-0.00140412792993
1935,1521990756,876230101,-0.00105720802268,-0.00105287002584
1936,1521990756,879562719,-0.00105766182495,-0.00105332196604
1937,1521990756,882896499,-0.00105728362935,-0.00105294532227
1938,1521990756,886229723,-0.00105743487513,-0.00105309594745
1939,1521990756,889562579,-0.00105758616418,-0.000702164410487
1940,1521990756,892895698,-0.00105751051424,-0.000702114184134
1941,1521990756,896229474,-0.00105728362935,-0.00070196354818
1942,1521990756,899562582,-0.000705007009496,-0.000702114184134
1943,1521990756,902896430,-0.000704855752897,-0.00035098177409
1944,1521990756,906229711,-0.000704956583417,-0.000351031982483
1945,1521990756,909562473,-0.00070505744279,-0.000351082205243
1946,1521990756,912894996,-0.000352579165513,0.0
1947,1521990756,916228831,-0.000352427876448,0.0
1948,1521990756,919562493,-0.000352427876448,0.0
1949,1521990756,922896730,-0.000352402674226,0.0
1950,1521990756,926229229,0.0,0.0
1951,1521990756,929562259,0.0,0.0
1952,1521990756,932896075,0.0,0.0
1953,1521990756,936228864,0.0,0.0
1954,1521990756,939562447,0.0,0.0
1955,1521990756,942896269,0.0,0.0
1956,1521990756,946229307,0.0,0.0
1957,1521990756,949562094,0.0,0.0
1958,1521990756,952895574,0.0,0.0
1959,1521990756,956228217,0.0,0.0
1960,1521990756,959562782,0.0,0.0
1961,1521990756,962895765,0.0,0.0
1962,1521990756,966228965,0.0,0.0
1963,1521990756,969562174,0.0,0.0
1964,1521990756,972896017,0.0,0.0
1965,1521990756,976229456,0.0,0.0
1966,1521990756,979562578,0.0,0.0
1967,1521990756,982895770,0.0,0.0
1968,1521990756,986229503,0.0,0.0
1969,1521990756,989561861,0.0,0.0
1970,1521990756,992895824,0.0,0.0
1971,1521990756,996228876,0.0,0.0
1972,1521990756,999562688,0.0,0.0
1973,1521990757,2896055,0.0,0.0
1974,1521990757,6229147,0.0,0.0
1975,1521990757,9562199,0.0,0.0
1976,1521990757,12896206,0.0,0.0
1977,1521990757,16228725,0.0,0.0
1978,1521990757,19562712,0.0,0.0
1979,1521990757,22896593,0.0,0.0
1980,1521990757,26228496,0.0,0.0
1981,1521990757,29562615,0.0,0.0
1982,1521990757,32896302,0.0,0.0
1983,1521990757,36229020,0.0,0.0
1984,1521990757,39562856,0.0,0.0
1985,1521990757,42896815,0.0,0.0
1986,1521990757,46228120,0.0,0.0
1987,1521990757,49562562,0.0,0.0
1988,1521990757,52895837,0.0,0.0
1989,1521990757,56229308,0.0,0.0
1990,1521990757,59563134,0.0,0.0
1991,1521990757,62896730,0.0,0.0
1992,1521990757,66228998,0.0,0.0
1993,1521990757,69562461,0.0,0.0
1994,1521990757,72895668,0.0,0.0
1995,1521990757,76244442,0.0,0.0
1996,1521990757,79562614,0.0,0.0
1997,1521990757,82896631,0.0,0.0
1998,1521990757,86229009,0.0,0.0
1999,1521990757,89562667,0.0,0.0
2000,1521990757,92895841,0.0,0.0
2001,1521990757,96228885,0.0,0.0
2002,1521990757,99561566,0.0,0.0
2003,1521990757,102896885,0.0,0.0
2004,1521990757,106228258,0.0,0.0
2005,1521990757,109562185,0.0,0.0
2006,1521990757,112895515,0.0,0.0
2007,1521990757,116229529,0.0,0.0
2008,1521990757,119563599,0.0,0.0
2009,1521990757,122896641,0.0,0.0
2010,1521990757,126228860,0.0,0.0
2011,1521990757,129562356,0.0,0.0
2012,1521990757,132895667,0.0,0.0
2013,1521990757,136229098,0.0,0.0
2014,1521990757,139561433,0.0,0.0
2015,1521990757,142895124,0.0,0.0
2016,1521990757,146229378,0.0,0.0
2017,1521990757,149562762,0.0,0.0
2018,1521990757,152896034,0.0,0.0
2019,1521990757,156228463,0.0,0.0
2020,1521990757,159562326,0.0,0.0
2021,1521990757,162895820,0.0,0.0
2022,1521990757,166229146,0.0,0.0
2023,1521990757,169562282,0.0,0.0
2024,1521990757,172896051,0.0,0.0
2025,1521990757,176229059,0.0,0.0
2026,1521990757,179562559,0.0,0.0
2027,1521990757,182895629,0.0,0.0
2028,1521990757,186229527,0.0,0.0
2029,1521990757,189562006,0.0,0.0
2030,1521990757,192895983,0.0,0.0
2031,1521990757,196228866,0.0,0.0
2032,1521990757,199563050,0.0,0.0
2033,1521990757,202895092,0.0,0.0
2034,1521990757,206229291,0.0,0.0
2035,1521990757,209562315,0.0,0.0
2036,1521990757,212895643,0.0,0.0
2037,1521990757,216229127,0.0,0.0
2038,1521990757,219562583,0.0,0.0
2039,1521990757,222896187,0.0,0.0
2040,1521990757,226228286,0.0,0.0
2041,1521990757,229562667,0.0,0.0
2042,1521990757,232895905,0.0,0.0
2043,1521990757,236229245,0.0,0.0
2044,1521990757,239562451,0.0,0.0
2045,1521990757,242895321,0.0,0.0
2046,1521990757,246229783,0.0,0.0
2047,1521990757,249562642,0.0,0.0
2048,1521990757,252895291,0.0,0.0
2049,1521990757,256189997,0.0,0.0
2050,1521990757,259562401,0.0,0.0
2051,1521990757,262895869,0.0,0.0
2052,1521990757,266228721,0.0,0.0
2053,1521990757,269562764,0.0,0.0
2054,1521990757,272895892,0.0,0.0
2055,1521990757,276229519,0.0,0.0
2056,1521990757,279562397,0.0,0.0
2057,1521990757,282896920,0.0,0.0
2058,1521990757,286229186,0.0,0.0
2059,1521990757,289562707,0.0,0.0
2060,1521990757,292895759,0.0,0.0
2061,1521990757,296228895,0.0,0.0
2062,1521990757,299562484,0.0,0.0
2063,1521990757,302896650,0.0,0.0
2064,1521990757,306228152,0.0,0.0
2065,1521990757,309561465,0.0,0.0
2066,1521990757,312895732,0.0,0.0
2067,1521990757,316229107,0.0,0.0
2068,1521990757,319563225,0.0,0.0
2069,1521990757,322896149,0.0,0.0
2070,1521990757,326229032,0.0,0.0
2071,1521990757,329562967,0.0,0.0
2072,1521990757,332895931,0.0,0.0
2073,1521990757,336228798,0.0,0.0
2074,1521990757,339562934,0.0,0.0
2075,1521990757,342895588,0.0,0.0
