797,1521993032,82796763,0.0,0.0
798,1521993032,82796763,0.0,0.0
799,1521993032,82796763,0.0,0.0
800,1521993032,82796763,0.0,0.0
801,1521993032,82796763,0.0,0.0
802,1521993032,82796763,0.0,0.0
803,1521993032,82796763,0.0,0.0
804,1521993032,82796763,0.0,0.0
805,1521993032,82796763,0.0,0.0
806,1521993032,82796763,0.0,0.0
807,1521993032,82796763,0.0,0.0
808,1521993032,82796763,0.0,0.0
809,1521993032,82796763,0.0,0.0
810,1521993032,82796763,0.0,0.0
811,1521993032,82796763,0.0,0.0
812,1521993032,82796763,0.0,0.0
813,1521993032,82796763,0.0,0.0
814,1521993032,82796763,0.0,0.0
815,1521993032,82796763,0.0,0.0
816,1521993032,82796763,0.0,0.0
817,1521993032,82796763,0.0,0.0
818,1521993032,82796763,0.0,0.0
819,1521993032,82796763,0.0,0.0
820,1521993032,82796763,0.0,0.0
821,1521993032,82796763,0.0,0.0
822,1521993032,82796763,0.0,0.0
823,1521993032,82796763,0.0,0.0
824,1521993032,82796763,0.0,0.0
825,1521993032,82796763,0.0,0.0
826,1521993032,82796763,0.0,0.0
827,1521993032,82796763,0.0,0.0
828,1521993032,82796763,0.0,0.0
829,1521993032,82796763,0.0,0.0
830,1521993032,82796763,0.0,0.0
831,1521993032,82796763,0.0,0.0
832,1521993032,82796763,0.0,0.0
833,1521993032,82796763,0.0,0.0
834,1521993032,82796763,0.0,0.0
835,1521993032,82796763,0.0,0.0
836,1521993032,82796763,0.0,0.0
837,1521993032,82796763,0.0,0.0
838,1521993032,82796763,0.0,0.0
839,1521993032,82796763,0.0,0.0
840,1521993032,82796763,0.0,0.0
841,1521993032,82796763,0.0,0.0
842,1521993032,82796763,0.0,0.0
843,1521993032,82796763,0.0,0.0
844,1521993032,82796763,0.0,0.0
845,1521993032,82796763,0.0,0.0
846,1521993032,82796763,0.0,0.0
847,1521993032,82796763,0.0,0.0
848,1521993032,82796763,0.0,0.0
849,1521993032,82796763,0.0,0.0
850,1521993032,82796763,0.0,0.0
851,1521993032,82796763,0.0,0.0
852,1521993032,82796763,0.0,0.0
853,1521993032,82796763,0.0,0.0
854,1521993032,82796763,0.0,0.0
855,1521993032,82796763,0.0,0.0
856,1521993032,82796763,0.0,0.0
857,1521993032,82796763,0.0,0.0
858,1521993032,82796763,0.0,0.0
859,1521993032,82796763,0.0,0.0
860,1521993032,82796763,0.0,0.0
861,1521993032,82796763,0.0,0.0
862,1521993032,82796763,0.0,0.0
863,1521993032,82796763,0.0,0.0
864,1521993032,82796763,0.0,0.0
865,1521993032,82796763,0.0,0.0
866,1521993032,82796763,0.0,0.0
867,1521993032,82796763,0.0,0.0
868,1521993032,82796763,0.0,0.0
869,1521993032,82796763,0.0,0.0
870,1521993032,82796763,0.0,0.0
871,1521993032,82796763,0.0,0.0
872,1521993032,82796763,0.0,0.0
873,1521993032,82796763,0.0,0.0
874,1521993032,82796763,0.0,0.0
875,1521993032,82796763,0.0,0.0
876,1521993032,82796763,0.0,0.0
877,1521993032,82796763,0.0,0.0
878,1521993032,82796763,0.0,0.0
879,1521993032,82796763,0.0,0.0
880,1521993032,82796763,0.0,0.0
881,1521993032,82796763,0.0,0.0
882,1521993032,82796763,0.0,0.0
883,1521993032,82796763,0.0,0.0
884,1521993032,82796763,0.0,0.0
885,1521993032,82796763,0.0,0.0
886,1521993032,82796763,0.0,0.0
887,1521993032,82796763,0.0,0.0
888,1521993032,82796763,0.0,0.0
889,1521993032,82796763,0.0,0.0
890,1521993032,82796763,0.0,0.0
891,1521993032,82796763,0.0,0.0
892,1521993032,82796763,0.0,0.0
893,1521993032,82796763,0.0,0.0
894,1521993032,82796763,0.0,0.0
895,1521993032,82796763,0.0,0.0
896,1521993032,82796763,0.0,0.0
897,1521993032,82796763,0.0,0.0
898,1521993032,82796763,0.0,0.0
899,1521993032,82796763,0.0,0.0
900,1521993032,82796763,0.0,0.0
901,1521993032,82796763,0.0,0.0
902,1521993032,82796763,0.0,0.0
903,1521993032,82796763,0.0,0.0
904,1521993032,82796763,0.0,0.0
905,1521993032,82796763,0.0,0.0
906,1521993032,82796763,0.0,0.0
907,1521993032,82796763,0.0,0.0
908,1521993032,82796763,0.0,0.0
909,1521993032,82796763,0.0,0.0
910,1521993032,82796763,0.0,0.0
911,1521993032,82796763,0.0,0.0
912,1521993032,82796763,0.0,0.0
913,1521993032,82796763,0.0,0.0
914,1521993032,82796763,0.0,0.0
915,1521993032,82796763,0.0,0.0
916,1521993032,82796763,0.0,0.0
917,1521993032,82796763,0.0,0.0
918,1521993032,82796763,0.0,0.0
919,1521993032,82796763,0.0,0.0
920,1521993032,82796763,0.0,0.0
921,1521993032,82796763,0.0,0.0
922,1521993032,82796763,0.0,0.0
923,1521993032,82796763,0.0,0.0
924,1521993032,82796763,0.0,0.0
925,1521993032,82796763,0.0,0.0
926,1521993032,82796763,0.0,0.0
927,1521993032,82796763,0.0,0.0
928,1521993032,82796763,0.0,0.0
929,1521993032,82796763,0.0,0.0
930,1521993032,82796763,0.0,0.0
931,1521993032,82796763,0.0,0.0
932,1521993032,82796763,0.0,0.0
933,1521993032,82796763,0.0,0.0
934,1521993032,82796763,0.0,0.0
935,1521993032,82796763,0.0,0.0
936,1521993032,82796763,0.0,0.0
937,1521993032,82796763,0.0,0.0
938,1521993032,82796763,0.0,0.0
939,1521993032,82796763,0.0,0.0
940,1521993032,82796763,0.0,0.0
941,1521993032,82796763,0.0,0.0
942,1521993032,82796763,0.0,0.0
943,1521993032,82796763,0.0,0.0
944,1521993032,82796763,0.0,0.0
945,1521993032,82796763,0.0,0.0
946,1521993032,82796763,0.0,0.0
947,1521993032,82796763,0.0,0.0
948,1521993032,82796763,0.0,0.0
949,1521993032,82796763,0.0,0.0
950,1521993032,82796763,0.0,0.0
951,1521993032,82796763,0.0,0.0
952,1521993032,82796763,0.0,0.0
953,1521993032,82796763,0.0,0.0
954,1521993032,82796763,0.0,0.0
955,1521993032,82796763,0.0,0.0
956,1521993032,82796763,0.0,0.0
957,1521993032,82796763,0.0,0.0
958,1521993032,82796763,0.0,0.0
959,1521993032,82796763,0.0,0.0
960,1521993032,82796763,0.0,0.0
961,1521993032,82796763,0.0,0.0
962,1521993032,82796763,0.0,0.0
963,1521993032,82796763,0.0,0.0
964,1521993032,82796763,0.0,0.0
965,1521993032,82796763,0.0,0.0
966,1521993032,82796763,0.0,0.0
967,1521993032,82796763,0.0,0.0
968,1521993032,82796763,0.0,0.0
969,1521993032,82796763,0.0,0.0
970,1521993032,82796763,0.0,0.0
971,1521993032,82796763,0.0,0.0
972,1521993032,82796763,0.0,0.0
973,1521993032,82796763,0.0,0.0
974,1521993032,82796763,0.0,0.0
975,1521993032,82796763,0.0,0.0
976,1521993032,82796763,0.0,0.0
977,1521993032,82796763,0.0,0.0
978,1521993032,82796763,0.0,0.0
979,1521993032,82796763,0.0,0.0
980,1521993032,82796763,0.0,0.0
981,1521993032,82796763,0.0,0.0
982,1521993032,82796763,0.0,0.0
983,1521993032,82796763,0.0,0.0
984,1521993032,82796763,0.0,0.0
985,1521993032,82796763,0.0,0.0
986,1521993032,82796763,0.0,0.0
987,1521993032,82796763,0.0,0.0
988,1521993032,82796763,0.0,0.0
989,1521993032,82796763,0.0,0.0
990,1521993032,82796763,0.0,0.0
991,1521993032,82796763,0.0,0.0
992,1521993032,82796763,0.0,0.0
993,1521993032,82796763,0.0,0.0
994,1521993032,82796763,0.0,0.0
995,1521993032,82796763,0.0,0.0
996,1521993032,82796763,0.0,0.0
997,1521993032,82796763,0.0,0.0
998,1521993032,82796763,0.0,0.0
999,1521993032,82796763,0.0,0.0
1000,1521993032,82796763,0.0,0.0
1001,1521993032,82796763,0.0,0.0
1002,1521993032,82796763,0.0,0.0
1003,1521993032,82796763,0.0,0.0
1004,1521993032,82796763,0.0,0.0
1005,1521993032,82796763,0.0,0.0
1006,1521993032,82796763,0.0,0.0
1007,1521993032,82796763,0.0,0.0
1008,1521993032,82796763,0.0,0.0
1009,1521993032,82796763,0.0,0.0
1010,1521993032,82796763,0.0,0.0
1011,1521993032,82796763,0.0,0.0
1012,1521993032,82796763,0.0,0.0
1013,1521993032,82796763,0.0,0.0
1014,1521993032,82796763,0.0,0.0
1015,1521993032,82796763,0.0,0.0
1016,1521993032,82796763,0.0,0.0
1017,1521993032,82796763,0.0,0.0
1018,1521993032,82796763,0.0,0.0
1019,1521993032,82796763,0.0,0.0
1020,1521993032,82796763,0.0,0.0
1021,1521993032,82796763,0.0,0.0
1022,1521993032,82796763,0.0,0.0
1023,1521993032,82796763,0.0,0.0
1024,1521993032,82796763,0.0,0.0
1025,1521993032,82796763,0.0,0.0
1026,1521993032,82796763,0.0,0.0
1027,1521993032,82796763,0.0,0.0
1028,1521993032,82796763,0.0,0.0
1029,1521993036,268050933,-0.0175481438637,0.0
1030,1521993036,268050933,-0.0175481438637,0.0
1031,1521993036,268050933,-0.0175481438637,0.0
1032,1521993036,268050933,-0.0175481438637,0.0
1033,1521993036,284048524,-0.0767540484667,0.0
1034,1521993036,284048524,-0.0767540484667,0.0
1035,1521993036,284048524,-0.0767540484667,0.0
1036,1521993036,284048524,-0.0767540484667,0.0
1037,1521993036,284048524,-0.0767540484667,0.0
1038,1521993036,284048524,-0.0767540484667,0.0
1039,1521993036,308046101,-0.154179513454,0.0
1040,1521993036,308046101,-0.154179513454,0.0
1041,1521993036,308046101,-0.154179513454,0.0
1042,1521993036,308046101,-0.154179513454,0.0
1043,1521993036,324046037,-0.256996363401,0.0
1044,1521993036,324046037,-0.256996363401,0.0
1045,1521993036,324046037,-0.256996363401,0.0
1046,1521993036,324046037,-0.256996363401,0.0
1047,1521993036,324046037,-0.256996363401,0.0
1048,1521993036,324046037,-0.256996363401,0.0
1049,1521993036,348049988,-0.385814994574,0.0
1050,1521993036,348049988,-0.385814994574,0.0
1051,1521993036,348049988,-0.385814994574,0.0
1052,1521993036,348049988,-0.385814994574,0.0
1053,1521993036,364051460,-0.536118626595,0.0123905148357
1054,1521993036,364051460,-0.536118626595,0.0123905148357
1055,1521993036,364051460,-0.536118626595,0.0123905148357
1056,1521993036,364051460,-0.536118626595,0.0123905148357
1057,1521993036,364051460,-0.536118626595,0.0123905148357
1058,1521993036,364051460,-0.536118626595,0.0123905148357
1059,1521993036,388051773,-0.707876801491,0.0357982106507
1060,1521993036,388051773,-0.707876801491,0.0357982106507
1061,1521993036,388051773,-0.707876801491,0.0357982106507
1062,1521993036,388051773,-0.707876801491,0.0357982106507
1063,1521993036,404051795,-0.879634976387,0.0657368674874
1064,1521993036,404051795,-0.879634976387,0.0657368674874
1065,1521993036,404051795,-0.879634976387,0.0657368674874
1066,1521993036,404051795,-0.879634976387,0.0657368674874
1067,1521993036,404051795,-0.879634976387,0.0657368674874
1068,1521993036,404051795,-0.879634976387,0.0657368674874
1069,1521993036,428048155,-1.0,0.115176856518
1070,1521993036,428048155,-1.0,0.115176856518
1071,1521993036,428048155,-1.0,0.115176856518
1072,1521993036,428048155,-1.0,0.115176856518
1073,1521993036,444045171,-1.0,0.180883198977
1074,1521993036,444045171,-1.0,0.180883198977
1075,1521993036,444045171,-1.0,0.180883198977
1076,1521993036,444045171,-1.0,0.180883198977
1077,1521993036,444045171,-1.0,0.180883198977
1078,1521993036,444045171,-1.0,0.180883198977
1079,1521993036,468050400,-1.0,0.24399548769
1080,1521993036,468050400,-1.0,0.24399548769
1081,1521993036,468050400,-1.0,0.24399548769
1082,1521993036,468050400,-1.0,0.24399548769
1083,1521993036,484046399,-1.0,0.295419186354
1084,1521993036,484046399,-1.0,0.295419186354
1085,1521993036,484046399,-1.0,0.295419186354
1086,1521993036,484046399,-1.0,0.295419186354
1087,1521993036,484046399,-1.0,0.295419186354
1088,1521993036,484046399,-1.0,0.295419186354
1089,1521993036,508046638,-1.0,0.32728049159
1090,1521993036,508046638,-1.0,0.32728049159
1091,1521993036,508046638,-1.0,0.32728049159
1092,1521993036,508046638,-1.0,0.32728049159
1093,1521993036,524047187,-1.0,0.336405515671
1094,1521993036,524047187,-1.0,0.336405515671
1095,1521993036,524047187,-1.0,0.336405515671
1096,1521993036,524047187,-1.0,0.336405515671
1097,1521993036,524047187,-1.0,0.336405515671
1098,1521993036,524047187,-1.0,0.336405515671
1099,1521993036,548046252,-1.0,0.35657826066
1100,1521993036,548046252,-1.0,0.35657826066
1101,1521993036,548046252,-1.0,0.35657826066
1102,1521993036,548046252,-1.0,0.35657826066
1103,1521993036,564045517,-1.0,0.362407296896
1104,1521993036,564045517,-1.0,0.362407296896
1105,1521993036,564045517,-1.0,0.362407296896
1106,1521993036,564045517,-1.0,0.362407296896
1107,1521993036,564045517,-1.0,0.362407296896
1108,1521993036,564045517,-1.0,0.362407296896
1109,1521993036,588046125,-1.0,0.370220035315
1110,1521993036,588046125,-1.0,0.370220035315
1111,1521993036,588046125,-1.0,0.370220035315
1112,1521993036,588046125,-1.0,0.370220035315
1113,1521993036,604045974,-1.0,0.376720488071
1114,1521993036,604045974,-1.0,0.376720488071
1115,1521993036,604045974,-1.0,0.376720488071
1116,1521993036,604045974,-1.0,0.376720488071
1117,1521993036,604045974,-1.0,0.376720488071
1118,1521993036,604045974,-1.0,0.376720488071
1119,1521993036,604045974,-1.0,0.376720488071
1120,1521993036,604045974,-1.0,0.376720488071
1121,1521993036,604045974,-1.0,0.376720488071
1122,1521993036,604045974,-1.0,0.376720488071
1123,1521993036,604045974,-1.0,0.376720488071
1124,1521993036,604045974,-1.0,0.376720488071
1125,1521993036,604045974,-1.0,0.376720488071
1126,1521993036,604045974,-1.0,0.376720488071
1127,1521993036,604045974,-1.0,0.376720488071
1128,1521993036,604045974,-1.0,0.376720488071
1129,1521993036,604045974,-1.0,0.376720488071
1130,1521993036,604045974,-1.0,0.376720488071
1131,1521993036,604045974,-1.0,0.376720488071
1132,1521993036,604045974,-1.0,0.376720488071
1133,1521993036,684046548,-1.0,0.375438690186
1134,1521993036,684046548,-1.0,0.375438690186
1135,1521993036,684046548,-1.0,0.375438690186
1136,1521993036,684046548,-1.0,0.375438690186
1137,1521993036,684046548,-1.0,0.375438690186
1138,1521993036,684046548,-1.0,0.375438690186
1139,1521993036,708048823,-1.0,0.368938267231
1140,1521993036,708048823,-1.0,0.368938267231
1141,1521993036,708048823,-1.0,0.368938267231
1142,1521993036,708048823,-1.0,0.368938267231
1143,1521993036,724046515,-1.0,0.361125528812
1144,1521993036,724046515,-1.0,0.361125528812
1145,1521993036,724046515,-1.0,0.361125528812
1146,1521993036,724046515,-1.0,0.361125528812
1147,1521993036,724046515,-1.0,0.361125528812
1148,1521993036,724046515,-1.0,0.361125528812
1149,1521993036,748046925,-1.0,0.352671891451
1150,1521993036,748046925,-1.0,0.352671891451
1151,1521993036,748046925,-1.0,0.352671891451
1152,1521993036,748046925,-1.0,0.352671891451
1153,1521993036,764046773,-1.0,0.345500051975
1154,1521993036,764046773,-1.0,0.345500051975
1155,1521993036,764046773,-1.0,0.345500051975
1156,1521993036,764046773,-1.0,0.345500051975
1157,1521993036,764046773,-1.0,0.345500051975
1158,1521993036,764046773,-1.0,0.345500051975
1159,1521993036,788045749,-1.0,0.339640498161
1160,1521993036,788045749,-1.0,0.339640498161
1161,1521993036,788045749,-1.0,0.339640498161
1162,1521993036,788045749,-1.0,0.339640498161
1163,1521993036,804046416,-1.0,0.333140045404
1164,1521993036,804046416,-1.0,0.333140045404
1165,1521993036,804046416,-1.0,0.333140045404
1166,1521993036,804046416,-1.0,0.333140045404
1167,1521993036,804046416,-1.0,0.333140045404
1168,1521993036,804046416,-1.0,0.333140045404
1169,1521993036,828047130,-1.0,0.325327306986
1170,1521993036,828047130,-1.0,0.325327306986
1171,1521993036,828047130,-1.0,0.325327306986
1172,1521993036,828047130,-1.0,0.325327306986
1173,1521993036,844046726,-1.0,0.305825978518
1174,1521993036,844046726,-1.0,0.305825978518
1175,1521993036,844046726,-1.0,0.305825978518
1176,1521993036,844046726,-1.0,0.305825978518
1177,1521993036,844046726,-1.0,0.305825978518
1178,1521993036,844046726,-1.0,0.305825978518
1179,1521993036,868079162,-1.0,0.299295008183
1180,1521993036,868079162,-1.0,0.299295008183
1181,1521993036,868079162,-1.0,0.299295008183
1182,1521993036,868079162,-1.0,0.299295008183
1183,1521993036,884050365,-1.0,0.291512817144
1184,1521993036,884050365,-1.0,0.291512817144
1185,1521993036,884050365,-1.0,0.291512817144
1186,1521993036,884050365,-1.0,0.291512817144
1187,1521993036,884050365,-1.0,0.291512817144
1188,1521993036,884050365,-1.0,0.291512817144
1189,1521993036,908044934,-1.0,0.283700078726
1190,1521993036,908044934,-1.0,0.283700078726
1191,1521993036,908044934,-1.0,0.283700078726
1192,1521993036,908044934,-1.0,0.283700078726
1193,1521993036,924047140,-1.0,0.277840524912
1194,1521993036,924047140,-1.0,0.277840524912
1195,1521993036,924047140,-1.0,0.277840524912
1196,1521993036,924047140,-1.0,0.277840524912
1197,1521993036,924047140,-1.0,0.277840524912
1198,1521993036,924047140,-1.0,0.277840524912
1199,1521993036,924047140,-1.0,0.277840524912
1200,1521993036,924047140,-1.0,0.277840524912
1201,1521993036,924047140,-1.0,0.277840524912
1202,1521993036,924047140,-1.0,0.277840524912
1203,1521993036,924047140,-1.0,0.277840524912
1204,1521993036,924047140,-1.0,0.277840524912
1205,1521993036,924047140,-1.0,0.277840524912
1206,1521993036,924047140,-1.0,0.277840524912
1207,1521993036,924047140,-1.0,0.277840524912
1208,1521993036,924047140,-1.0,0.277840524912
1209,1521993036,924047140,-1.0,0.277840524912
1210,1521993036,924047140,-1.0,0.277840524912
1211,1521993036,924047140,-1.0,0.277840524912
1212,1521993036,924047140,-1.0,0.277840524912
1213,1521993037,4046594,-1.0,0.276528209448
1214,1521993037,4046594,-1.0,0.276528209448
1215,1521993037,4046594,-1.0,0.276528209448
1216,1521993037,4046594,-1.0,0.276528209448
1217,1521993037,4046594,-1.0,0.276528209448
1218,1521993037,4046594,-1.0,0.276528209448
1219,1521993037,4046594,-1.0,0.276528209448
1220,1521993037,4046594,-1.0,0.276528209448
1221,1521993037,4046594,-1.0,0.276528209448
1222,1521993037,4046594,-1.0,0.276528209448
1223,1521993037,4046594,-1.0,0.276528209448
1224,1521993037,4046594,-1.0,0.276528209448
1225,1521993037,4046594,-1.0,0.276528209448
1226,1521993037,4046594,-1.0,0.276528209448
1227,1521993037,4046594,-1.0,0.276528209448
1228,1521993037,4046594,-1.0,0.276528209448
1229,1521993037,4046594,-1.0,0.276528209448
1230,1521993037,4046594,-1.0,0.276528209448
1231,1521993037,4046594,-1.0,0.276528209448
1232,1521993037,4046594,-1.0,0.276528209448
1233,1521993037,4046594,-1.0,0.276528209448
1234,1521993037,4046594,-1.0,0.276528209448
1235,1521993037,4046594,-1.0,0.276528209448
1236,1521993037,4046594,-1.0,0.276528209448
1237,1521993037,4046594,-1.0,0.276528209448
1238,1521993037,4046594,-1.0,0.276528209448
1239,1521993037,4046594,-1.0,0.276528209448
1240,1521993037,4046594,-1.0,0.276528209448
1241,1521993037,4046594,-1.0,0.276528209448
1242,1521993037,4046594,-1.0,0.276528209448
1243,1521993037,4046594,-1.0,0.276528209448
1244,1521993037,4046594,-1.0,0.276528209448
1245,1521993037,4046594,-1.0,0.276528209448
1246,1521993037,4046594,-1.0,0.276528209448
1247,1521993037,4046594,-1.0,0.276528209448
1248,1521993037,4046594,-1.0,0.276528209448
1249,1521993037,4046594,-1.0,0.276528209448
1250,1521993037,4046594,-1.0,0.276528209448
1251,1521993037,4046594,-1.0,0.276528209448
1252,1521993037,4046594,-1.0,0.276528209448
1253,1521993037,4046594,-1.0,0.276528209448
1254,1521993037,4046594,-1.0,0.276528209448
1255,1521993037,4046594,-1.0,0.276528209448
1256,1521993037,4046594,-1.0,0.276528209448
1257,1521993037,4046594,-1.0,0.276528209448
1258,1521993037,4046594,-1.0,0.276528209448
1259,1521993037,4046594,-1.0,0.276528209448
1260,1521993037,4046594,-1.0,0.276528209448
1261,1521993037,4046594,-1.0,0.276528209448
1262,1521993037,4046594,-1.0,0.276528209448
1263,1521993037,4046594,-1.0,0.276528209448
1264,1521993037,4046594,-1.0,0.276528209448
1265,1521993037,4046594,-1.0,0.276528209448
1266,1521993037,4046594,-1.0,0.276528209448
1267,1521993037,4046594,-1.0,0.276528209448
1268,1521993037,228051318,-1.0,0.278481394053
1269,1521993037,228051318,-1.0,0.278481394053
1270,1521993037,228051318,-1.0,0.278481394053
1271,1521993037,228051318,-1.0,0.278481394053
1272,1521993037,244047002,-1.0,0.286935031414
1273,1521993037,244047002,-1.0,0.286935031414
1274,1521993037,244047002,-1.0,0.286935031414
1275,1521993037,244047002,-1.0,0.286935031414
1276,1521993037,244047002,-1.0,0.286935031414
1277,1521993037,244047002,-1.0,0.286935031414
1278,1521993037,268047021,-1.0,0.311655014753
1279,1521993037,268047021,-1.0,0.311655014753
1280,1521993037,268047021,-1.0,0.311655014753
1281,1521993037,268047021,-1.0,0.311655014753
1282,1521993037,284049854,-1.0,0.3311868608
1283,1521993037,284049854,-1.0,0.3311868608
1284,1521993037,284049854,-1.0,0.3311868608
1285,1521993037,284049854,-1.0,0.3311868608
1286,1521993037,284049854,-1.0,0.3311868608
1287,1521993037,284049854,-1.0,0.3311868608
1288,1521993037,308048507,-1.0,0.34031188488
1289,1521993037,308048507,-1.0,0.34031188488
1290,1521993037,308048507,-1.0,0.34031188488
1291,1521993037,308048507,-1.0,0.34031188488
1292,1521993037,324047921,-1.0,0.361766397953
1293,1521993037,324047921,-1.0,0.361766397953
1294,1521993037,324047921,-1.0,0.361766397953
1295,1521993037,324047921,-1.0,0.361766397953
1296,1521993037,324047921,-1.0,0.361766397953
1297,1521993037,324047921,-1.0,0.361766397953
1298,1521993037,348050380,-1.0,0.363719582558
1299,1521993037,348050380,-1.0,0.363719582558
1300,1521993037,348050380,-1.0,0.363719582558
1301,1521993037,348050380,-1.0,0.363719582558
1302,1521993037,364047593,-1.0,0.365672767162
1303,1521993037,364047593,-1.0,0.365672767162
1304,1521993037,364047593,-1.0,0.365672767162
1305,1521993037,364047593,-1.0,0.365672767162
1306,1521993037,364047593,-1.0,0.365672767162
1307,1521993037,364047593,-1.0,0.365672767162
1308,1521993037,364047593,-1.0,0.365672767162
1309,1521993037,364047593,-1.0,0.365672767162
1310,1521993037,364047593,-1.0,0.365672767162
1311,1521993037,364047593,-1.0,0.365672767162
1312,1521993037,364047593,-1.0,0.365672767162
1313,1521993037,364047593,-1.0,0.365672767162
1314,1521993037,364047593,-1.0,0.365672767162
1315,1521993037,364047593,-1.0,0.365672767162
1316,1521993037,364047593,-1.0,0.365672767162
1317,1521993037,364047593,-1.0,0.365672767162
1318,1521993037,428047275,-1.0,0.364360481501
1319,1521993037,428047275,-1.0,0.364360481501
1320,1521993037,428047275,-1.0,0.364360481501
1321,1521993037,428047275,-1.0,0.364360481501
1322,1521993037,444050377,-1.0,0.35657826066
1323,1521993037,444050377,-1.0,0.35657826066
1324,1521993037,444050377,-1.0,0.35657826066
1325,1521993037,444050377,-1.0,0.35657826066
1326,1521993037,444050377,-1.0,0.35657826066
1327,1521993037,444050377,-1.0,0.35657826066
1328,1521993037,468050917,-1.0,0.332499146461
1329,1521993037,468050917,-1.0,0.332499146461
1330,1521993037,468050917,-1.0,0.332499146461
1331,1521993037,468050917,-1.0,0.332499146461
1332,1521993037,484050709,-1.0,0.307779163122
1333,1521993037,484050709,-1.0,0.307779163122
1334,1521993037,484050709,-1.0,0.307779163122
1335,1521993037,484050709,-1.0,0.307779163122
1336,1521993037,484050709,-1.0,0.307779163122
1337,1521993037,484050709,-1.0,0.307779163122
1338,1521993037,508050013,-1.0,0.277840524912
1339,1521993037,508050013,-1.0,0.277840524912
1340,1521993037,508050013,-1.0,0.277840524912
1341,1521993037,508050013,-1.0,0.277840524912
1342,1521993037,524046949,-1.0,0.242042303085
1343,1521993037,524046949,-1.0,0.242042303085
1344,1521993037,524046949,-1.0,0.242042303085
1345,1521993037,524046949,-1.0,0.242042303085
1346,1521993037,524046949,-1.0,0.242042303085
1347,1521993037,524046949,-1.0,0.242042303085
1348,1521993037,548054016,-1.0,0.203009128571
1349,1521993037,548054016,-1.0,0.203009128571
1350,1521993037,548054016,-1.0,0.203009128571
1351,1521993037,548054016,-1.0,0.203009128571
1352,1521993037,564050190,-1.0,0.167882323265
1353,1521993037,564050190,-1.0,0.167882323265
1354,1521993037,564050190,-1.0,0.167882323265
1355,1521993037,564050190,-1.0,0.167882323265
1356,1521993037,564050190,-1.0,0.167882323265
1357,1521993037,564050190,-1.0,0.167882323265
1358,1521993037,588051293,-1.0,0.1405377388
1359,1521993037,588051293,-1.0,0.1405377388
1360,1521993037,588051293,-1.0,0.1405377388
1361,1521993037,588051293,-1.0,0.1405377388
1362,1521993037,604046922,-1.0,0.118442334235
1363,1521993037,604046922,-1.0,0.118442334235
1364,1521993037,604046922,-1.0,0.118442334235
1365,1521993037,604046922,-1.0,0.118442334235
1366,1521993037,604046922,-1.0,0.118442334235
1367,1521993037,604046922,-1.0,0.118442334235
1368,1521993037,628047691,-1.0,0.0982696041465
1369,1521993037,628047691,-1.0,0.0982696041465
1370,1521993037,628047691,-1.0,0.0982696041465
1371,1521993037,628047691,-1.0,0.0982696041465
1372,1521993037,644047467,-1.0,0.0715964213014
1373,1521993037,644047467,-1.0,0.0715964213014
1374,1521993037,644047467,-1.0,0.0715964213014
1375,1521993037,644047467,-1.0,0.0715964213014
1376,1521993037,644047467,-1.0,0.0715964213014
1377,1521993037,644047467,-1.0,0.0715964213014
1378,1521993037,668051625,-1.0,0.03970457986
1379,1521993037,668051625,-1.0,0.03970457986
1380,1521993037,668051625,-1.0,0.03970457986
1381,1521993037,668051625,-1.0,0.03970457986
1382,1521993037,684050315,-1.0,0.00262459181249
1383,1521993037,684050315,-1.0,0.00262459181249
1384,1521993037,684050315,-1.0,0.00262459181249
1385,1521993037,684050315,-1.0,0.00262459181249
1386,1521993037,684050315,-1.0,0.00262459181249
1387,1521993037,684050315,-1.0,0.00262459181249
1388,1521993037,708047032,-1.0,-0.0
1389,1521993037,708047032,-1.0,-0.0
1390,1521993037,708047032,-1.0,-0.0
1391,1521993037,708047032,-1.0,-0.0
1392,1521993037,708047032,-1.0,-0.0
1393,1521993037,708047032,-1.0,-0.0
1394,1521993037,708047032,-1.0,-0.0
1395,1521993037,708047032,-1.0,-0.0
1396,1521993037,708047032,-1.0,-0.0
1397,1521993037,708047032,-1.0,-0.0
1398,1521993037,708047032,-1.0,-0.0
1399,1521993037,708047032,-1.0,-0.0
1400,1521993037,708047032,-1.0,-0.0
1401,1521993037,708047032,-1.0,-0.0
1402,1521993037,708047032,-1.0,-0.0
1403,1521993037,708047032,-1.0,-0.0
1404,1521993037,708047032,-1.0,-0.0
1405,1521993037,708047032,-1.0,-0.0
1406,1521993037,708047032,-1.0,-0.0
1407,1521993037,708047032,-1.0,-0.0
1408,1521993037,708047032,-1.0,-0.0
1409,1521993037,708047032,-1.0,-0.0
1410,1521993037,708047032,-1.0,-0.0
1411,1521993037,708047032,-1.0,-0.0
1412,1521993037,708047032,-1.0,-0.0
1413,1521993037,708047032,-1.0,-0.0
1414,1521993037,708047032,-1.0,-0.0
1415,1521993037,708047032,-1.0,-0.0
1416,1521993037,708047032,-1.0,-0.0
1417,1521993037,708047032,-1.0,-0.0
1418,1521993037,708047032,-1.0,-0.0
1419,1521993037,708047032,-1.0,-0.0
1420,1521993037,708047032,-1.0,-0.0
1421,1521993037,708047032,-1.0,-0.0
1422,1521993037,708047032,-1.0,-0.0
1423,1521993037,708047032,-1.0,-0.0
1424,1521993037,708047032,-1.0,-0.0
1425,1521993037,708047032,-1.0,-0.0
1426,1521993037,708047032,-1.0,-0.0
1427,1521993037,708047032,-1.0,-0.0
1428,1521993037,708047032,-1.0,-0.0
1429,1521993037,708047032,-1.0,-0.0
1430,1521993037,708047032,-1.0,-0.0
1431,1521993037,708047032,-1.0,-0.0
1432,1521993037,708047032,-1.0,-0.0
1433,1521993037,708047032,-1.0,-0.0
1434,1521993037,708047032,-1.0,-0.0
1435,1521993037,708047032,-1.0,-0.0
1436,1521993037,708047032,-1.0,-0.0
1437,1521993037,708047032,-1.0,-0.0
1438,1521993037,708047032,-1.0,-0.0
1439,1521993037,708047032,-1.0,-0.0
1440,1521993037,708047032,-1.0,-0.0
1441,1521993037,708047032,-1.0,-0.0
1442,1521993037,708047032,-1.0,-0.0
1443,1521993037,708047032,-1.0,-0.0
1444,1521993037,708047032,-1.0,-0.0
1445,1521993037,708047032,-1.0,-0.0
1446,1521993037,708047032,-1.0,-0.0
1447,1521993037,948048367,-1.0,-0.00259407330304
1448,1521993037,948048367,-1.0,-0.00259407330304
1449,1521993037,948048367,-1.0,-0.00259407330304
1450,1521993037,948048367,-1.0,-0.00259407330304
1451,1521993037,964047657,-1.0,-0.0240485854447
1452,1521993037,964047657,-1.0,-0.0240485854447
1453,1521993037,964047657,-1.0,-0.0240485854447
1454,1521993037,964047657,-1.0,-0.0240485854447
1455,1521993037,964047657,-1.0,-0.0240485854447
1456,1521993037,964047657,-1.0,-0.0240485854447
1457,1521993037,988047696,-1.0,-0.0500808730721
1458,1521993037,988047696,-1.0,-0.0500808730721
1459,1521993037,988047696,-1.0,-0.0500808730721
1460,1521993037,988047696,-1.0,-0.0500808730721
1461,1521993038,4048246,-1.0,-0.0761131644249
1462,1521993038,4048246,-1.0,-0.0761131644249
1463,1521993038,4048246,-1.0,-0.0761131644249
1464,1521993038,4048246,-1.0,-0.0761131644249
1465,1521993038,4048246,-1.0,-0.0761131644249
1466,1521993038,4048246,-1.0,-0.0761131644249
1467,1521993038,28047952,-1.0,-0.105380415916
1468,1521993038,28047952,-1.0,-0.105380415916
1469,1521993038,28047952,-1.0,-0.105380415916
1470,1521993038,28047952,-1.0,-0.105380415916
1471,1521993038,44051097,-1.0,-0.133365884423
1472,1521993038,44051097,-1.0,-0.133365884423
1473,1521993038,44051097,-1.0,-0.133365884423
1474,1521993038,44051097,-1.0,-0.133365884423
1475,1521993038,44051097,-1.0,-0.133365884423
1476,1521993038,44051097,-1.0,-0.133365884423
1477,1521993038,68052639,-1.0,-0.160039067268
1478,1521993038,68052639,-1.0,-0.160039067268
1479,1521993038,68052639,-1.0,-0.160039067268
1480,1521993038,68052639,-1.0,-0.160039067268
1481,1521993038,84050947,-1.0,-0.185430467129
1482,1521993038,84050947,-1.0,-0.185430467129
1483,1521993038,84050947,-1.0,-0.185430467129
1484,1521993038,84050947,-1.0,-0.185430467129
1485,1521993038,84050947,-1.0,-0.185430467129
1486,1521993038,84050947,-1.0,-0.185430467129
1487,1521993038,108051696,-1.0,-0.212744534016
1488,1521993038,108051696,-1.0,-0.212744534016
1489,1521993038,108051696,-1.0,-0.212744534016
1490,1521993038,108051696,-1.0,-0.212744534016
1491,1521993038,124051333,-1.0,-0.23941770196
1492,1521993038,124051333,-1.0,-0.23941770196
1493,1521993038,124051333,-1.0,-0.23941770196
1494,1521993038,124051333,-1.0,-0.23941770196
1495,1521993038,124051333,-1.0,-0.23941770196
1496,1521993038,124051333,-1.0,-0.23941770196
1497,1521993038,148051160,-1.0,-0.264137685299
1498,1521993038,148051160,-1.0,-0.264137685299
1499,1521993038,148051160,-1.0,-0.264137685299
1500,1521993038,148051160,-1.0,-0.264137685299
1501,1521993038,164051072,-1.0,-0.286904513836
1502,1521993038,164051072,-1.0,-0.286904513836
1503,1521993038,164051072,-1.0,-0.286904513836
1504,1521993038,164051072,-1.0,-0.286904513836
1505,1521993038,164051072,-1.0,-0.286904513836
1506,1521993038,164051072,-1.0,-0.286904513836
1507,1521993038,188051396,-1.0,-0.309030413628
1508,1521993038,188051396,-1.0,-0.309030413628
1509,1521993038,188051396,-1.0,-0.309030413628
1510,1521993038,188051396,-1.0,-0.309030413628
1511,1521993038,204051807,-1.0,-0.331797242165
1512,1521993038,204051807,-1.0,-0.331797242165
1513,1521993038,204051807,-1.0,-0.331797242165
1514,1521993038,204051807,-1.0,-0.331797242165
1515,1521993038,204051807,-1.0,-0.331797242165
1516,1521993038,204051807,-1.0,-0.331797242165
1517,1521993038,228050702,-1.0,-0.353282272816
1518,1521993038,228050702,-1.0,-0.353282272816
1519,1521993038,228050702,-1.0,-0.353282272816
1520,1521993038,228050702,-1.0,-0.353282272816
1521,1521993038,244051538,-1.0,-0.360423594713
1522,1521993038,244051538,-1.0,-0.360423594713
1523,1521993038,244051538,-1.0,-0.360423594713
1524,1521993038,244051538,-1.0,-0.360423594713
1525,1521993038,244051538,-1.0,-0.360423594713
1526,1521993038,244051538,-1.0,-0.360423594713
1527,1521993038,268051000,-1.0,-0.368236333132
1528,1521993038,268051000,-1.0,-0.368236333132
1529,1521993038,268051000,-1.0,-0.368236333132
1530,1521993038,268051000,-1.0,-0.368236333132
1531,1521993038,284048173,-1.0,-0.370189517736
1532,1521993038,284048173,-1.0,-0.370189517736
1533,1521993038,284048173,-1.0,-0.370189517736
1534,1521993038,284048173,-1.0,-0.370189517736
1535,1521993038,284048173,-1.0,-0.370189517736
1536,1521993038,284048173,-1.0,-0.370189517736
1537,1521993038,308050923,-1.0,-0.371501803398
1538,1521993038,308050923,-1.0,-0.371501803398
1539,1521993038,308050923,-1.0,-0.371501803398
1540,1521993038,308050923,-1.0,-0.371501803398
1541,1521993038,308050923,-1.0,-0.371501803398
1542,1521993038,308050923,-1.0,-0.371501803398
1543,1521993038,308050923,-1.0,-0.371501803398
1544,1521993038,308050923,-1.0,-0.371501803398
1545,1521993038,308050923,-1.0,-0.371501803398
1546,1521993038,308050923,-1.0,-0.371501803398
1547,1521993038,308050923,-1.0,-0.371501803398
1548,1521993038,308050923,-1.0,-0.371501803398
1549,1521993038,308050923,-1.0,-0.371501803398
1550,1521993038,308050923,-1.0,-0.371501803398
1551,1521993038,308050923,-1.0,-0.371501803398
1552,1521993038,308050923,-1.0,-0.371501803398
1553,1521993038,308050923,-1.0,-0.371501803398
1554,1521993038,308050923,-1.0,-0.371501803398
1555,1521993038,308050923,-1.0,-0.371501803398
1556,1521993038,308050923,-1.0,-0.371501803398
1557,1521993038,388048525,-1.0,-0.365642249584
1558,1521993038,388048525,-1.0,-0.365642249584
1559,1521993038,388048525,-1.0,-0.365642249584
1560,1521993038,388048525,-1.0,-0.365642249584
1561,1521993038,404046915,-1.0,-0.356547743082
1562,1521993038,404046915,-1.0,-0.356547743082
1563,1521993038,404046915,-1.0,-0.356547743082
1564,1521993038,404046915,-1.0,-0.356547743082
1565,1521993038,404046915,-1.0,-0.356547743082
1566,1521993038,404046915,-1.0,-0.356547743082
1567,1521993038,428047802,-1.0,-0.328562259674
1568,1521993038,428047802,-1.0,-0.328562259674
1569,1521993038,428047802,-1.0,-0.328562259674
1570,1521993038,428047802,-1.0,-0.328562259674
1571,1521993038,444048915,-1.0,-0.304483175278
1572,1521993038,444048915,-1.0,-0.304483175278
1573,1521993038,444048915,-1.0,-0.304483175278
1574,1521993038,444048915,-1.0,-0.304483175278
1575,1521993038,444048915,-1.0,-0.304483175278
1576,1521993038,444048915,-1.0,-0.304483175278
1577,1521993038,468048261,-1.0,-0.282357245684
1578,1521993038,468048261,-1.0,-0.282357245684
1579,1521993038,468048261,-1.0,-0.282357245684
1580,1521993038,468048261,-1.0,-0.282357245684
1581,1521993038,484048330,-1.0,-0.273262739182
1582,1521993038,484048330,-1.0,-0.273262739182
1583,1521993038,484048330,-1.0,-0.273262739182
1584,1521993038,484048330,-1.0,-0.273262739182
1585,1521993038,484048330,-1.0,-0.273262739182
1586,1521993038,484048330,-1.0,-0.273262739182
1587,1521993038,508050366,-1.0,-0.264137685299
1588,1521993038,508050366,-1.0,-0.264137685299
1589,1521993038,508050366,-1.0,-0.264137685299
1590,1521993038,508050366,-1.0,-0.264137685299
1591,1521993038,524048763,-1.0,-0.256996363401
1592,1521993038,524048763,-1.0,-0.256996363401
1593,1521993038,524048763,-1.0,-0.256996363401
1594,1521993038,524048763,-1.0,-0.256996363401
1595,1521993038,524048763,-1.0,-0.256996363401
1596,1521993038,524048763,-1.0,-0.256996363401
1597,1521993038,548049241,-1.0,-0.254371762276
1598,1521993038,548049241,-1.0,-0.254371762276
1599,1521993038,548049241,-1.0,-0.254371762276
1600,1521993038,548049241,-1.0,-0.254371762276
1601,1521993038,564048220,-1.0,-0.252418577671
1602,1521993038,564048220,-1.0,-0.252418577671
1603,1521993038,564048220,-1.0,-0.252418577671
1604,1521993038,564048220,-1.0,-0.252418577671
1605,1521993038,564048220,-1.0,-0.252418577671
1606,1521993038,564048220,-1.0,-0.252418577671
1607,1521993038,588049248,-1.0,-0.249824523926
1608,1521993038,588049248,-1.0,-0.249824523926
1609,1521993038,588049248,-1.0,-0.249824523926
1610,1521993038,588049248,-1.0,-0.249824523926
1611,1521993038,604048634,-1.0,-0.242011785507
1612,1521993038,604048634,-1.0,-0.242011785507
1613,1521993038,604048634,-1.0,-0.242011785507
1614,1521993038,604048634,-1.0,-0.242011785507
1615,1521993038,604048634,-1.0,-0.242011785507
1616,1521993038,604048634,-1.0,-0.242011785507
1617,1521993038,628048353,-1.0,-0.215338602662
1618,1521993038,628048353,-1.0,-0.215338602662
1619,1521993038,628048353,-1.0,-0.215338602662
1620,1521993038,628048353,-1.0,-0.215338602662
1621,1521993038,644051247,-1.0,-0.187353134155
1622,1521993038,644051247,-1.0,-0.187353134155
1623,1521993038,644051247,-1.0,-0.187353134155
1624,1521993038,644051247,-1.0,-0.187353134155
1625,1521993038,644051247,-1.0,-0.187353134155
1626,1521993038,644051247,-1.0,-0.187353134155
1627,1521993038,668051435,-1.0,-0.153538614511
1628,1521993038,668051435,-1.0,-0.153538614511
1629,1521993038,668051435,-1.0,-0.153538614511
1630,1521993038,668051435,-1.0,-0.153538614511
1631,1521993038,684051606,-1.0,-0.122959077358
1632,1521993038,684051606,-1.0,-0.122959077358
1633,1521993038,684051606,-1.0,-0.122959077358
1634,1521993038,684051606,-1.0,-0.122959077358
1635,1521993038,684051606,-1.0,-0.122959077358
1636,1521993038,684051606,-1.0,-0.122959077358
1637,1521993038,708047979,-1.0,-0.0962858945131
1638,1521993038,708047979,-1.0,-0.0962858945131
1639,1521993038,708047979,-1.0,-0.0962858945131
1640,1521993038,708047979,-1.0,-0.0962858945131
1641,1521993038,708047979,-1.0,-0.0962858945131
1642,1521993038,708047979,-1.0,-0.0962858945131
1643,1521993038,732066315,-1.0,-0.0865199714899
1644,1521993038,732066315,-1.0,-0.0865199714899
1645,1521993038,732066315,-1.0,-0.0865199714899
1646,1521993038,732066315,-1.0,-0.0865199714899
1647,1521993038,748048174,-1.0,-0.0598467960954
1648,1521993038,748048174,-1.0,-0.0598467960954
1649,1521993038,748048174,-1.0,-0.0598467960954
1650,1521993038,748048174,-1.0,-0.0598467960954
1651,1521993038,748048174,-1.0,-0.0598467960954
1652,1521993038,748048174,-1.0,-0.0598467960954
1653,1521993038,772063795,-1.0,-0.0507217645645
1654,1521993038,772063795,-1.0,-0.0507217645645
1655,1521993038,772063795,-1.0,-0.0507217645645
1656,1521993038,772063795,-1.0,-0.0507217645645
1657,1521993038,788051343,-1.0,-0.0227668080479
1658,1521993038,788051343,-1.0,-0.0227668080479
1659,1521993038,788051343,-1.0,-0.0227668080479
1660,1521993038,788051343,-1.0,-0.0227668080479
1661,1521993038,788051343,-1.0,-0.0227668080479
1662,1521993038,788051343,-1.0,-0.0227668080479
1663,1521993038,812058272,-1.0,-0.000640888698399
1664,1521993038,812058272,-1.0,-0.000640888698399
1665,1521993038,812058272,-1.0,-0.000640888698399
1666,1521993038,812058272,-1.0,-0.000640888698399
1667,1521993038,828048017,-1.0,-0.0
1668,1521993038,828048017,-1.0,-0.0
1669,1521993038,828048017,-1.0,-0.0
1670,1521993038,828048017,-1.0,-0.0
1671,1521993038,828048017,-1.0,-0.0
1672,1521993038,828048017,-1.0,-0.0
1673,1521993038,828048017,-1.0,-0.0
1674,1521993038,828048017,-1.0,-0.0
1675,1521993038,828048017,-1.0,-0.0
1676,1521993038,828048017,-1.0,-0.0
1677,1521993038,828048017,-1.0,-0.0
1678,1521993038,828048017,-1.0,-0.0
1679,1521993038,828048017,-1.0,-0.0
1680,1521993038,828048017,-1.0,-0.0
1681,1521993038,828048017,-1.0,-0.0
1682,1521993038,828048017,-1.0,-0.0
1683,1521993038,828048017,-1.0,-0.0
1684,1521993038,828048017,-1.0,-0.0
1685,1521993038,828048017,-1.0,-0.0
1686,1521993038,828048017,-1.0,-0.0
1687,1521993038,828048017,-1.0,-0.0
1688,1521993038,828048017,-1.0,-0.0
1689,1521993038,828048017,-1.0,-0.0
1690,1521993038,828048017,-1.0,-0.0
1691,1521993038,828048017,-1.0,-0.0
1692,1521993038,828048017,-1.0,-0.0
1693,1521993038,828048017,-1.0,-0.0
1694,1521993038,828048017,-1.0,-0.0
1695,1521993038,828048017,-1.0,-0.0
1696,1521993038,828048017,-1.0,-0.0
1697,1521993038,828048017,-1.0,-0.0
1698,1521993038,828048017,-1.0,-0.0
1699,1521993038,828048017,-1.0,-0.0
1700,1521993038,828048017,-1.0,-0.0
1701,1521993038,828048017,-1.0,-0.0
1702,1521993038,828048017,-1.0,-0.0
1703,1521993038,828048017,-1.0,-0.0
1704,1521993038,828048017,-1.0,-0.0
1705,1521993038,828048017,-1.0,-0.0
1706,1521993038,828048017,-1.0,-0.0
1707,1521993038,828048017,-1.0,-0.0
1708,1521993038,828048017,-1.0,-0.0
1709,1521993038,828048017,-1.0,-0.0
1710,1521993038,828048017,-1.0,-0.0
1711,1521993038,828048017,-1.0,-0.0
1712,1521993038,828048017,-1.0,-0.0
1713,1521993038,828048017,-1.0,-0.0
1714,1521993038,828048017,-1.0,-0.0
1715,1521993038,828048017,-1.0,-0.0
1716,1521993038,828048017,-1.0,-0.0
1717,1521993038,828048017,-1.0,-0.0
1718,1521993038,828048017,-1.0,-0.0
1719,1521993038,828048017,-1.0,-0.0
1720,1521993038,828048017,-1.0,-0.0
1721,1521993038,828048017,-1.0,-0.0
1722,1521993038,828048017,-1.0,-0.0
1723,1521993038,828048017,-1.0,-0.0
1724,1521993038,828048017,-1.0,-0.0
1725,1521993038,828048017,-1.0,-0.0
1726,1521993038,828048017,-1.0,-0.0
1727,1521993038,828048017,-1.0,-0.0
1728,1521993038,828048017,-1.0,-0.0
1729,1521993038,828048017,-1.0,-0.0
1730,1521993038,828048017,-1.0,-0.0
1731,1521993038,828048017,-1.0,-0.0
1732,1521993038,828048017,-1.0,-0.0
1733,1521993038,828048017,-1.0,-0.0
1734,1521993038,828048017,-1.0,-0.0
1735,1521993038,828048017,-1.0,-0.0
1736,1521993038,828048017,-1.0,-0.0
1737,1521993038,828048017,-1.0,-0.0
1738,1521993038,828048017,-1.0,-0.0
1739,1521993038,828048017,-1.0,-0.0
1740,1521993038,828048017,-1.0,-0.0
1741,1521993038,828048017,-1.0,-0.0
1742,1521993038,828048017,-1.0,-0.0
1743,1521993038,828048017,-1.0,-0.0
1744,1521993038,828048017,-1.0,-0.0
1745,1521993038,828048017,-1.0,-0.0
1746,1521993038,828048017,-1.0,-0.0
1747,1521993038,828048017,-1.0,-0.0
1748,1521993038,828048017,-1.0,-0.0
1749,1521993038,828048017,-1.0,-0.0
1750,1521993038,828048017,-1.0,-0.0
1751,1521993038,828048017,-1.0,-0.0
1752,1521993038,828048017,-1.0,-0.0
1753,1521993038,828048017,-1.0,-0.0
1754,1521993038,828048017,-1.0,-0.0
1755,1521993038,828048017,-1.0,-0.0
1756,1521993038,828048017,-1.0,-0.0
1757,1521993038,828048017,-1.0,-0.0
1758,1521993038,828048017,-1.0,-0.0
1759,1521993038,828048017,-1.0,-0.0
1760,1521993038,828048017,-1.0,-0.0
1761,1521993038,828048017,-1.0,-0.0
1762,1521993038,828048017,-1.0,-0.0
1763,1521993038,828048017,-1.0,-0.0
1764,1521993038,828048017,-1.0,-0.0
1765,1521993038,828048017,-1.0,-0.0
1766,1521993038,828048017,-1.0,-0.0
1767,1521993038,828048017,-1.0,-0.0
1768,1521993038,828048017,-1.0,-0.0
1769,1521993038,828048017,-1.0,-0.0
1770,1521993038,828048017,-1.0,-0.0
1771,1521993038,828048017,-1.0,-0.0
1772,1521993038,828048017,-1.0,-0.0
1773,1521993038,828048017,-1.0,-0.0
1774,1521993038,828048017,-1.0,-0.0
1775,1521993038,828048017,-1.0,-0.0
1776,1521993038,828048017,-1.0,-0.0
1777,1521993038,828048017,-1.0,-0.0
1778,1521993038,828048017,-1.0,-0.0
1779,1521993038,828048017,-1.0,-0.0
1780,1521993038,828048017,-1.0,-0.0
1781,1521993038,828048017,-1.0,-0.0
1782,1521993038,828048017,-1.0,-0.0
1783,1521993038,828048017,-1.0,-0.0
1784,1521993038,828048017,-1.0,-0.0
1785,1521993038,828048017,-1.0,-0.0
1786,1521993038,828048017,-1.0,-0.0
1787,1521993038,828048017,-1.0,-0.0
1788,1521993038,828048017,-1.0,-0.0
1789,1521993038,828048017,-1.0,-0.0
1790,1521993038,828048017,-1.0,-0.0
1791,1521993038,828048017,-1.0,-0.0
1792,1521993038,828048017,-1.0,-0.0
1793,1521993038,828048017,-1.0,-0.0
1794,1521993038,828048017,-1.0,-0.0
1795,1521993038,828048017,-1.0,-0.0
1796,1521993038,828048017,-1.0,-0.0
1797,1521993038,828048017,-1.0,-0.0
1798,1521993038,828048017,-1.0,-0.0
1799,1521993038,828048017,-1.0,-0.0
1800,1521993038,828048017,-1.0,-0.0
1801,1521993038,828048017,-1.0,-0.0
1802,1521993038,828048017,-1.0,-0.0
1803,1521993038,828048017,-1.0,-0.0
1804,1521993038,828048017,-1.0,-0.0
1805,1521993039,388049169,-0.896572768688,-0.0
1806,1521993039,388049169,-0.896572768688,-0.0
1807,1521993039,388049169,-0.896572768688,-0.0
1808,1521993039,388049169,-0.896572768688,-0.0
1809,1521993039,388049169,-0.896572768688,-0.0
1810,1521993039,388049169,-0.896572768688,-0.0
1811,1521993039,412059379,-0.759941399097,-0.0
1812,1521993039,412059379,-0.759941399097,-0.0
1813,1521993039,412059379,-0.759941399097,-0.0
1814,1521993039,412059379,-0.759941399097,-0.0
1815,1521993039,428047421,-0.61091953516,-0.0
1816,1521993039,428047421,-0.61091953516,-0.0
1817,1521993039,428047421,-0.61091953516,-0.0
1818,1521993039,428047421,-0.61091953516,-0.0
1819,1521993039,428047421,-0.61091953516,-0.0
1820,1521993039,428047421,-0.61091953516,-0.0
1821,1521993039,452057918,-0.453474521637,-0.0
1822,1521993039,452057918,-0.453474521637,-0.0
1823,1521993039,452057918,-0.453474521637,-0.0
1824,1521993039,452057918,-0.453474521637,-0.0
1825,1521993039,468050677,-0.270638138056,-0.0
1826,1521993039,468050677,-0.270638138056,-0.0
1827,1521993039,468050677,-0.270638138056,-0.0
1828,1521993039,468050677,-0.270638138056,-0.0
1829,1521993039,468050677,-0.270638138056,-0.0
1830,1521993039,468050677,-0.270638138056,-0.0
1831,1521993039,492058353,-0.0949736014009,-0.0
1832,1521993039,492058353,-0.0949736014009,-0.0
1833,1521993039,492058353,-0.0949736014009,-0.0
1834,1521993039,492058353,-0.0949736014009,-0.0
1835,1521993039,508051794,-0.0,-0.0
1836,1521993039,508051794,-0.0,-0.0
1837,1521993039,508051794,-0.0,-0.0
1838,1521993039,508051794,-0.0,-0.0
1839,1521993039,508051794,-0.0,-0.0
1840,1521993039,508051794,-0.0,-0.0
1841,1521993039,508051794,-0.0,-0.0
1842,1521993039,508051794,-0.0,-0.0
1843,1521993039,508051794,-0.0,-0.0
1844,1521993039,508051794,-0.0,-0.0
1845,1521993039,508051794,-0.0,-0.0
1846,1521993039,508051794,-0.0,-0.0
1847,1521993039,508051794,-0.0,-0.0
1848,1521993039,508051794,-0.0,-0.0
1849,1521993039,508051794,-0.0,-0.0
1850,1521993039,508051794,-0.0,-0.0
1851,1521993039,508051794,-0.0,-0.0
1852,1521993039,508051794,-0.0,-0.0
1853,1521993039,508051794,-0.0,-0.0
1854,1521993039,508051794,-0.0,-0.0
1855,1521993039,508051794,-0.0,-0.0
1856,1521993039,508051794,-0.0,-0.0
1857,1521993039,508051794,-0.0,-0.0
1858,1521993039,508051794,-0.0,-0.0
1859,1521993039,508051794,-0.0,-0.0
1860,1521993039,508051794,-0.0,-0.0
1861,1521993039,508051794,-0.0,-0.0
1862,1521993039,508051794,-0.0,-0.0
1863,1521993039,508051794,-0.0,-0.0
1864,1521993039,508051794,-0.0,-0.0
1865,1521993039,508051794,-0.0,-0.0
1866,1521993039,508051794,-0.0,-0.0
1867,1521993039,508051794,-0.0,-0.0
1868,1521993039,508051794,-0.0,-0.0
1869,1521993039,508051794,-0.0,-0.0
1870,1521993039,508051794,-0.0,-0.0
1871,1521993039,508051794,-0.0,-0.0
1872,1521993039,508051794,-0.0,-0.0
1873,1521993039,508051794,-0.0,-0.0
1874,1521993039,508051794,-0.0,-0.0
1875,1521993039,508051794,-0.0,-0.0
1876,1521993039,508051794,-0.0,-0.0
1877,1521993039,508051794,-0.0,-0.0
1878,1521993039,508051794,-0.0,-0.0
1879,1521993039,508051794,-0.0,-0.0
1880,1521993039,508051794,-0.0,-0.0
1881,1521993039,508051794,-0.0,-0.0
1882,1521993039,508051794,-0.0,-0.0
1883,1521993039,508051794,-0.0,-0.0
1884,1521993039,508051794,-0.0,-0.0
1885,1521993039,508051794,-0.0,-0.0
1886,1521993039,508051794,-0.0,-0.0
1887,1521993039,508051794,-0.0,-0.0
1888,1521993039,508051794,-0.0,-0.0
1889,1521993039,508051794,-0.0,-0.0
1890,1521993039,508051794,-0.0,-0.0
1891,1521993039,508051794,-0.0,-0.0
1892,1521993039,508051794,-0.0,-0.0
1893,1521993039,508051794,-0.0,-0.0
1894,1521993039,508051794,-0.0,-0.0
1895,1521993039,508051794,-0.0,-0.0
1896,1521993039,508051794,-0.0,-0.0
1897,1521993039,508051794,-0.0,-0.0
1898,1521993039,508051794,-0.0,-0.0
1899,1521993039,508051794,-0.0,-0.0
1900,1521993039,508051794,-0.0,-0.0
1901,1521993039,508051794,-0.0,-0.0
1902,1521993039,508051794,-0.0,-0.0
1903,1521993039,508051794,-0.0,-0.0
1904,1521993039,508051794,-0.0,-0.0
1905,1521993039,508051794,-0.0,-0.0
1906,1521993039,508051794,-0.0,-0.0
1907,1521993039,508051794,-0.0,-0.0
1908,1521993039,508051794,-0.0,-0.0
1909,1521993039,508051794,-0.0,-0.0
1910,1521993039,508051794,-0.0,-0.0
1911,1521993039,508051794,-0.0,-0.0
1912,1521993039,508051794,-0.0,-0.0
1913,1521993039,508051794,-0.0,-0.0
1914,1521993039,508051794,-0.0,-0.0
1915,1521993039,508051794,-0.0,-0.0
1916,1521993039,508051794,-0.0,-0.0
1917,1521993039,508051794,-0.0,-0.0
1918,1521993039,508051794,-0.0,-0.0
1919,1521993039,508051794,-0.0,-0.0
1920,1521993039,508051794,-0.0,-0.0
1921,1521993039,508051794,-0.0,-0.0
1922,1521993039,508051794,-0.0,-0.0
1923,1521993039,508051794,-0.0,-0.0
1924,1521993039,508051794,-0.0,-0.0
1925,1521993039,508051794,-0.0,-0.0
1926,1521993039,508051794,-0.0,-0.0
1927,1521993039,508051794,-0.0,-0.0
1928,1521993039,508051794,-0.0,-0.0
1929,1521993039,508051794,-0.0,-0.0
1930,1521993039,508051794,-0.0,-0.0
1931,1521993039,508051794,-0.0,-0.0
1932,1521993039,508051794,-0.0,-0.0
1933,1521993039,508051794,-0.0,-0.0
1934,1521993039,508051794,-0.0,-0.0
1935,1521993039,508051794,-0.0,-0.0
1936,1521993039,508051794,-0.0,-0.0
1937,1521993039,508051794,-0.0,-0.0
1938,1521993039,508051794,-0.0,-0.0
1939,1521993039,508051794,-0.0,-0.0
1940,1521993039,508051794,-0.0,-0.0
1941,1521993039,508051794,-0.0,-0.0
1942,1521993039,508051794,-0.0,-0.0
1943,1521993039,508051794,-0.0,-0.0
1944,1521993039,508051794,-0.0,-0.0
1945,1521993039,508051794,-0.0,-0.0
1946,1521993039,508051794,-0.0,-0.0
1947,1521993039,508051794,-0.0,-0.0
1948,1521993039,508051794,-0.0,-0.0
1949,1521993039,508051794,-0.0,-0.0
1950,1521993039,508051794,-0.0,-0.0
1951,1521993039,508051794,-0.0,-0.0
1952,1521993039,508051794,-0.0,-0.0
1953,1521993039,508051794,-0.0,-0.0
1954,1521993039,508051794,-0.0,-0.0
1955,1521993039,508051794,-0.0,-0.0
1956,1521993039,508051794,-0.0,-0.0
1957,1521993039,508051794,-0.0,-0.0
1958,1521993039,508051794,-0.0,-0.0
1959,1521993039,508051794,-0.0,-0.0
1960,1521993039,508051794,-0.0,-0.0
1961,1521993039,508051794,-0.0,-0.0
1962,1521993039,508051794,-0.0,-0.0
1963,1521993039,508051794,-0.0,-0.0
1964,1521993039,508051794,-0.0,-0.0
1965,1521993039,508051794,-0.0,-0.0
1966,1521993039,508051794,-0.0,-0.0
1967,1521993039,508051794,-0.0,-0.0
1968,1521993039,508051794,-0.0,-0.0
1969,1521993039,508051794,-0.0,-0.0
1970,1521993039,508051794,-0.0,-0.0
1971,1521993039,508051794,-0.0,-0.0
1972,1521993039,508051794,-0.0,-0.0
1973,1521993039,508051794,-0.0,-0.0
1974,1521993039,508051794,-0.0,-0.0
1975,1521993039,508051794,-0.0,-0.0
1976,1521993039,508051794,-0.0,-0.0
1977,1521993039,508051794,-0.0,-0.0
1978,1521993039,508051794,-0.0,-0.0
1979,1521993039,508051794,-0.0,-0.0
1980,1521993039,508051794,-0.0,-0.0
1981,1521993039,508051794,-0.0,-0.0
1982,1521993039,508051794,-0.0,-0.0
1983,1521993039,508051794,-0.0,-0.0
1984,1521993039,508051794,-0.0,-0.0
1985,1521993039,508051794,-0.0,-0.0
1986,1521993039,508051794,-0.0,-0.0
1987,1521993039,508051794,-0.0,-0.0
1988,1521993039,508051794,-0.0,-0.0
1989,1521993039,508051794,-0.0,-0.0
1990,1521993039,508051794,-0.0,-0.0
1991,1521993039,508051794,-0.0,-0.0
1992,1521993039,508051794,-0.0,-0.0
1993,1521993039,508051794,-0.0,-0.0
1994,1521993039,508051794,-0.0,-0.0
1995,1521993039,508051794,-0.0,-0.0
1996,1521993039,508051794,-0.0,-0.0
1997,1521993039,508051794,-0.0,-0.0
1998,1521993039,508051794,-0.0,-0.0
1999,1521993039,508051794,-0.0,-0.0
2000,1521993039,508051794,-0.0,-0.0
2001,1521993039,508051794,-0.0,-0.0
2002,1521993039,508051794,-0.0,-0.0
2003,1521993039,508051794,-0.0,-0.0
2004,1521993039,508051794,-0.0,-0.0
2005,1521993039,508051794,-0.0,-0.0
2006,1521993039,508051794,-0.0,-0.0
2007,1521993039,508051794,-0.0,-0.0
2008,1521993039,508051794,-0.0,-0.0
2009,1521993039,508051794,-0.0,-0.0
2010,1521993039,508051794,-0.0,-0.0
2011,1521993039,508051794,-0.0,-0.0
2012,1521993039,508051794,-0.0,-0.0
2013,1521993039,508051794,-0.0,-0.0
2014,1521993039,508051794,-0.0,-0.0
2015,1521993039,508051794,-0.0,-0.0
2016,1521993039,508051794,-0.0,-0.0
2017,1521993039,508051794,-0.0,-0.0
2018,1521993039,508051794,-0.0,-0.0
2019,1521993039,508051794,-0.0,-0.0
2020,1521993039,508051794,-0.0,-0.0
2021,1521993039,508051794,-0.0,-0.0
2022,1521993039,508051794,-0.0,-0.0
2023,1521993039,508051794,-0.0,-0.0
2024,1521993039,508051794,-0.0,-0.0
2025,1521993039,508051794,-0.0,-0.0
2026,1521993039,508051794,-0.0,-0.0
2027,1521993039,508051794,-0.0,-0.0
2028,1521993039,508051794,-0.0,-0.0
2029,1521993039,508051794,-0.0,-0.0
2030,1521993039,508051794,-0.0,-0.0
2031,1521993039,508051794,-0.0,-0.0
2032,1521993039,508051794,-0.0,-0.0
2033,1521993039,508051794,-0.0,-0.0
2034,1521993039,508051794,-0.0,-0.0
2035,1521993039,508051794,-0.0,-0.0
2036,1521993039,508051794,-0.0,-0.0
2037,1521993039,508051794,-0.0,-0.0
2038,1521993039,508051794,-0.0,-0.0
2039,1521993039,508051794,-0.0,-0.0
2040,1521993039,508051794,-0.0,-0.0
2041,1521993039,508051794,-0.0,-0.0
2042,1521993039,508051794,-0.0,-0.0
2043,1521993039,508051794,-0.0,-0.0
2044,1521993039,508051794,-0.0,-0.0
2045,1521993039,508051794,-0.0,-0.0
2046,1521993039,508051794,-0.0,-0.0
2047,1521993039,508051794,-0.0,-0.0
2048,1521993039,508051794,-0.0,-0.0
2049,1521993039,508051794,-0.0,-0.0
2050,1521993039,508051794,-0.0,-0.0
2051,1521993039,508051794,-0.0,-0.0
2052,1521993039,508051794,-0.0,-0.0
2053,1521993039,508051794,-0.0,-0.0
2054,1521993039,508051794,-0.0,-0.0
2055,1521993039,508051794,-0.0,-0.0
2056,1521993039,508051794,-0.0,-0.0
2057,1521993039,508051794,-0.0,-0.0
2058,1521993039,508051794,-0.0,-0.0
2059,1521993039,508051794,-0.0,-0.0
2060,1521993039,508051794,-0.0,-0.0
2061,1521993039,508051794,-0.0,-0.0
2062,1521993039,508051794,-0.0,-0.0
2063,1521993039,508051794,-0.0,-0.0
2064,1521993039,508051794,-0.0,-0.0
2065,1521993039,508051794,-0.0,-0.0
2066,1521993039,508051794,-0.0,-0.0
2067,1521993039,508051794,-0.0,-0.0
2068,1521993039,508051794,-0.0,-0.0
2069,1521993039,508051794,-0.0,-0.0
2070,1521993039,508051794,-0.0,-0.0
2071,1521993039,508051794,-0.0,-0.0
2072,1521993039,508051794,-0.0,-0.0
2073,1521993039,508051794,-0.0,-0.0
2074,1521993039,508051794,-0.0,-0.0
2075,1521993039,508051794,-0.0,-0.0
2076,1521993039,508051794,-0.0,-0.0
2077,1521993039,508051794,-0.0,-0.0
2078,1521993039,508051794,-0.0,-0.0
2079,1521993039,508051794,-0.0,-0.0
