1,1521992247,128316926,0.0,0.0
2,1521992247,131667227,0.0,0.0
3,1521992247,134981918,0.0,0.0
4,1521992247,138314656,0.0,0.0
5,1521992247,141649000,0.0,0.0
6,1521992247,144982574,0.0,0.0
7,1521992247,148315781,0.0,0.0
8,1521992247,151648926,0.0,0.0
9,1521992247,154983306,0.0,0.0
10,1521992247,158316080,0.0,0.0
11,1521992247,161648989,0.0,0.0
12,1521992247,164981895,0.0,0.0
13,1521992247,168315718,0.0,0.0
14,1521992247,171648989,0.0,0.0
15,1521992247,174983243,0.0,0.0
16,1521992247,178315734,0.0,0.0
17,1521992247,181648724,0.0,0.0
18,1521992247,184982140,0.0,0.0
19,1521992247,188315888,0.0,0.0
20,1521992247,191648574,0.0,0.0
21,1521992247,194983368,0.0,0.0
22,1521992247,198315383,0.0,0.0
23,1521992247,201648219,0.0,0.0
24,1521992247,204982814,0.0,0.0
25,1521992247,208315061,0.0,0.0
26,1521992247,211648641,0.0,0.0
27,1521992247,214981359,0.0,0.0
28,1521992247,218315620,0.0,0.0
29,1521992247,221648962,0.0,0.0
30,1521992247,224981816,0.0,0.0
31,1521992247,228315141,0.0,0.0
32,1521992247,231648650,0.0,0.0
33,1521992247,234982997,0.0,0.0
34,1521992247,238315700,0.0,0.0
35,1521992247,241649116,0.0,0.0
36,1521992247,244981924,0.0,0.0
37,1521992247,248315409,0.0,0.0
38,1521992247,251648911,0.0,0.0
39,1521992247,254981994,0.0,0.0
40,1521992247,258315175,0.0,0.0
41,1521992247,261647921,0.0,0.0
42,1521992247,264982131,0.0,0.0
43,1521992247,268315630,0.0,0.0
44,1521992247,271648686,0.0,0.0
45,1521992247,274981571,0.0,0.0
46,1521992247,278315284,0.0,0.0
47,1521992247,281649115,0.0,0.0
48,1521992247,284982157,0.0,0.0
49,1521992247,288315508,0.0,0.0
50,1521992247,291648872,0.0,0.0
51,1521992247,294982699,0.0,0.0
52,1521992247,298315657,0.0,0.0
53,1521992247,301658983,0.0,0.0
54,1521992247,304981869,0.0,0.0
55,1521992247,308315307,0.0,0.0
56,1521992247,311648704,0.0,0.0
57,1521992247,314993399,0.0,0.0
58,1521992247,318315561,0.0,0.0
59,1521992247,321650450,0.0,0.0
60,1521992247,324982656,0.0,0.0
61,1521992247,328315289,0.0,0.0
62,1521992247,331663190,0.0,0.0
63,1521992247,334982770,0.0,0.0
64,1521992247,338315464,0.0,0.0
65,1521992247,341648617,0.0,0.0
66,1521992247,344982580,0.0,0.0
67,1521992247,348315446,0.0,0.0
68,1521992247,351647915,0.0,0.0
69,1521992247,354983024,0.0,0.0
70,1521992247,358315388,0.0,0.0
71,1521992247,361648677,0.0,0.0
72,1521992247,364982151,0.0,0.0
73,1521992247,368316191,0.0,0.0
74,1521992247,371648706,0.0,0.0
75,1521992247,374982634,0.0,0.0
76,1521992247,378315466,0.0,0.0
77,1521992247,381648348,0.0,0.0
78,1521992247,384982188,0.0,0.0
79,1521992247,388315253,0.0,0.0
80,1521992247,391648752,0.0,0.0
81,1521992247,394982753,0.0,0.0
82,1521992247,398315361,0.0,0.0
83,1521992247,401648407,0.0,0.0
84,1521992247,404981939,0.0,0.0
85,1521992247,408315665,0.0,0.0
86,1521992247,411648939,0.0,0.0
87,1521992247,414981997,0.0,0.0
88,1521992247,418315261,0.0,0.0
89,1521992247,421648446,0.0,0.0
90,1521992247,424981918,0.0,0.0
91,1521992247,428315518,0.0,0.0
92,1521992247,431648125,0.0,0.0
93,1521992247,434982710,0.0,0.0
94,1521992247,438315552,0.0,0.0
95,1521992247,441648370,0.0,0.0
96,1521992247,444981717,0.0,0.0
97,1521992247,448318292,0.0,0.0
98,1521992247,451650545,0.0,0.0
99,1521992247,454985844,0.0,0.0
100,1521992247,458318316,0.0,0.0
101,1521992247,461651096,0.0,0.0
102,1521992247,464984804,0.0,0.0
103,1521992247,468317600,0.0,0.0
104,1521992247,471650572,0.0,0.0
105,1521992247,474985276,0.0,0.0
106,1521992247,478317447,0.0,0.0
107,1521992247,481650790,0.0,0.0
108,1521992247,484983476,0.0,0.0
109,1521992247,488315696,0.0,0.0
110,1521992247,491648509,0.0,0.0
111,1521992247,494982963,0.0,0.0
112,1521992247,498315527,0.0,0.0
113,1521992247,501648499,0.0,0.0
114,1521992247,504981947,0.0,0.0
115,1521992247,508315890,0.0,0.0
116,1521992247,511648682,0.0,0.0
117,1521992247,514981486,0.0,0.0
118,1521992247,518315434,0.0,0.0
119,1521992247,521648793,0.0,0.0
120,1521992247,524982048,0.0,0.0
121,1521992247,528315804,0.0,0.0
122,1521992247,531648281,0.0,0.0
123,1521992247,534982530,0.0,0.0
124,1521992247,538315812,0.0,0.0
125,1521992247,541649326,0.0,0.0
126,1521992247,544982122,0.0,0.0
127,1521992247,548315481,0.0,0.0
128,1521992247,551649151,0.0,0.0
129,1521992247,554982965,0.0,0.0
130,1521992247,558315281,0.0,0.0
131,1521992247,561658898,0.0,0.0
132,1521992247,564982218,0.0,0.0
133,1521992247,568315661,0.0,0.0
134,1521992247,571648392,0.0,0.0
135,1521992247,574981791,0.0,0.0
136,1521992247,578315813,0.0,0.0
137,1521992247,581658443,0.0,0.0
138,1521992247,584981882,0.0,0.0
139,1521992247,588315605,0.0,0.0
140,1521992247,591649082,0.0,0.0
141,1521992247,594982423,0.0,0.0
142,1521992247,598315629,0.0,0.0
143,1521992247,601648464,0.0,0.0
144,1521992247,604981311,0.0,0.0
145,1521992247,608315571,0.0,0.0
146,1521992247,611648486,0.0,0.0
147,1521992247,614981206,0.0,0.0
148,1521992247,618315900,0.0,0.0
149,1521992247,621648991,0.0,0.0
150,1521992247,624981951,0.0,0.0
151,1521992247,628328552,0.0,0.0
152,1521992247,631658739,0.0,0.0
153,1521992247,634982012,0.0,0.0
154,1521992247,638315490,0.0,0.0
155,1521992247,641649007,0.0,0.0
156,1521992247,644982076,0.0,0.0
157,1521992247,648314862,0.0,0.0
158,1521992247,651648306,0.0,0.0
159,1521992247,654981283,0.0,0.0
160,1521992247,658315283,0.0,0.0
161,1521992247,661648653,0.0,0.0
162,1521992247,664982190,0.0,0.0
163,1521992247,668315405,0.0,0.0
164,1521992247,671649076,0.0,0.0
165,1521992247,674982450,0.0,0.0
166,1521992247,678315941,0.0,0.0
167,1521992247,681648992,0.0,0.0
168,1521992247,684982102,0.0,0.0
169,1521992247,688315925,0.0,0.0
170,1521992247,691648919,0.0,0.0
171,1521992247,694982835,0.0,0.0
172,1521992247,698315521,0.0,0.0
173,1521992247,701648966,0.0,0.0
174,1521992247,704981632,0.0,0.0
175,1521992247,708315555,0.0,0.0
176,1521992247,711648689,0.0,0.0
177,1521992247,714981511,0.0,0.0
178,1521992247,718315863,0.0,0.0
179,1521992247,721649818,0.0,0.0
180,1521992247,724981906,0.0,0.0
181,1521992247,728315052,0.0,0.0
182,1521992247,731648179,0.0,0.0
183,1521992247,734983206,0.0,0.0
184,1521992247,738316106,0.0,0.0
185,1521992247,741648494,0.0,0.0
186,1521992247,744982012,0.0,0.0
187,1521992247,748315619,0.0,0.0
188,1521992247,751658746,0.0,0.0
189,1521992247,755009453,0.0,0.0
190,1521992247,758315738,0.0,0.0
191,1521992247,761649024,0.0,0.0
192,1521992247,764982233,0.0,0.0
193,1521992247,768315350,0.0,0.0
194,1521992247,771648901,0.0,0.0
195,1521992247,774983175,0.0,0.0
196,1521992247,778315363,0.0,0.0
197,1521992247,781648730,0.0,0.0
198,1521992247,784981853,0.0,0.0
199,1521992247,788315766,0.0,0.0
200,1521992247,791648844,0.0,0.0
201,1521992247,794982061,0.0,0.0
202,1521992247,798315702,0.0,0.0
203,1521992247,801648160,0.0,0.0
204,1521992247,804981675,0.0,0.0
205,1521992247,808315338,0.0,0.0
206,1521992247,811648427,0.0,0.0
207,1521992247,814975632,0.0,0.0
208,1521992247,818315784,0.0,0.0
209,1521992247,821648792,0.0,0.0
210,1521992247,824982738,0.0,0.0
211,1521992247,828315473,0.0,0.0
212,1521992247,831648925,0.0,0.0
213,1521992247,834982817,0.0,0.0
214,1521992247,838315693,0.0,0.0
215,1521992247,841648375,0.0,0.0
216,1521992247,844981830,0.0,0.0
217,1521992247,848315280,0.0,0.0
218,1521992247,851648554,0.0,0.0
219,1521992247,854982670,0.0,0.0
220,1521992247,858315541,0.0,0.0
221,1521992247,861648857,0.0,0.0
222,1521992247,864982113,0.0,0.0
223,1521992247,868315468,0.0,0.0
224,1521992247,871648003,0.0,0.0
225,1521992247,874984945,0.0,0.0
226,1521992247,878318507,0.0,0.0
227,1521992247,881652135,0.0,0.0
228,1521992247,884985492,0.0,0.0
229,1521992247,888318838,0.0,0.0
230,1521992247,891664235,0.0,0.0
231,1521992247,894984431,0.0,0.0
232,1521992247,898317258,0.0,0.0
233,1521992247,901650247,0.0,0.0
234,1521992247,904983867,0.0,0.0
235,1521992247,908317174,0.0,0.0
236,1521992247,911650543,0.0,0.0
237,1521992247,914983967,0.0,0.0
238,1521992247,918317547,0.0,0.0
239,1521992247,921653254,0.0,0.0
240,1521992247,924984486,0.0,0.0
241,1521992247,928316653,0.0,0.0
242,1521992247,931665942,0.0,0.0
243,1521992247,934983714,0.0,0.0
244,1521992247,938317250,0.0,0.0
245,1521992247,941650752,0.0,0.0
246,1521992247,944983854,0.0,0.0
247,1521992247,948315110,0.0,0.0
248,1521992247,951648108,0.0,0.0
249,1521992247,954982421,0.0,0.0
250,1521992247,958315273,0.0,0.0
251,1521992247,961648527,0.0,0.0
252,1521992247,964981735,0.0,0.0
253,1521992247,968315097,0.0,0.0
254,1521992247,971649844,0.0,0.0
255,1521992247,974985191,0.0,0.0
256,1521992247,978330539,0.0,0.0
257,1521992247,981648081,0.0,0.0
258,1521992247,984981732,0.0,0.0
259,1521992247,988315719,0.0,0.0
260,1521992247,991649068,0.0,0.0
261,1521992247,994982672,0.0,0.0
262,1521992247,998315255,0.0,0.0
263,1521992248,1648846,0.0,0.0
264,1521992248,4982071,0.0,0.0
265,1521992248,8315331,0.0,0.0
266,1521992248,11648584,0.0,0.0
267,1521992248,14981705,0.0,0.0
268,1521992248,18315380,0.0,0.0
269,1521992248,21648785,0.0,0.0
270,1521992248,24982451,0.0,0.0
271,1521992248,28314743,0.0,0.0
272,1521992248,31647953,0.0,0.0
273,1521992248,34981927,0.0,0.0
274,1521992248,38315748,0.0,0.0
275,1521992248,41648030,0.0,0.0
276,1521992248,44982306,0.0,0.0
277,1521992248,48315354,0.0,0.0
278,1521992248,51648497,0.0,0.0
279,1521992248,54981394,0.0,0.0
280,1521992248,58315160,0.0,0.0
281,1521992248,61647916,0.0,0.0
282,1521992248,64981507,0.0,0.0
283,1521992248,68315330,0.0,0.0
284,1521992248,71656911,0.0,0.0
285,1521992248,74983288,0.0,0.0
286,1521992248,78315505,0.0,0.0
287,1521992248,81658329,0.0,0.0
288,1521992248,84982120,0.0,0.0
289,1521992248,88315406,0.0,0.0
290,1521992248,91647708,0.0,0.0
291,1521992248,94982856,0.0,0.0
292,1521992248,98315761,0.0,0.0
293,1521992248,101649367,0.0,0.0
294,1521992248,104982035,0.0,0.0
295,1521992248,108315920,0.0,0.0
296,1521992248,111648753,0.0,0.0
297,1521992248,114995297,0.0,0.0
298,1521992248,118315511,0.0,0.0
299,1521992248,121648851,0.0,0.0
300,1521992248,124981941,0.0,0.0
301,1521992248,128315022,0.0,0.0
302,1521992248,131647928,0.0,0.0
303,1521992248,134982620,0.0,0.0
304,1521992248,138315502,0.0,0.0
305,1521992248,141648495,0.0,0.0
306,1521992248,144982160,0.0,0.0
307,1521992248,148315511,0.0,0.0
308,1521992248,151648435,0.0,0.0
309,1521992248,154981325,0.0,0.0
310,1521992248,158316069,0.0,0.0
311,1521992248,161648688,0.0,0.0
312,1521992248,164981186,0.0,0.0
313,1521992248,168315825,0.0,0.0
314,1521992248,171659752,0.0,0.0
315,1521992248,174982696,0.0,0.0
316,1521992248,178315212,0.0,0.0
317,1521992248,181648621,0.0,0.0
318,1521992248,184981368,0.0,0.0
319,1521992248,188315346,0.0,0.0
320,1521992248,191649226,0.0,0.0
321,1521992248,194982563,0.0,0.0
322,1521992248,198315690,0.0,0.0
323,1521992248,201648518,0.0,0.0
324,1521992248,204982055,0.0,0.0
325,1521992248,208315162,0.0,0.0
326,1521992248,211648539,0.0,0.0
327,1521992248,214981973,0.0,0.0
328,1521992248,218315425,0.0,0.0
329,1521992248,221647821,0.0,0.0
330,1521992248,224981770,0.0,0.0
331,1521992248,228315365,0.0,0.0
332,1521992248,231647896,0.0,0.0
333,1521992248,234983045,0.0,0.0
334,1521992248,238314804,0.0,0.0
335,1521992248,241648486,0.0,0.0
336,1521992248,244981036,0.0,0.0
337,1521992248,248315262,0.0,0.0
338,1521992248,251648440,0.0,0.0
339,1521992248,254992927,0.0,0.0
340,1521992248,258315073,0.0,0.0
341,1521992248,261647761,0.0,0.0
342,1521992248,264981775,0.0,0.0
343,1521992248,268315111,0.0,0.0
344,1521992248,271648633,0.0,0.0
345,1521992248,274981626,0.0,0.0
346,1521992248,278315319,0.0,0.0
347,1521992248,281648324,0.0,0.0
348,1521992248,284982126,0.0,0.0
349,1521992248,288315424,0.0,0.0
350,1521992248,291648261,0.0,0.0
351,1521992248,294981696,0.0,0.0
352,1521992248,298315343,0.0,0.0
353,1521992248,301648451,0.0,0.0
354,1521992248,304982248,0.0,0.0
355,1521992248,308315249,0.0,0.0
356,1521992248,311648378,0.0,0.0
357,1521992248,314982286,0.0,0.0
358,1521992248,318315470,0.0,0.0
359,1521992248,321648699,0.0,0.0
360,1521992248,324981302,0.0,0.0
361,1521992248,328315188,0.0,0.0
362,1521992248,331648322,0.0,0.0
363,1521992248,334981854,0.0,0.0
364,1521992248,338314845,0.0,0.0
365,1521992248,341647660,0.0,0.0
366,1521992248,344981594,0.0,0.0
367,1521992248,348315187,0.0,0.0
368,1521992248,351647793,0.0,0.0
369,1521992248,354981701,0.0,0.0
370,1521992248,358315141,0.0,0.0
371,1521992248,361648493,0.0,0.0
372,1521992248,364982045,0.0,0.0
373,1521992248,368315342,0.0,0.0
374,1521992248,371648694,0.0,0.0
375,1521992248,374982628,0.0,0.0
376,1521992248,378315113,0.0,0.0
377,1521992248,381648654,0.0,0.0
378,1521992248,384982184,0.0,0.0
379,1521992248,388315360,0.0,0.0
380,1521992248,391648283,0.0,0.0
381,1521992248,394982759,0.0,0.0
382,1521992248,398315318,0.0,0.0
383,1521992248,401648756,0.0,0.0
384,1521992248,404981906,0.0,0.0
385,1521992248,408314991,0.0,0.0
386,1521992248,411648782,0.0,0.0
387,1521992248,414982211,0.0,0.0
388,1521992248,418315498,0.0,0.0
389,1521992248,421658427,0.0,0.0
390,1521992248,424981913,0.0,0.0
391,1521992248,428315062,0.0,0.0
392,1521992248,431647530,0.0,0.0
393,1521992248,434982840,0.0,0.0
394,1521992248,438319599,0.0,0.0
395,1521992248,441649785,0.0,0.0
396,1521992248,444985374,0.0,0.0
397,1521992248,448317095,0.0,0.0
398,1521992248,451650700,0.0,0.0
399,1521992248,454982760,0.0,0.0
400,1521992248,458317546,0.0,0.0
401,1521992248,461650656,0.0,0.0
402,1521992248,464984277,0.0,0.0
403,1521992248,468315803,0.0,0.0
404,1521992248,471648281,0.0,0.0
405,1521992248,474982764,0.0,0.0
406,1521992248,478315309,0.0,0.0
407,1521992248,481648672,0.0,0.0
408,1521992248,484981629,0.0,0.0
409,1521992248,488315498,0.0,0.0
410,1521992248,491648457,0.0,0.0
411,1521992248,494982795,0.0,0.0
412,1521992248,498315447,0.0,0.0
413,1521992248,501647876,0.0,0.0
414,1521992248,504981621,0.0,0.0
415,1521992248,508317051,0.0,0.0
416,1521992248,511651570,0.0,0.0
417,1521992248,514998226,0.0,0.0
418,1521992248,518317650,0.0,0.0
419,1521992248,521651771,0.0,0.0
420,1521992248,524984550,0.0,0.0
421,1521992248,528284743,0.0,0.0
422,1521992248,531649233,0.0,0.0
423,1521992248,534982465,0.0,0.0
424,1521992248,538277520,0.0,0.0
425,1521992248,541649904,0.0,0.0
426,1521992248,544981475,0.0,0.0
427,1521992248,548314978,0.0,0.0
428,1521992248,551648941,0.0,0.0
429,1521992248,554981504,0.0,0.0
430,1521992248,558315324,0.0,0.0
431,1521992248,561648066,0.0,0.0
432,1521992248,564981851,0.0,0.0
433,1521992248,568315611,0.0,0.0
434,1521992248,571649002,0.0,0.0
435,1521992248,574982104,0.0,0.0
436,1521992248,578315512,0.0,0.0
437,1521992248,581648503,0.0,0.0
438,1521992248,584981968,0.0,0.0
439,1521992248,588315221,0.0,0.0
440,1521992248,591648579,0.0,0.0
441,1521992248,594982588,0.0,0.0
442,1521992248,598315304,0.0,0.0
443,1521992248,601648239,0.0,0.0
444,1521992248,604982007,0.0,0.0
445,1521992248,608314681,0.0,0.0
446,1521992248,611671340,0.0,0.0
447,1521992248,614982286,0.0,0.0
448,1521992248,618315356,0.0,0.0
449,1521992248,621648913,0.0,0.0
450,1521992248,624982035,0.0,0.0
451,1521992248,628314914,0.0,0.0
452,1521992248,631650589,0.0,0.0
453,1521992248,634982116,0.0,0.0
454,1521992248,638316219,0.0,0.0
455,1521992248,641648737,0.0,0.0
456,1521992248,644981719,0.0,0.0
457,1521992248,648315681,0.0,0.0
458,1521992248,651648482,0.0,0.0
459,1521992248,654982103,0.0,0.0
460,1521992248,658315508,0.0,0.0
461,1521992248,661648408,0.0,0.0
462,1521992248,664982006,0.0,0.0
463,1521992248,668315308,0.0,0.0
464,1521992248,671658670,0.0,0.0
465,1521992248,674981732,0.0,0.0
466,1521992248,678315394,0.0,0.0
467,1521992248,681659061,0.0,0.0
468,1521992248,684982136,0.0,0.0
469,1521992248,688315031,0.0,0.0
470,1521992248,691648880,0.0,0.0
471,1521992248,694982723,0.0,0.0
472,1521992248,698315551,0.0,0.0
473,1521992248,701648450,0.0,0.0
474,1521992248,704935195,0.0,0.0
475,1521992248,708315033,0.0,0.0
476,1521992248,711648264,0.0,0.0
477,1521992248,714982268,0.0,0.0
478,1521992248,718315322,0.0,0.0
479,1521992248,721649042,0.0,0.0
480,1521992248,724981214,0.0,0.0
481,1521992248,728315347,0.0,0.0
482,1521992248,731648630,0.0,0.0
483,1521992248,734981967,0.0,0.0
484,1521992248,738315568,0.0,0.0
485,1521992248,741648314,0.0,0.0
486,1521992248,744981013,0.0,0.0
487,1521992248,748315066,0.0,0.0
488,1521992248,751647494,0.0,0.0
489,1521992248,754980786,0.0,0.0
490,1521992248,758315505,0.0,0.0
491,1521992248,761648277,0.0,0.0
492,1521992248,764981771,0.0,0.0
493,1521992248,768317771,0.0,0.0
494,1521992248,771651403,0.0,0.0
495,1521992248,774982975,0.0,0.0
496,1521992248,778315530,0.0,0.0
497,1521992248,781649209,0.0,0.0
498,1521992248,784982456,0.0,0.0
499,1521992248,788315749,0.0,0.0
500,1521992248,791648616,0.000352528721395,0.0
501,1521992248,794983579,0.000352301901371,0.0
502,1521992248,798315759,0.00105781317896,0.000351157566335
503,1521992248,801648822,0.00141001401899,0.00140422836827
504,1521992248,804982504,0.00176226541138,0.00280805501193
505,1521992248,808315765,0.00246734804196,0.00456341577228
506,1521992248,811649137,0.00387726120879,0.0063185756847
507,1521992248,814983167,0.00493363743917,0.00877391688197
508,1521992248,818316110,0.00493504906647,0.0108827698541
509,1521992248,821649314,0.00493504906647,0.0133401694985
510,1521992248,824982050,0.00352528721395,0.0161497814412
511,1521992248,828315499,0.00246734804196,0.0182536630891
512,1521992248,831648721,0.00176239145854,0.021763982914
513,1521992248,834983196,0.00176188737804,0.0252670737641
514,1521992248,838315623,0.00176276970825,0.0294930150491
515,1521992248,841648778,0.00282002803798,0.0337014808384
516,1521992248,844982205,0.00458221779221,0.0375604221257
517,1521992248,848315790,0.00599170239869,0.040716797673
518,1521992248,851648874,0.00705007009496,0.0407226226798
519,1521992248,854988387,0.00844377639131,0.041695266617
520,1521992248,858322943,0.00880880701483,0.0417578721225
521,1521992248,861654569,0.00916902632788,0.0417937311797
522,1521992248,864989281,0.00916050431871,0.0329828516356
523,1521992248,868317513,0.00953123015059,0.0239060826649
524,1521992248,871652159,0.00951351157602,0.0112290076296
525,1521992248,874986185,0.0105720802268,0.00561530680446
526,1521992248,878318083,0.0130472960906,0.00561892310222
527,1521992248,881650940,0.0148062062986,0.0056173152839
528,1521992248,884984472,0.016565294867,0.0101791994182
529,1521992248,888315415,0.0190474515643,0.0144026128431
530,1521992248,891647918,0.0211547499308,0.0179077545612
531,1521992248,894982612,0.0225489337076,0.0210528840227
532,1521992248,898315213,0.0225634522656,0.0231730832529
533,1521992248,901648239,0.0225602243039,0.0245739964447
534,1521992248,904981790,0.0225569972656,0.0259745088603
535,1521992248,908314772,0.0215042520051,0.025980083188
536,1521992248,911648477,0.0214981004634,0.0259726512826
537,1521992248,914982727,0.0214950260121,0.0259689369242
538,1521992248,918314726,0.0222156663164,0.0259875193478
539,1521992248,921648102,0.0250259587113,0.0259763667038
540,1521992248,924981578,0.0289011527466,0.0273785363663
541,1521992248,928316008,0.0317117052534,0.0284234255623
542,1521992248,931649184,0.0331353294463,0.0301909099178
543,1521992248,934982021,0.0331376998111,0.0326506450876
544,1521992248,938315141,0.0331353294463,0.0340525379305
545,1521992248,941648685,0.0334830428162,0.0340476670196
546,1521992248,944981958,0.0341903942957,0.0347521662658
547,1521992248,948315025,0.0341928399606,0.0351057092067
548,1521992248,951648906,0.0352427876448,0.0354491591831
549,1521992248,954981417,0.0356104957168,0.03546437668
550,1521992248,958315194,0.0355952155213,0.0372040680535
551,1521992248,961647927,0.0363104583037,0.0382679603715
552,1521992248,964981863,0.03770978278,0.0396609404722
553,1521992248,968315223,0.0408874818382,0.0403686779856
554,1521992248,971648477,0.0430023515884,0.0407197099681
555,1521992248,974982623,0.0454566943534,0.0410589948667
556,1521992248,978315558,0.0475913773883,0.041778782424
557,1521992248,981648509,0.0490014922739,0.0424809468345
558,1521992248,984981575,0.0500554976742,0.0435310794163
559,1521992248,988315136,0.0525155092591,0.0456308939438
560,1521992248,991647905,0.0532318369306,0.0480982621184
561,1521992248,994982742,0.0542583717339,0.0508778030549
562,1521992248,998315425,0.0546458609557,0.0523149909799
563,1521992249,1648357,0.0546380432359,0.0544138492704
564,1521992249,4982574,0.054622414505,0.0568549813952
565,1521992249,8315096,0.0546458609557,0.0586349227762
566,1521992249,11648214,0.0546380432359,0.0610839340197
567,1521992249,14982540,0.0553232636705,0.06141302651
568,1521992249,18315315,0.0560520667018,0.0621415503281
569,1521992249,21648483,0.0592205887977,0.0624881623879
570,1521992249,24981518,0.0627456238452,0.0638923907562
571,1521992249,28315305,0.0662564407723,0.0642296646584
572,1521992249,31648363,0.0705007009496,0.0656476762165
573,1521992249,34954589,0.0760504640676,0.0690139712039
574,1521992249,38315159,0.0776172952959,0.0699867617997
575,1521992249,41648615,0.0789494904297,0.0726584234337
576,1521992249,44981980,0.0796600939261,0.0775780681288
577,1521992249,48315621,0.0803593027588,0.078625540334
578,1521992249,51648671,0.0803707990826,0.0800410169913
579,1521992249,54988307,0.0795065514835,0.0816328032748
580,1521992249,58322339,0.0803478097236,0.0828257753658
581,1521992249,61655436,0.0807233025873,0.0846047591882
582,1521992249,64988812,0.081070007093,0.0849497397609
583,1521992249,68322546,0.0835254067183,0.0856395528779
584,1521992249,71651369,0.0878865313063,0.0868228908704
585,1521992249,74982008,0.0941925500775,0.0913467190383
586,1521992249,78316353,0.0951351157602,0.0926393129439
587,1521992249,81649122,0.0976574418369,0.0965545135536
588,1521992249,84982687,0.0976295037904,0.100387966676
589,1521992249,88315600,0.0976504558264,0.1004095107
590,1521992249,91648256,0.0976504558264,0.1004095107
591,1521992249,94982696,0.0976085607434,0.100015500316
592,1521992249,98316042,0.0976364868033,0.100044115008
593,1521992249,101648720,0.0987080419905,0.100058428494
594,1521992249,104981605,0.10611114514,0.10111167511
595,1521992249,108315321,0.110670267835,0.103196021688
596,1521992249,111648487,0.114202966514,0.10601165871
597,1521992249,114982961,0.114875057048,0.111947174038
598,1521992249,118315420,0.114932584978,0.112354343044
599,1521992249,121648681,0.115260401389,0.113734362325
600,1521992249,124982946,0.115235674472,0.114060919466
601,1521992249,128315605,0.115981949339,0.114452798909
602,1521992249,131648519,0.120564822717,0.114452798909
603,1521992249,134982103,0.120891407221,0.115832269242
604,1521992249,138315011,0.124090109931,0.120070114193
605,1521992249,141647939,0.125138744186,0.121816810947
606,1521992249,144981574,0.12547329729,0.124958448031
607,1521992249,148314922,0.126539706723,0.125318417747
608,1521992249,151647905,0.130435626916,0.127091758298
609,1521992249,154980835,0.134656338814,0.128486895697
610,1521992249,158315219,0.137427215487,0.133003068842
611,1521992249,161648591,0.137466533766,0.136551441186
612,1521992249,164981900,0.137466533766,0.137253505151
613,1521992249,168315591,0.137446871815,0.137935837217
614,1521992249,171648444,0.137486201344,0.138677471071
615,1521992249,174982013,0.142038592157,0.138647716214
616,1521992249,178315251,0.145936450966,0.139018608459
617,1521992249,181648545,0.149450795684,0.141465888941
618,1521992249,184982034,0.151554825379,0.146369867497
619,1521992249,188315195,0.151929010546,0.148497149944
620,1521992249,191648527,0.15262310031,0.149539624538
621,1521992249,194982403,0.157182832896,0.151624126407
622,1521992249,198315558,0.159672666144,0.151996848415
623,1521992249,201648231,0.160764597392,0.154487221686
624,1521992249,204981489,0.163197449061,0.159017488065
625,1521992249,208315250,0.163538230176,0.160410142556
626,1521992249,211648629,0.165300495587,0.161112156309
627,1521992249,214982132,0.172361884646,0.164282967802
628,1521992249,218315876,0.17268965946,0.16566339737
629,1521992249,221648473,0.174161647175,0.168531514566
630,1521992249,224981577,0.175546745365,0.170613746745
631,1521992249,228315447,0.178680933359,0.174086959949
632,1521992249,231647849,0.181578270239,0.175917353631
633,1521992249,234982655,0.186720007727,0.180691002699
634,1521992249,238315291,0.187206143016,0.182926914769
635,1521992249,241648631,0.187165972897,0.183940758821
636,1521992249,244982208,0.189972211347,0.183927603281
637,1521992249,248315349,0.194229431116,0.185358144611
638,1521992249,251647777,0.194271120198,0.185397929575
639,1521992249,254981658,0.196640692218,0.190569474676
640,1521992249,258315104,0.197035365065,0.191663462436
641,1521992249,261648053,0.199883785031,0.192393048473
642,1521992249,264982013,0.205803161748,0.195833824806
643,1521992249,268315328,0.206552278941,0.197279974156
644,1521992249,271648390,0.207624564297,0.197645142834
645,1521992249,274982444,0.213908423255,0.201098174935
646,1521992249,278315716,0.215364236234,0.201141325963
647,1521992249,281648275,0.216483607625,0.202603419251
648,1521992249,284981867,0.219210139151,0.206728264939
649,1521992249,288316641,0.21949977656,0.207020026223
650,1521992249,291648388,0.226757074186,0.211427110674
651,1521992249,294982371,0.229061738247,0.216540268647
652,1521992249,298315155,0.229865169956,0.219090968936
653,1521992249,301648618,0.230151862726,0.220432318436
654,1521992249,304981712,0.231947306124,0.222570196371
655,1521992249,308315819,0.234700181035,0.225314185529
656,1521992249,311648337,0.236916248789,0.226113115376
657,1521992249,314982242,0.240355811738,0.226032262514
658,1521992249,318315000,0.241834702877,0.227501268998
659,1521992249,321648737,0.243527662626,0.227787171384
660,1521992249,324981370,0.248550528863,0.232433047173
661,1521992249,328315351,0.250223792278,0.232349934447
662,1521992249,331649274,0.254787133465,0.236193842463
663,1521992249,334982716,0.256604196364,0.240456908001
664,1521992249,338314708,0.259869437631,0.24335219347
665,1521992249,341640998,0.265633663915,0.248361506118
666,1521992249,344982069,0.264791154865,0.25039684424
667,1521992249,348315632,0.271388873352,0.257639047344
668,1521992249,351647335,0.273307515543,0.258137751404
669,1521992249,354980842,0.276675669586,0.260447102356
670,1521992249,358315244,0.276616318352,0.260391232402
671,1521992249,361648364,0.27918277576,0.260835419406
672,1521992249,364981799,0.280200200409,0.260798109233
673,1521992249,368315388,0.283019825067,0.264659184874
674,1521992249,371648221,0.283433092001,0.264715982754
675,1521992249,374982278,0.285798568797,0.267078029887
676,1521992249,378315281,0.285900793051,0.267875722601
677,1521992249,381648381,0.290462887912,0.268558675431
678,1521992249,384982090,0.297096699846,0.272712838468
679,1521992249,388315414,0.297491678202,0.273102882372
680,1521992249,391648549,0.300332986045,0.280494616562
681,1521992249,394982380,0.302735545869,0.284295237013
682,1521992249,398315172,0.305289872728,0.285429832863
683,1521992249,401648483,0.305951157203,0.287144161671
684,1521992249,404981711,0.308440566655,0.287515758403
685,1521992249,408315336,0.310136531275,0.28745407298
686,1521992249,411648523,0.310908091188,0.288217872587
687,1521992249,414982025,0.314740602472,0.292388728117
688,1521992249,418315193,0.31549063675,0.293132671876
689,1521992249,421648609,0.318287897413,0.295217897268
690,1521992249,424981861,0.322870115205,0.301185440971
691,1521992249,428314894,0.323950720863,0.303664384638
692,1521992249,431648329,0.324984984955,0.307504016655
693,1521992249,434982423,0.326653919889,0.30881979045
694,1521992249,438315612,0.327475755911,0.309281298111
695,1521992249,441648855,0.332387029081,0.31382259234
696,1521992249,444981507,0.332458366976,0.31388994588
697,1521992249,448315306,0.333749198997,0.315181633133
698,1521992249,451648831,0.335911811998,0.315928784235
699,1521992249,454981851,0.339460875072,0.316653497045
700,1521992249,458314584,0.339837687425,0.31737831354
701,1521992249,461648221,0.340117224396,0.318714243854
702,1521992249,464981714,0.343289302136,0.319767264483
703,1521992249,468315176,0.34648616075,0.325757679744
704,1521992249,471648727,0.348223645288,0.326436395137
705,1521992249,474981739,0.351093490729,0.328589438175
706,1521992249,478315449,0.355272706934,0.328542436396
707,1521992249,481648699,0.355298118042,0.332778319394
708,1521992249,484981590,0.359931824544,0.33212376616
709,1521992249,488314801,0.362347683876,0.333129351377
710,1521992249,491648369,0.363379127826,0.333456532667
711,1521992249,494982104,0.366551205567,0.338370628937
712,1521992249,498315450,0.366577423377,0.341554118956
713,1521992249,501648825,0.371133095636,0.345741773344
714,1521992249,504981874,0.368392513858,0.346869218781
715,1521992249,508315664,0.3711065539,0.353789628283
716,1521992249,511648708,0.369423672976,0.354216605896
717,1521992249,514982580,0.371458981777,0.356246500701
718,1521992249,518315017,0.37405973209,0.359533897741
719,1521992249,521648218,0.374358722042,0.359833519369
720,1521992249,524981569,0.379971598462,0.36331810187
721,1521992249,528314844,0.380324076754,0.363669133853
722,1521992249,531648365,0.380296875775,0.365047151551
723,1521992249,534981889,0.386993484339,0.369259234069
724,1521992249,538315197,0.387726120879,0.371391837467
725,1521992249,541648524,0.387726120879,0.372093901432
726,1521992249,544982079,0.392985186737,0.373471316586
727,1521992249,548315409,0.395833121589,0.373849061345
728,1521992249,551648673,0.396566442842,0.375982145604
729,1521992249,554981503,0.402235271111,0.380222028279
730,1521992249,558315159,0.404587202163,0.385027006177
731,1521992249,561648629,0.405350035465,0.385784148749
732,1521992249,564972751,0.410372029465,0.395311638157
733,1521992249,568315216,0.409494923736,0.393462384974
734,1521992249,571648374,0.411724093546,0.397045571128
735,1521992249,574982275,0.411635759692,0.398364313592
736,1521992249,578315214,0.412429100555,0.39915191368
737,1521992249,581648554,0.413809514466,0.403686779856
738,1521992249,584981711,0.414896625088,0.403715655877
739,1521992249,588315078,0.417334297383,0.406144003733
740,1521992249,591648470,0.418361808661,0.406816969853
741,1521992249,594982821,0.423557725681,0.414450196047
742,1521992249,598315256,0.425210473609,0.415740811774
743,1521992249,601648854,0.426468229554,0.416996169271
744,1521992249,604981712,0.430790097544,0.417085659829
745,1521992249,608314973,0.432138385635,0.420536315015
746,1521992249,611648259,0.43531069026,0.420887346997
747,1521992249,614982303,0.43697931604,0.42220088036
748,1521992249,618314847,0.437903323567,0.422763460621
749,1521992249,621648303,0.439508993598,0.423665299925
750,1521992249,624981864,0.439508993598,0.426473354937
751,1521992249,628314973,0.439571870421,0.426534366862
752,1521992249,631648071,0.441334387945,0.428640709414
753,1521992249,634982304,0.441176599461,0.42848745925
754,1521992249,638315254,0.441365959186,0.428671372602
755,1521992249,641647828,0.439634765237,0.428702040178
756,1521992249,644981677,0.438420278302,0.428899727938
757,1521992249,648315192,0.43668936894,0.428930403072
758,1521992249,651648524,0.43531069026,0.428961082595
759,1521992249,654981497,0.432874303831,0.428991766506
760,1521992249,658314775,0.432874303831,0.428991766506
761,1521992249,661648167,0.433869744281,0.426824361813
762,1521992249,664981357,0.432874303831,0.425130138493
763,1521992249,668315078,0.433838715908,0.424336964875
764,1521992249,671648193,0.433931814345,0.423374853033
765,1521992249,674981484,0.432138385635,0.422993538892
766,1521992249,678315098,0.43210747887,0.421910265542
767,1521992249,681648485,0.432138385635,0.42123837898
768,1521992249,684982227,0.43066686502,0.417668311167
769,1521992249,688315535,0.429318559301,0.417377027173
770,1521992249,691648874,0.429671037593,0.416674963208
771,1521992249,694981410,0.429441423595,0.416443076659
772,1521992249,698315371,0.429578859882,0.416585573556
773,1521992249,701648339,0.427617339052,0.416734577624
774,1521992249,704981467,0.427556167843,0.419483219067
775,1521992249,708315441,0.427495014132,0.420827147134
776,1521992249,711648308,0.430085040102,0.421298646292
777,1521992249,714982096,0.43066686502,0.423284019552
778,1521992249,718315295,0.431433429051,0.423344570875
779,1521992249,721648072,0.434346456112,0.42378653767
780,1521992249,724983312,0.434004915543,0.424154963174
781,1521992249,728315432,0.434408612159,0.42735875823
782,1521992249,731648391,0.434636821354,0.431098109058
783,1521992249,734981385,0.438193200694,0.431480030244
784,1521992249,738315443,0.438036524063,0.431325753918
785,1521992249,741648464,0.438514359907,0.433906565795
786,1521992249,744981830,0.442007777803,0.434226562332
787,1521992249,748317007,0.444220940341,0.436083225166
788,1521992249,751648851,0.445723844824,0.436871271198
789,1521992249,754982346,0.44553256072,0.441598233964
790,1521992249,758315394,0.445564430002,0.442331936005
791,1521992249,761649277,0.44860860429,0.445013064253
792,1521992249,764981969,0.449506275603,0.452928445397
793,1521992249,768315688,0.450755253977,0.453819433898
794,1521992249,771648523,0.45091649137,0.453981767363
795,1521992249,774982292,0.450755253977,0.455223360995
796,1521992249,778315325,0.456844542153,0.4602358477
797,1521992249,781649295,0.458475879168,0.462209941342
798,1521992249,784981894,0.458672678086,0.462759450413
799,1521992249,788315337,0.458574257513,0.462660152913
800,1521992249,791648658,0.45998417068,0.466170472738
801,1521992249,794982486,0.4623853739,0.465401832443
802,1521992249,798315180,0.463575268634,0.466588250769
803,1521992249,801648340,0.464599619258,0.468310160818
804,1521992249,804981644,0.470558519431,0.470031824545
805,1521992249,808315193,0.471582224085,0.469998207622
806,1521992249,811648287,0.472002192858,0.471118617554
807,1521992249,814981989,0.477926379566,0.478773379534
808,1521992249,818315331,0.479370476724,0.47915865609
809,1521992249,821648279,0.479404766457,0.479543987764
810,1521992249,824981917,0.482508269635,0.487548551446
811,1521992249,828315137,0.482577298,0.489022529249
812,1521992249,831648543,0.485327894294,0.491409627087
813,1521992249,834982384,0.485645613746,0.492427429048
814,1521992249,838315280,0.486137106803,0.493621580572
815,1521992249,841649047,0.487055325252,0.49348037437
816,1521992249,844982471,0.491354738642,0.492497871424
817,1521992249,848316365,0.492306535894,0.492041258741
818,1521992249,851648453,0.492588337002,0.491971750435
819,1521992249,854980373,0.492623584826,0.491304588751
820,1521992249,858315536,0.492165756215,0.489093704393
821,1521992249,861650052,0.492236135989,0.489163644863
822,1521992249,864982800,0.490719980182,0.489408594109
823,1521992249,868314797,0.493328844074,0.491304588751
824,1521992249,871648768,0.490544522523,0.489935518689
825,1521992249,874982363,0.490614690528,0.490005599582
826,1521992249,878315239,0.490719980182,0.489408594109
827,1521992249,881648530,0.489944825475,0.489338583582
828,1521992249,884982013,0.487795065869,0.488601572076
829,1521992249,888315142,0.487864850571,0.488671472157
830,1521992249,891648084,0.490719980182,0.486951018673
831,1521992249,894981539,0.489204878199,0.484740496434
832,1521992249,898315218,0.490614690528,0.484389489558
833,1521992249,901648131,0.491072508903,0.484493443236
834,1521992249,904981628,0.491319596692,0.482634455175
835,1521992249,908314703,0.492799899638,0.482703501592
836,1521992249,911648246,0.492729409021,0.482634455175
837,1521992249,914982333,0.49618296531,0.481512558482
838,1521992249,918315087,0.498475612052,0.481684785594
839,1521992249,921648109,0.499180669495,0.490461840725
840,1521992249,924981439,0.498404304476,0.491795807459
841,1521992249,928315049,0.499037873051,0.492076447274
842,1521992249,931647316,0.499287820469,0.492322908002
843,1521992249,934982670,0.498788175759,0.491830233183
844,1521992249,938315125,0.502425310856,0.497203538405
845,1521992249,941648219,0.505842529313,0.499554242011
846,1521992249,944981301,0.502669997771,0.497096842367
847,1521992249,948314682,0.508978653227,0.499518511074
848,1521992249,951648160,0.508942250806,0.499482785247
849,1521992249,954982211,0.508517058908,0.490286475364
850,1521992249,958315255,0.508662557351,0.490426757618
851,1521992249,961647975,0.512260877217,0.493305787428
852,1521992249,964981469,0.510704516217,0.49316466147
853,1521992249,968314766,0.512187592399,0.493235214354
854,1521992249,971648675,0.512041085651,0.494146998792
855,1521992249,974982727,0.510631474954,0.49730560887
856,1521992249,978315480,0.510814117301,0.49818564924
857,1521992249,981648193,0.510145553567,0.501381255835
858,1521992249,984981920,0.509963137221,0.499096082756
859,1521992249,988315232,0.511446001269,0.501273670986
860,1521992249,991648554,0.513950109923,0.501309527472
861,1521992249,994982118,0.519868296357,0.49913177837
862,1521992249,998314952,0.5206849215,0.497834567035
863,1521992250,1648300,0.521315393437,0.497763351161
864,1521992250,4981329,0.521352683522,0.495692613999
865,1521992250,8314839,0.527974717249,0.497025737111
866,1521992250,11647881,0.530870278151,0.497798956551
867,1521992250,14980808,0.530908254421,0.499941060267
868,1521992250,18315217,0.529937830012,0.501796278446
869,1521992250,21648550,0.530832307313,0.502326766934
870,1521992250,24981888,0.53012735073,0.502326766934
871,1521992250,28315073,0.530165271141,0.502362698748
872,1521992250,31648453,0.530832307313,0.502326766934
873,1521992250,34982282,0.531108809808,0.495937246789
874,1521992250,38315142,0.531613311863,0.495728073804
875,1521992250,41648158,0.531927788665,0.494990499815
876,1521992250,44981286,0.531927788665,0.49253310017
877,1521992250,48315161,0.534985516449,0.481196012277
878,1521992250,51648717,0.535376231977,0.48017740704
879,1521992250,54982242,0.535376231977,0.478422372657
880,1521992250,58315174,0.535452823712,0.477437645211
881,1521992250,61648332,0.535452823712,0.475682359751
882,1521992250,64982168,0.531461237684,0.474176376795
883,1521992250,68315606,0.529422394146,0.473893176352
884,1521992250,71648531,0.529107760627,0.473224960106
885,1521992250,74982460,0.526527247414,0.47031557728
886,1521992250,78315510,0.51077757838,0.465501704081
887,1521992250,81648630,0.503022501275,0.462693247344
888,1521992250,84981749,0.503022501275,0.462342190252
889,1521992250,88315046,0.502986522268,0.461958088948
890,1521992250,91648903,0.506791286333,0.459084160509
891,1521992250,94982459,0.529032076496,0.457712966944
892,1521992250,98315194,0.532670898028,0.457811195637
893,1521992250,101648679,0.533652133647,0.461958088948
894,1521992250,104981695,0.532632795674,0.464799589897
895,1521992250,108315086,0.533652133647,0.46652150472
896,1521992250,111647932,0.536548713963,0.470450155026
897,1521992250,114980973,0.533690306189,0.481299273224
898,1521992250,118315351,0.536280171063,0.48319823456
899,1521992250,121648635,0.536510334227,0.483405615776
900,1521992250,124981772,0.537529394856,0.484424135827
901,1521992250,128315317,0.530832307313,0.481615879967
902,1521992250,131648072,0.537606300127,0.486248854262
903,1521992250,134981679,0.53431887273,0.481581434546
904,1521992250,138315748,0.538118883543,0.482214471833
905,1521992250,141648418,0.536901242684,0.481333703389
906,1521992250,144981484,0.536901242684,0.479929374568
907,1521992250,148314890,0.536786044306,0.479475393287
908,1521992250,151647479,0.536939653132,0.478559279904
909,1521992250,154981700,0.535652064824,0.478353948405
910,1521992250,158315052,0.535062046814,0.479509688072
911,1521992250,161647962,0.534395313198,0.479543987764
912,1521992250,164981568,0.525507545673,0.47912438641
913,1521992250,168314743,0.52417271156,0.480246101948
914,1521992250,171648537,0.524060252279,0.479090121633
915,1521992250,174982857,0.523985306229,0.479021606778
916,1521992250,178315533,0.530555725699,0.479578292363
917,1521992250,181649040,0.541759134356,0.479509688072
918,1521992250,184981757,0.545714460719,0.478173963542
919,1521992250,188315306,0.547359636774,0.479475393287
920,1521992250,191647971,0.547516271382,0.478208172582
921,1521992250,194982586,0.545441330358,0.475478291815
922,1521992250,198315266,0.545714460719,0.475014223694
923,1521992250,201659200,0.546032829973,0.473106314073
924,1521992250,204981416,0.543940179161,0.474434990967
925,1521992250,208318169,0.547164221233,0.474086600091
926,1521992250,211648763,0.548221808316,0.475002938999
927,1521992250,214952125,0.544512591185,0.472146959446
928,1521992250,218315065,0.534900139203,0.463812000715
929,1521992250,221648293,0.548495453388,0.466905932449
930,1521992250,224981527,0.548103743607,0.466872536703
931,1521992250,228315627,0.548338561096,0.468878118172
932,1521992250,231648216,0.54927904109,0.472941562752
933,1521992250,234982626,0.548260148603,0.471618320442
934,1521992250,238315220,0.548260602373,0.472975399881
935,1521992250,241648289,0.546027928855,0.473224960106
936,1521992250,244983291,0.543601833815,0.472954313861
937,1521992250,248315138,0.539875954451,0.473394271362
938,1521992250,251647407,0.539798702401,0.473677664766
939,1521992250,254980221,0.539721472455,0.473258812668
940,1521992250,258315725,0.541410611682,0.473237506822
941,1521992250,261648949,0.544265411331,0.473576017199
942,1521992250,264981364,0.548613181539,0.472975399881
943,1521992250,268315145,0.553311766024,0.472772449699
944,1521992250,271648545,0.555466057666,0.47315726951
945,1521992250,274982465,0.555778761159,0.473123431473
946,1521992250,278315415,0.558758023411,0.473609894873
947,1521992250,281648070,0.559110552132,0.475014223694
948,1521992250,284981703,0.558638135407,0.473508276386
949,1521992250,288315109,0.556563222608,0.478807624107
950,1521992250,291648345,0.556563222608,0.478807624107
951,1521992250,294982448,0.544462131679,0.480810645132
952,1521992250,298315189,0.544656874555,0.480982621184
953,1521992250,301648157,0.545714460719,0.484844525441
954,1521992250,304982005,0.545558352742,0.489619574855
955,1521992250,308314865,0.546772046883,0.490461840725
956,1521992250,311648851,0.54869096377,0.495199868818
957,1521992250,314982549,0.551197198765,0.498043137433
958,1521992250,318315277,0.552099472623,0.498923504581
959,1521992250,321649046,0.552254482395,0.498745100982
960,1521992250,324982959,0.552254482395,0.498745100982
961,1521992250,328316063,0.55307799895,0.499554242011
962,1521992250,331649149,0.55307799895,0.499554242011
963,1521992250,334982822,0.552254482395,0.49944706453
964,1521992250,338315304,0.551433814863,0.489127492231
965,1521992250,341648344,0.551315481426,0.483756672868
966,1521992250,344981482,0.550257970912,0.475331302659
967,1521992250,348314988,0.551236620679,0.469647200745
968,1521992250,351649111,0.55115778249,0.469229074848
969,1521992250,354980269,0.554100087554,0.469632077202
970,1521992250,358315466,0.554483552813,0.46765803632
971,1521992250,361648319,0.559110552132,0.46939690841
972,1521992250,364981083,0.558758023411,0.470099072821
973,1521992250,368315910,0.558790763441,0.473689890511
974,1521992250,371648507,0.558797997515,0.473994884718
975,1521992250,374982765,0.558518298839,0.473757633077
976,1521992250,378315335,0.556682673865,0.473994884718
977,1521992250,381648617,0.554840516473,0.473576017199
978,1521992250,384981964,0.554095874566,0.473191112387
979,1521992250,388315289,0.553390917983,0.47354214437
980,1521992250,391648640,0.54880870019,0.473191112387
981,1521992250,394982618,0.54622414505,0.471334814899
982,1521992250,398315171,0.546458609557,0.471537133463
983,1521992250,401648134,0.54853469049,0.476418552515
984,1521992250,404981364,0.548456221899,0.47635040023
985,1521992250,408315076,0.54873020363,0.477335212762
986,1521992250,411648294,0.548847956893,0.477437645211
987,1521992250,414982743,0.548260148603,0.477232824257
988,1521992250,418315363,0.547516271382,0.475750421328
989,1521992250,421647937,0.547516271382,0.475750421328
990,1521992250,424981805,0.547320492124,0.471719504377
991,1521992250,428315160,0.547398787023,0.471786984457
992,1521992250,431647881,0.547516271382,0.47610152865
993,1521992250,434982633,0.546811642409,0.476847823115
994,1521992250,438315977,0.547046308732,0.477403496177
995,1521992250,441647939,0.54900503988,0.478276605348
996,1521992250,444981446,0.54880870019,0.485828263757
997,1521992250,448314776,0.549161178482,0.487583423669
998,1521992250,451647366,0.550336702915,0.49014582153
999,1521992250,454980163,0.550297334097,0.49011075852
1000,1521992250,458314620,0.551431319129,0.48986545784
1001,1521992250,461648774,0.555034211906,0.489233605339
1002,1521992250,464981305,0.557035227806,0.489443606886
1003,1521992250,468315093,0.556836044788,0.489268593081
1004,1521992250,471648654,0.556875869996,0.489303585829
1005,1521992250,474982531,0.556483616912,0.489619574855
1006,1521992250,478314879,0.556722502345,0.490180889558
1007,1521992250,481648036,0.554488012969,0.491128871802
1008,1521992250,484981470,0.55440869842,0.491058620211
1009,1521992250,488315263,0.554369049653,0.49348037437
1010,1521992250,491648898,0.55440869842,0.495972716482
1011,1521992250,494982821,0.55472147753,0.499096082756
1012,1521992250,498315283,0.556682673865,0.501732363157
1013,1521992250,501648481,0.558013048016,0.502362698748
1014,1521992250,504981774,0.557973135775,0.502677798916
1015,1521992250,508315446,0.558598184171,0.50716866356
1016,1521992250,511647931,0.558837977338,0.507386379234
1017,1521992250,514981977,0.558558238648,0.502569958999
1018,1521992250,518315522,0.558638135407,0.497727750864
1019,1521992250,521648648,0.561890586568,0.497798956551
1020,1521992250,524983424,0.561609380155,0.497549825737
1021,1521992250,528320753,0.561872153038,0.499262471887
1022,1521992250,531648925,0.563441965629,0.503118456085
1023,1521992250,534981279,0.565536981483,0.506332981907
1024,1521992250,538270163,0.57014036957,0.515859247067
1025,1521992250,541648337,0.557873554252,0.502589180001
1026,1521992250,544981925,0.56533474397,0.509661984665
1027,1521992250,548315105,0.567883146149,0.517458153707
1028,1521992250,551647637,0.573252709122,0.519287729257
1029,1521992250,554981516,0.573047727105,0.519102043879
1030,1521992250,558314815,0.567842527943,0.51742114218
1031,1521992250,561648789,0.56701590283,0.513098659258
1032,1521992250,564982210,0.564670223317,0.511453598478
1033,1521992250,568314484,0.564831823152,0.511599968543
1034,1521992250,571648556,0.564901486784,0.512396745907
1035,1521992250,574982427,0.564941885947,0.513135353719
1036,1521992250,578315003,0.565143968464,0.515425548715
1037,1521992250,581648065,0.565768125121,0.516053925339
1038,1521992250,584981965,0.566704025329,0.521909898072
1039,1521992250,588315001,0.56717813914,0.522724010088
1040,1521992250,591648274,0.568547484526,0.52444178183
1041,1521992250,594981698,0.567137571359,0.532164485445
1042,1521992250,598315481,0.568818592588,0.534545241939
1043,1521992250,601648286,0.568981356331,0.534698198586
1044,1521992250,604981333,0.56647313213,0.532202551574
1045,1521992250,608315005,0.566392103217,0.525457294107
1046,1521992250,611648797,0.566351597453,0.524015788716
1047,1521992250,614982370,0.566039650135,0.523351252848
1048,1521992250,618315403,0.566120628625,0.523426124272
1049,1521992250,621648244,0.56616112656,0.523463568018
1050,1521992250,624981682,0.56326031015,0.524792813812
1051,1521992250,628315185,0.563220025476,0.524755280354
1052,1521992250,631647557,0.56342150649,0.525294133795
1053,1521992250,634981101,0.561810213147,0.530371390378
1054,1521992250,638315368,0.561689696119,0.537276249067
1055,1521992250,641647942,0.564438860581,0.540003061256
1056,1521992250,644981763,0.561417607182,0.537353096132
1057,1521992250,648315085,0.564317745025,0.539887189059
1058,1521992250,651648811,0.564277384723,0.539848576043
1059,1521992250,654981683,0.560873195739,0.537506856228
1060,1521992250,658314942,0.560792962108,0.537429965182
1061,1521992250,661649143,0.560280186217,0.536223454327
1062,1521992250,664981692,0.558837977338,0.534072444855
1063,1521992250,668315111,0.558638135407,0.533881459143
1064,1521992250,671648729,0.556523416913,0.538093541661
1065,1521992250,674982264,0.555818510749,0.538093541661
1066,1521992250,678315227,0.555585264918,0.538911185049
1067,1521992250,681648146,0.554488012969,0.542734264336
1068,1521992250,684981771,0.552646433008,0.54616669982
1069,1521992250,688315248,0.552685961399,0.546907828709
1070,1521992250,691648318,0.552725495445,0.546946949441
1071,1521992250,694982195,0.550100574467,0.546088586734
1072,1521992250,698315149,0.550297334097,0.542422007101
1073,1521992250,701648154,0.550257970912,0.538872636323
1074,1521992250,704981313,0.547085439369,0.536064179586
1075,1521992250,708314978,0.547007183692,0.532477431637
1076,1521992250,711647939,0.549552963902,0.532553608666
1077,1521992250,714981583,0.549474355268,0.532477431637
1078,1521992250,718315480,0.551549626642,0.531035424198
1079,1521992250,721648347,0.551667984931,0.532553608666
1080,1521992250,724981412,0.554175150033,0.533293869765
1081,1521992250,728314652,0.557973135775,0.534270677339
1082,1521992250,731658024,0.556653384459,0.535820319704
1083,1521992250,734981606,0.562088838181,0.541827156986
1084,1521992250,738315180,0.560400400818,0.54019958292
1085,1521992250,741648236,0.560480572549,0.541330035967
1086,1521992250,744981518,0.560440483817,0.541291316989
1087,1521992250,748314920,0.558678092358,0.541291316989
1088,1521992250,751651055,0.557846809852,0.540827120905
1089,1521992250,754936282,0.566510661896,0.549226642196
1090,1521992250,758314545,0.550878645749,0.53753505182
1091,1521992250,761648192,0.553703792255,0.544762672314
1092,1521992250,764981446,0.553743396274,0.553928468359
1093,1521992250,768314633,0.553783005959,0.555021262558
1094,1521992250,771648250,0.553703792255,0.554941871732
1095,1521992250,774982484,0.55358501418,0.55517375965
1096,1521992250,778315104,0.555272458098,0.556153998069
1097,1521992250,781648016,0.557347908525,0.558922870748
1098,1521992250,784981456,0.557228323078,0.558802947374
1099,1521992250,788314864,0.557268179191,0.558842916113
1100,1521992250,791648103,0.559735527233,0.558842916113
1101,1521992250,794982360,0.557108788936,0.557981212291
1102,1521992250,798315392,0.557347908525,0.554358802079
1103,1521992250,801648352,0.556603033997,0.554319148374
1104,1521992250,804981601,0.554095874566,0.552524340429
1105,1521992250,808315154,0.554095874566,0.552524340429
1106,1521992250,811648001,0.554175150033,0.552603391053
1107,1521992250,814982651,0.55526749255,0.554392612598
1108,1521992250,818314949,0.555664764849,0.554789258955
1109,1521992250,821648497,0.55758077616,0.559504961127
1110,1521992250,824981994,0.557268179191,0.558842916113
1111,1521992250,828315069,0.557308041007,0.558882890571
1112,1521992250,831647409,0.557780239842,0.559705113148
1113,1521992250,834981493,0.557148627951,0.558723027044
1114,1521992250,838315252,0.557188472665,0.558412002577
1115,1521992250,841648346,0.555545523483,0.557478662203
1116,1521992250,844980997,0.553862242332,0.558260642001
1117,1521992250,848315297,0.552880259229,0.557981212291
1118,1521992250,851647735,0.553157134448,0.558611749323
1119,1521992250,854982068,0.552527881753,0.559384938611
1120,1521992250,858314788,0.553157134448,0.562825037187
1121,1521992250,861648468,0.552959338148,0.562623783866
1122,1521992250,864981892,0.554448352858,0.564459427833
1123,1521992250,868315006,0.555898026988,0.565201918228
1124,1521992250,871648428,0.559735527233,0.567618715675
1125,1521992250,874982624,0.555699279034,0.564999843892
1126,1521992250,878314877,0.559543135669,0.566727761996
1127,1521992250,881648756,0.559303039924,0.567537528703
1128,1521992250,884981415,0.558092889631,0.566687217729
1129,1521992250,888318093,0.556006460542,0.565998851691
1130,1521992250,891651225,0.556603033997,0.566606146596
1131,1521992250,894984606,0.55299888609,0.565472078027
1132,1521992250,898317652,0.553117563868,0.565593432647
1133,1521992250,901650705,0.55237299194,0.565904032412
1134,1521992250,904981610,0.552728825948,0.566268583002
1135,1521992250,908314846,0.551981004816,0.56832077964
1136,1521992250,911647708,0.552059977704,0.569455336905
1137,1521992250,914982277,0.55213602369,0.569872137201
1138,1521992250,918315785,0.550884167597,0.570035167421
1139,1521992250,921648152,0.552844131525,0.574803808171
1140,1521992250,924982202,0.552919795861,0.574516077431
1141,1521992250,928315874,0.553703792255,0.575300270569
1142,1521992250,931647519,0.554020783119,0.575629625239
1143,1521992250,934981482,0.553624601209,0.575217990782
1144,1521992250,938314952,0.553743396274,0.574639355325
1145,1521992250,941647809,0.551707448983,0.573668323368
1146,1521992250,944981567,0.549787487259,0.573153237089
1147,1521992250,948314757,0.551667984931,0.573276231346
1148,1521992250,951647372,0.551746918682,0.573358256847
1149,1521992250,954981700,0.551431319129,0.573030295596
1150,1521992250,958315292,0.555466057666,0.576002284322
1151,1521992250,961648375,0.561538083064,0.580648430279
1152,1521992250,964982153,0.558245756294,0.575961091281
1153,1521992250,968315055,0.561578253182,0.580689967473
1154,1521992250,971648753,0.563924931641,0.580565373716
1155,1521992250,974982519,0.56458945807,0.577716000152
1156,1521992250,978315528,0.568588153159,0.577839973542
1157,1521992250,981648718,0.568588153159,0.577839973542
1158,1521992250,984982429,0.56458945807,0.575610109507
1159,1521992250,988315377,0.56369342551,0.575774816599
1160,1521992250,991648055,0.561618429048,0.575816008101
1161,1521992250,994981536,0.555818510749,0.573545236186
1162,1521992250,998315039,0.553703792255,0.573545236186
1163,1521992251,1647824,0.549984148973,0.573709364169
1164,1521992251,4981445,0.549787487259,0.573504218863
1165,1521992251,8314370,0.553822621311,0.579987803062
1166,1521992251,11648790,0.554602489654,0.583206583761
1167,1521992251,14982717,0.55472147753,0.583331708537
1168,1521992251,18314272,0.556136712272,0.583707405215
1169,1521992251,21648330,0.554681809232,0.582237124287
1170,1521992251,24981924,0.554761151502,0.57916134621
1171,1521992251,28315084,0.552020488435,0.576435745174
1172,1521992251,31648079,0.55307799895,0.574680459714
1173,1521992251,34981627,0.551941526844,0.572492215557
1174,1521992251,38315320,0.55299888609,0.572492215557
1175,1521992251,41648054,0.553117563868,0.572615076752
1176,1521992251,44980790,0.554919904156,0.573358256847
1177,1521992251,48315038,0.554994524083,0.573071270233
1178,1521992251,51648422,0.555153309441,0.574288323343
1179,1521992251,54981934,0.555113604584,0.57319422931
1180,1521992251,58315402,0.555113604584,0.574247249939
1181,1521992251,61648738,0.555153309441,0.574288323343
1182,1521992251,64980961,0.55253108381,0.570982202861
1183,1521992251,68314732,0.550492343012,0.570345382896
1184,1521992251,71658562,0.547438319883,0.568987327428
1185,1521992251,74982098,0.550422843426,0.572104697922
1186,1521992251,78314976,0.548182161769,0.570508583521
1187,1521992251,81648470,0.54665473061,0.571439194927
1188,1521992251,84981417,0.546772046883,0.574019405573
1189,1521992251,88315021,0.54665473061,0.574598256816
1190,1521992251,91647966,0.546772046883,0.575072652189
1191,1521992251,94981370,0.547007183692,0.578810339334
1192,1521992251,98315062,0.547007183692,0.578810339334
1193,1521992251,101648244,0.547046308732,0.578851739115
1194,1521992251,104981992,0.54665473061,0.575651277445
1195,1521992251,108315065,0.546732935864,0.573627288438
1196,1521992251,111648470,0.54665473061,0.570386174298
1197,1521992251,114982570,0.545166937028,0.568549813952
1198,1521992251,118315024,0.546850285711,0.56883455665
1199,1521992251,121648379,0.547751265315,0.570426971535
1200,1521992251,124981819,0.54665473061,0.570386174298
1201,1521992251,128315098,0.547751265315,0.571480067483
1202,1521992251,131647463,0.547947226701,0.573089148259
1203,1521992251,134981373,0.547633755747,0.572761294055
1204,1521992251,138314721,0.54880870019,0.578500707132
1205,1521992251,141648516,0.550844770889,0.578768945474
1206,1521992251,144981623,0.550962977921,0.578542087727
1207,1521992251,148324283,0.549391043605,0.576891468361
1208,1521992251,151648867,0.552385429671,0.580035741998
1209,1521992251,154982330,0.551236620679,0.573545236186
1210,1521992251,158314657,0.54931833987,0.569887953977
1211,1521992251,161648373,0.549121902185,0.567578119286
1212,1521992251,164981480,0.548495453388,0.567659317873
1213,1521992251,168314978,0.549121902185,0.569684160545
1214,1521992251,171648796,0.549082631507,0.570345382896
1215,1521992251,174982126,0.550571091649,0.582011026957
1216,1521992251,178315473,0.551628526524,0.58376618687
1217,1521992251,181649116,0.552606910271,0.583682690311
1218,1521992251,184981579,0.554607027352,0.583933251672
1219,1521992251,188315041,0.554761151502,0.58021436684
1220,1521992251,191648736,0.557228323078,0.579512353087
1221,1521992251,194982589,0.55472147753,0.578768945474
1222,1521992251,198315581,0.55977556554,0.578542087727
1223,1521992251,201648123,0.55985565934,0.568793861661
1224,1521992251,204981020,0.559110552132,0.565242350442
1225,1521992251,208324450,0.557356229641,0.563468788193
1226,1521992251,211648266,0.56416945687,0.570303464479
1227,1521992251,214981946,0.558950612047,0.565080656285
1228,1521992251,218315878,0.564237030194,0.571398328218
1229,1521992251,221647569,0.564600428882,0.571766339164
1230,1521992251,224981266,0.564237030194,0.571047346444
1231,1521992251,228323321,0.562868402169,0.569662199139
1232,1521992251,231648470,0.565693438962,0.572521334002
1233,1521992251,234981557,0.562595593578,0.569414603333
1234,1521992251,238314979,0.562555353567,0.563757363868
1235,1521992251,241647989,0.561538083064,0.563095575676
1236,1521992251,244981376,0.560440483817,0.562353235938
1237,1521992251,248315246,0.5578534333,0.556968243667
1238,1521992251,251649081,0.557188472665,0.55525316661
1239,1521992251,254981766,0.554567350215,0.551940710204
1240,1521992251,258315254,0.55440869842,0.550378782338
1241,1521992251,261648199,0.551354920261,0.546283911359
1242,1521992251,264981120,0.551354920261,0.545581746948
1243,1521992251,268324676,0.549585740897,0.541381402849
1244,1521992251,271648551,0.552818134438,0.539285333622
1245,1521992251,274981884,0.551276048232,0.533568613375
1246,1521992251,278315716,0.554369049653,0.532790333068
1247,1521992251,281648326,0.558445443573,0.532278700172
1248,1521992251,284981836,0.557268179191,0.532164485445
1249,1521992251,288315195,0.557228323078,0.53212642476
1250,1521992251,291648351,0.557308041007,0.532904665758
1251,1521992251,294980484,0.55605712774,0.532354870564
1252,1521992251,298314839,0.55358501418,0.531310412206
1253,1521992251,301647788,0.553783005959,0.53150043739
1254,1521992251,304981133,0.553743396274,0.531111389497
1255,1521992251,308314658,0.553743396274,0.53005829355
1256,1521992251,311648676,0.555034211906,0.529944579671
1257,1521992251,314981412,0.556290322361,0.530134129918
1258,1521992251,318314843,0.556210744316,0.53005829355
1259,1521992251,321648210,0.558678092358,0.530409325532
1260,1521992251,324981484,0.560440483817,0.541993380954
1261,1521992251,328315028,0.560400400818,0.544411665438
1262,1521992251,331648489,0.560400400818,0.550027775461
1263,1521992251,334981607,0.558013048016,0.550457520361
1264,1521992251,338315386,0.557893328418,0.553849239514
1265,1521992251,341647940,0.55636992318,0.550575669647
1266,1521992251,344981581,0.556131189036,0.549988439999
1267,1521992251,348315002,0.556210744316,0.545854732761
1268,1521992251,351648375,0.559383048942,0.545152668796
1269,1521992251,354987177,0.558464324997,0.540051851234
1270,1521992251,358340066,0.55822387835,0.537088143951
1271,1521992251,361655245,0.566338899404,0.543190979388
1272,1521992251,364988341,0.564358111102,0.540276864691
1273,1521992251,368321301,0.566825635635,0.540978978875
1274,1521992251,371655275,0.566704025329,0.540160950324
1275,1521992251,374988931,0.568818592588,0.541213895647
1276,1521992251,378324300,0.568574621499,0.540981764445
1277,1521992251,381655645,0.566404235897,0.539142593272
1278,1521992251,384987620,0.566323176256,0.53906543512
1279,1521992251,388321235,0.56533474397,0.538444548537
1280,1521992251,391649833,0.564420198783,0.538902936717
1281,1521992251,394981603,0.564560028136,0.532392963936
1282,1521992251,398316162,0.563058944388,0.530219704009
1283,1521992251,401649055,0.563340896789,0.529080883302
1284,1521992251,404982839,0.563532174441,0.528929533553
1285,1521992251,408315777,0.564045954232,0.530485212123
1286,1521992251,411649108,0.563572478559,0.528967362872
1287,1521992251,414983235,0.563491876088,0.527136926269
1288,1521992251,418316177,0.56369342551,0.527325472276
1289,1521992251,421648981,0.560520667018,0.527325472276
1290,1521992251,424982473,0.560400400818,0.525457294107
1291,1521992251,428315113,0.560560767223,0.525607661053
1292,1521992251,431649265,0.558910641323,0.525031186217
1293,1521992251,434980766,0.558957951142,0.520841204533
1294,1521992251,438315346,0.55847836474,0.519341602868
1295,1521992251,441648184,0.557700437247,0.51889949935
1296,1521992251,444981676,0.557620657483,0.51882527011
1297,1521992251,448314832,0.560440483817,0.519176302093
1298,1521992251,451648307,0.560792962108,0.519176302093
1299,1521992251,454981896,0.562515119312,0.518788163454
1300,1521992251,458314974,0.562595593578,0.518511324983
1301,1521992251,461648404,0.564629837806,0.518437156577
1302,1521992251,464981416,0.564045954232,0.518548417145
1303,1521992251,468315033,0.563884602317,0.518400080331
1304,1521992251,471648616,0.564629837806,0.518437156577
1305,1521992251,474982784,0.563844278762,0.51590631266
1306,1521992251,478315480,0.561930781903,0.51222893745
1307,1521992251,481648055,0.558485398173,0.509493173888
1308,1521992251,484981737,0.557188472665,0.506817681786
1309,1521992251,488324490,0.5557180038,0.505480145821
1310,1521992251,491648417,0.561654741446,0.510772205669
1311,1521992251,494980294,0.559623213399,0.508512540751
1312,1521992251,498314800,0.559887773863,0.509516221192
1313,1521992251,501648281,0.560440483817,0.511102566496
1314,1521992251,504981375,0.560480572549,0.51113912605
1315,1521992251,508315024,0.560360323553,0.511029463075
1316,1521992251,511648126,0.561185579559,0.512192297326
1317,1521992251,514982144,0.56032025202,0.510992919206
1318,1521992251,518314944,0.561265875106,0.512265582817
1319,1521992251,521647853,0.557660544511,0.509032783497
1320,1521992251,524981436,0.555818510749,0.508959970912
1321,1521992251,528316045,0.555659546496,0.502848997912
1322,1521992251,531647686,0.559310606001,0.503280813281
1323,1521992251,534980950,0.55903057065,0.501975734951
1324,1521992251,538314720,0.561417607182,0.501903936948
1325,1521992251,541647744,0.565808597839,0.506962704372
1326,1521992251,544981669,0.565958694807,0.507132395778
1327,1521992251,548315110,0.566785093067,0.507592246671
1328,1521992251,551647379,0.569767931469,0.510546571216
1329,1521992251,554980815,0.569604919401,0.510400502531
1330,1521992251,558314755,0.566663500156,0.512396745907
1331,1521992251,561647900,0.566825635635,0.51289441151
1332,1521992251,564981780,0.565999169576,0.512784371945
1333,1521992251,568314911,0.566080136484,0.512506694426
1334,1521992251,571647782,0.564751011674,0.510824608629
1335,1521992251,574981370,0.558638135407,0.506853929653
1336,1521992251,578314834,0.558678092358,0.506539150723
1337,1521992251,581648404,0.560752853901,0.501588826506
1338,1521992251,584981836,0.560752853901,0.501588826506
1339,1521992251,588323123,0.559472413532,0.500443483103
1340,1521992251,591648277,0.562160063328,0.502847563792
1341,1521992251,594982167,0.560712751429,0.501552955174
1342,1521992251,598314986,0.560873195739,0.502398635703
1343,1521992251,601648630,0.563220025476,0.505098895271
1344,1521992251,604981328,0.560873195739,0.505207293345
1345,1521992251,608314958,0.560752853901,0.508608964036
1346,1521992251,611648132,0.560833076054,0.510085954773
1347,1521992251,614982567,0.560240126143,0.514078005541
1348,1521992251,618315282,0.560560767223,0.514372226749
1349,1521992251,621648017,0.560873195739,0.51889949935
1350,1521992251,624981305,0.5611454404,0.519176302093
1351,1521992251,628314764,0.5611454404,0.519878366058
1352,1521992251,631648589,0.562474890812,0.520154989201
1353,1521992251,634980859,0.565536981483,0.522485074256
1354,1521992251,638315023,0.567368305504,0.522925446165
1355,1521992251,641648229,0.569957397693,0.527601069672
1356,1521992251,644982199,0.569875876217,0.527525606457
1357,1521992251,648315413,0.567490049651,0.527601069672
1358,1521992251,651652049,0.566922356854,0.528826684232
1359,1521992251,654983708,0.567069012894,0.529621400159
1360,1521992251,658318453,0.566189632314,0.527023863369
1361,1521992251,661651068,0.566554184231,0.522096587833
1362,1521992251,664984541,0.563965266734,0.51601701425
1363,1521992251,668318406,0.563844278762,0.509589092505
1364,1521992251,671648612,0.563119238077,0.508452422056
1365,1521992251,674981554,0.562595593578,0.507277498037
1366,1521992251,678315416,0.565999169576,0.507870627108
1367,1521992251,681648683,0.566080136484,0.509698438566
1368,1521992251,684982056,0.569252441109,0.511453598478
1369,1521992251,688314439,0.569415352304,0.513355630755
1370,1521992251,691648712,0.570499133009,0.513412901623
1371,1521992251,694982397,0.569211727875,0.513874067183
1372,1521992251,698315067,0.569333885053,0.521005992581
1373,1521992251,701647930,0.568276298888,0.521005992581
1374,1521992251,704981382,0.567490049651,0.520931462005
1375,1521992251,708313922,0.567611846056,0.520341051223
1376,1521992251,711648678,0.567246613582,0.516497421358
1377,1521992251,714992955,0.5656290286,0.514324793344
1378,1521992251,718315404,0.570424282824,0.517368216583
1379,1521992251,721648201,0.570038942495,0.514335430682
1380,1521992251,724981559,0.572777224026,0.512506694426
1381,1521992251,728314498,0.573564229709,0.512580019655
1382,1521992251,731648177,0.575162294364,0.512433390171
1383,1521992251,734936627,0.583085214391,0.519492213062
1384,1521992251,738315353,0.567531886394,0.507020478961
1385,1521992251,741648038,0.575368032772,0.518936621935
1386,1521992251,744980649,0.571489939414,0.522447695155
1387,1521992251,748314606,0.568425513527,0.523627359516
1388,1521992251,751647386,0.56862882761,0.525570061249
1389,1521992251,754981855,0.568384868156,0.525344575345
1390,1521992251,758314902,0.568235649654,0.525883523917
1391,1521992251,761648508,0.568506821711,0.529318369749
1392,1521992251,764981908,0.568154368628,0.529318369749
1393,1521992251,768324938,0.566574023405,0.527846048486
1394,1521992251,771649100,0.567976359978,0.527279040691
1395,1521992251,774982709,0.570269087122,0.526510314737
1396,1521992251,778315564,0.571449057381,0.524165732428
1397,1521992251,781648342,0.571449057381,0.525570061249
1398,1521992251,784981319,0.570743999938,0.525570061249
1399,1521992251,788314643,0.570662354276,0.526547973725
1400,1521992251,791648309,0.57058073197,0.526823642909
1401,1521992251,794982190,0.566704025329,0.526823642909
1402,1521992251,798315129,0.565808597839,0.528729801097
1403,1521992251,801648129,0.564358111102,0.526936695193
1404,1521992251,804981831,0.561770035059,0.526121679361
1405,1521992251,808315155,0.561890586568,0.524479295548
1406,1521992251,811648115,0.562595593578,0.522021895904
1407,1521992251,814982505,0.561337318644,0.521835259545
1408,1521992251,818315145,0.560208213281,0.519638836579
1409,1521992251,821648135,0.560128069045,0.519564496259
1410,1521992251,824981868,0.5536641939,0.514539280816
1411,1521992251,828314830,0.552765035147,0.514686512887
1412,1521992251,831648618,0.549787487259,0.515943207912
1413,1521992251,834986661,0.548376718546,0.513877777562
1414,1521992251,838315462,0.548496665261,0.516719229067
1415,1521992251,841648397,0.543246759669,0.516090841708
1416,1521992251,844981914,0.541367934375,0.514927087812
1417,1521992251,848315191,0.537881873147,0.514963918303
1418,1521992251,851648871,0.535023778894,0.514927087812
1419,1521992251,854981407,0.531298790066,0.513318904783
1420,1521992251,858315152,0.531108809808,0.513135353719
1421,1521992251,861648219,0.532985299179,0.509734897681
1422,1521992251,864981738,0.532947177063,0.509347406583
1423,1521992251,868315064,0.532947177063,0.508294310636
1424,1521992251,871648487,0.532909060401,0.508257957159
1425,1521992251,874982275,0.531813665561,0.508221608882
1426,1521992251,878315058,0.528830912474,0.508403402275
1427,1521992251,881648142,0.527345243103,0.506575383853
1428,1521992251,884950010,0.528419272844,0.511367164868
1429,1521992251,888314365,0.515814224197,0.498742389833
1430,1521992251,891648300,0.519089139135,0.499762305597
1431,1521992251,894982027,0.516659266873,0.495937246789
1432,1521992251,898315369,0.512855914436,0.493550967371
1433,1521992251,901647887,0.509476894167,0.488074094904
1434,1521992251,904981517,0.508200997839,0.48575877534
1435,1521992251,908321490,0.507294014333,0.483140067451
1436,1521992251,911648406,0.510280082391,0.47934801967
1437,1521992251,914981824,0.510741044686,0.478105560142
1438,1521992251,918315200,0.511093522977,0.477052464195
1439,1521992251,921648202,0.51747514497,0.474278131383
1440,1521992251,924981680,0.51779061052,0.472489048422
1441,1521992251,928315041,0.520257958562,0.47073388851
1442,1521992251,931648623,0.520183545638,0.466454777765
1443,1521992251,934982255,0.520220749439,0.463680083845
1444,1521992251,938314895,0.5171966324,0.459248377193
1445,1521992251,941648321,0.509683609811,0.453884353351
1446,1521992251,944982013,0.507496142086,0.452415506802
1447,1521992251,948314886,0.505878715202,0.451491715943
1448,1521992251,951654893,0.497056362473,0.450524855248
1449,1521992251,954980723,0.498841105662,0.452462735477
1450,1521992251,958314958,0.497204618083,0.457965711974
1451,1521992251,961648169,0.491354738642,0.464415312825
1452,1521992251,964981476,0.488534912308,0.464766344808
1453,1521992251,968315103,0.48638525354,0.468243173239
1454,1521992251,971649006,0.48423590224,0.468209686636
1455,1521992251,974982175,0.482895259641,0.468276664633
1456,1521992251,978315173,0.478381474933,0.465183921948
1457,1521992251,981647930,0.47274101539,0.456757949022
1458,1521992251,984982180,0.46936679751,0.452701738274
1459,1521992251,988315207,0.468510670734,0.450789551533
1460,1521992251,991648781,0.459246366205,0.439460609367
1461,1521992251,994982303,0.457836553876,0.438758595614
1462,1521992251,998315122,0.456877222928,0.437448427733
1463,1521992252,1648586,0.453254663806,0.430685437455
1464,1521992252,4981823,0.452261996592,0.426534366862
1465,1521992252,8325692,0.445188928942,0.425165807396
1466,1521992252,11647683,0.444206024074,0.426885827062
1467,1521992252,14982301,0.442554464425,0.423193225039
1468,1521992252,18315359,0.432169296821,0.422672738849
1469,1521992252,21647864,0.428000485163,0.420977679094
1470,1521992252,24981714,0.423618307491,0.415211438748
1471,1521992252,28315025,0.422268993467,0.4128136114
1472,1521992252,31647832,0.41950917846,0.407255358082
1473,1521992252,34982117,0.410519759083,0.397956411785
1474,1521992252,38314775,0.41037278808,0.397804595841
1475,1521992252,41648036,0.402530209131,0.391751692451
1476,1521992252,44980906,0.402235271111,0.391456658846
1477,1521992252,48315093,0.399977035247,0.39026382291
1478,1521992252,51648102,0.396213939337,0.384758572906
1479,1521992252,54981841,0.394366793746,0.382219151984
1480,1521992252,58315047,0.393746414804,0.37703531688
1481,1521992252,61648387,0.385963729421,0.369285645572
1482,1521992252,64981653,0.376446815545,0.363669133853
1483,1521992252,68315588,0.373573549035,0.362213190861
1484,1521992252,71647999,0.366329752968,0.361315283206
1485,1521992252,74982671,0.363953883124,0.359302553988
1486,1521992252,78314824,0.356483041309,0.350455251202
1487,1521992252,81648013,0.354593161459,0.347872694641
1488,1521992252,84981204,0.353913518767,0.346844406962
1489,1521992252,88315546,0.346387058523,0.333735932634
1490,1521992252,91648678,0.344748427644,0.326834152714
1491,1521992252,94982417,0.341150184402,0.323605195711
1492,1521992252,98315366,0.332058301473,0.316653497045
1493,1521992252,101648590,0.323245713854,0.310685526479
1494,1521992252,104981071,0.319413871135,0.309676658015
1495,1521992252,108315233,0.313990782735,0.308139960895
1496,1521992252,111659280,0.307780345132,0.301968668255
1497,1521992252,114982289,0.306895044401,0.302466740447
1498,1521992252,118315012,0.304606605585,0.300196760321
1499,1521992252,121648160,0.296455447493,0.289622100955
1500,1521992252,124981597,0.293945870618,0.28712362497
1501,1521992252,128315849,0.285778132718,0.277586879825
1502,1521992252,131648696,0.277792632459,0.266120311575
1503,1521992252,134981438,0.273934412662,0.262979384188
1504,1521992252,138314681,0.266826066823,0.25871057109
1505,1521992252,141648065,0.261538892448,0.25871057109
1506,1521992252,144981660,0.261167733966,0.256235019838
1507,1521992252,148315098,0.25870056239,0.255533006085
1508,1521992252,151648625,0.257309152947,0.256253347213
1509,1521992252,154981941,0.25589923978,0.255551283248
1510,1521992252,158315035,0.255565040942,0.254867448841
1511,1521992252,161648257,0.251317021988,0.249934771528
1512,1521992252,164981273,0.24428492879,0.24117622225
1513,1521992252,168323761,0.240793160177,0.237704640979
1514,1521992252,171648365,0.237140513954,0.232295867548
1515,1521992252,174982033,0.233307254209,0.223926371869
1516,1521992252,178315054,0.226307250048,0.213442711977
1517,1521992252,181648531,0.221356367193,0.211321253455
1518,1521992252,184982136,0.21993072334,0.210955132771
1519,1521992252,188314988,0.216805163658,0.210649323146
1520,1521992252,191648453,0.210766943201,0.210955132771
1521,1521992252,194981218,0.20975458923,0.20959607653
1522,1521992252,198315093,0.208284874981,0.207430228487
1523,1521992252,201648338,0.204099529249,0.20712368432
1524,1521992252,204981430,0.201984508221,0.204315227583
1525,1521992252,208314924,0.193496742169,0.196563850835
1526,1521992252,211648367,0.190677117511,0.194457809576
1527,1521992252,214982652,0.187464817023,0.189152121651
1528,1521992252,218314949,0.182296471174,0.181899619362
1529,1521992252,221648277,0.175886667563,0.173760831329
1530,1521992252,224981583,0.174124276104,0.170952575469
1531,1521992252,228314962,0.172361884646,0.169197415557
1532,1521992252,231648198,0.16918958002,0.163229871855
1533,1521992252,234982527,0.165617413536,0.157217347866
1534,1521992252,238314962,0.16112867864,0.152391479991
1535,1521992252,241648888,0.155761982008,0.151964240396
1536,1521992252,244981966,0.15369152807,0.151656663773
1537,1521992252,248314674,0.150540533084,0.1499228265
1538,1521992252,251648257,0.144858216815,0.148475908756
1539,1521992252,254981733,0.139923873663,0.144263826238
1540,1521992252,258314824,0.135713849328,0.140773893919
1541,1521992252,261648185,0.131826881099,0.137604537133
1542,1521992252,264981521,0.130769446224,0.136551441186
1543,1521992252,268314949,0.129359533057,0.134796281274
1544,1521992252,271648448,0.125825750372,0.128468516796
1545,1521992252,274982245,0.121587617375,0.122492639157
1546,1521992252,278314791,0.117753016511,0.11691873823
1547,1521992252,281648517,0.113481776216,0.113367113031
1548,1521992252,284981074,0.111415016302,0.113415778888
1549,1521992252,288314848,0.110309925328,0.113016131257
1550,1521992252,291648103,0.10926827043,0.111277138447
1551,1521992252,294982083,0.107482815639,0.111253266063
1552,1521992252,298315290,0.105046044415,0.107423470173
1553,1521992252,301647873,0.100830427312,0.10111890874
1554,1521992252,304981239,0.0958740953447,0.0961827632004
1555,1521992252,308315272,0.0930343059957,0.0947583023253
1556,1521992252,311648600,0.0905869209691,0.0940765713055
1557,1521992252,314982810,0.0902086337556,0.0940496634553
1558,1521992252,318315215,0.0899076872059,0.0941034945569
1559,1521992252,321648362,0.0888308831965,0.0909237868454
1560,1521992252,324981024,0.0874333775291,0.0877768305033
1561,1521992252,328314987,0.0838718364658,0.0828257753658
1562,1521992252,331648419,0.078602659051,0.0772270361463
1563,1521992252,334982725,0.0764659122069,0.0747484265522
1564,1521992252,338315255,0.0736837738048,0.0747858595888
1565,1521992252,341648098,0.0712108017217,0.0747805097169
1566,1521992252,344981769,0.0708430695374,0.0747644646926
1567,1521992252,348315288,0.0708430695374,0.0761684921986
1568,1521992252,351647442,0.0705208785973,0.0762011918947
1569,1521992252,354981371,0.0704805348452,0.0761575985355
1570,1521992252,358314944,0.0697857102906,0.0737114440631
1571,1521992252,361647589,0.06839546468,0.0695192497586
1572,1521992252,364981380,0.0655515850194,0.0631767193362
1573,1521992252,368314896,0.0620317424805,0.0582671414975
1574,1521992252,371648252,0.0581589181319,0.0537078933199
1575,1521992252,374982127,0.0556836044788,0.0512433390171
1576,1521992252,378314687,0.0546458609557,0.0512616690139
1577,1521992252,381647846,0.0535805327217,0.0512543354418
1578,1521992252,384981946,0.0532128038081,0.0522925446165
1579,1521992252,388315289,0.053224222048,0.0544099572849
1580,1521992252,391648146,0.053584365652,0.0565242350442
1581,1521992252,394981821,0.0532166093437,0.0565080656285
1582,1521992252,398315003,0.0528755257122,0.0565201918228
1583,1521992252,401648267,0.0528717437563,0.0565161491798
1584,1521992252,404981472,0.0521705187027,0.0544138492704
1585,1521992252,408315185,0.0496923305792,0.0512433390171
1586,1521992252,411648197,0.0468829661315,0.0463395361529
1587,1521992252,414981740,0.0444090883667,0.0424718320554
1588,1521992252,418314926,0.041947917065,0.0386162801274
1589,1521992252,421648583,0.0401796513794,0.0361537082786
1590,1521992252,424981278,0.0391306880748,0.0361614671401
1591,1521992252,428314973,0.038417385968,0.0361537082786
1592,1521992252,431648060,0.0380703785128,0.036509937575
1593,1521992252,434982405,0.0373520124144,0.0375496790661
1594,1521992252,438315454,0.0373653715033,0.0375631088512
1595,1521992252,441647822,0.0363156540479,0.0375711713343
1596,1521992252,444981123,0.0341903942957,0.0368583581607
1597,1521992252,448315189,0.0320686433546,0.0357975808784
1598,1521992252,451648260,0.0296102943988,0.0340525379305
1599,1521992252,454981899,0.0281962465821,0.0326436395137
1600,1521992252,458315051,0.0267883501699,0.0308908144585
1601,1521992252,461648311,0.0257327558466,0.0284356244574
1602,1521992252,464981347,0.0257327558466,0.0270313960892
1603,1521992252,468315486,0.0253711782438,0.0252670737641
1604,1521992252,471648566,0.0253820679404,0.0235225077513
1605,1521992252,474982382,0.0250205898701,0.0228121838931
1606,1521992252,478315047,0.0246787759155,0.0221197612868
1607,1521992252,481648138,0.0243227418276,0.0214144826161
1608,1521992252,484981512,0.0236160455445,0.020359854984
1609,1521992252,488314641,0.0229127278086,0.0200102542478
1610,1521992252,491648084,0.0211471849365,0.0189543713305
1611,1521992252,494982285,0.0200869524309,0.0182497471145
1612,1521992252,498270079,0.0189400976656,0.0177946995906
1613,1521992252,501648333,0.0163455153726,0.0159320956081
1614,1521992252,504981369,0.01515873502,0.0150965348255
1615,1521992252,508340856,0.0139890681893,0.014628250811
1616,1521992252,511648464,0.0124327805718,0.0137968246044
1617,1521992252,514982177,0.0119825477992,0.0133373074154
1618,1521992252,518315041,0.0109283903632,0.0119367949783
1619,1521992252,521647792,0.0109291721911,0.0115865416264
1620,1521992252,524981558,0.0105728362935,0.0108804349968
1621,1521992252,528314883,0.0105743487513,0.00982889550953
1622,1521992252,531647896,0.0102226016377,0.00877642730168
1623,1521992252,534981167,0.00951691387613,0.0084247675796
1624,1521992252,538315068,0.00951555266411,0.0070196354818
1625,1521992252,541649066,0.0081052615072,0.00631722015502
1626,1521992252,544981657,0.00775618671629,0.00561771715221
1627,1521992252,548314932,0.00634460925075,0.00491444775477
1628,1521992252,551648259,0.00528755257122,0.00421268510481
1629,1521992252,554981745,0.00458189006958,0.00351006876491
1630,1521992252,558314949,0.00317230462538,0.00280825585987
1631,1521992252,561648050,0.00246752453324,0.0021063425524
1632,1521992252,564981805,0.00176226541138,0.00140402750596
1633,1521992252,568315461,0.000704855752897,0.00070196354818
1634,1521992252,571648307,0.000352528721395,0.0
1635,1521992252,574982574,0.0,0.0
1636,1521992252,578315042,0.0,0.0
1637,1521992252,581648366,0.0,0.0
1638,1521992252,584982217,0.0,-0.00035098177409
1639,1521992252,588315063,0.0,-0.000351082205243
1640,1521992252,591648566,0.0,-0.000351006876491
1641,1521992252,594982375,0.0,-0.00035098177409
1642,1521992252,598315214,0.0,-0.000351082205243
1643,1521992252,601648105,0.0,-0.000351082205243
1644,1521992252,604981466,0.0,-0.000351031982483
1645,1521992252,608315086,0.0,-0.000351006876491
1646,1521992252,611648572,0.0,-0.000351006876491
1647,1521992252,614982184,0.0,0.0
1648,1521992252,618315315,0.0,0.0
1649,1521992252,621648482,0.0,0.0
1650,1521992252,624981639,0.0,0.0
1651,1521992252,628314797,0.0,0.0
1652,1521992252,631648206,0.0,0.0
1653,1521992252,634982168,0.0,0.0
1654,1521992252,638315337,0.0,0.0
1655,1521992252,641647996,0.0,0.0
1656,1521992252,644981876,0.0,0.0
1657,1521992252,648315475,0.0,0.0
1658,1521992252,651648282,0.0,0.0
1659,1521992252,654980842,0.0,0.0
1660,1521992252,658314887,0.0,0.0
1661,1521992252,661648275,0.0,0.0
1662,1521992252,664981553,0.0,0.0
1663,1521992252,668321597,0.0,0.0
1664,1521992252,671647715,0.0,0.0
1665,1521992252,674981261,0.0,0.0
1666,1521992252,678314805,0.0,-0.000351031982483
1667,1521992252,681647714,0.0,-0.000351057092067
1668,1521992252,684981730,0.0,-0.000350956675279
1669,1521992252,688323039,0.0,-0.000350205376559
1670,1521992252,691648104,0.0,-0.000703825920995
1671,1521992252,694981842,0.0,-0.00105294532227
1672,1521992252,698315043,0.0,-0.00140412792993
1673,1521992252,701648137,0.0,-0.00140422836827
1674,1521992252,704981518,0.0,-0.00140412792993
1675,1521992252,708314649,0.0,-0.00140422836827
1676,1521992252,711648270,0.0,-0.00140402750596
1677,1521992252,714982407,0.0,-0.00140372632023
1678,1521992252,718315327,0.0,-0.00140432882097
1679,1521992252,721647657,0.0,-0.00140452976951
1680,1521992252,724985788,0.0,-0.00140212217616
1681,1521992252,728316539,0.0,-0.00140523354248
1682,1521992252,731647794,0.0,-0.0010537742944
1683,1521992252,734982366,0.0,-0.00105271946527
1684,1521992252,738315107,0.0,-0.00105324661573
1685,1521992252,741648136,0.0,-0.0010531712762
1686,1521992252,744981448,0.0,-0.00245722387738
1687,1521992252,748314814,0.0,-0.00526547973725
1688,1521992252,751648059,0.0,-0.00912748439374
1689,1521992252,754980916,-0.000352528721395,-0.0126389593888
1690,1521992252,758315155,-0.00105713242682,-0.0157919211026
1691,1521992252,761651292,-0.00316958414689,-0.0175365473705
1692,1521992252,764984249,-0.00599298826371,-0.0175541102622
1693,1521992252,768315544,-0.00916968252386,-0.0175616479893
1694,1521992252,771648057,-0.0119868340161,-0.0165020441346
1695,1521992252,774982840,-0.0140930835672,-0.0143861374155
1696,1521992252,778315156,-0.0148093845054,-0.0126416723881
1697,1521992252,781658784,-0.0147576440533,-0.0108478518759
1698,1521992252,784981880,-0.0148497602129,-0.0091549886515
1699,1521992252,788315027,-0.0141001401899,-0.00807431311754
1700,1521992252,791647903,-0.0126910339702,-0.0080748907206
1701,1521992252,794982490,-0.011275272979,-0.00807084923375
1702,1521992252,798315077,-0.0109291721911,-0.0080754684063
1703,1521992252,801648631,-0.00986868630372,-0.00877517191228
1704,1521992252,804981477,-0.00951827547766,-0.0101813839521
1705,1521992252,808314966,-0.00916378013917,-0.0105302062947
1706,1521992252,811648510,-0.00845887397462,-0.0105302062947
1707,1521992252,814982378,-0.00845826903476,-0.0105294532227
1708,1521992252,818315039,-0.00810874065794,-0.0105332196604
1709,1521992252,821648613,-0.00740151472779,-0.0101791994182
1710,1521992252,824952787,-0.00711162276698,-0.0095612966283
1711,1521992252,828314712,-0.00664009509476,-0.00835307251474
1712,1521992252,831648164,-0.00634460925075,-0.00807373559711
1713,1521992252,834982377,-0.00634279456094,-0.00772049476126
1714,1521992252,838315072,-0.00634597094969,-0.00772436108429
1715,1521992252,841648385,-0.00669708754246,-0.00737167163215
1716,1521992252,844981715,-0.00740204412588,-0.00737167163215
1717,1521992252,848314598,-0.00740310314929,-0.00702164410487
1718,1521992252,851648060,-0.00740151472779,-0.00702013752982
1719,1521992252,854982063,-0.00740045615875,-0.00737009018085
1720,1521992252,858315522,-0.00740204412588,-0.00737167163215
1721,1521992252,861648468,-0.00705007009496,-0.00737219893341
1722,1521992252,864981297,-0.00634551698511,-0.00772380851536
1723,1521992252,868314960,-0.00563924931641,-0.0077221512828
1724,1521992252,871647569,-0.00528830912474,-0.00737325376227
1725,1521992252,874982287,-0.00458025215936,-0.00736850940795
1726,1521992252,878315079,-0.00458320124144,-0.00737325376227
1727,1521992252,881648000,-0.00423004205698,-0.00737219893341
1728,1521992252,884981961,-0.00422913451738,-0.0070196354818
1729,1521992252,888314967,-0.00423004205698,-0.00702114184134
1730,1521992252,891644788,-0.00458713926342,-0.00667677107224
1731,1521992252,894980446,-0.00457894267407,-0.0063140595131
1732,1521992252,898314686,-0.0045809071829,-0.00631676844103
1733,1521992252,901647517,-0.00458287337813,-0.0056173152839
1734,1521992252,904981356,-0.00458156239383,-0.00561570838544
1735,1521992252,908314993,-0.00458189006958,-0.00561611002386
1736,1521992252,911648445,-0.00422943698731,-0.00526510314737
1737,1521992252,914982246,-0.00422913451738,-0.00526472661135
1738,1521992252,918314979,-0.0035255394165,-0.00491550250818
1739,1521992252,921647938,-0.00317253154273,-0.00491479928894
1740,1521992252,924981403,-0.00281982633367,-0.00491444775477
1741,1521992252,928314834,-0.00246717157593,-0.00491409627087
