1,1521988769,411345039,0.0,0.0
2,1521988769,414678506,0.0,0.0
3,1521988769,418011505,0.0,0.0
4,1521988769,421343496,0.0,0.0
5,1521988769,424676777,0.0,0.0
6,1521988769,428010939,0.0,0.0
7,1521988769,431343715,0.0,0.0
8,1521988769,434678403,0.0,0.0
9,1521988769,438010043,0.0,0.0
10,1521988769,441344345,0.0,0.0
11,1521988769,444676926,0.0,0.0
12,1521988769,448011666,0.0,0.0
13,1521988769,451344390,0.0,0.0
14,1521988769,454677328,0.0,0.0
15,1521988769,458011176,0.0,0.0
16,1521988769,461344214,0.0,0.0
17,1521988769,464678628,0.0,0.0
18,1521988769,468011468,0.0,0.0
19,1521988769,471343095,0.0,0.0
20,1521988769,474677668,0.0,0.0
21,1521988769,478011155,0.0,0.0
22,1521988769,481344339,0.0,0.0
23,1521988769,484676831,0.0,0.0
24,1521988769,488011312,0.0,0.0
25,1521988769,491344004,0.0,0.0
26,1521988769,494677834,0.0,0.0
27,1521988769,498010856,0.0,0.0
28,1521988769,501354014,0.0,0.0
29,1521988769,504677549,0.0,0.0
30,1521988769,508011711,0.0,0.0
31,1521988769,511344147,0.0,0.0
32,1521988769,514677343,0.0,0.0
33,1521988769,518010698,0.0,0.0
34,1521988769,521344085,0.0,0.0
35,1521988769,524676832,0.0,0.0
36,1521988769,528010695,0.0,0.0
37,1521988769,531342841,0.0,0.0
38,1521988769,534677403,0.0,0.0
39,1521988769,538010684,0.0,0.0
40,1521988769,541344340,0.0,0.0
41,1521988769,544677383,0.0,0.0
42,1521988769,548010010,0.0,0.0
43,1521988769,551343736,0.0,0.0
44,1521988769,554677970,0.0,0.0
45,1521988769,558001582,0.0,0.0
46,1521988769,561344407,0.0,0.0
47,1521988769,564677909,0.0,0.0
48,1521988769,568012513,0.0,0.0
49,1521988769,571344372,0.0,0.0
50,1521988769,574677718,0.0,0.0
51,1521988769,578010939,0.0,0.0
52,1521988769,581344187,0.0,0.0
53,1521988769,584677692,0.0,0.0
54,1521988769,588009991,0.0,0.0
55,1521988769,591344147,0.0,0.0
56,1521988769,594677690,0.0,0.0
57,1521988769,598010439,0.0,0.0
58,1521988769,601344271,0.0,0.0
59,1521988769,604677785,0.0,0.0
60,1521988769,608010802,0.0,0.0
61,1521988769,611343764,0.0,0.0
62,1521988769,614676581,0.0,0.0
63,1521988769,618011150,0.0,0.0
64,1521988769,621344598,0.0,0.0
65,1521988769,624677027,0.0,0.0
66,1521988769,628010621,0.0,0.0
67,1521988769,631343811,0.0,0.0
68,1521988769,634678114,0.0,0.0
69,1521988769,638010875,0.0,0.0
70,1521988769,641344263,0.0,0.0
71,1521988769,644677255,0.0,0.0
72,1521988769,648011213,0.0,0.0
73,1521988769,651345930,0.0,0.0
74,1521988769,654677935,0.0,0.0
75,1521988769,658010493,0.0,0.0
76,1521988769,661344391,0.0,0.0
77,1521988769,664677516,0.0,0.0
78,1521988769,668010711,0.0,0.0
79,1521988769,671344151,0.0,0.0
80,1521988769,674678000,0.0,0.0
81,1521988769,678010987,0.0,0.0
82,1521988769,681343872,0.0,0.0
83,1521988769,684677225,0.0,0.0
84,1521988769,688010607,0.0,0.0
85,1521988769,691344305,0.0,0.0
86,1521988769,694688618,0.0,0.0
87,1521988769,698010884,0.0,0.0
88,1521988769,701344388,0.0,0.0
89,1521988769,704677308,0.0,0.0
90,1521988769,708011755,0.0,0.0
91,1521988769,711343502,0.0,0.0
92,1521988769,714678241,0.0,0.0
93,1521988769,718010124,0.0,0.0
94,1521988769,721344833,0.0,0.0
95,1521988769,724677329,0.0,0.0
96,1521988769,728011084,0.0,0.0
97,1521988769,731344066,0.0,0.0
98,1521988769,734677525,0.0,0.000351006876491
99,1521988769,738009944,0.0,0.000351132442377
100,1521988769,741343168,0.000352478291709,0.000351031982483
101,1521988769,744676936,0.0,0.000351006876491
102,1521988769,748013091,0.0,0.000350730947409
103,1521988769,751345921,0.0,0.000351082205243
104,1521988769,754678832,0.000352528721395,0.000351082205243
105,1521988769,758011045,0.0,0.000351132442377
106,1521988769,761344294,0.000352503504748,0.000351057092067
107,1521988769,764677145,0.000352528721395,0.000351082205243
108,1521988769,768011072,0.000352402674226,0.000350956675279
109,1521988769,771344402,0.000352478291709,0.000351031982483
110,1521988769,774677857,0.000352478291709,0.000351031982483
111,1521988769,778011040,0.000352478291709,0.000351031982483
112,1521988769,781315010,0.000355606797256,0.000354147650967
113,1521988769,784677578,0.000349429128297,0.0
114,1521988769,788009971,0.000352579165513,0.0
115,1521988769,791344554,0.000352327089181,0.0
116,1521988769,794678838,0.000352377475608,0.0
117,1521988769,798010563,0.000352654858765,0.0
118,1521988769,801344145,0.000352453082276,0.0
119,1521988769,804677550,0.000352478291709,0.0
120,1521988769,808010849,0.0,0.0
121,1521988769,811343334,0.00035255394165,0.0
122,1521988769,814677722,0.0,0.0
123,1521988769,818010997,0.000352478291709,0.0
124,1521988769,821344166,0.0,0.0
125,1521988769,824677577,0.0,0.0
126,1521988769,828010852,0.0,0.0
127,1521988769,831344079,0.0,0.0
128,1521988769,834678557,0.0,0.0
129,1521988769,838011095,0.0,0.0
130,1521988769,841344299,0.0,0.0
131,1521988769,844676844,0.0,0.0
132,1521988769,848010645,0.0,0.0
133,1521988769,851343878,0.0,0.0
134,1521988769,854677329,0.0,0.0
135,1521988769,858010723,0.0,0.0
136,1521988769,861344332,0.0,0.0
137,1521988769,864676930,0.0,0.0
138,1521988769,868011010,0.0,0.0
139,1521988769,871344052,0.0,0.0
140,1521988769,874677873,0.0,0.0
141,1521988769,878010582,0.0,0.0
142,1521988769,881343982,0.0,0.0
143,1521988769,884677251,0.0,0.0
144,1521988769,888010835,0.0,0.0
145,1521988769,891344419,0.0,0.0
146,1521988769,894676935,0.0,0.0
147,1521988769,898011046,0.0,0.0
148,1521988769,901344326,0.0,0.0
149,1521988769,904677855,0.0,0.0
150,1521988769,908010214,0.0,0.0
151,1521988769,911344944,0.0,0.0
152,1521988769,914704214,0.0,0.0
153,1521988769,918010959,0.0,0.0
154,1521988769,921344134,0.0,0.0
155,1521988769,924677163,0.0,0.0
156,1521988769,928010489,0.0,0.0
157,1521988769,931343654,0.0,0.0
158,1521988769,934678508,0.0,0.0
159,1521988769,938010691,0.0,0.0
160,1521988769,941344194,0.0,0.0
161,1521988769,944677315,0.0,0.0
162,1521988769,948010575,0.0,0.0
163,1521988769,951343904,0.0,0.0
164,1521988769,954678408,0.0,0.0
165,1521988769,958010647,0.0,0.0
166,1521988769,961344366,0.0,0.0
167,1521988769,964677580,0.0,0.0
168,1521988769,968010759,0.0,0.0
169,1521988769,971344268,0.0,0.0
170,1521988769,974688885,0.0,0.0
171,1521988769,978011029,0.0,0.0
172,1521988769,981344077,0.0,0.0
173,1521988769,984677465,0.0,0.0
174,1521988769,988010932,0.0,0.0
175,1521988769,991325417,0.0,0.0
176,1521988769,994678277,0.0,0.0
177,1521988769,998009990,0.0,0.0
178,1521988770,1344292,0.0,0.0
179,1521988770,4678288,0.0,0.0
180,1521988770,8010604,0.0,0.0
181,1521988770,11343801,0.0,0.0
182,1521988770,14677061,0.0,0.0
183,1521988770,18010990,0.0,0.0
184,1521988770,21344285,0.0,0.0
185,1521988770,24677562,0.0,0.0
186,1521988770,28011008,0.0,0.0
187,1521988770,31355151,0.0,0.0
188,1521988770,34677747,0.0,0.0
189,1521988770,38010640,0.0,0.0
190,1521988770,41344851,0.0,0.0
191,1521988770,44677037,0.0,0.0
192,1521988770,48010677,0.0,0.0
193,1521988770,51344021,0.000352478291709,0.0
194,1521988770,54678084,0.000352377475608,0.0
195,1521988770,58010903,0.00035255394165,0.0
196,1521988770,61344011,0.0,0.0
197,1521988770,64677615,0.0,0.0
198,1521988770,68021226,0.0,0.0
199,1521988770,71344415,0.0,0.0
200,1521988770,74678290,0.0,0.0
201,1521988770,78010742,0.0,0.0
202,1521988770,81344109,0.0,0.0
203,1521988770,84678015,0.0,0.0
204,1521988770,88009961,0.0,0.0
205,1521988770,91343740,0.0,0.0
206,1521988770,94677942,0.0,0.0
207,1521988770,98010806,0.0,0.0
208,1521988770,101344221,0.0,0.0
209,1521988770,104677406,0.0,0.0
210,1521988770,108010663,0.0,0.0
211,1521988770,111344167,0.0,0.0
212,1521988770,114676685,0.0,0.0
213,1521988770,118011414,0.0,0.0
214,1521988770,121344284,0.0,0.000351082205243
215,1521988770,124676468,0.0,0.0
216,1521988770,128010804,0.0,0.0
217,1521988770,131343665,0.0,0.0
218,1521988770,134677373,0.0,0.0
219,1521988770,138011108,0.0,0.0
220,1521988770,141344178,0.0,0.0
221,1521988770,144677549,0.0,0.000351006876491
222,1521988770,148010908,0.0,0.0
223,1521988770,151344276,0.0,0.000351031982483
224,1521988770,154678961,0.0,0.0
225,1521988770,158011301,0.0,0.0
226,1521988770,161344304,0.0,0.0
227,1521988770,164677423,0.0,0.0
228,1521988770,168010850,0.0,0.0
229,1521988770,171343979,0.0,0.0
230,1521988770,174677644,0.0,0.0
231,1521988770,178011068,0.0,0.0
232,1521988770,181343662,0.0,0.0
233,1521988770,184677275,0.0,0.0
234,1521988770,188010828,0.0,0.0
235,1521988770,191344066,0.0,0.0
236,1521988770,194677693,0.0,0.0
237,1521988770,198010433,0.0,0.0
238,1521988770,201344300,0.0,0.0
239,1521988770,204676860,0.0,0.0
240,1521988770,208009723,0.0,0.0
241,1521988770,211343254,0.0,0.0
242,1521988770,214677881,0.0,0.0
243,1521988770,218011360,0.0,0.0
244,1521988770,221344957,0.0,0.0
245,1521988770,224677689,0.0,0.0
246,1521988770,228009808,0.0,0.0
247,1521988770,231343664,0.0,0.0
248,1521988770,234646849,0.0,0.0
249,1521988770,238010948,0.0,0.0
250,1521988770,241344867,0.0,0.0
251,1521988770,244677468,0.0,0.0
252,1521988770,248010923,0.0,0.0
253,1521988770,251344459,0.0,0.0
254,1521988770,254677014,0.0,0.0
255,1521988770,258010023,0.0,0.0
256,1521988770,261344493,0.0,0.0
257,1521988770,264678319,0.0,0.0
258,1521988770,268010701,0.0,0.0
259,1521988770,271344133,0.0,0.0
260,1521988770,274649666,0.0,0.0
261,1521988770,278010475,0.0,0.0
262,1521988770,281343963,0.0,0.0
263,1521988770,284676934,0.0,0.0
264,1521988770,288010830,0.0,0.0
265,1521988770,291343974,0.0,0.0
266,1521988770,294677998,0.0,0.0
267,1521988770,298010820,0.0,0.0
268,1521988770,301345991,0.0,0.0
269,1521988770,304679791,0.0,0.0
270,1521988770,308010737,0.0,0.0
271,1521988770,311344157,0.0,0.0
272,1521988770,314630255,0.0,0.0
273,1521988770,318010733,0.0,0.0
274,1521988770,321344499,0.0,0.0
275,1521988770,324677273,0.0,0.0
276,1521988770,328010744,0.0,0.0
277,1521988770,331345083,0.0,0.0
278,1521988770,334677260,0.0,0.0
279,1521988770,338011228,0.0,0.0
280,1521988770,341344672,0.0,0.0
281,1521988770,344676880,0.0,0.0
282,1521988770,348011145,0.0,0.0
283,1521988770,351345922,0.0,0.0
284,1521988770,354678686,0.0,0.0
285,1521988770,358011242,0.0,0.0
286,1521988770,361344890,0.0,0.0
287,1521988770,364677772,0.0,0.0
288,1521988770,368010997,0.0,0.0
289,1521988770,371344450,0.0,0.0
290,1521988770,374677547,0.0,0.0
291,1521988770,378011134,0.0,0.0
292,1521988770,381343833,0.0,0.0
293,1521988770,384677621,0.0,0.0
294,1521988770,388010738,0.0,0.0
295,1521988770,391344335,0.0,0.0
296,1521988770,394696007,0.0,0.0
297,1521988770,398010719,0.0,0.0
298,1521988770,401344363,0.0,0.0
299,1521988770,404677473,0.0,0.0
300,1521988770,408010871,0.0,0.000702013752982
301,1521988770,411343476,0.0,0.000702214644026
302,1521988770,414678895,0.000352276717162,0.000701662470098
303,1521988770,418010689,0.00141051849628,0.00175591346944
304,1521988770,421344560,0.00246699513514,0.00245687241863
305,1521988770,424693141,0.00350872125054,0.00349432406344
306,1521988770,428011122,0.00566558769433,0.00564234032863
307,1521988770,431343908,0.00810874065794,0.00667103911825
308,1521988770,434677107,0.0102218704595,0.00807373559711
309,1521988770,438010325,0.0126901261709,0.0101806556699
310,1521988770,441343948,0.0144495429344,0.0126353438672
311,1521988770,444677283,0.0176239145854,0.0157964392117
312,1521988770,448010894,0.0197373726074,0.019305378207
313,1521988770,451343726,0.0225618381693,0.0228203433408
314,1521988770,454677310,0.0246717157593,0.0270275294898
315,1521988770,458011111,0.027489374363,0.0308863961199
316,1521988770,461343722,0.0299670850402,0.0347596248793
317,1521988770,464677627,0.0324233646333,0.0393099586981
318,1521988770,468010788,0.036305264046,0.0452831257403
319,1521988770,471344237,0.0387726120879,0.0491444775477
320,1521988770,474696835,0.0434555451252,0.0544455547538
321,1521988770,478010589,0.0485744199226,0.0586150926267
322,1521988770,481344442,0.0507496142086,0.0582629744989
323,1521988770,484678059,0.0521630561768,0.0582671414975
324,1521988770,488009878,0.0521891843624,0.0551356829406
325,1521988770,491343781,0.0521593257144,0.043170758213
326,1521988770,494677955,0.0472185817315,0.030881979045
327,1521988770,498010731,0.0363130559899,0.0168531514566
328,1521988770,501343980,0.0260833935864,0.0140412792993
329,1521988770,504677287,0.0197387843357,0.0140412792993
330,1521988770,508010397,0.0197401962659,0.0140422836827
331,1521988770,511343964,0.0197373726074,0.02000739196
332,1521988770,514677205,0.025378437003,0.0291356545461
333,1521988770,518010073,0.0320801136469,0.0372147137558
334,1521988770,521323716,0.035103748787,0.0430816616741
335,1521988770,524677083,0.0346869463663,0.0460594891871
336,1521988770,528010640,0.0348928551453,0.0484389489558
337,1521988770,531343413,0.0349003434181,0.0484493443236
338,1521988770,534676710,0.0331329594206,0.0484424135827
339,1521988770,538010978,0.0331234827072,0.0456211054074
340,1521988770,541344479,0.0331329594206,0.0438789978104
341,1521988770,544677093,0.03419773234,0.0438884152516
342,1521988770,548010534,0.0370075736389,0.0438758595614
343,1521988770,551344287,0.0394719221622,0.0445746853094
344,1521988770,554691828,0.0428216437007,0.0464910607952
345,1521988770,558010786,0.0463736706074,0.0493562919757
346,1521988770,561344612,0.0482826190734,0.050892357243
347,1521988770,564677993,0.0489944825475,0.0519527334075
348,1521988770,568011162,0.04899798716,0.0540627921783
349,1521988770,571343857,0.0490014922739,0.054768824018
350,1521988770,574676477,0.0479473360643,0.0554749568781
351,1521988770,578010818,0.0461614493046,0.0568509159692
352,1521988770,581345217,0.0426346259518,0.0568468511247
353,1521988770,584677357,0.0416073183724,0.0582921560116
354,1521988770,588010683,0.0415924384216,0.0607285329696
355,1521988770,591344024,0.0415924384216,0.061781628917
356,1521988770,594677132,0.0415954135603,0.0638923907562
357,1521988770,598010683,0.0422943698731,0.0656382859038
358,1521988770,601344670,0.0429962009267,0.0656335917548
359,1521988770,604677223,0.0454794584728,0.0656570692164
360,1521988770,608010899,0.0468729075676,0.0642296646584
361,1521988770,611343996,0.0486454836552,0.0621371052959
362,1521988770,614677409,0.0511093522977,0.061781628917
363,1521988770,618010941,0.0518106030945,0.0617772102624
364,1521988770,621344484,0.0525155092591,0.0617772102624
365,1521988770,624677009,0.052886874827,0.0646083693973
366,1521988770,628009914,0.0539368943734,0.0681099478172
367,1521988770,631343908,0.0542700118308,0.0701913350558
368,1521988770,634676749,0.0556995379804,0.0733761808959
369,1521988770,638011163,0.0577857740173,0.0757958014996
370,1521988770,641343603,0.0581755623097,0.0758446075534
371,1521988770,644677334,0.058150599614,0.0758120632034
372,1521988770,648010751,0.0581589181319,0.0758229082164
373,1521988770,651344443,0.0563884602317,0.074057154333
374,1521988770,654677466,0.0564045954232,0.0737272631011
375,1521988770,658010627,0.0563965266734,0.0737167163215
376,1521988770,661343980,0.0563965266734,0.0737167163215
377,1521988770,664677928,0.0588554553669,0.0761630449775
378,1521988770,668010937,0.0623931203404,0.0807431311754
379,1521988770,671343678,0.0655750331468,0.0839146499611
380,1521988770,674677114,0.069080804126,0.0863476916168
381,1521988770,678010519,0.0729630063837,0.0888110915683
382,1521988770,681344040,0.0740151472779,0.0891557466287
383,1521988770,684677611,0.0775396781006,0.0891557466287
384,1521988770,688009877,0.0782725747439,0.0888365079213
385,1521988770,691343974,0.0782333936782,0.0891429955208
386,1521988770,694676973,0.0782613761496,0.0891748801318
387,1521988770,698009973,0.0782557780541,0.0909237868454
388,1521988770,701344260,0.078227799585,0.0933478002952
389,1521988770,704677599,0.078602659051,0.0975868911303
390,1521988770,708010594,0.0807233025873,0.102157613792
391,1521988770,711343488,0.0835493069706,0.104973579368
392,1521988770,714678288,0.0884340993845,0.108071471317
393,1521988770,718010909,0.0941319024204,0.10814105518
394,1521988770,721344045,0.095175946282,0.110231926909
395,1521988770,724678667,0.0961852953465,0.110527641119
396,1521988770,728010535,0.0962747764428,0.111332880537
397,1521988770,731345030,0.096192172602,0.112290076296
398,1521988770,734697579,0.0956722888644,0.116220318801
399,1521988770,738011198,0.096801246655,0.120769904037
400,1521988770,741344653,0.0976295037904,0.120395358636
401,1521988770,744677964,0.0990463999701,0.121808097922
402,1521988770,748010424,0.105773749654,0.123949752159
403,1521988770,751343318,0.110341489797,0.124985265067
404,1521988770,754676993,0.111367208958,0.127055402221
405,1521988770,758011663,0.111695672948,0.130888120182
406,1521988770,761343959,0.112472753799,0.131674665891
407,1521988770,764676382,0.112472753799,0.134834857873
408,1521988770,768011168,0.112392341449,0.136492864747
409,1521988770,771344287,0.114211135538,0.136912265906
410,1521988770,774677358,0.116678660072,0.139720722643
411,1521988770,778011065,0.120530333745,0.144253509151
412,1521988770,781343538,0.121639812102,0.147124493356
413,1521988770,784677108,0.121596313385,0.147773895003
414,1521988770,788011175,0.120521714585,0.149156586993
415,1521988770,791345623,0.120504479963,0.151240696511
416,1521988770,794660869,0.120143233353,0.153886463296
417,1521988770,798018194,0.11863312454,0.152649256386
418,1521988770,801344883,0.122555411148,0.163205694851
419,1521988770,804677899,0.122318716148,0.163943661995
420,1521988770,808010373,0.119876916274,0.164329983032
421,1521988770,811345110,0.119791210322,0.16666866518
422,1521988770,814711117,0.114490981075,0.168946039063
423,1521988770,818011192,0.11356969223,0.174087492431
424,1521988770,821344238,0.110341489797,0.176594349237
425,1521988770,824677762,0.102563846942,0.176556458875
426,1521988770,828010569,0.102585857926,0.176945431443
427,1521988770,831344411,0.102556512046,0.176894814141
428,1521988770,834677250,0.104348501533,0.179403006879
429,1521988770,838010209,0.110333596986,0.182198630783
430,1521988770,841344085,0.116301199228,0.182159540753
431,1521988770,844677748,0.125120844208,0.182874582652
432,1521988770,848010922,0.139933881808,0.188504174593
433,1521988770,851344339,0.140638838392,0.188504174593
434,1521988770,854678139,0.140618722703,0.191285066879
435,1521988770,858010561,0.141384245371,0.194527373077
436,1521988770,861343879,0.142753708142,0.194822750278
437,1521988770,864677229,0.145573534476,0.196928942173
438,1521988770,868011202,0.146951915152,0.198641478208
439,1521988770,871344816,0.146972935309,0.2000739196
440,1521988770,874677497,0.147014993668,0.200131173547
441,1521988770,878011431,0.146951915152,0.202852958311
442,1521988770,881345070,0.146972935309,0.203934995241
443,1521988770,884679522,0.14834031013,0.203876669774
444,1521988770,888011974,0.151961620336,0.204359081463
445,1521988770,891345251,0.153680535185,0.206055773718
446,1521988770,894679197,0.153647565963,0.206713481739
447,1521988770,898011305,0.154804404967,0.207197789394
448,1521988770,901344403,0.155806549099,0.207474741412
449,1521988770,904677496,0.157216563118,0.208176855596
450,1521988770,908010358,0.162515740563,0.213809062993
451,1521988770,911301471,0.164576031392,0.216519624137
452,1521988770,914678488,0.160729653112,0.21134801763
453,1521988770,918010931,0.162891574467,0.21419078985
454,1521988770,921344261,0.167779666853,0.219394989052
455,1521988770,924677102,0.168156200105,0.219777460482
456,1521988770,928011065,0.16844847828,0.220400792075
457,1521988770,931344332,0.170259192793,0.221517025094
458,1521988770,934678005,0.171984803707,0.22568128074
459,1521988770,938012529,0.172652617491,0.225983778545
460,1521988770,941344680,0.176302196493,0.227901260551
461,1521988770,944678176,0.176239145854,0.227819756632
462,1521988770,948010847,0.176264360697,0.228203433408
463,1521988770,951344838,0.176213938224,0.230244043803
464,1521988770,954677536,0.176264360697,0.231363173255
465,1521988770,958010994,0.177296580729,0.234138332316
466,1521988770,961345238,0.177245870231,0.234422295478
467,1521988770,964677780,0.17733463265,0.234890798427
468,1521988770,968011390,0.180103525043,0.237982662261
469,1521988770,971344429,0.182596815459,0.238367765514
470,1521988770,974680627,0.185596760601,0.241302891818
471,1521988770,978011228,0.186621194723,0.246636141403
472,1521988770,981344111,0.186826857516,0.247846306999
473,1521988770,984677379,0.189646885554,0.25135687792
474,1521988770,988010911,0.189619758264,0.252373944197
475,1521988770,991344159,0.189985799231,0.254147155318
476,1521988770,994701065,0.188999961509,0.252708746921
477,1521988770,998006910,0.191930721821,0.256627418438
478,1521988771,1344337,0.190445564472,0.255573274465
479,1521988771,4677651,0.193876927611,0.256271677209
480,1521988771,8010756,0.195272973607,0.256604379195
481,1521988771,11344048,0.195639445135,0.258026962669
482,1521988771,14676630,0.195667437616,0.258414989002
483,1521988771,18010847,0.19733138634,0.263900548203
484,1521988771,21344004,0.197754466164,0.265048104511
485,1521988771,24677227,0.198445278232,0.267837402635
486,1521988771,28011974,0.198360151209,0.275091017897
487,1521988771,31344418,0.198854649349,0.27774576192
488,1521988771,34677291,0.200588842474,0.279461435374
489,1521988771,38010198,0.202704014802,0.28051468199
490,1521988771,41294696,0.206391480069,0.284627621364
491,1521988771,44677293,0.201121549228,0.278131643777
492,1521988771,48010468,0.204099529249,0.282249902022
493,1521988771,51343992,0.208652224707,0.282560535575
494,1521988771,54676818,0.209049531787,0.283323339631
495,1521988771,58010411,0.209004677789,0.284315569958
496,1521988771,61344751,0.209297254672,0.284585162112
497,1521988771,64678150,0.209372105275,0.286793129689
498,1521988771,68010860,0.20941704134,0.290014647983
499,1521988771,71344569,0.210047014363,0.293069781365
500,1521988771,74677322,0.20941704134,0.293525721203
501,1521988771,78010906,0.209004677789,0.2941437625
502,1521988771,81344355,0.201955616144,0.294845776252
503,1521988771,84661084,0.196609837035,0.29635063213
504,1521988771,88010638,0.189767774008,0.293439650051
505,1521988771,91344036,0.185390321277,0.296951817511
506,1521988771,94677534,0.185403581439,0.297675121146
507,1521988771,98011429,0.185363806643,0.297611260636
508,1521988771,101344459,0.191423095717,0.298770956662
509,1521988771,104677361,0.208682074811,0.300504870809
510,1521988771,108010684,0.218536540859,0.300483377006
511,1521988771,111343323,0.220346213531,0.302303404253
512,1521988771,114677601,0.220588299731,0.302152090429
513,1521988771,118010739,0.22419222902,0.301206984994
514,1521988771,121344124,0.224528671818,0.301185440971
515,1521988771,124655965,0.226692920501,0.303136826018
516,1521988771,128010705,0.223092556371,0.298212658359
517,1521988771,131344194,0.22488115011,0.300132345023
518,1521988771,134677182,0.224897236029,0.300153813717
519,1521988771,138010246,0.224544732525,0.300153813717
520,1521988771,141344410,0.224480503482,0.300769870714
521,1521988771,144680607,0.224688298413,0.300927152877
522,1521988771,148010570,0.225812225795,0.30640671184
523,1521988771,151343924,0.225938584985,0.306450920708
524,1521988771,154678063,0.226578716816,0.30636326939
525,1521988771,158011121,0.229127278086,0.306472841375
526,1521988771,161344425,0.229815846194,0.306450920708
527,1521988771,164677377,0.229848726349,0.306494765178
528,1521988771,168011261,0.229782975444,0.305003161684
529,1521988771,171345269,0.231528556967,0.304981350817
530,1521988771,174679119,0.231545114827,0.305003161684
531,1521988771,178010979,0.230972403766,0.305177760989
532,1521988771,181344639,0.231545114827,0.307460034103
533,1521988771,184677211,0.230939353411,0.313561271042
534,1521988771,188010293,0.23088979561,0.31595138286
535,1521988771,191344371,0.232233362315,0.318317704478
536,1521988771,194678475,0.232921511377,0.318294943112
537,1521988771,198011329,0.233021484842,0.315973984719
538,1521988771,201344422,0.235472341172,0.318408782505
539,1521988771,204677433,0.235489185892,0.314569655898
540,1521988771,208010696,0.235455498861,0.314524656305
541,1521988771,211344207,0.238610736701,0.314853168212
542,1521988771,214677530,0.238980281778,0.314875688287
543,1521988771,218010613,0.238997376219,0.314898211584
544,1521988771,221343885,0.239685238362,0.31522672027
545,1521988771,224677214,0.240742673237,0.316981880182
546,1521988771,228011091,0.241060667491,0.319393414422
547,1521988771,231344103,0.241834702877,0.320538053387
548,1521988771,234677392,0.241800108112,0.320492200007
549,1521988771,238020519,0.241093090252,0.319555088311
550,1521988771,241343969,0.242864799893,0.323547210702
551,1521988771,244694738,0.242648022306,0.321970360867
552,1521988771,248010412,0.245567218271,0.325726557113
553,1521988771,251343989,0.244602439099,0.324330353878
554,1521988771,254678049,0.244919858587,0.324283967958
555,1521988771,258010359,0.246805415859,0.326202038968
556,1521988771,261343907,0.247422063757,0.327489415766
557,1521988771,264689003,0.247980562469,0.32671880181
558,1521988771,268010590,0.248663744936,0.330073795853
559,1521988771,271344492,0.248814080773,0.330273849419
560,1521988771,274694652,0.247592320769,0.328652094821
561,1521988771,278009801,0.24914658716,0.331420617053
562,1521988771,281344178,0.244902345548,0.329524753674
563,1521988771,284677130,0.238309415663,0.33212376616
564,1521988771,288010022,0.234414830657,0.332100009095
565,1521988771,291344509,0.234331021279,0.333034069474
566,1521988771,294677829,0.234398063986,0.338043799131
567,1521988771,298010326,0.241852003972,0.338467458421
568,1521988771,301344330,0.259015965556,0.338673191644
569,1521988771,304677772,0.260481457573,0.340149991026
570,1521988771,308010665,0.261223782554,0.340198656881
571,1521988771,311344032,0.261872640131,0.34012566332
572,1521988771,314693483,0.260993113134,0.34027448144
573,1521988771,318010494,0.263879770883,0.343576217586
574,1521988771,321344772,0.262873596804,0.341807358976
575,1521988771,324677876,0.262967614542,0.343684893134
576,1521988771,328010969,0.262967614542,0.348248635331
577,1521988771,331344035,0.264025125056,0.352110263343
578,1521988771,334677331,0.264730132066,0.352110263343
579,1521988771,338010933,0.264673335213,0.350279810542
580,1521988771,341344076,0.26578764258,0.351759206251
581,1521988771,344700260,0.265356484994,0.347940796392
582,1521988771,348010782,0.269380715754,0.351338241139
583,1521988771,351344189,0.268940936574,0.348925790588
584,1521988771,354677584,0.268921701776,0.347847814603
585,1521988771,358010480,0.268274356981,0.346869218781
586,1521988771,361332983,0.269121437836,0.347964464251
587,1521988771,364677145,0.267356329667,0.345682242057
588,1521988771,368009985,0.267569299539,0.344762725549
589,1521988771,371344029,0.268178435086,0.346745195175
590,1521988771,374677712,0.268569248694,0.346794793973
591,1521988771,378010777,0.267902663609,0.34649334987
592,1521988771,381344024,0.268588458282,0.346819598693
593,1521988771,384677216,0.268960174123,0.346844406962
594,1521988771,388010966,0.26890246973,0.346769992801
595,1521988771,391343845,0.27038952931,0.349326794217
596,1521988771,394678819,0.270920162154,0.349102034341
597,1521988771,398010642,0.270466921662,0.34942678042
598,1521988771,401344260,0.270331514105,0.349953855862
599,1521988771,404677418,0.270370188142,0.350003920791
600,1521988771,408010262,0.270037000588,0.349677876422
601,1521988771,411343757,0.267511889447,0.349953855862
602,1521988771,414697691,0.265194799194,0.34749036998
603,1521988771,418010875,0.268438888987,0.351388015857
604,1521988771,421345262,0.266749749035,0.349176922157
605,1521988771,424678487,0.266826066823,0.350680950501
606,1521988771,428011022,0.269370482452,0.350781309934
607,1521988771,431343883,0.272504701638,0.354593027296
608,1521988771,434699825,0.2713270263,0.354241446253
609,1521988771,438011338,0.27496034717,0.358278404691
610,1521988771,441344002,0.273229304778,0.356725039165
611,1521988771,444677124,0.27319021618,0.358078233908
612,1521988771,448010685,0.271741326435,0.358027014021
613,1521988771,451344294,0.269274154859,0.358729027774
614,1521988771,454678180,0.26853083776,0.359379635485
615,1521988771,458011185,0.266511713374,0.366178740069
616,1521988771,461344926,0.262558767954,0.366775953924
617,1521988771,464678057,0.262615111037,0.36685466121
618,1521988771,468010894,0.262633897439,0.36758306889
619,1521988771,471344896,0.26853083776,0.368855465718
620,1521988771,474677630,0.27781250602,0.369013795436
621,1521988771,478011048,0.280200200409,0.368206213439
622,1521988771,481344101,0.280260333509,0.3682852333
623,1521988771,484677061,0.280240286275,0.368258889578
624,1521988771,488010299,0.280220241908,0.368232549625
625,1521988771,491344170,0.282294729035,0.371689698761
626,1521988771,494677575,0.282335111659,0.37174286945
627,1521988771,498010575,0.282355307303,0.370014175039
628,1521988771,501343831,0.282707810808,0.371769460499
629,1521988771,504677054,0.283392546534,0.371040805485
630,1521988771,508010362,0.285154937992,0.371040805485
631,1521988771,511344081,0.285114152047,0.372040680535
632,1521988771,514676928,0.286273800619,0.372173761334
633,1521988771,518010843,0.288265387517,0.372014075795
634,1521988771,521353032,0.290027048938,0.375663143946
635,1521988771,524676868,0.29162894857,0.377738035423
636,1521988771,528009741,0.290483666429,0.376711206226
637,1521988771,531345750,0.290545213465,0.380192346992
638,1521988771,534676632,0.290670806945,0.384331373867
639,1521988771,538010232,0.290421339795,0.380491454116
640,1521988771,541343724,0.290421339795,0.385054543511
641,1521988771,544676944,0.290442112368,0.385082084784
642,1521988771,548010116,0.290462887912,0.385109629998
643,1521988771,551344098,0.292494219608,0.387105212832
644,1521988771,554677352,0.29328291595,0.387567029642
645,1521988771,558010394,0.295750440484,0.388269143826
646,1521988771,561343963,0.297470401441,0.388564612276
647,1521988771,564677225,0.298549113077,0.389294468574
648,1521988771,568010965,0.299211267105,0.38958976924
649,1521988771,571343229,0.300418942824,0.390838371331
650,1521988771,574676982,0.300268550734,0.391695659884
651,1521988771,578010686,0.299211267105,0.391695659884
652,1521988771,581344554,0.298153983475,0.395205477625
653,1521988771,584676966,0.295108761535,0.397130792328
654,1521988771,588010172,0.295045433474,0.397045571128
655,1521988771,591343622,0.295708136029,0.401200859829
656,1521988771,594677114,0.298175307605,0.398392804817
657,1521988771,598010232,0.30068548955,0.398449799496
658,1521988771,601343988,0.300642479181,0.398392804817
659,1521988771,604677285,0.301368939411,0.398421300118
660,1521988771,608010571,0.300663982827,0.395613044259
661,1521988771,611343091,0.29931829646,0.395697951909
662,1521988771,614677563,0.298794733943,0.395471612454
663,1521988771,618011964,0.297758966889,0.395499890724
664,1521988771,621344689,0.291893781315,0.395669645309
665,1521988771,624686670,0.291102459085,0.394596987357
666,1521988771,628010854,0.292668424114,0.396367679933
667,1521988771,631344875,0.295665843676,0.395177216364
668,1521988771,634677425,0.298613188577,0.392186878689
669,1521988771,638010809,0.298901591369,0.392102724434
670,1521988771,641344706,0.30271389716,0.393422432987
671,1521988771,644677372,0.304254051644,0.394995737265
672,1521988771,648010459,0.305268035112,0.394939228575
673,1521988771,651343999,0.305929275415,0.394882736052
674,1521988771,654678090,0.305885521228,0.394826259689
675,1521988771,658010595,0.305333557334,0.395023997674
676,1521988771,661343819,0.303483809161,0.394910980294
677,1521988771,664676902,0.302448007074,0.391779714747
678,1521988771,668010854,0.301304286463,0.391316692936
679,1521988771,671344502,0.298527760687,0.391723674164
680,1521988771,674677827,0.298196634785,0.392453756416
681,1521988771,678010498,0.296850418869,0.391133556723
682,1521988771,681344410,0.298132662395,0.392369562962
683,1521988771,684677504,0.295397936979,0.392481828931
684,1521988771,688010861,0.293614416993,0.392453756416
685,1521988771,691344024,0.289757880903,0.392481828931
686,1521988771,694677131,0.289405377398,0.392481828931
687,1521988771,698009966,0.288721022822,0.392509905462
688,1521988771,701344019,0.288617790191,0.394826259689
689,1521988771,704677197,0.28729035637,0.394939228575
690,1521988771,708010216,0.283765321322,0.392481828931
691,1521988771,711344329,0.286503374146,0.392720519637
692,1521988771,714704217,0.281140367068,0.38480769549
693,1521988771,718011133,0.28423930765,0.389933058263
694,1521988771,721344507,0.2805727202,0.385433116767
695,1521988771,724677356,0.278497689902,0.383732850331
696,1521988771,728010366,0.278125265246,0.383705401629
697,1521988771,731343937,0.275265857257,0.383650516005
698,1521988771,734676751,0.274267345245,0.3816263571
699,1521988771,738010238,0.273170676074,0.378061445134
700,1521988771,741343916,0.268550041854,0.381166206662
701,1521988771,744677408,0.267883501699,0.376657317205
702,1521988771,748009885,0.265825672004,0.374631512588
703,1521988771,751343582,0.265397170954,0.373471316586
704,1521988771,754678137,0.263188335618,0.372636047202
705,1521988771,758010530,0.262671478307,0.369742461823
706,1521988771,761343805,0.263320118047,0.366152547026
707,1521988771,764677318,0.26328245246,0.361888089662
708,1521988771,768010315,0.261557600523,0.359131405185
709,1521988771,771343731,0.261186414156,0.354191270326
710,1521988771,774677915,0.258292689621,0.349527853737
711,1521988771,778010151,0.25740120688,0.347997148238
712,1521988771,781343773,0.254471125403,0.344688752714
713,1521988771,784677403,0.25304321529,0.341856247963
714,1521988771,788010125,0.252076068279,0.340222995031
715,1521988771,791343464,0.249907108821,0.336639671201
716,1521988771,794677310,0.24810922502,0.333783667159
717,1521988771,798010354,0.246047446314,0.333504237464
718,1521988771,801344214,0.241060667491,0.326413049904
719,1521988771,804677047,0.237956886941,0.324399957645
720,1521988771,808011188,0.234683398755,0.324260779973
721,1521988771,811344509,0.231578237653,0.324353551815
722,1521988771,814677427,0.230201255071,0.328261861903
723,1521988771,818010227,0.228791140185,0.340549739086
724,1521988771,821344185,0.224848985174,0.346769992801
725,1521988771,824676828,0.220698767473,0.355671717199
726,1521988771,828010462,0.219210139151,0.36045828199
727,1521988771,831343896,0.214659279651,0.36050984601
728,1521988771,834676926,0.21009208883,0.360535633553
729,1521988771,838010735,0.205817879846,0.36045828199
730,1521988771,841344014,0.205847322358,0.349276822571
731,1521988771,844677674,0.205832600049,0.344688752714
732,1521988771,848010638,0.209402060509,0.341251903497
733,1521988771,851344086,0.214291474024,0.329946463902
734,1521988771,854678123,0.22765212755,0.329548318087
735,1521988771,858010616,0.239048674218,0.329362230949
736,1521988771,861343642,0.239702383229,0.320866182149
737,1521988771,864677396,0.239650955985,0.317989487325
738,1521988771,868010645,0.239685238362,0.317683944147
739,1521988771,871343912,0.234062327153,0.315600325768
740,1521988771,874678106,0.226578716816,0.312680037831
741,1521988771,878010515,0.221067136777,0.310049946619
742,1521988771,881343604,0.213264620373,0.300504870809
743,1521988771,884677459,0.210751870116,0.297983526202
744,1521988771,888011285,0.208637302857,0.294473708461
745,1521988771,891344579,0.203379974316,0.291356545461
746,1521988771,894678139,0.199488444568,0.290984700611
747,1521988771,898010181,0.198516273251,0.290056149793
748,1521988771,901343852,0.195611460663,0.285719597464
749,1521988771,904677522,0.191015909035,0.283944255239
750,1521988771,908010879,0.188928364356,0.281176617969
751,1521988771,911343885,0.183667463847,0.272088709064
752,1521988771,914678539,0.180039142572,0.269126034091
753,1521988771,918010744,0.176654800886,0.262314702052
754,1521988771,921343929,0.169894536604,0.249583739546
755,1521988771,924677042,0.164971640222,0.241878336434
756,1521988771,928011069,0.164572048864,0.236895755813
757,1521988771,931343840,0.16464269075,0.226113115376
758,1521988771,934678215,0.163843810476,0.225281965568
759,1521988771,938010875,0.1625273671,0.225410900732
760,1521988771,941344259,0.161435057603,0.224309436807
761,1521988771,944677162,0.159695510792,0.223990446945
762,1521988771,948010927,0.159649828031,0.222522444773
763,1521988771,951343825,0.155112637414,0.221181789303
764,1521988771,954679041,0.153240371965,0.219620353141
765,1521988771,958010805,0.148809701358,0.213870260578
766,1521988771,961344147,0.139933881808,0.202896485875
767,1521988771,964677034,0.13889631623,0.20222335022
768,1521988771,968010448,0.138523968641,0.197631006138
769,1521988771,971344325,0.136742016062,0.188477212686
770,1521988771,974677313,0.135008842319,0.181145459507
771,1521988771,978010462,0.134656338814,0.179390174046
772,1521988771,981343359,0.131845741802,0.177647595853
773,1521988771,984676861,0.130407640442,0.174450417616
774,1521988771,988010714,0.130398314286,0.172332051078
775,1521988771,991344029,0.129007054765,0.172356703399
776,1521988771,994678087,0.126864962721,0.169863030835
777,1521988771,998010547,0.123393879577,0.169584836532
778,1521988772,1343549,0.117392064224,0.169572705133
779,1521988772,4677270,0.11312934834,0.165312415596
780,1521988772,8010867,0.112432533246,0.163218197568
781,1521988772,11343966,0.112448618015,0.158677805614
782,1521988772,14677951,0.112416453078,0.158281460551
783,1521988772,18010036,0.11212819697,0.158020904851
784,1521988772,21344243,0.112064050404,0.152666153746
785,1521988772,24677422,0.110678183597,0.147784464625
786,1521988772,28010718,0.109628589977,0.146741864484
787,1521988772,31344493,0.105375935058,0.143200563829
788,1521988772,34676679,0.105068591323,0.142910904047
789,1521988772,38010909,0.104663594245,0.141084583462
790,1521988772,41344352,0.104678565436,0.133733619943
791,1521988772,44676926,0.104003412787,0.128856387179
792,1521988772,48010745,0.103261367799,0.127757365769
793,1521988772,51343633,0.0965928696622,0.127091758298
794,1521988772,54678611,0.0937123057647,0.125255704784
795,1521988772,58011228,0.0920165787705,0.123940884671
796,1521988772,61344215,0.0891897665129,0.123932018451
797,1521988772,64677339,0.0891833867013,0.121114696763
798,1521988772,68010632,0.0891770078023,0.115138490255
799,1521988772,71344059,0.0891706298157,0.111269179848
800,1521988772,74677280,0.0891833867013,0.111285098185
801,1521988772,78010860,0.0891706298157,0.111269179848
802,1521988772,81344493,0.0859924018534,0.110208277064
803,1521988772,84677233,0.082497622346,0.110247699112
804,1521988772,88011754,0.0796316154141,0.106324665992
805,1521988772,91344237,0.0765096789164,0.0990193487502
806,1521988772,94678094,0.0747093669359,0.0933544756241
807,1521988772,98010146,0.0747574803028,0.0899027696356
808,1521988772,101344367,0.0747040248289,0.0898384844946
809,1521988772,104677560,0.0747253978422,0.0888110915683
810,1521988772,108010398,0.0743888816881,0.0888301524693
811,1521988772,111343585,0.072610528092,0.0888110915683
812,1521988772,114678236,0.0722322175216,0.0887793415713
813,1521988772,118010676,0.069453126505,0.0867235085372
814,1521988772,121343927,0.0648606448736,0.0800410169913
815,1521988772,124677121,0.0606262661739,0.0744187802864
816,1521988772,128010894,0.058150599614,0.0705473365921
817,1521988772,131344145,0.0556955537502,0.0674029616769
818,1521988772,134676186,0.0550062853059,0.06707109517
819,1521988772,138010443,0.0549708861948,0.0670279317909
820,1521988772,141344064,0.054982680835,0.0666913065333
821,1521988772,144677164,0.0549905467407,0.0667008474927
822,1521988772,148010772,0.0546302277527,0.0659892927803
823,1521988772,151344342,0.0546302277527,0.0645852652744
824,1521988772,154677564,0.0535767003397,0.0614305969346
825,1521988772,158010333,0.0514728754808,0.0575816008101
826,1521988772,161344076,0.047930191197,0.0512433390171
827,1521988772,164677070,0.0444154415983,0.0459884790608
828,1521988772,168011303,0.0415835155587,0.0417638443582
829,1521988772,171344119,0.038425630632,0.0386190425768
830,1521988772,174678270,0.035942502512,0.037198747486
831,1521988772,178011232,0.0338427572539,0.0372147137558
832,1521988772,181344033,0.0324326423683,0.0372147137558
833,1521988772,184677107,0.0313728119226,0.0389673372194
834,1521988772,188010625,0.030663418158,0.0403657907965
835,1521988772,191344549,0.0292515137452,0.0407138857944
836,1521988772,194679853,0.0278298606558,0.0406964232657
837,1521988772,198011012,0.0268056057633,0.0407459393833
838,1521988772,201344506,0.0246717157593,0.0389617632905
839,1521988772,204677433,0.0232668956121,0.0372147137558
840,1521988772,208010716,0.0218536540859,0.0344011342834
841,1521988772,211344029,0.0207962192108,0.031241846441
842,1521988772,214678313,0.0200855161097,0.0291273211447
843,1521988772,218009813,0.0201027655331,0.0273961708634
844,1521988772,221343179,0.0200898256897,0.0249214882309
845,1521988772,224676096,0.0197416083981,0.024575754367
846,1521988772,228010117,0.0193821470824,0.0228121838931
847,1521988772,231343565,0.0183288711688,0.0186046950716
848,1521988772,234676381,0.0179789647911,0.0172030280569
849,1521988772,238009695,0.016918958002,0.0164985031767
850,1521988772,241343988,0.0169141188292,0.0164937842627
851,1521988772,244676520,0.0158649273742,0.0161509368126
852,1521988772,248009943,0.0148040882518,0.0157964392117
853,1521988772,251344126,0.0133903440731,0.0150900579425
854,1521988772,254678104,0.0119825477992,0.0147412345118
855,1521988772,258010871,0.0112809190846,0.014394370415
856,1521988772,261344261,0.00986939216784,0.0136902473168
857,1521988772,264677527,0.00951691387613,0.0126371513694
858,1521988772,268010317,0.00881321803487,0.011585712773
859,1521988772,271343853,0.00810642089234,0.0108812131712
860,1521988772,274678255,0.00810468193898,0.00912422108148
861,1521988772,278010814,0.00775618671629,0.00772436108429
862,1521988772,281343424,0.00775618671629,0.00631993179623
863,1521988772,284677285,0.00740098540542,0.00526472661135
864,1521988772,288010456,0.00705007009496,0.00421268510481
865,1521988772,291343777,0.00669708754246,0.00351031982483
866,1521988772,294677718,0.00599084546184,0.00245669672695
867,1521988772,298010698,0.00564045954232,0.00210649323146
868,1521988772,301343541,0.00493540209953,0.00140432882097
869,1521988772,304677271,0.00422913451738,0.00070196354818
870,1521988772,308011086,0.00317185088804,0.00070196354818
871,1521988772,311344112,0.00246752453324,0.0
872,1521988772,314677459,0.00140991316683,0.0
873,1521988772,318010584,0.00105751051424,0.0
874,1521988772,321343997,0.0,0.0
875,1521988772,324677009,0.0,-0.000351057092067
876,1521988772,328010797,0.0,-0.00035098177409
877,1521988772,331343643,0.0,-0.000702164410487
878,1521988772,334677174,0.0,-0.00105302062947
879,1521988772,338014035,0.0,-0.00105196730789
880,1521988772,341344933,0.0,-0.00105392515686
881,1521988772,344676800,0.0,-0.00105354808167
882,1521988772,348010845,0.0,-0.00105287002584
883,1521988772,351344001,0.0,-0.000351031982483
884,1521988772,354678951,0.0,-0.000350881400379
885,1521988772,358010961,0.0,0.0
886,1521988772,361344312,0.0,0.0
887,1521988772,364677547,0.0,0.0
888,1521988772,368010298,0.0,0.0
889,1521988772,371344511,0.0,0.0
890,1521988772,374677330,0.0,0.0
891,1521988772,378010689,0.0,0.0
892,1521988772,381344057,0.0,0.0
893,1521988772,384677102,0.0,0.0
894,1521988772,388010587,0.0,0.0
895,1521988772,391343857,0.0,-0.000351031982483
896,1521988772,394677909,0.0,-0.000701913350558
897,1521988772,398009564,0.0,-0.000702415650078
898,1521988772,401343957,0.0,-0.00105271946527
899,1521988772,404677436,0.0,-0.00105309594745
900,1521988772,408010435,0.0,-0.0010531712762
901,1521988772,411343851,0.0,-0.00175515991242
902,1521988772,414676481,0.0,-0.00175553661007
903,1521988772,418010679,0.0,-0.0024565210604
904,1521988772,421343998,0.0,-0.00245722387738
905,1521988772,424676959,0.0,-0.00280865764195
906,1521988772,428009762,0.0,-0.00280865764195
907,1521988772,431343531,0.0,-0.00315883596681
908,1521988772,434676482,0.0,-0.00315973984719
909,1521988772,438010531,0.0,-0.00315861007751
910,1521988772,441343900,0.0,-0.00315928784235
911,1521988772,444677085,0.0,-0.00315928784235
912,1521988772,448010243,0.0,-0.0031595138286
913,1521988772,451343798,0.0,-0.00315906188842
914,1521988772,454677777,0.0,-0.00350956675279
915,1521988772,458010570,0.0,-0.00386190425768
916,1521988772,461343733,0.0,-0.00737219893341
917,1521988772,464677229,-0.0014098123291,-0.0108812131712
918,1521988772,468010234,-0.00458287337813,-0.0161497814412
919,1521988772,471343526,-0.00704956583417,-0.0200088230015
920,1521988772,474676876,-0.0116317836264,-0.0235191428264
921,1521988772,478011078,-0.0144474764999,-0.0235124158638
922,1521988772,481343944,-0.0162163211842,-0.0235225077513
923,1521988772,484676909,-0.0162163211842,-0.0228203433408
924,1521988772,488010624,-0.0162116823166,-0.0207079246713
925,1521988772,491344157,-0.0158603887024,-0.0175503438246
926,1521988772,494677835,-0.0144505763733,-0.0147422888126
927,1521988772,498010806,-0.0133951331804,-0.0133401694985
928,1521988772,501344113,-0.0119842619181,-0.0133392153344
929,1521988772,504677109,-0.0119859765274,-0.0133411237993
930,1521988772,508010419,-0.0119842619181,-0.0133392153344
931,1521988772,511344033,-0.0119834047974,-0.0140402750596
932,1521988772,514677401,-0.0123367402098,-0.0161474711942
933,1521988772,518010344,-0.0130426296757,-0.0172017975113
934,1521988772,521343251,-0.0130435626916,-0.0182562746727
935,1521988772,524676500,-0.0130416967932,-0.0182536630891
936,1521988772,528010184,-0.0126883109619,-0.0182523575775
937,1521988772,531344040,-0.0123349756757,-0.0175490887045
938,1521988772,534677385,-0.0112793053347,-0.0157964392117
939,1521988772,538010595,-0.0112793053347,-0.0150943752468
940,1521988772,541344054,-0.0112784986328,-0.0140402750596
941,1521988772,544677342,-0.0112801121519,-0.0136912265906
942,1521988772,548010616,-0.0112793053347,-0.0136902473168
943,1521988772,551344177,-0.0116309517151,-0.0136892681832
944,1521988772,554677536,-0.0126892185015,-0.0136902473168
945,1521988772,558010590,-0.0133951331804,-0.0136912265906
946,1521988772,561343866,-0.0133941750849,-0.0140412792993
947,1521988772,564677118,-0.0133951331804,-0.0140422836827
948,1521988772,568009884,-0.0130435626916,-0.014394370415
949,1521988772,571343018,-0.0130426296757,-0.0143933407748
950,1521988772,574676156,-0.0123376226662,-0.0147443978668
951,1521988772,578010148,-0.0119816909237,-0.0147401803617
952,1521988772,581343960,-0.0112776920463,-0.0147412345118
953,1521988772,584677206,-0.0112793053347,-0.0147433432643
954,1521988772,588010615,-0.010926827043,-0.0143923112818
955,1521988772,591343724,-0.0109276086472,-0.0143933407748
956,1521988772,594677817,-0.0109237017438,-0.0140372632023
957,1521988772,598010441,-0.0112817261328,-0.0140442928805
958,1521988772,601343842,-0.0116317836264,-0.0140412792993
959,1521988772,604677128,-0.0119842619181,-0.0136902473168
960,1521988772,608010434,-0.0119842619181,-0.0136902473168
961,1521988772,611343566,-0.0119851191614,-0.0136912265906
962,1521988772,614658158,-0.011697882814,-0.0137680440035
963,1521988772,618009658,-0.0115688957018,-0.0132670960795
964,1521988772,621344035,-0.011275272979,-0.0133344465601
965,1521988772,624677188,-0.0109276086472,-0.0133401694985
966,1521988772,627961863,-0.0107309261734,-0.013536732931
967,1521988772,631343961,-0.00972677089374,-0.013146452107
968,1521988772,634676858,-0.00987080419905,-0.0133411237993
969,1521988772,638010740,-0.00951555266411,-0.0133373074154
970,1521988772,641343651,-0.00916574675626,-0.012990041594
971,1521988772,644677113,-0.00916378013917,-0.0129872544302
972,1521988772,648010215,-0.0088125876187,-0.0126380553144
973,1521988772,651343767,-0.00881132705689,-0.0122852406772
974,1521988772,654678099,-0.00845705941459,-0.0119316737219
975,1521988772,658010515,-0.0081093208068,-0.0115873705984
976,1521988772,661343802,-0.0081070007093,-0.0112330234395
977,1521988772,664677121,-0.00775452241759,-0.0105309594745
978,1521988772,668010573,-0.00740204412588,-0.0105309594745
979,1521988772,671344299,-0.00704855752897,-0.00982748967452
980,1521988772,674676944,-0.00669852489134,-0.00947989769435
981,1521988772,678010760,-0.00634370177607,-0.00947650790043
982,1521988772,681343923,-0.00563965266734,-0.00877579956208
983,1521988772,684676891,-0.00564045954232,-0.00877705513109
984,1521988772,688010444,-0.00528679623413,-0.00807315815929
985,1521988772,691344035,-0.00528679623413,-0.00807315815929
986,1521988772,694678536,-0.00458057964771,-0.00701812976848
987,1521988772,698020155,-0.00421917722293,-0.00700310808661
988,1521988772,701343777,-0.0042421799108,-0.00668922416032
989,1521988772,704677262,-0.00387698390503,-0.00596711690035
990,1521988772,708010371,-0.00352503504748,-0.00561691347307
991,1521988772,711344127,-0.00317185088804,-0.00491374483726
992,1521988772,714677385,-0.00317253154273,-0.00456374219687
993,1521988772,718009196,-0.00282103699256,-0.00421419232667
994,1521988772,721343848,-0.00246646596415,-0.00385997137266
995,1521988772,724679282,-0.00211350921932,-0.00350806157763
996,1521988772,728010837,-0.00211592915259,-0.00351207825039
997,1521988772,731343490,-0.00176276970825,-0.0028088585761
998,1521988772,734676999,-0.00176226541138,-0.00280805501193
999,1521988772,738010975,-0.00140971150579,-0.00245687241863
1000,1521988772,741344041,-0.00141001401899,-0.0021063425524
1001,1521988772,744677459,-0.0014098123291,-0.00175503438246
1002,1521988772,748010879,-0.00140991316683,-0.00140412792993
1003,1521988772,751343876,-0.00105751051424,-0.00140422836827
1004,1521988772,754676999,-0.00105751051424,-0.00140422836827
1005,1521988772,758010778,-0.00105728362935,-0.00070196354818
1006,1521988772,761344106,-0.00105743487513,-0.000702063964966
1007,1521988772,764677472,-0.000704956583417,-0.000702063964966
1008,1521988772,768010349,-0.00070505744279,-0.000702164410487
1009,1521988772,771343758,-0.000704956583417,-0.000702063964966
1010,1521988772,774677766,-0.000704805348452,-0.000350956675279
1011,1521988772,778010257,-0.000705107883299,-0.000351107322013
1012,1521988772,781343783,-0.000704956583417,-0.000351031982483
1013,1521988772,784676564,-0.00070505744279,-0.000351082205243
1014,1521988772,788010972,-0.000704704561187,-0.000350906488424
1015,1521988772,791343068,-0.00070525924814,-0.000351182693889
1016,1521988772,794676289,-0.000704956583417,0.0
1017,1521988772,798009894,-0.000704906164551,0.0
1018,1521988772,801342903,-0.00105751051424,0.0
1019,1521988772,804676734,-0.000704855752897,0.0
1020,1521988772,808010691,-0.000704855752897,0.0
1021,1521988772,811344130,-0.00105735924683,0.0
1022,1521988772,814677444,-0.000704956583417,-0.000351031982483
1023,1521988772,818010341,-0.00070505744279,0.0
1024,1521988772,821343713,-0.000704956583417,-0.000351031982483
1025,1521988772,824677517,-0.00105728362935,0.0
1026,1521988772,828009965,-0.000705107883299,-0.000351107322013
1027,1521988772,831344089,-0.000704805348452,0.0
1028,1521988772,834676981,-0.00070505744279,-0.000351082205243
1029,1521988772,837996407,-0.000707893269608,0.0
1030,1521988772,841344356,-0.000701894174103,-0.000349507060753
1031,1521988772,844677168,-0.00070505744279,0.0
1032,1521988772,848010549,-0.000352478291709,0.0
1033,1521988772,851343879,-0.000352478291709,0.0
1034,1521988772,854677431,-0.000352453082276,0.0
1035,1521988772,858010945,-0.000352453082276,0.0
1036,1521988772,861343839,-0.000352528721395,0.0
1037,1521988772,864676678,0.0,0.0
1038,1521988772,868010749,0.0,0.0
1039,1521988772,871343966,0.0,0.0
1040,1521988772,874676752,0.0,0.0
1041,1521988772,878009991,0.0,0.0
1042,1521988772,881343917,0.0,0.0
1043,1521988772,884676895,0.0,0.0
1044,1521988772,888010618,0.0,0.0
1045,1521988772,891344278,0.0,0.0
1046,1521988772,894678334,0.0,0.0
1047,1521988772,898010481,0.0,0.0
1048,1521988772,901343342,0.0,0.0
1049,1521988772,904677111,0.0,0.0
1050,1521988772,908010407,0.0,0.0
1051,1521988772,911343833,0.0,0.0
1052,1521988772,914677055,0.0,0.0
1053,1521988772,918009253,0.0,0.0
1054,1521988772,921344035,0.0,0.0
1055,1521988772,924677600,0.0,0.0
1056,1521988772,928010904,0.0,0.0
1057,1521988772,931344440,0.0,0.0
1058,1521988772,934677441,0.0,0.0
1059,1521988772,938010729,0.0,0.0
1060,1521988772,941344593,0.0,0.0
1061,1521988772,944677220,0.0,0.0
1062,1521988772,948010602,0.0,0.0
1063,1521988772,951343693,0.0,0.0
1064,1521988772,954677932,0.0,0.0
1065,1521988772,958010108,0.0,0.0
1066,1521988772,961344241,0.0,0.0
1067,1521988772,964677549,0.0,0.0
1068,1521988772,968010796,0.0,0.0
1069,1521988772,971344052,0.0,0.0
1070,1521988772,974677742,0.0,0.0
1071,1521988772,978010839,0.0,0.0
1072,1521988772,981343656,0.0,0.0
1073,1521988772,984677198,0.0,0.0
1074,1521988772,988010391,0.0,0.0
1075,1521988772,991343709,0.0,0.0
1076,1521988772,994677413,0.0,0.0
1077,1521988772,998010434,0.0,0.0
1078,1521988773,1344072,0.0,0.0
1079,1521988773,4676742,0.0,0.0
1080,1521988773,8010307,0.0,0.0
1081,1521988773,11343870,0.0,0.0
1082,1521988773,14676695,0.0,0.0
1083,1521988773,18009906,0.0,0.0
1084,1521988773,21343740,0.0,0.0
1085,1521988773,24676330,0.0,0.0
1086,1521988773,28010930,0.0,0.0
1087,1521988773,31343651,0.0,0.0
1088,1521988773,34676251,0.0,0.0
1089,1521988773,38009734,0.0,0.0
1090,1521988773,41343013,0.0,0.0
1091,1521988773,44676329,0.0,0.0
1092,1521988773,48010079,0.0,0.0
1093,1521988773,51344281,0.0,0.0
1094,1521988773,54677647,0.0,0.0
1095,1521988773,58010452,0.0,0.0
1096,1521988773,61344192,0.0,0.0
1097,1521988773,64677223,0.0,0.0
1098,1521988773,68010220,0.0,0.0
1099,1521988773,71343059,0.0,0.0
1100,1521988773,74678167,0.0,0.0
1101,1521988773,78010518,0.0,0.0
1102,1521988773,81343930,0.0,0.0
1103,1521988773,84677157,0.0,0.0
1104,1521988773,88009593,0.0,0.0
1105,1521988773,91343346,0.0,0.0
1106,1521988773,94677968,0.0,0.0
1107,1521988773,98010297,0.0,0.0
1108,1521988773,101343037,0.0,0.0
1109,1521988773,104677394,0.0,0.0
1110,1521988773,108010495,0.0,0.0
1111,1521988773,111343906,0.0,0.0
1112,1521988773,114677933,0.0,0.0
1113,1521988773,118009506,0.0,0.0
1114,1521988773,121343823,0.0,0.0
1115,1521988773,124676766,0.0,0.0
1116,1521988773,128010171,0.0,0.0
1117,1521988773,131343310,0.0,0.0
1118,1521988773,134677304,0.0,0.0
1119,1521988773,138010383,0.0,0.0
1120,1521988773,141343536,0.0,0.0
1121,1521988773,144677504,0.0,0.0
1122,1521988773,148011544,0.0,0.0
1123,1521988773,151344721,0.0,0.0
1124,1521988773,154678394,0.0,0.0
1125,1521988773,158010710,0.0,0.0
1126,1521988773,161344317,0.0,0.0
1127,1521988773,164677437,0.0,0.0
1128,1521988773,168010385,0.0,0.0
1129,1521988773,171343828,0.0,0.0
1130,1521988773,174677538,0.0,0.0
1131,1521988773,178010471,0.0,0.0
1132,1521988773,181342984,0.0,0.0
1133,1521988773,184677170,0.0,0.0
1134,1521988773,188010273,0.0,0.0
1135,1521988773,191343469,0.0,0.0
1136,1521988773,194677636,0.0,0.0
1137,1521988773,198010174,0.0,0.0
1138,1521988773,201343825,0.0,0.0
1139,1521988773,204676875,0.0,0.0
1140,1521988773,208010455,0.0,0.0
1141,1521988773,211343586,0.0,0.0
1142,1521988773,214677228,0.0,0.0
1143,1521988773,218009781,0.0,0.0
1144,1521988773,221344179,0.0,0.0
1145,1521988773,224676989,0.0,0.0
1146,1521988773,228010138,0.0,0.0
1147,1521988773,231343889,0.0,0.0
1148,1521988773,234687326,0.0,0.0
1149,1521988773,238010533,0.0,0.0
1150,1521988773,241343999,0.0,0.0
1151,1521988773,244677746,0.0,0.0
1152,1521988773,248010255,0.0,0.0
1153,1521988773,251345780,0.0,0.0
1154,1521988773,254678592,0.0,0.0
1155,1521988773,258010627,0.0,0.0
1156,1521988773,261344309,0.0,0.0
1157,1521988773,264677115,0.0,0.0
1158,1521988773,268011561,0.0,0.0
1159,1521988773,271344477,0.0,0.0
1160,1521988773,274678076,0.0,0.0
1161,1521988773,278010292,0.0,0.0
1162,1521988773,281343733,0.0,0.0
1163,1521988773,284677948,0.0,0.0
1164,1521988773,288010535,0.0,0.0
1165,1521988773,291343703,0.0,0.0
1166,1521988773,294677838,0.0,0.0
1167,1521988773,298010358,0.0,0.0
1168,1521988773,301343941,0.0,0.0
1169,1521988773,304676986,0.0,0.0
1170,1521988773,308011636,0.0,0.0
1171,1521988773,311343697,0.0,0.0
1172,1521988773,314677651,0.0,0.0
1173,1521988773,318009378,0.0,0.0
1174,1521988773,321343914,0.0,0.0
1175,1521988773,324676978,0.0,0.0
1176,1521988773,328009580,0.0,0.0
1177,1521988773,331343323,0.0,0.0
1178,1521988773,334677557,0.0,0.0
1179,1521988773,338010489,0.0,0.0
1180,1521988773,341343849,0.0,0.0
1181,1521988773,344677235,0.0,0.0
1182,1521988773,348011644,0.0,0.0
1183,1521988773,351343690,0.0,0.0
1184,1521988773,354677401,0.0,0.0
1185,1521988773,358010045,0.0,0.0
1186,1521988773,361343574,0.0,0.0
1187,1521988773,364676753,0.0,0.0
1188,1521988773,368011714,0.0,0.0
1189,1521988773,371343796,0.0,0.0
1190,1521988773,374677877,0.0,0.0
1191,1521988773,378010495,0.0,0.0
1192,1521988773,381344301,0.0,0.0
1193,1521988773,384677157,0.0,0.0
1194,1521988773,388010726,0.0,0.0
1195,1521988773,391343883,0.0,0.0
1196,1521988773,394677387,0.0,0.0
1197,1521988773,398009682,0.0,0.0
1198,1521988773,401344021,0.0,0.0
1199,1521988773,404677188,0.0,0.0
1200,1521988773,408010229,0.0,0.0
1201,1521988773,411343660,0.0,0.0
1202,1521988773,414676357,0.0,0.0
1203,1521988773,418011025,0.0,0.0
1204,1521988773,421343882,0.0,0.0
1205,1521988773,424677300,0.0,0.0
1206,1521988773,428010429,0.0,0.0
1207,1521988773,431343731,0.0,0.0
1208,1521988773,434676413,0.0,0.0
1209,1521988773,438009946,0.0,0.0
1210,1521988773,441344243,0.0,0.0
1211,1521988773,444677196,0.0,0.0
1212,1521988773,448010399,0.0,0.0
1213,1521988773,451343797,0.0,0.0
1214,1521988773,454677819,0.0,0.0
1215,1521988773,458010205,0.0,0.0
1216,1521988773,461343991,0.0,0.0
1217,1521988773,464676702,0.0,0.0
1218,1521988773,468009929,0.0,0.0
1219,1521988773,471343439,0.0,0.0
1220,1521988773,474689499,0.0,0.0
1221,1521988773,478010180,0.0,0.0
1222,1521988773,481344127,0.0,0.0
1223,1521988773,484677077,0.0,0.0
1224,1521988773,488010331,0.0,0.0
1225,1521988773,491343896,0.0,0.0
1226,1521988773,494677642,0.0,0.0
1227,1521988773,498009487,0.0,0.0
1228,1521988773,501345024,0.0,0.0
1229,1521988773,504677162,0.0,0.0
1230,1521988773,508012178,0.0,0.0
1231,1521988773,511344049,0.0,0.0
1232,1521988773,514677063,0.0,0.0
1233,1521988773,517972273,0.0,0.0
1234,1521988773,521344134,0.0,0.0
1235,1521988773,524676859,0.0,0.0
1236,1521988773,528011029,0.0,0.0
1237,1521988773,531343967,0.0,0.0
1238,1521988773,534677030,0.0,0.0
1239,1521988773,538009575,0.0,0.0
1240,1521988773,541343625,0.0,0.0
1241,1521988773,544676747,0.0,0.0
1242,1521988773,548010718,0.0,0.0
1243,1521988773,551344172,0.0,0.0
1244,1521988773,554677882,0.0,0.0
1245,1521988773,558010106,0.0,0.0
1246,1521988773,561343462,0.0,0.0
1247,1521988773,564677531,0.0,0.0
1248,1521988773,568010832,0.0,0.0
1249,1521988773,571343180,0.0,0.0
1250,1521988773,574677121,0.0,0.0
1251,1521988773,578010433,0.0,0.0
1252,1521988773,581343287,0.0,0.0
1253,1521988773,584676041,0.0,0.0
1254,1521988773,588009890,0.0,0.0
1255,1521988773,591343924,0.0,0.0
1256,1521988773,594678240,0.0,0.0
1257,1521988773,598010135,0.0,0.0
1258,1521988773,601343693,0.0,0.0
1259,1521988773,604687315,0.0,0.0
1260,1521988773,608011541,0.0,0.0
1261,1521988773,611343496,0.0,0.0
1262,1521988773,614676957,0.0,0.0
1263,1521988773,618012518,0.0,0.0
1264,1521988773,621343341,0.0,0.0
1265,1521988773,624676477,0.0,0.0
1266,1521988773,628010532,0.0,0.0
1267,1521988773,631343773,0.0,0.0
1268,1521988773,634676701,0.0,0.0
1269,1521988773,638010442,0.0,0.0
1270,1521988773,641343597,0.0,0.0
1271,1521988773,644676906,0.0,0.0
1272,1521988773,648011189,0.0,0.0
1273,1521988773,651344645,0.0,0.0
1274,1521988773,654677356,0.0,0.0
1275,1521988773,658009914,0.0,0.0
1276,1521988773,661344119,0.0,0.0
1277,1521988773,664677240,0.0,0.0
1278,1521988773,668010184,0.0,0.0
1279,1521988773,671343051,0.0,0.0
1280,1521988773,674687223,0.0,0.0
1281,1521988773,678010330,0.0,0.0
1282,1521988773,681342927,0.0,0.0
1283,1521988773,684676464,0.0,0.0
1284,1521988773,688010374,0.0,0.0
1285,1521988773,691343398,0.0,0.0
1286,1521988773,694677731,0.0,0.0
1287,1521988773,698009553,0.0,0.0
1288,1521988773,701343954,0.0,0.0
1289,1521988773,704676856,0.0,0.0
1290,1521988773,708010470,0.0,0.0
1291,1521988773,711343794,0.0,0.0
1292,1521988773,714677375,0.0,0.0
1293,1521988773,718009558,0.0,0.0
1294,1521988773,721343383,0.0,0.0
1295,1521988773,724677196,0.0,0.0
1296,1521988773,728010829,0.0,0.0
1297,1521988773,731343583,0.0,0.0
1298,1521988773,734676932,0.0,0.0
1299,1521988773,738010134,0.0,0.0
1300,1521988773,741344089,0.0,0.0
1301,1521988773,744677364,0.0,0.0
1302,1521988773,748010175,0.0,0.0
1303,1521988773,751343981,0.0,0.0
1304,1521988773,754677533,0.0,0.0
1305,1521988773,758010644,0.0,0.0
1306,1521988773,761344201,0.0,0.0
1307,1521988773,764677116,0.0,0.0
1308,1521988773,768043470,0.0,0.0
1309,1521988773,771343222,0.0,0.0
1310,1521988773,774677847,0.0,0.0
1311,1521988773,778010757,0.0,0.0
1312,1521988773,781344048,0.0,0.0
1313,1521988773,784677047,0.0,0.0
1314,1521988773,788010639,0.0,0.0
1315,1521988773,791343839,0.0,0.0
1316,1521988773,794676409,0.0,0.0
1317,1521988773,798010064,0.0,0.0
1318,1521988773,801344006,0.0,0.0
1319,1521988773,804676815,0.0,0.0
1320,1521988773,808010986,0.0,0.0
1321,1521988773,811344237,0.0,0.0
1322,1521988773,814677283,0.0,0.0
1323,1521988773,818010600,0.0,0.0
1324,1521988773,821344045,0.0,0.0
1325,1521988773,824676782,0.0,0.0
1326,1521988773,828009736,0.0,0.0
1327,1521988773,831343479,0.0,0.0
1328,1521988773,834676599,0.0,0.0
1329,1521988773,838010507,0.0,0.0
1330,1521988773,841343978,0.0,0.0
1331,1521988773,844677530,0.0,0.0
1332,1521988773,848009947,0.0,0.0
1333,1521988773,851343836,0.0,0.0
1334,1521988773,854677728,0.0,0.0
1335,1521988773,858010482,0.0,0.0
1336,1521988773,861343649,0.0,0.0
1337,1521988773,864687778,0.0,0.0
1338,1521988773,868010561,0.0,0.0
1339,1521988773,871343760,0.0,0.0
1340,1521988773,874678340,0.0,0.0
1341,1521988773,878010790,0.0,0.0
1342,1521988773,881343792,0.0,0.0
1343,1521988773,884677541,0.0,0.0
1344,1521988773,888010874,0.0,0.0
1345,1521988773,891344119,0.0,0.0
1346,1521988773,894677728,0.0,0.0
1347,1521988773,898027205,0.0,0.0
1348,1521988773,901343321,0.0,0.0
1349,1521988773,904676794,0.0,0.0
1350,1521988773,908011226,0.0,0.0
1351,1521988773,911332176,0.0,0.0
1352,1521988773,914676902,0.0,0.0
1353,1521988773,918009787,0.0,0.0
1354,1521988773,921353835,0.0,0.0
1355,1521988773,924677149,0.0,0.0
1356,1521988773,928010746,0.0,0.0
1357,1521988773,931343890,0.0,0.0
1358,1521988773,934677048,0.0,0.0
1359,1521988773,938009529,0.0,0.0
1360,1521988773,941343689,0.0,0.0
1361,1521988773,944677117,0.0,0.0
1362,1521988773,948010430,0.0,0.0
1363,1521988773,951343658,0.0,0.0
1364,1521988773,954677087,0.0,0.0
1365,1521988773,958010767,0.0,0.0
1366,1521988773,961343555,0.0,0.0
1367,1521988773,964677272,0.0,0.0
1368,1521988773,968010135,0.0,0.0
1369,1521988773,971343670,0.0,0.0
1370,1521988773,974677231,0.0,0.0
1371,1521988773,978010506,0.0,0.0
1372,1521988773,981343940,0.0,0.0
1373,1521988773,984690295,0.0,0.0
1374,1521988773,988011268,0.0,0.0
1375,1521988773,991344992,0.0,0.0
1376,1521988773,994676795,0.0,0.0
1377,1521988773,998009870,0.0,0.0
1378,1521988774,1343695,0.0,0.0
1379,1521988774,4677171,0.0,0.0
1380,1521988774,8010326,0.0,0.0
1381,1521988774,11344126,0.0,0.0
1382,1521988774,14676506,0.0,0.0
1383,1521988774,18010260,0.0,0.0
1384,1521988774,21343542,0.0,0.0
1385,1521988774,24676887,0.0,0.0
1386,1521988774,28009900,0.0,0.0
1387,1521988774,31343868,0.0,0.0
1388,1521988774,34677076,0.0,0.0
1389,1521988774,38010396,0.0,0.0
1390,1521988774,41343851,0.0,0.0
1391,1521988774,44677521,0.0,0.0
1392,1521988774,48009876,0.0,0.0
1393,1521988774,51343687,0.0,0.0
1394,1521988774,54677636,0.0,0.0
1395,1521988774,58010389,0.0,0.0
1396,1521988774,61344156,0.0,0.0
1397,1521988774,64677069,0.0,0.0
1398,1521988774,68011354,0.0,0.0
1399,1521988774,71353549,0.0,0.0
1400,1521988774,74677163,0.0,0.0
1401,1521988774,78019970,0.0,0.0
1402,1521988774,81345048,0.0,0.0
1403,1521988774,84675838,0.0,0.0
1404,1521988774,88009636,0.0,0.0
1405,1521988774,91343481,0.0,0.0
1406,1521988774,94677857,0.0,0.0
1407,1521988774,98010305,0.0,0.0
1408,1521988774,101343590,0.0,0.0
1409,1521988774,104676702,0.0,0.0
1410,1521988774,108010464,0.0,0.0
1411,1521988774,111343645,0.0,0.0
1412,1521988774,114677523,0.0,0.0
1413,1521988774,118010134,0.0,0.0
1414,1521988774,121344006,0.0,0.0
1415,1521988774,124676502,0.0,0.0
1416,1521988774,128010505,0.0,0.0
1417,1521988774,131355252,0.0,0.0
1418,1521988774,134676888,0.0,0.0
1419,1521988774,138009901,0.0,0.0
1420,1521988774,141344278,0.0,0.0
1421,1521988774,144676746,0.0,0.0
1422,1521988774,148010792,0.0,0.0
1423,1521988774,151343736,0.0,0.0
1424,1521988774,154677586,0.0,0.0
1425,1521988774,158010639,0.0,0.0
1426,1521988774,161343818,0.0,0.0
1427,1521988774,164676896,0.0,0.0
1428,1521988774,168011136,0.0,0.0
1429,1521988774,171343762,0.0,0.0
1430,1521988774,174677699,0.0,0.0
1431,1521988774,178011279,0.0,0.0
1432,1521988774,181343676,0.0,0.0
1433,1521988774,184676324,0.0,0.0
1434,1521988774,188009608,0.0,0.0
1435,1521988774,191343717,0.0,0.0
1436,1521988774,194676883,0.0,0.0
1437,1521988774,198010309,0.0,0.0
1438,1521988774,201343758,0.0,0.0
1439,1521988774,204677303,0.0,0.0
1440,1521988774,208009932,0.0,0.0
1441,1521988774,211343545,0.0,0.0
1442,1521988774,214676742,0.0,0.0
1443,1521988774,218010953,0.0,0.0
1444,1521988774,221342881,0.0,0.0
1445,1521988774,224676753,0.0,0.0
1446,1521988774,228010877,0.0,0.0
1447,1521988774,231344395,0.0,0.0
1448,1521988774,234689788,0.0,0.0
1449,1521988774,238010030,0.0,0.0
1450,1521988774,241344071,0.0,0.0
1451,1521988774,244677328,0.0,0.0
1452,1521988774,248009998,0.0,0.0
1453,1521988774,251343850,0.0,0.0
1454,1521988774,254678035,0.0,0.0
1455,1521988774,258009762,0.0,0.0
1456,1521988774,261343579,0.0,0.0
1457,1521988774,264688327,0.0,0.0
1458,1521988774,268010162,0.0,0.0
1459,1521988774,271343053,0.0,0.0
1460,1521988774,274678037,0.0,0.0
1461,1521988774,278010366,0.0,0.0
1462,1521988774,281343887,0.0,0.0
1463,1521988774,284676437,0.0,0.0
1464,1521988774,288009985,0.0,0.0
1465,1521988774,291343582,0.0,0.0
1466,1521988774,294677913,0.0,0.0
1467,1521988774,298011577,0.0,0.0
1468,1521988774,301344639,0.0,0.0
1469,1521988774,304677081,0.0,0.0
1470,1521988774,308010676,0.0,0.0
1471,1521988774,311344222,0.0,0.0
1472,1521988774,314678885,0.0,0.0
1473,1521988774,318009790,0.0,0.0
1474,1521988774,321359832,0.0,0.0
1475,1521988774,324677631,0.0,0.0
1476,1521988774,328010650,0.0,0.0
1477,1521988774,331345507,0.0,0.0
1478,1521988774,334676393,0.0,0.0
1479,1521988774,338009753,-0.000352478291709,0.0
1480,1521988774,341344352,-0.000352352280593,0.0
1481,1521988774,344677266,0.0,0.0
1482,1521988774,348011710,0.0,0.0
1483,1521988774,351344178,0.0,0.0
1484,1521988774,354676871,0.0,0.0
1485,1521988774,358011931,0.0,0.0
1486,1521988774,366665069,0.0,0.0
1487,1521988774,370057032,0.0,0.0
1488,1521988774,373390202,0.0,0.0
1489,1521988774,376718344,0.000353033813051,0.0
1490,1521988774,380053747,0.000352251536553,0.0
1491,1521988774,383385695,0.0,0.0
1492,1521988774,386730596,0.0,0.0
1493,1521988774,390052437,0.0,0.0
1494,1521988774,393385544,0.0,0.0
1495,1521988774,396718149,0.0,0.0
1496,1521988774,400051709,0.0,0.000351031982483
1497,1521988774,403385217,0.0,0.000351006876491
1498,1521988774,406719155,0.0,0.000350956675279
1499,1521988774,410051679,0.0,0.000351132442377
1500,1521988774,413384799,0.0,0.000351031982483
1501,1521988774,416718179,0.0,0.0
1502,1521988774,420051298,0.0,0.0
1503,1521988774,423384691,0.0,0.0
1504,1521988774,426719575,0.0,0.0
1505,1521988774,430051769,0.0,0.0
1506,1521988774,433384222,0.0,0.0
1507,1521988774,436717977,0.0,0.0
1508,1521988774,440052045,0.0,0.0
1509,1521988774,443385850,0.0,0.0
1510,1521988774,446718469,0.0,0.0
1511,1521988774,450051782,0.0,0.0
1512,1521988774,453385568,0.0,0.0
1513,1521988774,456718518,0.0,-0.000351082205243
1514,1521988774,460052111,0.0,-0.000351006876491
1515,1521988774,463385261,0.0,-0.000351031982483
1516,1521988774,466721040,0.0,-0.000350781084061
1517,1521988774,470052103,0.0,-0.000351283240076
1518,1521988774,473386064,0.0,-0.000350956675279
1519,1521988774,476719158,0.0,-0.000351057092067
1520,1521988774,480051622,0.0,-0.000351132442377
1521,1521988774,483385342,0.0,-0.00035098177409
1522,1521988774,486719653,0.0,-0.000350931580057
1523,1521988774,490052015,0.0,-0.000351132442377
1524,1521988774,493385311,0.0,-0.000351031982483
1525,1521988774,496718915,0.0,-0.000351006876491
1526,1521988774,500051766,0.0,0.0
1527,1521988774,503385677,0.0,0.0
1528,1521988774,506718574,0.0,0.0
1529,1521988774,510052125,0.0,0.0
1530,1521988774,513385000,0.0,0.0
1531,1521988774,516718318,0.0,0.0
1532,1521988774,520051611,0.0,0.0
1533,1521988774,523385512,0.0,0.0
1534,1521988774,526717277,0.0,0.0
1535,1521988774,530052038,0.0,0.0
1536,1521988774,533385050,0.0,0.0
1537,1521988774,536718511,0.0,0.0
1538,1521988774,540052146,0.0,0.0
1539,1521988774,543384995,0.0,-0.000351082205243
1540,1521988774,546719047,0.0,-0.000350956675279
1541,1521988774,550051840,0.0,-0.000351082205243
1542,1521988774,553385192,0.0,-0.000351031982483
1543,1521988774,556717909,0.0,-0.000351107322013
1544,1521988774,560051681,0.0,-0.00035098177409
1545,1521988774,563385406,0.0,-0.00035098177409
1546,1521988774,566719081,0.0,-0.000351006876491
1547,1521988774,570052002,0.0,-0.000351082205243
1548,1521988774,573384333,0.0,-0.000351132442377
1549,1521988774,576717767,0.0,0.0
1550,1521988774,580051558,0.0,0.0
1551,1521988774,583385131,0.0,0.0
1552,1521988774,586719076,0.0,0.0
1553,1521988774,590051784,0.0,0.0
1554,1521988774,593385259,0.0,0.0
1555,1521988774,596718862,0.0,0.0
1556,1521988774,600051568,0.0,0.0
1557,1521988774,603384949,0.0,0.0
1558,1521988774,606719614,0.0,0.0
1559,1521988774,610052049,0.0,0.0
1560,1521988774,613384754,0.0,0.0
1561,1521988774,616718280,0.0,0.0
1562,1521988774,620050999,0.0,0.0
1563,1521988774,623385104,0.0,0.0
1564,1521988774,626720534,0.0,0.0
1565,1521988774,630052404,0.0,0.0
1566,1521988774,633385107,0.0,0.0
1567,1521988774,636718067,0.0,0.0
1568,1521988774,640051166,0.0,0.0
1569,1521988774,643384013,0.0,0.0
1570,1521988774,646717696,0.0,0.0
1571,1521988774,650051075,0.0,0.0
1572,1521988774,653385557,0.0,0.0
1573,1521988774,656717690,0.0,0.0
1574,1521988774,660051464,0.0,0.0
1575,1521988774,663384588,0.0,0.0
1576,1521988774,666719065,0.0,0.0
1577,1521988774,670051835,0.0,0.0
1578,1521988774,673384821,0.0,0.0
1579,1521988774,676717858,0.0,0.0
1580,1521988774,680051852,0.0,0.0
1581,1521988774,683384856,0.0,0.0
1582,1521988774,686719113,0.0,0.0
1583,1521988774,690052161,0.0,0.0
1584,1521988774,693384863,0.0,0.0
1585,1521988774,696718270,0.0,0.0
1586,1521988774,700051058,0.0,0.0
1587,1521988774,703384460,0.0,0.0
1588,1521988774,706718837,0.0,0.0
1589,1521988774,710051607,0.0,0.0
1590,1521988774,713384787,0.0,0.0
1591,1521988774,716717640,0.0,0.0
1592,1521988774,720050756,0.0,0.0
1593,1521988774,723384368,0.0,0.0
1594,1521988774,726718436,0.0,0.0
1595,1521988774,730051697,0.0,0.0
1596,1521988774,733385367,0.0,0.0
1597,1521988774,736727919,0.0,0.0
1598,1521988774,740051893,0.0,0.0
1599,1521988774,743384633,0.0,0.0
1600,1521988774,746718706,0.0,0.0
1601,1521988774,750052123,0.0,0.0
1602,1521988774,753385032,0.0,0.0
1603,1521988774,756718272,0.0,0.0
1604,1521988774,760051304,0.0,0.0
1605,1521988774,763384900,0.0,0.0
1606,1521988774,766718987,0.0,0.0
1607,1521988774,770051760,0.0,0.0
1608,1521988774,773384630,0.0,0.0
1609,1521988774,776718006,0.0,0.0
1610,1521988774,780051343,0.0,0.0
1611,1521988774,783384459,0.0,0.0
1612,1521988774,786718892,0.0,0.0
1613,1521988774,790051927,0.0,0.0
1614,1521988774,793395541,0.0,0.0
1615,1521988774,796718148,0.0,0.0
1616,1521988774,800051776,0.0,0.0
1617,1521988774,803384809,0.0,0.0
1618,1521988774,806719213,0.0,0.0
1619,1521988774,810051953,0.0,0.0
1620,1521988774,813384750,0.0,0.0
1621,1521988774,816717948,0.0,0.0
1622,1521988774,820051555,0.0,0.0
1623,1521988774,823385700,0.0,0.0
1624,1521988774,826718629,0.0,0.0
1625,1521988774,830051722,0.0,0.0
1626,1521988774,833384976,0.0,0.0
1627,1521988774,836718310,0.0,0.0
1628,1521988774,840051394,0.0,0.0
1629,1521988774,843384258,0.0,0.0
1630,1521988774,846719683,0.0,0.0
1631,1521988774,850051789,0.0,0.0
1632,1521988774,853384965,0.0,0.0
1633,1521988774,856717805,0.0,0.0
1634,1521988774,860051092,0.0,0.0
1635,1521988774,863384808,0.0,0.0
1636,1521988774,866719208,0.0,0.0
1637,1521988774,870051666,0.0,0.0
1638,1521988774,873384991,0.0,0.0
1639,1521988774,876718833,0.0,0.0
1640,1521988774,880051695,0.0,0.0
1641,1521988774,883385748,0.0,0.0
1642,1521988774,886718993,0.0,0.0
