1,1521988837,993891254,0.0,0.0
2,1521988837,997223976,0.0,0.0
3,1521988838,556308,0.0,0.0
4,1521988838,3889998,0.0,0.0
5,1521988838,7222538,0.0,0.0
6,1521988838,10556758,0.0,0.0
7,1521988838,13890431,0.0,0.0
8,1521988838,17222828,0.0,0.0
9,1521988838,20556464,0.0,0.0
10,1521988838,23881397,0.0,0.0
11,1521988838,27223320,0.0,0.0
12,1521988838,30556963,0.0,0.0
13,1521988838,33890557,0.0,0.0
14,1521988838,37223622,0.0,0.0
15,1521988838,40557183,0.0,0.0
16,1521988838,43890305,0.0,0.0
17,1521988838,47223685,0.0,0.0
18,1521988838,50557348,0.0,0.0
19,1521988838,53890130,0.0,0.0
20,1521988838,57223497,0.0,0.0
21,1521988838,60556721,0.0,0.0
22,1521988838,63890153,0.0,0.0
23,1521988838,67223457,0.0,0.0
24,1521988838,70556841,0.0,0.0
25,1521988838,73890473,0.0,0.0
26,1521988838,77223360,0.0,0.0
27,1521988838,80556473,0.0,0.0
28,1521988838,83889778,0.0,0.0
29,1521988838,87223525,0.0,0.0
30,1521988838,90556916,0.0,0.0
31,1521988838,93891641,0.0,0.0
32,1521988838,97223261,0.0,0.0
33,1521988838,100556708,0.0,0.0
34,1521988838,103890129,0.0,0.0
35,1521988838,107233514,0.0,0.0
36,1521988838,110556608,0.0,0.0
37,1521988838,113890092,0.0,0.0
38,1521988838,117222980,0.0,0.0
39,1521988838,120556892,0.0,0.0
40,1521988838,123890206,0.0,0.0
41,1521988838,127223659,0.0,0.0
42,1521988838,130556605,0.0,0.0
43,1521988838,133890268,0.0,0.0
44,1521988838,137223073,0.0,0.0
45,1521988838,140557344,0.0,0.0
46,1521988838,143890316,0.0,0.0
47,1521988838,147223403,0.0,0.0
48,1521988838,150556788,0.0,0.0
49,1521988838,153916777,0.0,0.0
50,1521988838,157223146,0.0,0.0
51,1521988838,160556761,0.0,0.0
52,1521988838,163890126,0.0,0.0
53,1521988838,167223969,0.0,0.0
54,1521988838,170557096,0.0,0.0
55,1521988838,173890293,0.0,0.0
56,1521988838,177223344,0.0,0.0
57,1521988838,180555996,0.0,0.0
58,1521988838,183890023,0.0,0.0
59,1521988838,187223022,0.0,0.0
60,1521988838,190556228,0.0,0.0
61,1521988838,193893454,0.0,0.0
62,1521988838,197223731,0.0,0.0
63,1521988838,200557635,0.0,0.0
64,1521988838,203890617,0.0,0.0
65,1521988838,207224484,0.0,0.0
66,1521988838,210557657,0.0,0.0
67,1521988838,213890863,0.0,0.0
68,1521988838,217225186,0.0,0.0
69,1521988838,220559022,0.0,0.0
70,1521988838,223891962,0.0,0.0
71,1521988838,227224301,0.0,0.0
72,1521988838,230557492,0.0,0.0
73,1521988838,233890776,0.0,0.0
74,1521988838,237223777,0.0,0.0
75,1521988838,240557096,0.0,0.0
76,1521988838,243890570,0.0,-0.000351031982483
77,1521988838,247234207,0.0,0.0
78,1521988838,250557238,0.0,-0.000352114948134
79,1521988838,253890236,0.0,-0.000351057092067
80,1521988838,257223201,0.0,-0.000351082205243
81,1521988838,260556685,0.0,-0.000351006876491
82,1521988838,263890160,0.0,-0.000351006876491
83,1521988838,267222567,0.0,-0.000351132442377
84,1521988838,270556970,0.0,-0.000350931580057
85,1521988838,273890252,0.0,-0.000351031982483
86,1521988838,277223693,0.0,-0.000351031982483
87,1521988838,280556571,0.0,-0.000351057092067
88,1521988838,283890310,0.0,-0.000351006876491
89,1521988838,287224026,0.0,-0.00035098177409
90,1521988838,290556693,0.0,-0.000351107322013
91,1521988838,293890224,0.0,0.0
92,1521988838,297223652,0.0,0.0
93,1521988838,300556924,0.0,0.0
94,1521988838,303890205,0.0,0.0
95,1521988838,307223162,0.0,0.0
96,1521988838,310556853,0.0,0.0
97,1521988838,313890545,0.0,0.0
98,1521988838,317223750,0.0,0.0
99,1521988838,320556987,0.0,0.0
100,1521988838,323889916,0.0,0.0
101,1521988838,327223948,0.0,0.0
102,1521988838,330556875,0.0,0.0
103,1521988838,333890329,0.0,0.0
104,1521988838,337223463,0.0,0.0
105,1521988838,340557508,0.0,0.0
106,1521988838,343890616,0.0,0.0
107,1521988838,347223096,0.0,0.0
108,1521988838,350556758,0.0,0.0
109,1521988838,353890077,0.0,0.0
110,1521988838,357223341,0.0,0.0
111,1521988838,360556779,0.0,0.0
112,1521988838,363890521,0.0,0.0
113,1521988838,367223486,0.0,0.0
114,1521988838,370557162,0.0,0.0
115,1521988838,373890264,0.0,0.0
116,1521988838,377223147,0.0,0.0
117,1521988838,380557060,0.0,0.0
118,1521988838,383889989,0.0,0.0
119,1521988838,387224040,0.0,0.0
120,1521988838,390556533,0.0,0.0
121,1521988838,393890366,0.0,0.0
122,1521988838,397223734,0.0,0.0
123,1521988838,400556726,0.0,0.0
124,1521988838,403890158,0.0,0.0
125,1521988838,407223303,0.0,0.0
126,1521988838,410556554,0.0,0.0
127,1521988838,413890378,0.0,0.0
128,1521988838,417233432,0.0,0.0
129,1521988838,420556952,0.0,0.0
130,1521988838,423889714,0.0,0.0
131,1521988838,427224045,0.0,0.0
132,1521988838,430556858,0.0,0.0
133,1521988838,433890108,0.0,0.0
134,1521988838,437223434,0.0,0.0
135,1521988838,440556844,0.0,0.0
136,1521988838,443890149,0.0,0.0
137,1521988838,447223708,0.0,0.0
138,1521988838,450557144,0.0,0.0
139,1521988838,453889833,0.0,0.0
140,1521988838,457223316,-0.000352453082276,0.0
141,1521988838,460556838,0.0,0.0
142,1521988838,463890502,0.0,0.0
143,1521988838,467223745,0.0,0.0
144,1521988838,470528878,0.0,0.0
145,1521988838,473890170,0.0,0.0
146,1521988838,477223090,0.0,0.0
147,1521988838,480557204,0.0,0.0
148,1521988838,483890456,0.0,0.0
149,1521988838,487223118,0.0,0.0
150,1521988838,490556852,0.0,0.0
151,1521988838,493889280,0.0,0.0
152,1521988838,497233479,0.0,0.0
153,1521988838,500557118,0.0,0.0
154,1521988838,503890227,0.0,0.0
155,1521988838,507223211,0.0,0.0
156,1521988838,510556155,0.0,0.0
157,1521988838,513889731,0.0,0.0
158,1521988838,517222898,0.0,0.0
159,1521988838,520556711,0.0,0.0
160,1521988838,523890225,0.0,0.0
161,1521988838,527223916,0.0,0.0
162,1521988838,530557101,0.0,0.0
163,1521988838,533889974,0.0,0.0
164,1521988838,537223614,0.0,0.0
165,1521988838,540556608,0.0,0.0
166,1521988838,543890107,0.0,0.0
167,1521988838,547222908,0.0,0.0
168,1521988838,550557826,0.0,0.0
169,1521988838,553890466,0.0,0.0
170,1521988838,557223162,0.0,0.0
171,1521988838,560556991,0.0,0.0
172,1521988838,563890303,0.0,0.0
173,1521988838,567223794,0.0,0.0
174,1521988838,570556897,0.0,0.0
175,1521988838,573890108,0.0,0.0
176,1521988838,577223385,0.0,0.0
177,1521988838,580556568,0.0,0.0
178,1521988838,583889781,0.0,0.0
179,1521988838,587223282,0.0,0.0
180,1521988838,590557487,0.0,0.0
181,1521988838,593889335,0.0,0.0
182,1521988838,597223658,0.0,0.0
183,1521988838,600556779,0.0,0.0
184,1521988838,603890220,0.0,0.0
185,1521988838,607223125,0.0,0.0
186,1521988838,610555806,0.0,0.0
187,1521988838,613890115,0.0,0.0
188,1521988838,617223397,0.0,0.0
189,1521988838,620556318,0.0,0.0
190,1521988838,623890053,0.0,0.0
191,1521988838,627223171,0.0,0.0
192,1521988838,630558169,0.0,0.0
193,1521988838,633890047,0.0,0.0
194,1521988838,637233844,0.0,0.0
195,1521988838,640556778,0.0,0.0
196,1521988838,643890297,0.0,0.0
197,1521988838,647223256,0.0,0.0
198,1521988838,650556727,0.0,0.0
199,1521988838,653890795,0.0,-0.000350956675279
200,1521988838,657222742,0.0,-0.000702365387778
201,1521988838,660556508,0.0,-0.00070196354818
202,1521988838,663890184,0.0,-0.000702013752982
203,1521988838,667222930,0.0,-0.000702164410487
204,1521988838,670556548,0.0,-0.000351006876491
205,1521988838,673890155,0.0,-0.000351006876491
206,1521988838,677223523,0.0,-0.000351031982483
207,1521988838,680556569,0.0,0.0
208,1521988838,683889801,0.0,0.0
209,1521988838,687223207,0.0,0.0
210,1521988838,690556722,0.0,0.0
211,1521988838,693841383,0.0,0.0
212,1521988838,697223764,0.0,0.0
213,1521988838,700557169,0.0,0.0
214,1521988838,703890073,0.0,0.0
215,1521988838,707224073,0.0,0.0
216,1521988838,710556882,0.0,0.0
217,1521988838,713890172,0.0,0.0
218,1521988838,717223414,0.0,0.0
219,1521988838,720556722,0.0,0.0
220,1521988838,723890283,0.0,0.0
221,1521988838,727223487,0.0,0.0
222,1521988838,730556996,0.0,0.0
223,1521988838,733890086,0.0,0.0
224,1521988838,737223319,0.0,0.0
225,1521988838,740556780,0.0,0.0
226,1521988838,743890020,0.0,0.0
227,1521988838,747223482,0.0,0.0
228,1521988838,750556948,0.0,0.0
229,1521988838,753890266,0.0,0.0
230,1521988838,757225027,0.0,0.0
231,1521988838,760556863,0.0,0.0
232,1521988838,763889921,0.0,0.0
233,1521988838,767223123,0.0,0.0
234,1521988838,770557198,0.0,0.0
235,1521988838,773890052,0.0,0.0
236,1521988838,777222907,0.0,0.0
237,1521988838,780556857,0.0,0.0
238,1521988838,783889967,0.0,0.0
239,1521988838,787222497,0.0,0.0
240,1521988838,790555724,0.0,0.0
241,1521988838,793855670,0.0,0.0
242,1521988838,797223171,0.0,0.0
243,1521988838,800557090,0.0,0.0
244,1521988838,803889909,0.0,0.0
245,1521988838,807222725,0.0,0.0
246,1521988838,810556528,0.0,0.0
247,1521988838,813890279,0.0,0.0
248,1521988838,817222737,0.0,0.0
249,1521988838,820557609,0.0,0.0
250,1521988838,823890946,0.0,0.0
251,1521988838,827223415,0.0,0.0
252,1521988838,830556823,0.0,0.0
253,1521988838,833890030,0.0,0.0
254,1521988838,837223883,0.0,0.0
255,1521988838,840557499,0.0,0.0
256,1521988838,843889892,0.0,0.0
257,1521988838,847223874,-0.000352427876448,0.0
258,1521988838,850556720,-0.000352528721395,0.0
259,1521988838,853889367,-0.000352528721395,0.0
260,1521988838,857222747,-0.000352478291709,0.0
261,1521988838,860556379,-0.000352453082276,0.0
262,1521988838,863890062,-0.000352427876448,0.0
263,1521988838,867222634,-0.000352579165513,0.0
264,1521988838,870558389,-0.000352201186133,0.0
265,1521988838,873852273,-0.000356713644327,0.0
266,1521988838,877223350,-0.000348539429689,0.0
267,1521988838,880555801,-0.00035255394165,0.0
268,1521988838,883889565,0.0,0.0
269,1521988838,887223323,0.0,0.0
270,1521988838,890561565,0.0,0.0
271,1521988838,893892811,0.0,0.0
272,1521988838,897223191,0.0,0.0
273,1521988838,900556740,0.0,0.0
274,1521988838,903889889,0.0,0.0
275,1521988838,907222968,0.0,0.0
276,1521988838,910556508,0.0,0.0
277,1521988838,913890097,0.0,0.0
278,1521988838,917222636,0.0,0.0
279,1521988838,920556524,0.0,0.0
280,1521988838,923890832,0.0,0.0
281,1521988838,927223436,0.0,0.0
282,1521988838,930556922,0.0,0.0
283,1521988838,933889981,0.0,0.0
284,1521988838,937222779,0.0,0.0
285,1521988838,940555648,0.0,0.0
286,1521988838,943889971,0.0,0.0
287,1521988838,947223259,0.0,0.0
288,1521988838,950556994,0.0,0.0
289,1521988838,953901155,0.0,0.0
290,1521988838,957223588,0.0,0.0
291,1521988838,960556878,0.0,0.0
292,1521988838,963889786,0.0,0.0
293,1521988838,967223385,0.0,0.0
294,1521988838,970556900,0.0,0.0
295,1521988838,973890106,0.0,0.0
296,1521988838,977233989,0.0,0.0
297,1521988838,980557348,0.0,0.0
298,1521988838,983889963,0.0,0.0
299,1521988838,987223341,0.0,0.0
300,1521988838,990556496,0.0,0.0
301,1521988838,993890246,0.0,0.0
302,1521988838,997223328,0.0,0.0
303,1521988839,557078,0.0,0.0
304,1521988839,3890234,0.0,0.0
305,1521988839,7223290,0.0,0.0
306,1521988839,10556395,0.0,0.0
307,1521988839,13889603,0.0,0.0
308,1521988839,17222683,0.0,0.0
309,1521988839,20556839,0.0,0.0
310,1521988839,23889524,0.0,0.0
311,1521988839,27223794,0.0,0.0
312,1521988839,30556610,0.0,0.0
313,1521988839,33890150,0.0,0.0
314,1521988839,37223218,0.0,0.0
315,1521988839,40555618,0.0,0.0
316,1521988839,43889993,0.0,0.0
317,1521988839,47243544,0.0,0.0
318,1521988839,50556777,0.0,0.0
319,1521988839,53889824,0.0,0.0
320,1521988839,57223333,0.0,0.0
321,1521988839,60539674,0.0,0.0
322,1521988839,63890163,0.0,0.0
323,1521988839,67183251,0.0,0.0
324,1521988839,70556862,0.0,0.0
325,1521988839,73890173,0.0,0.0
326,1521988839,77223491,0.0,0.0
327,1521988839,80556662,0.0,0.0
328,1521988839,83889837,0.0,0.0
329,1521988839,87222603,0.0,0.0
330,1521988839,90555671,0.0,0.0
331,1521988839,93889936,0.0,0.0
332,1521988839,97223882,0.0,0.0
333,1521988839,100556894,0.0,0.0
334,1521988839,103890018,0.0,0.0
335,1521988839,107222727,0.0,0.0
336,1521988839,110556751,0.0,0.0
337,1521988839,113890133,0.0,0.0
338,1521988839,117223346,0.0,0.0
339,1521988839,120556251,0.0,0.0
340,1521988839,123889188,0.0,0.0
341,1521988839,127223668,0.0,0.0
342,1521988839,130557099,0.0,0.0
343,1521988839,133890250,0.0,0.0
344,1521988839,137222764,0.0,0.0
345,1521988839,140556700,0.0,0.0
346,1521988839,143890242,0.0,0.0
347,1521988839,147223287,0.0,0.0
348,1521988839,150556768,0.0,0.0
349,1521988839,153889899,0.0,0.0
350,1521988839,157223358,0.0,0.0
351,1521988839,160643309,0.0,0.0
352,1521988839,163892413,0.0,0.0
353,1521988839,167227052,0.0,0.0
354,1521988839,170560209,0.0,0.0
355,1521988839,173891189,0.0,0.0
356,1521988839,177234362,0.0,0.0
357,1521988839,180569723,0.0,0.0
358,1521988839,183890510,0.0,0.0
359,1521988839,187239294,0.0,0.0
360,1521988839,190556156,0.0,0.0
361,1521988839,193889803,0.0,0.0
362,1521988839,197223056,0.0,0.0
363,1521988839,200557470,0.0,0.0
364,1521988839,203890503,0.0,0.0
365,1521988839,207224725,0.0,0.0
366,1521988839,210556811,0.0,0.0
367,1521988839,213890036,0.0,0.0
368,1521988839,217223304,0.0,0.0
369,1521988839,220556199,0.0,0.0
370,1521988839,223889912,0.0,0.0
371,1521988839,227223140,0.0,0.0
372,1521988839,230558036,0.0,0.0
373,1521988839,233891145,0.0,0.0
374,1521988839,237223385,0.0,0.0
375,1521988839,240555692,0.0,0.0
376,1521988839,243889768,0.0,0.0
377,1521988839,247223740,0.0,0.0
378,1521988839,250558036,0.0,0.0
379,1521988839,253891627,0.0,0.0
380,1521988839,257224865,0.0,0.0
381,1521988839,260558479,0.0,0.0
382,1521988839,263890429,0.0,0.0
383,1521988839,267224050,0.0,0.0
384,1521988839,270556065,0.0,0.0
385,1521988839,273890273,0.0,0.0
386,1521988839,277224764,0.0,0.0
387,1521988839,280557092,0.0,0.0
388,1521988839,283889999,0.0,0.0
389,1521988839,287222663,0.0,0.0
390,1521988839,290567254,0.0,0.0
391,1521988839,293890068,0.0,0.0
392,1521988839,297223961,0.0,0.0
393,1521988839,300557384,0.0,0.0
394,1521988839,303890121,0.0,0.0
395,1521988839,307223803,0.000352453082276,0.0
396,1521988839,310556855,0.000352503504748,0.000351057092067
397,1521988839,313890559,0.000352453082276,0.000702013752982
398,1521988839,317225624,0.000352276717162,0.000701662470098
399,1521988839,320557882,0.000352604392986,0.00105347269901
400,1521988839,323890204,0.000352579165513,0.00105339732713
401,1521988839,327223612,0.000352478291709,0.00175515991242
402,1521988839,330556730,0.000705007009496,0.00245739964447
403,1521988839,333890092,0.00105735924683,0.00280805501193
404,1521988839,337225928,0.00140890543818,0.00350781084061
405,1521988839,340556629,0.00141102333468,0.00421570062743
406,1521988839,343889913,0.00140991316683,0.00491444775477
407,1521988839,347223887,0.0014096106969,0.0049133934539
408,1521988839,350556994,0.00176251752374,0.00526585638101
409,1521988839,353890093,0.00176251752374,0.00526585638101
410,1521988839,357223321,0.00211502102849,0.00526585638101
411,1521988839,360556813,0.00246717157593,0.00596711690035
412,1521988839,363890062,0.00352478291709,0.0063185756847
413,1521988839,367235168,0.00491746157871,0.0069961199531
414,1521988839,370556712,0.00565989404508,0.00739812942998
415,1521988839,373890093,0.00740151472779,0.00842416503579
416,1521988839,377223564,0.00916443558442,0.010179927492
417,1521988839,380556600,0.00987009813295,0.0112338269461
418,1521988839,383889337,0.0112809190846,0.0119367949783
419,1521988839,387223998,0.0116276252596,0.0129835400717
420,1521988839,390555873,0.0116367775943,0.0133449423678
421,1521988839,393890277,0.0119799775402,0.0143871660254
422,1521988839,397223024,0.0126919418994,0.0147465075245
423,1521988839,400562104,0.0130193475806,0.0154189388413
424,1521988839,403890512,0.0141193295505,0.0168736731653
425,1521988839,407223255,0.014102157666,0.0175553661007
426,1521988839,410555555,0.0155134832826,0.0193122843307
427,1521988839,413890305,0.0165593731915,0.0207020026223
428,1521988839,417222509,0.0179828240423,0.0221229266791
429,1521988839,420556517,0.0204393551051,0.0231631405684
430,1521988839,423890107,0.0222045441834,0.0238684676014
431,1521988839,427223662,0.0246717157593,0.0238684676014
432,1521988839,430556227,0.0257364377404,0.0242264052189
433,1521988839,433891650,0.0271253072215,0.0245581864534
434,1521988839,437223228,0.0278597338424,0.0252869634028
435,1521988839,440556751,0.0289011527466,0.0252724951074
436,1521988839,443890141,0.0303131330869,0.0259763667038
437,1521988839,447224008,0.0327757925097,0.027376578379
438,1521988839,450557135,0.0348953508792,0.0280825585987
439,1521988839,453890178,0.0363104583037,0.02878874083
440,1521988839,457222984,0.0380731019106,0.0298419874457
441,1521988839,460556478,0.038417385968,0.0305375982547
442,1521988839,463890421,0.0394719221622,0.031237377894
443,1521988839,467224391,0.040526307536,0.0322880141256
444,1521988839,470557926,0.0415894637085,0.0333456532667
445,1521988839,473890407,0.0426620790271,0.0351132442377
446,1521988839,477223551,0.0426498732967,0.0365073261783
447,1521988839,480556468,0.0426559752888,0.037565795961
448,1521988839,483890015,0.0433517291199,0.038610756414
449,1521988839,487223581,0.0433517291199,0.0403657907965
450,1521988839,490555968,0.0440723956891,0.0403802308733
451,1521988839,493889746,0.0444059124325,0.0424687946649
452,1521988839,497222837,0.0451204486078,0.0442331936005
453,1521988839,500557680,0.0458025215936,0.0452637006489
454,1521988839,503891240,0.0472287130249,0.0473859283263
455,1521988839,507224597,0.0489944825475,0.0498465415126
456,1521988839,510556800,0.0504224281971,0.0516201622512
457,1521988839,513890255,0.0521630561768,0.0533530452266
458,1521988839,517223522,0.0546341352148,0.0544099572849
459,1521988839,520555983,0.0571178248131,0.0544255285684
460,1521988839,523890601,0.0595475354203,0.0543905057057
461,1521988839,527223406,0.0631026411297,0.0537155774022
462,1521988839,530556417,0.0655656518831,0.0537117350863
463,1521988839,533890540,0.0676613134514,0.0536963713176
464,1521988839,537223247,0.0701532155576,0.054768824018
465,1521988839,540557379,0.0708329375194,0.0572059380704
466,1521988839,543889918,0.0708633422716,0.0603904593862
467,1521988839,547222413,0.0708684122682,0.0635549720702
468,1521988839,550556375,0.0687185214741,0.0649269849266
469,1521988839,553890310,0.0687234359074,0.0670375188512
470,1521988839,557223772,0.0687283510437,0.0687973477922
471,1521988839,560556483,0.0687480186217,0.0691681424366
472,1521988839,563890190,0.0697807195368,0.0705473365921
473,1521988839,567223850,0.0722528818665,0.0709033890512
474,1521988839,570556625,0.0743835602143,0.0712696876644
475,1521988839,573889876,0.0778977024676,0.0716105244266
476,1521988839,577223110,0.0807233025873,0.0716156467817
477,1521988839,580557194,0.0831670311174,0.0722970751074
478,1521988839,583889784,0.083555284171,0.0751369669108
479,1521988839,587222260,0.0839078381126,0.0761902888768
480,1521988839,590555742,0.0845947900101,0.0807373559711
481,1521988839,593889877,0.0845705941459,0.0835217160536
482,1521988839,597223431,0.0849411928284,0.0870497053698
483,1521988839,600557148,0.0870559113221,0.0884537328757
484,1521988839,603889691,0.0906063630039,0.0888301524693
485,1521988839,607223122,0.0951691387613,0.0888110915683
486,1521988839,610556847,0.0972700938998,0.0895003523929
487,1521988839,613889820,0.0990534848342,0.0895195584771
488,1521988839,617223146,0.0993988782618,0.0895131555332
489,1521988839,620556399,0.0997584918437,0.0916259010295
490,1521988839,623889945,0.099744222284,0.0951228635291
491,1521988839,627223734,0.102908939923,0.0989768602933
492,1521988839,630556722,0.106103554929,0.102157613792
493,1521988839,633890020,0.111743611005,0.104615013436
494,1521988839,637223542,0.118071782562,0.104951056071
495,1521988839,640556570,0.122318716148,0.10531712762
496,1521988839,643889745,0.125138744186,0.106019241804
497,1521988839,647223284,0.125120844208,0.1060040767
498,1521988839,650557199,0.125807754699,0.109147526012
499,1521988839,653890206,0.126557810981,0.113750634499
500,1521988839,657223529,0.126539706723,0.122510161887
501,1521988839,660556014,0.129387296585,0.123238670027
502,1521988839,663893529,0.130610632066,0.125867434977
503,1521988839,667226431,0.130788155637,0.126038511682
504,1521988839,670560004,0.130750742162,0.126704420446
505,1521988839,673893375,0.131121924516,0.126722545676
506,1521988839,677224799,0.132960396596,0.126795098483
507,1521988839,680558164,0.1360566206,0.127775641624
508,1521988839,683891655,0.139923873663,0.130223551178
509,1521988839,687224723,0.142774132165,0.133060155787
510,1521988839,690559542,0.143034571957,0.13332540005
511,1521988839,693900197,0.142799771075,0.134857939236
512,1521988839,697224678,0.144192741718,0.138321630222
513,1521988839,700556598,0.146693923613,0.142580173719
514,1521988839,703889829,0.148745839101,0.143923112818
515,1521988839,707223022,0.150871500032,0.148848207036
516,1521988839,710556300,0.151213187143,0.149188592555
517,1521988839,713890156,0.151896414749,0.149518235762
518,1521988839,717223608,0.154374450037,0.151985977521
519,1521988839,720556439,0.157932867185,0.153422923691
520,1521988839,723889824,0.162844970769,0.154805104275
521,1521988839,727222900,0.166734157746,0.156571463062
522,1521988839,730566463,0.166562430425,0.156780134762
523,1521988839,733890164,0.168273136462,0.158076928841
524,1521988839,737223560,0.170587291821,0.160761149433
525,1521988839,740556274,0.173456539292,0.164669334024
526,1521988839,743889906,0.175874088056,0.170940348851
527,1521988839,747222849,0.176251752374,0.173422203481
528,1521988839,750556675,0.176566366101,0.174086959949
529,1521988839,753889852,0.178014269898,0.175177488941
530,1521988839,757223379,0.181865790454,0.175854445122
531,1521988839,760557154,0.182205212124,0.177245795915
532,1521988839,763890842,0.183628055866,0.178311493257
533,1521988839,767220023,0.184923479956,0.178541341931
534,1521988839,770556175,0.185244584585,0.179574245074
535,1521988839,773889855,0.187505039771,0.181119548269
536,1521988839,777223224,0.191043234106,0.186397982699
537,1521988839,780556161,0.191056899573,0.187113430072
538,1521988839,783890232,0.192764262802,0.188112777949
539,1521988839,787223090,0.199178727588,0.193446295089
540,1521988839,790555974,0.202704014802,0.19485062391
541,1521988839,793889500,0.203012975391,0.196563850835
542,1521988839,797222804,0.203379974316,0.198684102086
543,1521988839,800556990,0.205450759074,0.200045304909
544,1521988839,803891799,0.205392008499,0.203496663234
545,1521988839,807223502,0.207008402095,0.208968655898
546,1521988839,810556574,0.207272060792,0.210283198148
547,1521988839,813889784,0.209034578316,0.210283198148
548,1521988839,817223185,0.213954323067,0.213778477332
549,1521988839,820556897,0.215685860386,0.214098882195
550,1521988839,823889433,0.216468120173,0.214175466428
551,1521988839,827223159,0.219578270258,0.214816208413
552,1521988839,830556768,0.220972278533,0.215151827517
553,1521988839,833890361,0.224865066492,0.217273256548
554,1521988839,837223530,0.228069767572,0.219410682542
555,1521988839,840556624,0.23088979561,0.219761739634
556,1521988839,843889527,0.236899300777,0.223288282535
557,1521988839,847223454,0.237871805103,0.226367055555
558,1521988839,850556838,0.238627803487,0.229574916544
559,1521988839,853890041,0.240054886733,0.229942395304
560,1521988839,857223223,0.240037716654,0.237297620159
561,1521988839,860556471,0.240054886733,0.241527279342
562,1521988839,863890794,0.241008959926,0.243529102966
563,1521988839,867223151,0.242574465873,0.245441577221
564,1521988839,870557058,0.243880090502,0.246038223637
565,1521988839,873889718,0.244672435505,0.246126232731
566,1521988839,877222841,0.248162467343,0.246091021539
567,1521988839,880557312,0.249817766941,0.245985448385
568,1521988839,883889545,0.25034911902,0.246512611567
569,1521988839,887223073,0.253413766156,0.248863875432
570,1521988839,890555979,0.257327558466,0.24960159246
571,1521988839,893890090,0.260425576253,0.25198689285
572,1521988839,897223294,0.263672621552,0.254867448841
573,1521988839,900556156,0.264396541046,0.255587845417
574,1521988839,903890491,0.265321267287,0.260021707922
575,1521988839,907223607,0.266140146085,0.265399161603
576,1521988839,910555936,0.266568921098,0.266528592848
577,1521988839,913890186,0.26639737156,0.266357069263
578,1521988839,917223504,0.268588458282,0.266433274705
579,1521988839,920556631,0.269665181132,0.267856561247
580,1521988839,923889922,0.269998371449,0.267837402635
581,1521988839,927236180,0.271768523206,0.266457210409
582,1521988839,930556745,0.274210168164,0.268856600103
583,1521988839,933889982,0.275657740713,0.268207618339
584,1521988839,937222931,0.279535279265,0.2699629038
585,1521988839,940556564,0.281962465821,0.271679322404
586,1521988839,943889894,0.281982633367,0.272400818407
587,1521988839,947222878,0.282002803798,0.274877703089
588,1521988839,950556646,0.282294729035,0.278328546853
589,1521988839,953889957,0.284117824827,0.279090388193
590,1521988839,957223685,0.284056868417,0.280434437498
591,1521988839,960557146,0.284429637396,0.280454494316
592,1521988839,963890282,0.285527838846,0.282249902022
593,1521988839,967223824,0.288306621301,0.282209528699
594,1521988839,970556394,0.288389124269,0.283343608865
595,1521988839,973890027,0.289363980548,0.283613556205
596,1521988839,977223262,0.29328291595,0.287164701311
597,1521988839,980556773,0.294650776782,0.28712362497
598,1521988839,983889986,0.295376808452,0.288548289601
599,1521988839,987223825,0.29674427197,0.28920898185
600,1521988839,990558122,0.297758966889,0.293378800928
601,1521988839,993889895,0.297993355656,0.294312157383
602,1521988839,997223489,0.301699838428,0.298004838141
603,1521988840,557247,0.302030690116,0.299036471525
604,1521988840,3889754,0.302843835877,0.299494545677
605,1521988840,7222369,0.306721929235,0.299845652999
606,1521988840,10526387,0.310444734005,0.302796241577
607,1521988840,13890078,0.308087263596,0.298126302244
608,1521988840,17223629,0.315445508637,0.300812893153
609,1521988840,20556481,0.318685964141,0.304037189741
610,1521988840,23890226,0.319299656062,0.304301198136
611,1521988840,27238691,0.319667266142,0.307871870378
612,1521988840,30556876,0.323269369428,0.314185251406
613,1521988840,33889709,0.322563780076,0.316325066924
614,1521988840,37223160,0.324632506664,0.317332912165
615,1521988840,40556686,0.32531419494,0.317661223224
616,1521988840,43889700,0.326418245397,0.317706668321
617,1521988840,47222731,0.32855676834,0.319835888977
618,1521988840,50556541,0.328791695053,0.320072487854
619,1521988840,53890200,0.330248538092,0.320469278236
620,1521988840,57223227,0.334173322501,0.324727810162
621,1521988840,60556303,0.334173322501,0.325780981438
622,1521988840,63890096,0.33447797508,0.328893443272
623,1521988840,67223826,0.335158910502,0.331326794741
624,1521988840,70556481,0.33563135245,0.333551955912
625,1521988840,73890015,0.335887787409,0.334158546419
626,1521988840,77223563,0.33765005282,0.334158546419
627,1521988840,80556378,0.337722515096,0.334932423802
628,1521988840,83889714,0.33837916004,0.335235543271
629,1521988840,87223521,0.343617179537,0.334485630708
630,1521988840,90555999,0.344117265541,0.336033747354
631,1521988840,93890061,0.343945010045,0.336216494917
632,1521988840,97223366,0.345076247583,0.337341735166
633,1521988840,100556224,0.347945848017,0.33949649247
634,1521988840,103890027,0.347846314055,0.339399375545
635,1521988840,107222428,0.347995636362,0.340598469105
636,1521988840,110557141,0.348099164111,0.34246024677
637,1521988840,113890087,0.347920959186,0.340525379305
638,1521988840,117222911,0.348650905459,0.340549739086
639,1521988840,120556331,0.35071590025,0.343309278869
640,1521988840,123889462,0.350740987224,0.34473806441
641,1521988840,127222870,0.35071590025,0.344713406799
642,1521988840,130557854,0.351597297568,0.345242614866
643,1521988840,133890977,0.351093490729,0.345791235686
644,1521988840,137223426,0.350791171941,0.346542926827
645,1521988840,140556991,0.351043269947,0.347496807726
646,1521988840,143889997,0.351823663952,0.347922465396
647,1521988840,147223160,0.352125813417,0.347872694641
648,1521988840,150556715,0.352100629193,0.347847814603
649,1521988840,153890016,0.354593161459,0.348925790588
650,1521988840,157223261,0.358496064329,0.348950749515
651,1521988840,160556706,0.358444784674,0.348900835232
652,1521988840,163889804,0.358848567834,0.349652863699
653,1521988840,167223537,0.360207050086,0.354867952132
654,1521988840,170556578,0.360611085357,0.355620834264
655,1521988840,173889820,0.360585292418,0.355946430238
656,1521988840,177223214,0.360585292418,0.356999526185
657,1521988840,180556393,0.365546134424,0.359131405185
658,1521988840,183889656,0.366224945085,0.360158814028
659,1521988840,187223269,0.366198752484,0.36013305528
660,1521988840,190555981,0.366629870251,0.360561424785
661,1521988840,193889785,0.366524991506,0.361160245538
662,1521988840,197224112,0.367177329584,0.366021638
663,1521988840,200556315,0.366708568706,0.366608499254
664,1521988840,203889679,0.366929901669,0.367881517642
665,1521988840,207222414,0.366277341529,0.370391726532
666,1521988840,210556143,0.366903658649,0.370663261575
667,1521988840,213889310,0.366929901669,0.370689773502
668,1521988840,217223204,0.368991986641,0.370987735213
669,1521988840,220556909,0.370049270271,0.370987735213
670,1521988840,223889867,0.370860214907,0.371093890942
671,1521988840,227223715,0.3711065539,0.370987735213
672,1521988840,230556679,0.371538694004,0.372120517591
673,1521988840,233889387,0.371591854499,0.371822654012
674,1521988840,237223180,0.373925976912,0.371689698761
675,1521988840,240556309,0.374006218538,0.372471574683
676,1521988840,243889624,0.374684424086,0.37455112531
677,1521988840,247223239,0.375714985706,0.374524337216
678,1521988840,250556697,0.375714985706,0.374875344092
679,1521988840,253889759,0.378588764099,0.375982145604
680,1521988840,257222878,0.378588764099,0.376333202696
681,1521988840,260556677,0.378859967182,0.376603443598
682,1521988840,263889802,0.378941267604,0.37703531688
683,1521988840,267223370,0.378534610364,0.376981385351
684,1521988840,270556789,0.378561685295,0.377008349187
685,1521988840,273890197,0.378534610364,0.376981385351
686,1521988840,277223768,0.378534610364,0.377332392228
687,1521988840,280558218,0.380215296181,0.376900516981
688,1521988840,283890174,0.381870557604,0.378196698943
689,1521988840,287223005,0.380378490385,0.378115535047
690,1521988840,290555945,0.381788605271,0.378817699458
691,1521988840,293890315,0.381624806083,0.378655174882
692,1521988840,297223355,0.383876316671,0.380896944893
693,1521988840,300556516,0.383876316671,0.380896944893
694,1521988840,303889823,0.385611251129,0.380869700994
695,1521988840,307222864,0.385638834194,0.380896944893
696,1521988840,310556946,0.385880928278,0.381138949353
697,1521988840,313889983,0.385991337699,0.381248001985
698,1521988840,317222774,0.386371478649,0.3816263571
699,1521988840,320556845,0.386233330952,0.381489906028
700,1521988840,323889750,0.386018949927,0.381977439305
701,1521988840,327223201,0.381706688105,0.381895481622
702,1521988840,330556713,0.381381511629,0.380869700994
703,1521988840,333890423,0.380622106564,0.379762279565
704,1521988840,337223550,0.380351281623,0.37879060234
705,1521988840,340556409,0.378615846778,0.378115535047
706,1521988840,343889760,0.377151772128,0.376306285222
707,1521988840,347223473,0.375335688418,0.376252461824
708,1521988840,350556889,0.372217076044,0.375604221257
709,1521988840,353890217,0.372217076044,0.373498029362
710,1521988840,357223150,0.371212743629,0.372849301969
711,1521988840,360556385,0.371159641169,0.36893461359
712,1521988840,363889677,0.370102206294,0.368583581607
713,1521988840,367223507,0.370049270271,0.368530862794
714,1521988840,370556572,0.370128679985,0.367205718302
715,1521988840,373889951,0.368692293127,0.365775325748
716,1521988840,377223079,0.367308651947,0.363695147382
717,1521988840,380556683,0.364084033991,0.363292117168
718,1521988840,383889759,0.363431113395,0.363344090289
719,1521988840,387222831,0.357438553815,0.359482462277
720,1521988840,390556580,0.357009438842,0.358352391346
721,1521988840,393889812,0.353183248292,0.35770159015
722,1521988840,397222688,0.352176192673,0.357050602733
723,1521988840,400556480,0.346789030425,0.355193555379
724,1521988840,403889782,0.344371290999,0.355244366273
725,1521988840,407223284,0.338026681749,0.347170630676
726,1521988840,410556039,0.333844699161,0.345113807754
727,1521988840,413889925,0.332691915367,0.341154284415
728,1521988840,417222934,0.329943280444,0.33280212328
729,1521988840,420556321,0.328157289581,0.331023159482
730,1521988840,423889381,0.326418245397,0.329642609451
731,1521988840,427222898,0.317207774048,0.318714243854
732,1521988840,430557241,0.31608259562,0.316891216792
733,1521988840,433890374,0.314080622731,0.315600325768
734,1521988840,437222908,0.310952576535,0.31564548249
735,1521988840,440556372,0.305951157203,0.31101433648
736,1521988840,443889976,0.305554968881,0.305705125232
737,1521988840,447223383,0.305598678911,0.305046792778
738,1521988840,450556831,0.305951157203,0.305046792778
739,1521988840,453889621,0.313750562041,0.305792600767
740,1521988840,457222983,0.324632506664,0.306450920708
741,1521988840,460556272,0.330624637623,0.313471560358
742,1521988840,463889819,0.336240240491,0.323628340125
743,1521988840,467222897,0.33628834353,0.331397894911
744,1521988840,470556460,0.336240240491,0.331350491408
745,1521988840,473889695,0.328533266425,0.331397894911
746,1521988840,477222716,0.323598217359,0.329291552359
747,1521988840,480556550,0.313308382163,0.318340469099
748,1521988840,483890120,0.302757197675,0.310641085695
749,1521988840,487223272,0.298549113077,0.304344728813
750,1521988840,490556530,0.29398792296,0.297345356981
751,1521988840,493890224,0.293219993205,0.296579599106
752,1521988840,497223320,0.292930412446,0.296292185705
753,1521988840,500556284,0.292951367479,0.29526013461
754,1521988840,503890106,0.292867565329,0.294824690235
755,1521988840,507223030,0.291872901931,0.294536900244
756,1521988840,510555232,0.291251228607,0.290758464925
757,1521988840,513889750,0.286462404122,0.287743320508
758,1521988840,517223276,0.280552653491,0.281507514946
759,1521988840,520556960,0.275970763422,0.276593418675
760,1521988840,523890193,0.267531023407,0.273102882372
761,1521988840,527224627,0.263578351755,0.271621042964
762,1521988840,530556795,0.25387516295,0.264772805017
763,1521988840,533890283,0.248831876087,0.262904150492
764,1521988840,537223264,0.241464900752,0.262590704866
765,1521988840,540556324,0.233709823648,0.257675905577
766,1521988840,543890009,0.228037144232,0.257639047344
767,1521988840,547222428,0.224945507597,0.255975550493
768,1521988840,550556438,0.222013684762,0.248126369422
769,1521988840,553889571,0.222077207991,0.244686793171
770,1521988840,557223171,0.21993072334,0.241492731026
771,1521988840,560556183,0.220314690468,0.233101909133
772,1521988840,563889222,0.220314690468,0.222921253463
773,1521988840,567222646,0.219946454026,0.219746021035
774,1521988840,570556606,0.217784852672,0.218646008699
775,1521988840,573889707,0.214674634392,0.217655397082
776,1521988840,577222734,0.214322130887,0.217655397082
777,1521988840,580556258,0.213249366484,0.216937765175
778,1521988840,583889849,0.212161581622,0.216906736388
779,1521988840,587222977,0.211149599344,0.214495883253
780,1521988840,590556876,0.208989730734,0.21023808268
781,1521988840,593890373,0.206889959296,0.20709405713
782,1521988840,597223600,0.205862046773,0.206772627228
783,1521988840,600556351,0.201998957359,0.20222335022
784,1521988840,603889506,0.197401962659,0.195889857373
785,1521988840,607222819,0.195272973607,0.193067590366
786,1521988840,610556852,0.191707054779,0.190920431352
787,1521988840,613889951,0.18929438205,0.187815544256
788,1521988840,617222699,0.188250337225,0.184669239958
789,1521988840,620556934,0.180430169204,0.178987904392
790,1521988840,623889528,0.177687186591,0.178713626905
791,1521988840,627222725,0.174829232687,0.176218055207
792,1521988840,630557250,0.170890856088,0.176155057189
793,1521988840,633889992,0.165700352575,0.175553661007
794,1521988840,637223493,0.163890683258,0.173397396987
795,1521988840,640556338,0.16181068312,0.172030280569
796,1521988840,643889711,0.160730101019,0.170601543487
797,1521988840,647223396,0.159649828031,0.170226160434
798,1521988840,650556491,0.158274073632,0.164996833272
799,1521988840,653890040,0.153669543872,0.160410142556
800,1521988840,657222972,0.151234821478,0.159040238975
801,1521988840,660557147,0.148009123175,0.1575795472
802,1521988840,663890043,0.146641457975,0.155869348878
803,1521988840,667223864,0.146257568726,0.151624126407
804,1521988840,670556891,0.143831718329,0.146050197381
805,1521988840,673890333,0.141333685993,0.142508791855
806,1521988840,677223281,0.139601373672,0.142539375329
807,1521988840,680556593,0.139228925225,0.141114856958
808,1521988840,683889606,0.137476366852,0.139018608459
809,1521988840,687222661,0.136418856338,0.134805923354
810,1521988840,690555689,0.132903327966,0.128496087119
811,1521988840,693889603,0.127922170744,0.125291533075
812,1521988840,697223858,0.123332116463,0.12528257408
813,1521988840,700558676,0.119791210322,0.125264659935
814,1521988840,703889980,0.118853192713,0.125390166644
815,1521988840,707223290,0.112801121519,0.125327381868
816,1521988840,710516221,0.113816368364,0.126141126717
817,1521988840,713889966,0.109696818872,0.118263892881
818,1521988840,717222937,0.106816202583,0.111995223473
819,1521988840,720557222,0.105713242682,0.111245310878
820,1521988840,723889943,0.104355966728,0.110949913756
821,1521988840,727193024,0.10492671988,0.111580665199
822,1521988840,730557212,0.103030453858,0.109216324464
823,1521988840,733893088,0.102842746351,0.105928316211
824,1521988840,737223782,0.103004703432,0.103284665372
825,1521988840,740556277,0.100837641337,0.0962102892112
826,1521988840,743890076,0.0965652381469,0.0916062430374
827,1521988840,747223722,0.0930476137208,0.0916127947642
828,1521988840,750556664,0.089535890206,0.0916259010295
829,1521988840,753890114,0.0860047031769,0.0916193474281
830,1521988840,757223664,0.0859985520753,0.0916127947642
831,1521988840,760556570,0.0849594218561,0.0916324555685
832,1521988840,763889875,0.0845947900101,0.0891621235507
833,1521988840,767223211,0.0821274419681,0.0831945798485
834,1521988840,770556366,0.0793076156344,0.0782801320938
835,1521988840,773889815,0.0750778761339,0.073365684339
836,1521988840,777223062,0.0719055715086,0.0712594924441
837,1521988840,780556763,0.0683758979615,0.0712543959277
838,1521988840,783889788,0.0666231623974,0.0709135325976
839,1521988840,787222610,0.065217813458,0.0705675232539
840,1521988840,790556607,0.0644896893834,0.070542291731
841,1521988840,793889820,0.0645081413689,0.0702114184134
842,1521988840,797222373,0.0641648173802,0.0681148204705
843,1521988840,800556245,0.0637894456372,0.0642296646584
844,1521988840,803889926,0.0623797341314,0.0589649380471
845,1521988840,807223365,0.0613312227573,0.0537078933199
846,1521988840,810556762,0.0585113964236,0.0491444775477
847,1521988840,813889652,0.0560480572549,0.0456374219687
848,1521988840,817222442,0.0532356451891,0.0442395225736
849,1521988840,820557320,0.0496745680933,0.0438570394901
850,1521988840,823889813,0.0468930290133,0.0438915552971
851,1521988840,827223350,0.0440566352845,0.0438758595614
852,1521988840,830556616,0.042297395005,0.0442300297929
853,1521988840,833890109,0.0405321044617,0.0445778733144
854,1521988840,837223336,0.0398328960365,0.0445842506925
855,1521988840,840556264,0.0387753855223,0.0445842506925
856,1521988840,843890045,0.0370075736389,0.0431738458084
857,1521988840,847223451,0.0359502143921,0.0410678045495
858,1521988840,850556568,0.0345453434653,0.0382652230353
859,1521988840,853890151,0.0334830428162,0.0347496807726
860,1521988840,857223321,0.0331353294463,0.0322972524702
861,1521988840,860556682,0.0324280028372,0.0291356545461
862,1521988840,863890255,0.0320732304871,0.0266765226133
863,1521988840,867223584,0.0320755245455,0.0245722387738
864,1521988840,870556413,0.0317275849255,0.0228203433408
865,1521988840,873889891,0.0303109650757,0.0217624263424
866,1521988840,877223196,0.0296081765035,0.021061918949
867,1521988840,880559168,0.0278238937045,0.0203438488087
868,1521988840,883890115,0.0257493326702,0.0200231446843
869,1521988840,887223291,0.0239702383229,0.0196591971558
870,1521988840,890556810,0.0211471849365,0.019305378207
871,1521988840,893890053,0.019386306044,0.0186046950716
872,1521988840,897223103,0.0165688499056,0.0172030280569
873,1521988840,900556488,0.0148030294556,0.0164973231951
874,1521988840,903889797,0.0126892185015,0.0150943752468
875,1521988840,907223643,0.0116301199228,0.0129863256413
876,1521988840,910556525,0.0102233329204,0.011585712773
877,1521988840,913890423,0.00986798054056,0.00982748967452
878,1521988840,917223317,0.00916574675626,0.00842597292584
879,1521988840,920555943,0.00881384854124,0.00702214644026
880,1521988840,923889539,0.00810584115831,0.00561570838544
881,1521988840,927222962,0.0081070007093,0.00456341577228
882,1521988840,930556648,0.00740151472779,0.00351006876491
883,1521988840,933889934,0.00704956583417,0.00315928784235
884,1521988840,937226627,0.00563401099979,0.00175340412544
885,1521988840,940556207,0.00458713926342,0.00175704501901
886,1521988840,943889951,0.00352453082276,0.000702013752982
887,1521988840,947223629,0.00176213938224,0.00035098177409
888,1521988840,950556522,0.00070505744279,0.000351082205243
889,1521988840,953889651,0.0,0.0
890,1521988840,957222876,0.0,0.0
891,1521988840,960556826,0.0,-0.00035098177409
892,1521988840,963889661,-0.000352528721395,-0.000351082205243
893,1521988840,967223898,-0.000352377475608,-0.000701863160114
894,1521988840,970556729,-0.000352528721395,-0.000702164410487
895,1521988840,973890146,-0.000352478291709,-0.000702063964966
896,1521988840,977222909,-0.000352528721395,-0.000702164410487
897,1521988840,980556508,0.0,-0.000702013752982
898,1521988840,983889602,0.0,-0.000702114184134
899,1521988840,987222971,0.0,-0.000702063964966
900,1521988840,990556163,0.0,-0.000702063964966
901,1521988840,993890629,0.0,-0.000350931580057
902,1521988840,997224715,0.0,0.0
903,1521988841,556610,0.0,0.0
904,1521988841,3889498,0.0,0.0
905,1521988841,7223685,0.0,0.0
906,1521988841,10556519,0.0,0.0
907,1521988841,13889886,0.0,0.0
908,1521988841,17223002,0.0,0.0
909,1521988841,20556633,0.0,0.0
910,1521988841,23889999,0.0,0.0
911,1521988841,27222919,0.0,0.0
912,1521988841,30556879,0.0,0.0
913,1521988841,33889615,0.0,0.0
914,1521988841,37222836,0.0,0.0
915,1521988841,40556969,0.0,-0.000701913350558
916,1521988841,43890010,0.0,-0.000702114184134
917,1521988841,47222740,0.0,-0.00105324661573
918,1521988841,50556581,0.0,-0.00105294532227
919,1521988841,53890035,0.0,-0.00175515991242
920,1521988841,57222697,0.0,-0.00175553661007
921,1521988841,60556780,0.0,-0.00175465790029
922,1521988841,63889926,0.0,-0.00245739964447
923,1521988841,67222705,0.0,-0.0028088585761
924,1521988841,70556133,0.0,-0.00315906188842
925,1521988841,73890297,0.0,-0.00315861007751
926,1521988841,77222652,-0.000352579165513,-0.00386245686614
927,1521988841,80556400,-0.000352427876448,-0.00421178128908
928,1521988841,83889784,-0.000352478291709,-0.0042123837898
929,1521988841,87222484,-0.00070505744279,-0.00421298646292
930,1521988841,90555848,-0.000704956583417,-0.0042123837898
931,1521988841,93890118,-0.000704754951216,-0.00421117896068
932,1521988841,97223402,-0.000704956583417,-0.00456341577228
933,1521988841,100557166,-0.000704906164551,-0.00456308939438
934,1521988841,103890080,-0.000705007009496,-0.00456374219687
935,1521988841,107222762,-0.00105766182495,-0.00421328786416
936,1521988841,110556865,-0.00246681871958,-0.00456243677862
937,1521988841,113889882,-0.00634506308547,-0.00421268510481
938,1521988841,117223280,-0.00986939216784,-0.0042123837898
939,1521988841,120556622,-0.0148040882518,-0.00456341577228
940,1521988841,123889596,-0.0179776787422,-0.00561691347307
941,1521988841,127222725,-0.0211502102849,-0.00877642730168
942,1521988841,130555514,-0.0211517232837,-0.0119367949783
943,1521988841,133890034,-0.0211411368356,-0.0164926049559
944,1521988841,137222871,-0.0204481286157,-0.0189597953887
945,1521988841,140556462,-0.0190311053282,-0.0203569428972
946,1521988841,143889779,-0.0169201682279,-0.0203613113399
947,1521988841,147223372,-0.0155068265637,-0.0203569428972
948,1521988841,150556928,-0.014098123291,-0.019305378207
949,1521988841,153889749,-0.013044495841,-0.0179064734227
950,1521988841,157222761,-0.0130426296757,-0.0164996833272
951,1521988841,160557212,-0.013037034382,-0.0154398854907
952,1521988841,163890295,-0.0130426296757,-0.0150954549589
953,1521988841,167223458,-0.0144526436947,-0.0150954549589
954,1521988841,170556562,-0.0148051471994,-0.0150954549589
955,1521988841,173890228,-0.0155079356201,-0.0150932956891
956,1521988841,177223525,-0.0155090448352,-0.0157964392117
957,1521988841,180556340,-0.0155112637414,-0.015798699236
958,1521988841,183889967,-0.0155079356201,-0.0157953094421
959,1521988841,187222604,-0.01515873502,-0.0150965348255
960,1521988841,190555684,-0.01515873502,-0.0150965348255
961,1521988841,193890632,-0.0147966798576,-0.0143851089527
962,1521988841,197223291,-0.0144547116076,-0.0140442928805
963,1521988841,200556433,-0.0140991316683,-0.0140412792993
964,1521988841,203889964,-0.0140991316683,-0.0140412792993
965,1521988841,207224094,-0.0140950990243,-0.0140372632023
966,1521988841,210556705,-0.014102157666,-0.0143954002025
967,1521988841,213889930,-0.0137476366852,-0.0143933407748
968,1521988841,217223128,-0.0137466533766,-0.0143923112818
969,1521988841,220556858,-0.0137446871815,-0.0143902527377
970,1521988841,223889672,-0.0133970497827,-0.0143954002025
971,1521988841,227223738,-0.0133913016206,-0.0140382670112
972,1521988841,230557290,-0.0133932171265,-0.0136892681832
973,1521988841,233890480,-0.0133941750849,-0.0133392153344
974,1521988841,237223456,-0.013396091413,-0.012990041594
975,1521988841,240556500,-0.0133951331804,-0.0126380553144
976,1521988841,243890011,-0.0133932171265,-0.0126362475537
977,1521988841,247222766,-0.0133970497827,-0.0126398635925
978,1521988841,250556716,-0.0133913016206,-0.01263444031
979,1521988841,253889920,-0.0133941750849,-0.0129881833519
980,1521988841,257223479,-0.0133941750849,-0.0133392153344
981,1521988841,260556440,-0.0133951331804,-0.0136912265906
982,1521988841,263889810,-0.0130416967932,-0.0136902473168
983,1521988841,267223032,-0.0126892185015,-0.0136902473168
984,1521988841,270556369,-0.0126892185015,-0.0136902473168
985,1521988841,273889829,-0.0126892185015,-0.0136902473168
986,1521988841,277222878,-0.0123376226662,-0.0133401694985
987,1521988841,280561035,-0.012319117554,-0.0133201606735
988,1521988841,283889398,-0.0120022898193,-0.0133592814892
989,1521988841,287222203,-0.0119859765274,-0.012990041594
990,1521988841,290555921,-0.0119825477992,-0.0126353438672
991,1521988841,293890234,-0.0119808341707,-0.012282605302
992,1521988841,297226080,-0.0119748403285,-0.012276460488
993,1521988841,300556821,-0.0116409425111,-0.0122957934967
994,1521988841,303890154,-0.0116317836264,-0.0122861193869
995,1521988841,307222732,-0.0112817261328,-0.0122887562705
996,1521988841,310556138,-0.010926827043,-0.0122861193869
997,1521988841,313889615,-0.010926827043,-0.0119350874044
998,1521988841,317222504,-0.0105751051424,-0.0119359411303
999,1521988841,320557233,-0.0102182161372,-0.011579914118
1000,1521988841,323889655,-0.00987151036619,-0.0112354343044
1001,1521988841,327223372,-0.00986868630372,-0.0108812131712
1002,1521988841,330557327,-0.00986727487833,-0.0101777435831
1003,1521988841,333889971,-0.00951895642454,-0.0101821123384
1004,1521988841,337223469,-0.00951623322144,-0.00982819254175
1005,1521988841,340556599,-0.00916509112345,-0.00982959857788
1006,1521988841,343889932,-0.00881195729271,-0.00947786352705
1007,1521988841,347223055,-0.00846008411395,-0.00912748439374
1008,1521988841,350556774,-0.00810584115831,-0.00912552612634
1009,1521988841,353889913,-0.00740257359971,-0.00912748439374
1010,1521988841,357223080,-0.00740257359971,-0.00842537020961
1011,1521988841,360556466,-0.00704956583417,-0.0084247675796
1012,1521988841,363889685,-0.00669708754246,-0.00772270361463
1013,1521988841,367222706,-0.00669756659021,-0.00737219893341
1014,1521988841,370556009,-0.00669708754246,-0.00702063964966
1015,1521988841,373890129,-0.00634324813607,-0.0066681768303
1016,1521988841,377223648,-0.00634415548096,-0.00631812377684
1017,1521988841,380557050,-0.00599213095905,-0.00596754370221
1018,1521988841,383890118,-0.00599255958072,-0.00561691347307
1019,1521988841,387223076,-0.00564045954232,-0.00526623307865
1020,1521988841,390556018,-0.00564005607597,-0.00526585638101
1021,1521988841,393890261,-0.00493363743917,-0.0049133934539
1022,1521988841,397222297,-0.00493646150181,-0.00491620592869
1023,1521988841,400556834,-0.00458057964771,-0.00456178434951
1024,1521988841,403889462,-0.0042306472998,-0.00421328786416
1025,1521988841,407223464,-0.00422883209071,-0.00421148010335
1026,1521988841,410556311,-0.00387781593534,-0.00386190425768
1027,1521988841,413890094,-0.00387670664093,-0.0035098177409
1028,1521988841,417222653,-0.00387809335815,-0.00351107322013
1029,1521988841,420556598,-0.00352427876448,-0.00315883596681
1030,1521988841,423889263,-0.0035255394165,-0.00315996589812
1031,1521988841,427222516,-0.00352478291709,-0.00280825585987
1032,1521988841,430556242,-0.00352427876448,-0.00280785419272
1033,1521988841,433889897,-0.00317207774048,-0.00245704813544
1034,1521988841,437223580,-0.00317185088804,-0.00245687241863
1035,1521988841,440556637,-0.00317275849255,-0.0024575754367
1036,1521988841,443889750,-0.00281982633367,-0.0021061918949
1037,1521988841,447222740,-0.00282022977116,-0.00210649323146
1038,1521988841,450556847,-0.00246681871958,-0.00175478337639
1039,1521988841,453889986,-0.00246734804196,-0.00175515991242
1040,1521988841,457223196,-0.00246752453324,-0.00175528546034
1041,1521988841,460556394,-0.00211486975025,-0.00175515991242
1042,1521988841,463890203,-0.00211456725869,-0.00175490887045
1043,1521988841,467223223,-0.00176264360697,-0.00140432882097
1044,1521988841,470556479,-0.00176239145854,-0.00140412792993
1045,1521988841,473889714,-0.00176239145854,-0.00140412792993
1046,1521988841,477222966,-0.00141001401899,-0.00140422836827
1047,1521988841,480556666,-0.00140971150579,-0.00105294532227
1048,1521988841,483889588,-0.00141011488558,-0.00105324661573
1049,1521988841,487223415,-0.00105728362935,-0.00105294532227
1050,1521988841,490558024,-0.00105705684178,-0.00105271946527
1051,1521988841,493889554,-0.00105796457629,-0.000702415650078
1052,1521988841,497222185,-0.000705107883299,-0.000702214644026
1053,1521988841,500556477,-0.000704754951216,-0.000701863160114
1054,1521988841,503889692,-0.000704956583417,-0.000702063964966
1055,1521988841,507222847,-0.000352503504748,-0.000351057092067
1056,1521988841,510556676,-0.000352427876448,-0.00035098177409
1057,1521988841,513890215,-0.000352453082276,-0.000351006876491
1058,1521988841,517222600,0.0,-0.000351132442377
1059,1521988841,520556390,0.0,0.0
1060,1521988841,523890004,0.0,0.0
1061,1521988841,527223384,0.0,0.0
1062,1521988841,530557315,0.0,0.0
1063,1521988841,533889574,0.0,0.0
1064,1521988841,537238656,0.0,0.0
1065,1521988841,540556458,0.0,0.0
1066,1521988841,543889771,0.0,0.0
1067,1521988841,547222621,0.0,0.0
1068,1521988841,550557027,0.0,0.0
1069,1521988841,553889681,0.0,0.0
1070,1521988841,557223731,0.0,0.0
1071,1521988841,560556370,0.0,0.0
1072,1521988841,563889600,0.0,0.0
1073,1521988841,567222857,0.0,0.0
1074,1521988841,570556719,0.0,0.0
1075,1521988841,573889395,0.0,0.0
1076,1521988841,577223271,0.0,0.0
1077,1521988841,580557403,0.0,0.0
1078,1521988841,583889979,0.0,0.0
1079,1521988841,587222961,0.0,0.0
1080,1521988841,590556687,0.0,0.0
1081,1521988841,593890159,0.0,0.0
1082,1521988841,597222001,0.0,0.0
1083,1521988841,600556470,0.0,0.0
1084,1521988841,603889560,0.0,0.0
1085,1521988841,607228273,0.0,0.0
1086,1521988841,610557050,0.0,0.0
1087,1521988841,613889999,0.0,0.0
1088,1521988841,617222431,0.0,0.0
1089,1521988841,620556489,0.0,0.0
1090,1521988841,623889406,0.0,0.0
1091,1521988841,627222848,0.0,0.0
1092,1521988841,630556529,0.0,0.0
1093,1521988841,633889849,0.0,0.0
1094,1521988841,637222981,0.0,0.0
1095,1521988841,640555985,0.0,0.0
1096,1521988841,643889423,0.0,0.0
1097,1521988841,647223152,0.0,0.0
1098,1521988841,650556981,0.0,0.0
1099,1521988841,653890036,0.0,0.0
1100,1521988841,657223264,0.0,0.0
1101,1521988841,660557212,0.0,0.0
1102,1521988841,663889420,0.0,0.0
1103,1521988841,667222912,0.0,0.0
1104,1521988841,670557315,0.0,0.0
1105,1521988841,673889835,0.0,0.0
1106,1521988841,677222629,0.0,0.0
1107,1521988841,680555999,0.0,0.0
1108,1521988841,683890018,0.0,0.0
1109,1521988841,687223061,0.0,0.0
1110,1521988841,690556588,0.0,0.0
1111,1521988841,693889891,0.0,0.0
1112,1521988841,697222502,0.0,0.0
1113,1521988841,700556579,0.0,0.0
1114,1521988841,703889555,0.0,0.0
1115,1521988841,707223937,0.0,0.0
1116,1521988841,710556840,0.0,0.0
1117,1521988841,713890274,0.0,0.0
1118,1521988841,717223187,0.0,0.0
1119,1521988841,720555534,0.0,0.0
1120,1521988841,723889383,0.0,0.0
1121,1521988841,727222617,0.0,0.0
1122,1521988841,730556879,0.0,0.0
1123,1521988841,733889493,0.0,0.0
1124,1521988841,737222998,0.0,0.0
1125,1521988841,740557592,0.0,0.0
1126,1521988841,743890066,0.0,0.0
1127,1521988841,747223142,0.0,0.0
1128,1521988841,750559439,0.0,0.0
1129,1521988841,753890000,0.0,0.0
1130,1521988841,757223192,0.0,0.0
1131,1521988841,760557055,0.0,0.0
1132,1521988841,763889309,0.0,0.0
1133,1521988841,767223602,0.0,0.0
1134,1521988841,770556464,0.0,0.0
1135,1521988841,773891116,0.0,0.0
1136,1521988841,777223598,0.0,0.0
1137,1521988841,780556798,0.0,0.0
1138,1521988841,783889976,0.0,0.0
1139,1521988841,787222786,0.0,0.0
1140,1521988841,790557210,0.0,0.0
1141,1521988841,793900257,0.0,0.0
1142,1521988841,797223103,0.0,0.0
1143,1521988841,800556904,0.0,0.0
1144,1521988841,803890369,0.0,0.0
1145,1521988841,807223514,0.0,0.0
1146,1521988841,810557011,0.0,0.0
1147,1521988841,813890104,0.0,0.0
1148,1521988841,817223550,0.0,0.0
1149,1521988841,820555505,0.0,0.0
1150,1521988841,823889335,0.0,0.0
1151,1521988841,827222990,0.0,0.0
1152,1521988841,830556797,0.0,0.0
1153,1521988841,833890065,0.0,0.0
1154,1521988841,837222928,0.0,0.0
1155,1521988841,840557172,0.0,0.0
1156,1521988841,843890051,0.0,0.0
1157,1521988841,847223800,0.0,0.0
1158,1521988841,850556438,0.0,0.0
1159,1521988841,853890235,0.0,0.0
1160,1521988841,857222397,0.0,0.0
1161,1521988841,860557556,0.0,0.0
1162,1521988841,863890434,0.0,0.0
1163,1521988841,867223079,0.0,0.0
1164,1521988841,870555790,0.0,0.0
1165,1521988841,873890272,0.0,0.0
1166,1521988841,877223032,0.0,0.0
1167,1521988841,880556685,0.0,0.0
1168,1521988841,883889966,0.0,0.0
1169,1521988841,887223091,0.0,0.0
1170,1521988841,890556178,0.0,0.0
1171,1521988841,893891723,0.0,0.0
1172,1521988841,897224224,0.0,0.0
1173,1521988841,900556526,0.0,0.0
1174,1521988841,903889698,0.0,0.0
1175,1521988841,907222801,0.0,0.0
1176,1521988841,910555894,0.0,0.0
1177,1521988841,913889797,0.0,0.0
1178,1521988841,917223182,0.0,0.0
1179,1521988841,920556583,0.0,0.0
1180,1521988841,923890121,0.0,0.0
1181,1521988841,927233800,0.0,0.0
1182,1521988841,930556555,0.0,0.0
1183,1521988841,933889999,0.0,0.0
1184,1521988841,937222673,0.0,0.0
1185,1521988841,940556172,0.0,0.0
1186,1521988841,943889747,0.0,0.0
1187,1521988841,947223110,0.0,0.0
1188,1521988841,950555740,0.0,0.0
1189,1521988841,953889812,0.0,0.0
1190,1521988841,957223076,0.0,0.0
1191,1521988841,960556549,0.0,0.0
1192,1521988841,963890167,0.0,0.0
1193,1521988841,967223126,0.0,0.0
1194,1521988841,970556580,0.0,0.0
1195,1521988841,973889698,0.0,0.0
1196,1521988841,977222948,0.0,0.0
1197,1521988841,980555962,0.0,0.0
1198,1521988841,983889917,0.0,0.0
1199,1521988841,987222741,0.0,0.0
1200,1521988841,990556503,0.0,0.0
1201,1521988841,993889697,0.0,0.0
1202,1521988841,997222306,0.0,0.0
1203,1521988842,555782,0.0,0.0
1204,1521988842,3889686,0.0,0.0
1205,1521988842,7222125,0.0,0.0
1206,1521988842,10555834,0.0,0.0
1207,1521988842,13889450,0.0,0.0
1208,1521988842,17222856,0.0,0.0
1209,1521988842,20555575,0.0,0.0
1210,1521988842,23889812,0.0,0.0
1211,1521988842,27223534,0.0,0.0
1212,1521988842,30556840,0.0,0.0
1213,1521988842,33890314,0.0,0.0
1214,1521988842,37223169,0.0,0.0
1215,1521988842,40556397,0.0,0.0
1216,1521988842,43890112,0.0,0.0
1217,1521988842,47222599,0.0,0.0
1218,1521988842,50556785,0.0,0.0
1219,1521988842,53889946,0.0,0.0
1220,1521988842,57222662,0.0,0.0
1221,1521988842,60555937,0.0,0.0
1222,1521988842,63889230,0.0,0.0
1223,1521988842,67222977,0.0,0.0
1224,1521988842,70556510,0.0,0.0
1225,1521988842,73892254,0.0,0.0
1226,1521988842,77223056,0.0,0.0
1227,1521988842,80556408,0.0,0.0
1228,1521988842,83889901,0.0,0.0
1229,1521988842,87223045,0.0,0.0
1230,1521988842,90556803,0.0,0.0
1231,1521988842,93889939,0.0,0.0
1232,1521988842,97222204,0.0,0.0
1233,1521988842,100556698,0.0,0.0
1234,1521988842,103889496,0.0,0.0
1235,1521988842,107223067,0.0,0.0
1236,1521988842,110556351,0.0,0.0
1237,1521988842,113890296,0.0,0.0
1238,1521988842,117222792,0.0,0.0
1239,1521988842,120556022,0.0,0.0
1240,1521988842,123889991,0.0,0.0
1241,1521988842,127223840,0.0,0.0
1242,1521988842,130556114,0.0,0.0
1243,1521988842,133889869,0.0,0.0
1244,1521988842,137223445,0.0,0.0
1245,1521988842,140556040,0.0,0.0
1246,1521988842,143889485,0.0,0.0
1247,1521988842,147223223,0.0,0.0
1248,1521988842,150556359,0.0,0.0
1249,1521988842,153889862,0.0,0.0
1250,1521988842,157222997,0.0,0.0
1251,1521988842,160556416,0.0,0.0
1252,1521988842,163889724,0.0,0.0
1253,1521988842,167222680,0.0,0.0
1254,1521988842,170555902,0.0,0.0
1255,1521988842,173890141,0.0,0.0
1256,1521988842,177233206,0.0,0.0
1257,1521988842,180556353,0.0,0.0
1258,1521988842,183889991,0.0,0.0
1259,1521988842,187222573,0.0,0.0
1260,1521988842,190566304,0.0,0.0
1261,1521988842,193890167,0.0,0.0
1262,1521988842,197224257,0.0,0.0
1263,1521988842,200556126,0.0,0.0
1264,1521988842,203890428,0.0,0.0
1265,1521988842,207222568,0.0,0.0
1266,1521988842,210556514,0.0,0.0
1267,1521988842,213889894,0.0,0.0
1268,1521988842,217222684,0.0,0.0
1269,1521988842,220556345,0.0,0.0
1270,1521988842,223889899,0.0,0.0
1271,1521988842,227223507,0.0,0.0
1272,1521988842,230556560,0.0,0.0
1273,1521988842,233889754,0.0,0.0
1274,1521988842,237222881,0.0,0.0
1275,1521988842,240556286,0.0,0.0
1276,1521988842,243889916,0.0,0.0
1277,1521988842,247222382,0.0,0.0
1278,1521988842,250556062,0.0,0.0
1279,1521988842,253889460,0.0,0.0
1280,1521988842,257222540,0.0,0.0
1281,1521988842,260555781,0.0,0.0
1282,1521988842,263889551,0.0,0.0
1283,1521988842,267223083,0.0,0.0
1284,1521988842,270556026,0.0,0.0
1285,1521988842,273889614,0.0,0.0
1286,1521988842,277223485,0.0,0.0
1287,1521988842,280556315,0.0,0.0
1288,1521988842,283889777,0.0,0.0
1289,1521988842,287223146,0.0,0.0
1290,1521988842,290555900,0.0,0.0
1291,1521988842,293889780,0.0,0.0
1292,1521988842,297222654,0.0,0.0
1293,1521988842,300555904,0.0,0.0
1294,1521988842,303889685,0.0,0.0
1295,1521988842,307222701,0.0,0.0
1296,1521988842,310556986,0.0,0.0
1297,1521988842,313889593,0.0,0.0
1298,1521988842,317222447,0.0,0.0
1299,1521988842,320556137,0.0,0.0
1300,1521988842,323889806,0.0,0.0
1301,1521988842,327222715,0.0,0.0
1302,1521988842,330556375,0.0,0.0
1303,1521988842,333889583,0.0,0.0
1304,1521988842,337222670,0.0,0.0
1305,1521988842,340556602,0.0,0.0
1306,1521988842,343890048,0.0,0.0
1307,1521988842,347223182,0.0,0.0
1308,1521988842,350556153,0.0,0.0
1309,1521988842,353889563,0.0,0.0
1310,1521988842,357222354,0.0,0.0
1311,1521988842,360556079,0.0,0.0
1312,1521988842,363889406,0.0,0.0
1313,1521988842,367222671,0.0,0.0
1314,1521988842,370556745,0.0,0.0
1315,1521988842,373889978,0.0,0.0
1316,1521988842,377222534,0.0,0.0
1317,1521988842,380555656,0.0,0.0
1318,1521988842,383889453,0.0,0.0
1319,1521988842,387222921,0.0,0.0
1320,1521988842,390555625,0.0,0.0
1321,1521988842,393888802,0.0,0.0
1322,1521988842,397222277,0.0,0.0
1323,1521988842,400556431,0.0,0.0
1324,1521988842,403889638,0.0,0.0
1325,1521988842,407232344,0.0,0.0
1326,1521988842,410556578,0.0,0.0
1327,1521988842,413889204,0.0,0.0
1328,1521988842,417222755,0.0,0.0
1329,1521988842,420556307,0.0,0.0
1330,1521988842,423890257,0.0,0.0
1331,1521988842,427223315,0.0,0.0
1332,1521988842,430556573,0.0,0.0
1333,1521988842,433889554,0.0,0.0
1334,1521988842,437223672,0.0,0.0
1335,1521988842,440556664,0.0,0.0
1336,1521988842,443889333,0.0,0.0
1337,1521988842,447222235,0.0,0.0
1338,1521988842,450556166,0.0,0.0
1339,1521988842,453889860,0.0,0.0
1340,1521988842,457222734,0.0,0.0
1341,1521988842,460556274,0.0,0.0
1342,1521988842,463889640,0.0,0.0
1343,1521988842,467233324,0.0,0.0
1344,1521988842,470556871,0.0,0.0
1345,1521988842,473889519,0.0,0.0
1346,1521988842,477222787,0.0,0.0
1347,1521988842,480556353,0.0,0.0
1348,1521988842,483889524,0.0,0.0
1349,1521988842,487223004,0.0,0.0
1350,1521988842,490556452,0.0,0.0
1351,1521988842,493889838,0.0,0.0
1352,1521988842,497222726,0.0,0.0
1353,1521988842,500556150,0.0,0.0
1354,1521988842,503889562,0.0,0.0
1355,1521988842,507222855,0.0,0.0
1356,1521988842,510556734,0.0,0.0
1357,1521988842,513890226,0.0,0.0
1358,1521988842,517223157,0.0,0.0
1359,1521988842,520556053,0.0,0.0
1360,1521988842,523889727,0.0,0.0
1361,1521988842,527223303,0.0,0.0
1362,1521988842,530566984,0.0,0.0
1363,1521988842,533889904,0.0,0.0
1364,1521988842,537223228,0.0,0.0
1365,1521988842,540555841,0.0,0.0
1366,1521988842,543889591,0.0,0.0
1367,1521988842,547222522,0.0,0.0
1368,1521988842,550556731,0.0,0.0
1369,1521988842,553889784,0.0,0.0
1370,1521988842,557221893,0.0,0.0
1371,1521988842,560556060,0.0,0.0
1372,1521988842,563889768,0.0,0.0
1373,1521988842,567223277,0.0,0.0
1374,1521988842,570556640,0.0,0.0
1375,1521988842,573889572,0.0,0.0
1376,1521988842,577223350,0.0,0.0
1377,1521988842,580556037,0.0,0.0
1378,1521988842,583889430,0.0,0.0
1379,1521988842,587222981,0.0,0.0
1380,1521988842,590556201,0.0,0.0
1381,1521988842,593864642,0.0,0.0
1382,1521988842,597223085,0.0,0.0
1383,1521988842,600556211,0.0,0.0
1384,1521988842,603889373,0.0,0.0
1385,1521988842,607222822,0.0,0.0
1386,1521988842,610556251,0.0,0.0
1387,1521988842,613889678,0.0,0.0
1388,1521988842,617223178,0.0,0.0
1389,1521988842,620556328,0.0,0.0
1390,1521988842,623889063,0.0,0.0
1391,1521988842,627222587,0.0,0.0
1392,1521988842,630575786,0.0,0.0
1393,1521988842,633889479,0.0,0.0
1394,1521988842,637222999,0.0,0.0
1395,1521988842,640556115,0.0,0.0
1396,1521988842,643889618,0.0,0.0
1397,1521988842,647223022,0.0,0.0
1398,1521988842,650556230,0.0,0.0
1399,1521988842,653889783,0.0,0.0
1400,1521988842,657222587,0.0,0.0
1401,1521988842,660556184,0.0,0.0
1402,1521988842,663889403,0.0,0.0
1403,1521988842,667222329,0.0,0.0
1404,1521988842,670556016,0.0,0.0
1405,1521988842,673889996,0.0,0.0
1406,1521988842,677222969,0.0,0.0
1407,1521988842,680556570,0.0,0.0
1408,1521988842,683889761,0.0,0.0
1409,1521988842,687222189,0.0,0.0
1410,1521988842,690556194,0.0,0.0
1411,1521988842,693890398,0.0,0.0
1412,1521988842,697222940,0.0,0.0
1413,1521988842,700556136,0.0,0.0
1414,1521988842,703889267,0.0,0.0
1415,1521988842,707222936,0.0,0.0
1416,1521988842,710556767,0.0,0.0
1417,1521988842,713889389,0.0,0.0
1418,1521988842,717223613,0.0,0.0
1419,1521988842,720556237,0.0,0.0
1420,1521988842,723890124,0.0,0.0
1421,1521988842,727223309,0.0,0.0
1422,1521988842,730555828,0.0,0.0
1423,1521988842,733889696,0.0,0.0
1424,1521988842,737222695,0.0,0.0
1425,1521988842,740556149,0.0,0.0
1426,1521988842,743889387,0.0,0.0
1427,1521988842,747222962,0.0,0.0
1428,1521988842,750556747,0.0,0.0
1429,1521988842,753889711,0.0,0.0
1430,1521988842,757222691,0.0,0.0
1431,1521988842,760555759,0.0,0.0
1432,1521988842,763889603,0.0,0.0
1433,1521988842,767222679,0.0,0.0
1434,1521988842,770556492,0.0,0.0
1435,1521988842,773889559,0.0,0.0
1436,1521988842,777222637,0.0,0.0
1437,1521988842,780556466,0.0,0.0
1438,1521988842,783889482,0.0,0.0
1439,1521988842,787222787,0.0,0.0
1440,1521988842,790555702,0.0,0.0
1441,1521988842,793889827,0.0,0.0
1442,1521988842,797222982,0.0,0.0
1443,1521988842,800555700,0.0,0.0
1444,1521988842,803889666,0.0,0.0
1445,1521988842,807223870,0.0,0.0
1446,1521988842,810556231,0.0,0.0
1447,1521988842,813889517,0.0,0.0
1448,1521988842,817225847,0.0,0.0
1449,1521988842,820556120,0.0,0.0
1450,1521988842,823889474,0.0,0.0
1451,1521988842,827223085,0.0,0.0
1452,1521988842,830556222,0.0,0.0
1453,1521988842,833890082,0.0,0.0
1454,1521988842,837222328,0.0,0.0
1455,1521988842,840556594,0.0,0.0
1456,1521988842,843889062,0.0,0.0
1457,1521988842,847223414,0.0,0.0
1458,1521988842,850556286,0.0,0.0
1459,1521988842,853889971,0.0,0.0
1460,1521988842,857223135,0.0,0.0
1461,1521988842,860556424,0.0,0.0
1462,1521988842,863889241,0.0,0.0
1463,1521988842,867223485,0.0,0.0
1464,1521988842,870556323,0.0,0.0
1465,1521988842,873889856,0.0,0.0
1466,1521988842,877222038,0.0,0.0
1467,1521988842,880556326,0.0,0.0
1468,1521988842,883889386,0.0,0.0
1469,1521988842,887222954,0.0,0.0
1470,1521988842,890556486,0.0,0.0
1471,1521988842,893889619,0.0,0.0
1472,1521988842,897222664,0.0,0.0
1473,1521988842,900556013,0.0,0.0
1474,1521988842,903889671,0.0,0.0
1475,1521988842,907222581,0.0,0.0
1476,1521988842,910556712,0.0,0.0
1477,1521988842,913889656,0.0,0.0
1478,1521988842,917223193,0.0,0.0
1479,1521988842,920555988,0.0,0.0
1480,1521988842,923891385,0.0,0.0
1481,1521988842,927224279,0.0,0.0
1482,1521988842,930556462,0.0,0.0
1483,1521988842,933890080,0.0,0.0
1484,1521988842,937222943,0.0,0.0
1485,1521988842,940556944,0.0,0.0
1486,1521988842,943889608,0.0,0.0
1487,1521988842,947223050,0.0,0.0
1488,1521988842,950556193,0.0,0.0
1489,1521988842,953889684,0.0,0.0
1490,1521988842,957222393,0.0,0.0
1491,1521988842,960555936,0.0,0.0
1492,1521988842,963889289,0.0,0.0
1493,1521988842,967222547,0.0,0.0
1494,1521988842,970555598,0.0,0.0
1495,1521988842,973889617,0.0,0.0
1496,1521988842,977222757,0.0,0.0
1497,1521988842,980555987,0.0,0.0
1498,1521988842,983889780,0.0,0.0
1499,1521988842,987222494,0.0,0.0
1500,1521988842,990555696,0.0,0.0
1501,1521988842,993891931,0.0,0.0
1502,1521988842,997232584,0.0,0.0
1503,1521988843,556154,0.0,0.0
1504,1521988843,3889048,0.0,0.0
1505,1521988843,7223095,0.0,0.0
1506,1521988843,10555950,0.0,0.0
1507,1521988843,13889919,0.0,0.0
1508,1521988843,17222885,0.0,0.0
1509,1521988843,20556173,0.0,0.0
1510,1521988843,23889978,0.0,0.0
1511,1521988843,27222887,0.0,0.0
1512,1521988843,30556400,0.0,0.0
1513,1521988843,33889611,0.0,0.0
1514,1521988843,37223146,0.0,0.0
1515,1521988843,40555843,0.0,0.0
1516,1521988843,43889708,0.0,0.0
1517,1521988843,47222998,0.0,0.0
1518,1521988843,50555991,0.0,0.0
1519,1521988843,53889772,0.0,0.0
1520,1521988843,57223798,0.0,0.0
1521,1521988843,60555835,0.0,0.0
1522,1521988843,63889593,0.0,0.0
1523,1521988843,67223104,0.0,0.0
1524,1521988843,70556267,0.0,0.0
1525,1521988843,73889913,0.0,0.0
1526,1521988843,77222801,0.0,0.0
1527,1521988843,80556705,0.0,0.0
1528,1521988843,83889636,0.0,0.0
1529,1521988843,87222627,0.0,0.0
1530,1521988843,90556940,0.0,0.0
1531,1521988843,93889536,0.0,0.0
1532,1521988843,97233050,0.0,0.0
1533,1521988843,100555859,0.0,0.0
1534,1521988843,103889643,0.0,0.0
1535,1521988843,107224440,0.0,0.0
1536,1521988843,110557408,0.0,0.0
1537,1521988843,113890512,0.0,0.0
1538,1521988843,117223500,0.0,0.0
1539,1521988843,120556436,0.0,0.0
1540,1521988843,123890486,0.0,0.0
1541,1521988843,127223162,0.0,0.0
1542,1521988843,130556490,0.0,0.0
1543,1521988843,133889888,0.0,0.0
1544,1521988843,137222801,0.0,0.0
1545,1521988843,140556034,0.0,0.0
1546,1521988843,143888782,0.0,0.0
1547,1521988843,147222476,0.0,0.0
1548,1521988843,150556081,0.0,0.0
1549,1521988843,153889531,0.0,0.0
1550,1521988843,157223057,0.0,0.0
1551,1521988843,160556030,0.0,0.0
1552,1521988843,163889258,0.0,0.0
1553,1521988843,167238279,0.0,0.0
1554,1521988843,170556204,0.0,0.0
1555,1521988843,173889844,0.0,0.0
1556,1521988843,177222896,0.0,0.0
1557,1521988843,180556340,0.0,0.0
1558,1521988843,183889524,0.0,0.0
1559,1521988843,187222681,0.0,0.0
1560,1521988843,190562372,0.0,0.0
1561,1521988843,193889680,0.0,0.0
1562,1521988843,197222193,0.0,0.0
1563,1521988843,200555932,0.0,0.0
1564,1521988843,203889765,0.0,0.0
1565,1521988843,207222651,0.0,0.0
1566,1521988843,210556074,0.0,0.0
1567,1521988843,213889676,0.0,0.0
1568,1521988843,217222715,0.0,0.0
1569,1521988843,220556223,0.0,0.0
1570,1521988843,223889410,0.0,0.0
1571,1521988843,227222995,0.0,0.0
1572,1521988843,230555900,0.0,0.0
1573,1521988843,233889755,0.0,0.0
1574,1521988843,237222665,0.0,0.0
1575,1521988843,240555940,0.0,0.0
1576,1521988843,243889583,0.0,0.0
1577,1521988843,247223474,0.0,0.0
1578,1521988843,250556156,0.0,0.0
1579,1521988843,253889881,0.0,0.0
1580,1521988843,257222364,0.0,0.0
1581,1521988843,260555979,0.0,0.0
1582,1521988843,263889049,0.0,0.0
1583,1521988843,267222491,0.0,0.0
1584,1521988843,270555508,0.0,0.0
1585,1521988843,273889755,0.0,0.0
1586,1521988843,277223151,0.0,0.0
1587,1521988843,280556087,0.0,0.0
1588,1521988843,283889658,0.0,0.0
1589,1521988843,287222942,0.0,0.0
1590,1521988843,290557206,0.0,0.0
1591,1521988843,293889844,0.0,0.0
1592,1521988843,297222157,0.0,0.0
1593,1521988843,300555802,0.0,0.0
1594,1521988843,303889727,0.0,0.0
1595,1521988843,307222392,0.0,0.0
1596,1521988843,310556119,0.0,0.0
1597,1521988843,313889658,0.0,0.0
1598,1521988843,317222950,0.0,0.0
1599,1521988843,320555401,0.0,0.0
1600,1521988843,323889300,0.0,0.0
1601,1521988843,327222907,0.0,0.0
1602,1521988843,330556043,0.0,0.0
1603,1521988843,333889837,0.0,0.0
1604,1521988843,337222983,0.0,0.0
1605,1521988843,340556115,0.0,0.0
1606,1521988843,343889537,0.0,0.0
1607,1521988843,347222258,0.0,0.0
1608,1521988843,350556492,0.0,0.0
1609,1521988843,353889641,0.0,0.0
1610,1521988843,357222644,0.0,0.0
1611,1521988843,360556039,0.0,0.0
1612,1521988843,363890166,0.0,0.0
1613,1521988843,367233039,0.0,0.0
1614,1521988843,370556367,0.0,0.0
1615,1521988843,373889758,0.0,0.0
1616,1521988843,377222507,0.0,0.0
1617,1521988843,380583006,0.0,0.0
1618,1521988843,383889251,0.0,0.0
1619,1521988843,387222325,0.0,0.0
1620,1521988843,390555866,0.0,0.0
1621,1521988843,393890273,0.0,0.0
1622,1521988843,397222114,0.0,0.0
1623,1521988843,400556627,0.0,0.0
1624,1521988843,403889640,0.0,0.0
1625,1521988843,407223070,0.0,0.0
1626,1521988843,410556195,0.0,0.0
1627,1521988843,413889349,0.0,0.0
1628,1521988843,417222780,0.0,0.0
1629,1521988843,420556382,0.0,0.0
1630,1521988843,423889733,0.0,0.0
1631,1521988843,427222827,0.0,0.0
1632,1521988843,430555902,0.0,0.0
1633,1521988843,433888895,0.0,0.0
1634,1521988843,437222680,0.0,0.0
1635,1521988843,440555797,0.0,0.0
1636,1521988843,443889628,0.0,0.0
1637,1521988843,447223045,0.0,0.0
1638,1521988843,450556038,0.0,0.0
1639,1521988843,453889700,0.0,0.0
1640,1521988843,457223805,0.0,0.0
1641,1521988843,460556129,0.0,0.0
1642,1521988843,463889433,0.0,0.0
1643,1521988843,467222950,0.0,0.0
1644,1521988843,470555924,0.0,0.0
1645,1521988843,473889879,0.0,0.0
1646,1521988843,477223393,0.0,0.0
1647,1521988843,480556058,0.0,0.0
1648,1521988843,483889500,0.0,0.0
1649,1521988843,487223038,0.0,0.0
1650,1521988843,490556416,0.0,0.0
1651,1521988843,493858209,0.0,0.0
1652,1521988843,497223034,0.0,0.0
1653,1521988843,500556111,0.0,0.0
1654,1521988843,503889513,0.0,0.0
1655,1521988843,507222574,0.0,0.0
1656,1521988843,510556088,0.0,0.0
1657,1521988843,513889402,0.0,0.0
1658,1521988843,517222839,0.0,0.0
1659,1521988843,520555987,0.0,0.0
1660,1521988843,523890367,0.0,0.0
1661,1521988843,527221945,0.0,0.0
1662,1521988843,530556205,0.0,0.0
1663,1521988843,533889396,0.0,0.0
1664,1521988843,537222879,0.0,0.0
1665,1521988843,540556063,0.0,0.0
1666,1521988843,543889562,0.0,0.0
1667,1521988843,547221822,0.0,0.0
1668,1521988843,550556433,0.0,0.0
1669,1521988843,553889910,0.0,0.0
1670,1521988843,557222307,0.0,0.0
1671,1521988843,560556783,0.0,0.0
1672,1521988843,563889315,0.0,0.0
1673,1521988843,567222858,0.0,0.0
1674,1521988843,570556324,0.0,0.0
1675,1521988843,573888747,0.0,0.0
1676,1521988843,577222595,0.0,0.0
1677,1521988843,580555908,0.0,0.0
1678,1521988843,583889874,0.0,0.0
1679,1521988843,587222949,0.0,0.0
1680,1521988843,590556032,0.0,0.0
1681,1521988843,593891120,0.0,0.0
1682,1521988843,597221938,0.0,0.0
1683,1521988843,600556281,0.0,0.0
1684,1521988843,603889650,0.0,0.0
1685,1521988843,607224034,0.0,0.0
1686,1521988843,610556274,0.0,0.0
1687,1521988843,613889513,0.0,0.0
1688,1521988843,617223025,0.0,0.0
1689,1521988843,620555994,0.0,0.0
1690,1521988843,623891142,0.0,0.0
1691,1521988843,627222924,0.0,0.0
1692,1521988843,630556550,0.0,0.0
1693,1521988843,633889342,0.0,0.0
1694,1521988843,637223156,0.0,0.0
1695,1521988843,640555859,0.0,0.0
1696,1521988843,643889363,0.0,0.0
1697,1521988843,647222964,0.0,0.0
1698,1521988843,650555861,0.0,0.0
1699,1521988843,653888890,0.0,0.0
1700,1521988843,657222758,0.0,0.0
1701,1521988843,660555684,0.0,0.0
1702,1521988843,663889560,0.0,0.0
1703,1521988843,667222498,0.0,0.0
1704,1521988843,670556476,0.0,0.0
1705,1521988843,673889947,0.0,0.0
1706,1521988843,677223206,0.0,0.0
1707,1521988843,680556399,0.0,0.0
1708,1521988843,683889590,0.0,0.0
1709,1521988843,687222768,0.0,0.0
1710,1521988843,690556538,0.0,0.0
1711,1521988843,693889788,0.0,0.0
1712,1521988843,697222421,0.0,0.0
1713,1521988843,700555145,0.0,0.0
1714,1521988843,703889110,0.0,0.0
1715,1521988843,707222545,0.0,0.0
1716,1521988843,710555883,0.0,0.0
1717,1521988843,713889475,0.0,0.0
1718,1521988843,717222523,0.0,0.0
1719,1521988843,720556392,0.0,0.0
1720,1521988843,723889361,0.0,0.0
1721,1521988843,727223430,0.0,0.0
1722,1521988843,730556963,0.0,0.0
1723,1521988843,733889913,0.0,0.0
1724,1521988843,737222844,0.0,0.0
1725,1521988843,740556270,0.0,0.0
1726,1521988843,743889394,0.0,0.0
1727,1521988843,747222123,0.0,0.0
1728,1521988843,750556323,0.0,0.0
1729,1521988843,753889691,0.0,0.0
1730,1521988843,757222037,0.0,0.0
1731,1521988843,760556151,0.0,0.0
1732,1521988843,763889711,0.0,0.0
1733,1521988843,767222560,0.0,0.0
1734,1521988843,770556488,0.0,0.0
1735,1521988843,773889991,0.0,0.0
1736,1521988843,777223036,0.0,0.0
1737,1521988843,780556100,0.0,0.0
1738,1521988843,783889181,0.0,0.0
1739,1521988843,787223048,0.0,0.0
1740,1521988843,790556322,0.0,0.0
1741,1521988843,793889311,0.0,0.0
1742,1521988843,797222995,0.0,0.0
1743,1521988843,800555948,0.0,0.0
1744,1521988843,803889384,0.0,0.0
1745,1521988843,807222283,0.0,0.0
1746,1521988843,810556038,0.0,0.0
1747,1521988843,813889145,0.0,0.0
1748,1521988843,817222391,0.0,0.0
1749,1521988843,820555659,0.0,0.0
1750,1521988843,823889175,0.0,0.0
1751,1521988843,827222625,0.0,0.0
1752,1521988843,830556035,0.0,0.0
1753,1521988843,833889555,0.0,0.0
1754,1521988843,837235511,0.0,0.0
1755,1521988843,840556664,0.0,0.0
1756,1521988843,843889783,0.0,0.0
1757,1521988843,847223283,0.0,0.0
1758,1521988843,850556371,0.0,0.0
1759,1521988843,853889796,0.0,0.0
1760,1521988843,857223048,0.0,0.0
1761,1521988843,860555654,0.0,0.0
1762,1521988843,863889761,0.0,0.0
1763,1521988843,867222977,0.0,0.0
1764,1521988843,870556147,0.0,0.0
1765,1521988843,873889770,0.0,0.0
1766,1521988843,877222260,0.0,0.0
1767,1521988843,880559523,0.0,0.0
1768,1521988843,883893814,0.0,0.0
1769,1521988843,887228170,0.0,0.0
1770,1521988843,890560930,0.0,0.0
1771,1521988843,893893710,0.0,0.0
1772,1521988843,897226833,0.0,0.0
1773,1521988843,900559828,0.0,0.0
1774,1521988843,903893171,0.0,0.0
1775,1521988843,907226399,0.0,0.0
1776,1521988843,910560461,0.0,0.0
1777,1521988843,913894075,0.0,0.0
1778,1521988843,917225647,0.0,0.0
1779,1521988843,920556459,0.0,0.0
1780,1521988843,923889062,0.0,0.0
1781,1521988843,927233074,0.0,0.0
1782,1521988843,930556261,0.0,0.0
1783,1521988843,933888668,0.0,0.0
1784,1521988843,937223137,0.0,0.0
1785,1521988843,940555431,0.0,0.0
1786,1521988843,943889882,0.0,0.0
1787,1521988843,947223190,0.0,0.0
1788,1521988843,950556200,0.0,0.0
1789,1521988843,953889602,0.0,0.0
1790,1521988843,957222741,0.0,0.0
1791,1521988843,960556371,0.0,0.0
1792,1521988843,963889504,0.0,0.0
1793,1521988843,967222797,0.0,0.0
1794,1521988843,970555949,0.0,0.0
1795,1521988843,973889469,0.0,0.0
1796,1521988843,977222543,0.0,0.0
1797,1521988843,980556075,0.0,0.0
1798,1521988843,983889816,0.0,0.0
1799,1521988843,987222957,0.0,0.0
1800,1521988843,990555666,0.0,0.0
1801,1521988843,993889221,0.0,0.0
1802,1521988843,997222518,0.0,0.0
1803,1521988844,555271,0.0,0.0
1804,1521988844,3889149,0.0,0.0
1805,1521988844,7233195,0.0,0.0
1806,1521988844,10556588,0.0,0.0
1807,1521988844,13889993,0.0,0.0
1808,1521988844,17222454,0.0,0.0
1809,1521988844,20556314,0.0,0.0
1810,1521988844,23889460,0.0,0.0
1811,1521988844,27222671,0.0,0.0
1812,1521988844,30555974,0.0,0.0
1813,1521988844,33889756,0.0,0.0
1814,1521988844,37222853,0.0,0.0
1815,1521988844,40556322,0.0,0.0
1816,1521988844,43889098,0.0,0.0
1817,1521988844,47222805,0.0,0.0
1818,1521988844,50556837,0.0,0.0
1819,1521988844,53889954,0.0,0.0
1820,1521988844,57222743,0.0,0.0
1821,1521988844,60556319,0.0,0.0
1822,1521988844,63889528,0.0,0.0
1823,1521988844,67222991,0.0,0.0
1824,1521988844,70556190,0.0,0.0
1825,1521988844,73889719,0.0,0.0
1826,1521988844,77222797,0.0,0.0
1827,1521988844,80556014,0.0,0.0
1828,1521988844,83889385,0.0,0.0
1829,1521988844,87223085,0.0,0.0
1830,1521988844,90556428,0.0,0.0
1831,1521988844,93889675,0.0,0.0
1832,1521988844,97222476,0.0,0.0
1833,1521988844,100565951,0.0,0.0
1834,1521988844,103889854,0.0,0.0
1835,1521988844,107222335,0.0,0.0
1836,1521988844,110555638,0.0,0.0
1837,1521988844,113888977,0.0,0.0
1838,1521988844,117222581,0.0,0.0
1839,1521988844,120555794,0.0,0.0
1840,1521988844,123888937,0.0,0.0
1841,1521988844,127222531,0.0,0.0
1842,1521988844,130556537,0.0,0.0
1843,1521988844,133889407,0.0,0.0
1844,1521988844,137223356,0.0,0.0
1845,1521988844,140556432,0.0,0.0
1846,1521988844,143889300,0.0,0.0
1847,1521988844,147222779,0.0,0.0
1848,1521988844,150556261,0.0,0.0
1849,1521988844,153889558,0.0,0.0
1850,1521988844,157222583,0.0,0.0
1851,1521988844,160555728,0.0,0.0
1852,1521988844,163889452,0.0,0.0
1853,1521988844,167223132,0.0,0.0
1854,1521988844,170556129,0.0,0.0
1855,1521988844,173889592,0.0,0.0
1856,1521988844,177222774,0.0,0.0
1857,1521988844,180556276,0.0,0.0
1858,1521988844,183889183,0.0,0.0
1859,1521988844,187222675,0.0,0.0
1860,1521988844,190556679,0.0,0.0
1861,1521988844,193890804,0.0,0.0
1862,1521988844,197222867,0.0,0.0
1863,1521988844,200555520,0.0,0.0
1864,1521988844,203890064,0.0,0.0
1865,1521988844,207223016,0.0,0.0
1866,1521988844,210556125,0.0,0.0
1867,1521988844,213889683,0.0,0.0
1868,1521988844,217222950,0.0,0.0
1869,1521988844,220556279,0.0,0.0
1870,1521988844,223890389,0.0,0.0
1871,1521988844,227222797,0.0,0.0
1872,1521988844,230556174,0.0,0.0
1873,1521988844,233889103,0.0,0.0
1874,1521988844,237223366,0.0,0.0
1875,1521988844,240555939,0.0,0.0
1876,1521988844,243889285,0.0,0.0
1877,1521988844,247222647,0.0,0.0
1878,1521988844,250556218,0.0,0.0
1879,1521988844,253889267,0.0,0.0
1880,1521988844,257223470,0.0,0.0
1881,1521988844,260556520,0.0,0.0
1882,1521988844,263889741,0.0,0.0
1883,1521988844,267223123,0.0,0.0
1884,1521988844,270556427,0.0,0.0
1885,1521988844,273889583,0.0,0.0
1886,1521988844,277222865,0.0,0.0
1887,1521988844,280556212,0.0,0.0
1888,1521988844,283889067,0.0,0.0
1889,1521988844,287222328,0.0,0.0
1890,1521988844,290556142,0.0,0.0
1891,1521988844,293889999,0.0,0.0
1892,1521988844,297222731,0.0,0.0
1893,1521988844,300566005,0.0,0.0
1894,1521988844,303889650,0.0,0.0
1895,1521988844,307222631,0.0,0.0
1896,1521988844,310555866,0.0,0.0
1897,1521988844,313889352,0.0,0.0
1898,1521988844,317222982,0.0,0.0
1899,1521988844,320556323,0.0,0.0
1900,1521988844,323889670,0.0,0.0
1901,1521988844,327221826,0.0,0.0
1902,1521988844,330556739,0.0,0.0
1903,1521988844,333889358,0.0,0.0
1904,1521988844,337233044,0.0,0.0
1905,1521988844,340556614,0.0,0.0
1906,1521988844,343889566,0.0,0.0
1907,1521988844,347221882,0.0,0.0
1908,1521988844,350556260,0.0,0.0
1909,1521988844,353889378,0.0,0.0
1910,1521988844,357223901,0.0,0.0
1911,1521988844,360556151,0.0,0.0
1912,1521988844,363889451,0.0,0.0
1913,1521988844,367222752,0.0,0.0
1914,1521988844,370556188,0.0,0.0
1915,1521988844,373889219,0.0,0.0
1916,1521988844,377222855,0.0,0.0
1917,1521988844,380555582,0.0,0.0
1918,1521988844,383889111,0.0,0.0
1919,1521988844,387223080,0.0,0.0
1920,1521988844,390556063,0.0,0.0
1921,1521988844,393889547,0.0,0.0
1922,1521988844,397222854,0.0,0.0
1923,1521988844,400555184,0.0,0.0
1924,1521988844,403888762,0.0,0.0
1925,1521988844,407222131,0.0,0.0
1926,1521988844,410556082,0.0,0.0
1927,1521988844,413889320,0.0,0.0
1928,1521988844,417223100,0.0,0.0
1929,1521988844,420556511,0.0,0.0
1930,1521988844,423890018,0.0,0.0
1931,1521988844,427232923,0.0,0.0
1932,1521988844,430556102,0.0,0.0
1933,1521988844,433890047,0.0,0.0
1934,1521988844,437222399,0.0,0.0
1935,1521988844,440556695,0.0,0.0
1936,1521988844,443889840,0.0,0.0
1937,1521988844,447223233,0.0,0.0
1938,1521988844,450556356,0.0,0.0
1939,1521988844,453889455,0.0,0.0
1940,1521988844,457222547,0.0,0.0
1941,1521988844,460555878,0.0,0.0
1942,1521988844,463889464,0.0,0.0
1943,1521988844,467221882,0.0,0.0
1944,1521988844,470555489,0.0,0.0
1945,1521988844,473888834,0.0,0.0
1946,1521988844,477222563,0.0,0.0
1947,1521988844,480556105,0.0,0.0
1948,1521988844,483889278,0.0,0.0
1949,1521988844,487222489,0.0,0.0
1950,1521988844,490556075,0.0,0.0
1951,1521988844,493889751,0.0,0.0
1952,1521988844,497222171,0.0,0.0
1953,1521988844,500555136,0.0,0.0
1954,1521988844,503870663,0.0,0.0
1955,1521988844,507222161,0.0,0.0
1956,1521988844,510555614,0.0,0.0
1957,1521988844,513889742,0.0,0.0
1958,1521988844,517222861,0.0,0.0
1959,1521988844,520556123,0.0,0.0
1960,1521988844,523889196,0.0,0.0
1961,1521988844,527222710,0.0,0.0
1962,1521988844,530556093,0.0,0.0
1963,1521988844,533889676,0.0,0.0
1964,1521988844,537233164,0.0,0.0
1965,1521988844,540556465,0.0,0.0
1966,1521988844,543889487,0.0,0.0
1967,1521988844,547221807,0.0,0.0
1968,1521988844,550556155,0.0,0.0
1969,1521988844,553889476,0.0,0.0
1970,1521988844,557222071,0.0,0.0
1971,1521988844,560556358,0.0,0.0
1972,1521988844,563889519,0.0,0.0
1973,1521988844,567222572,0.0,0.0
1974,1521988844,570556307,0.0,0.0
1975,1521988844,573889524,0.0,0.0
1976,1521988844,577223117,0.0,0.0
1977,1521988844,580556379,0.0,0.0
1978,1521988844,583889724,0.0,0.0
1979,1521988844,587222965,0.0,0.0
1980,1521988844,590556451,0.0,0.0
1981,1521988844,593889746,0.0,0.0
1982,1521988844,597222714,0.0,0.0
1983,1521988844,600555982,0.0,0.0
1984,1521988844,603889572,0.0,0.0
1985,1521988844,607222897,0.0,0.0
1986,1521988844,610556523,0.0,0.0
1987,1521988844,613890018,0.0,0.0
1988,1521988844,617223293,0.0,0.0
1989,1521988844,620555822,0.0,0.0
1990,1521988844,623888948,0.0,0.0
1991,1521988844,627222146,0.0,0.0
1992,1521988844,630555533,0.0,0.0
1993,1521988844,633889206,0.0,0.0
1994,1521988844,637222411,0.0,0.0
1995,1521988844,640520134,0.0,0.0
1996,1521988844,643889831,0.0,0.0
1997,1521988844,647222757,0.0,0.0
1998,1521988844,650556271,0.0,0.0
1999,1521988844,653890730,0.0,0.0
2000,1521988844,657223209,0.0,0.0
2001,1521988844,660556246,0.0,0.0
2002,1521988844,663889620,0.0,0.0
2003,1521988844,667221851,0.0,0.0
2004,1521988844,670556504,0.0,0.0
2005,1521988844,673889428,0.0,0.0
2006,1521988844,677232804,0.0,0.0
2007,1521988844,680555562,0.0,0.0
2008,1521988844,683889080,0.0,0.0
2009,1521988844,687223162,0.0,0.0
2010,1521988844,690556994,0.0,0.0
2011,1521988844,693890286,0.0,0.0
2012,1521988844,697221987,0.0,0.0
2013,1521988844,700555394,0.0,0.0
2014,1521988844,703889590,0.0,0.0
2015,1521988844,707223097,0.0,0.0
2016,1521988844,710556498,0.0,0.0
2017,1521988844,713889529,0.0,0.0
2018,1521988844,717223049,0.0,0.0
2019,1521988844,720556201,0.0,0.0
2020,1521988844,723889683,0.0,0.0
2021,1521988844,727233022,0.0,0.0
2022,1521988844,730555853,0.0,0.0
2023,1521988844,733889436,0.0,0.0
2024,1521988844,737222484,0.0,0.0
2025,1521988844,740555768,0.0,0.0
2026,1521988844,743889305,0.0,0.0
2027,1521988844,747222888,0.0,0.0
2028,1521988844,750556031,0.0,0.0
2029,1521988844,753890229,0.0,0.0
2030,1521988844,757222713,0.0,0.0
2031,1521988844,760556460,0.0,0.0
2032,1521988844,763889493,0.0,0.0
2033,1521988844,767222468,0.0,0.0
2034,1521988844,770555684,0.0,0.0
2035,1521988844,773889224,0.0,0.0
2036,1521988844,777222994,0.0,0.0
2037,1521988844,780556154,0.0,0.0
2038,1521988844,783889497,0.0,0.0
2039,1521988844,787195886,0.0,0.0
2040,1521988844,790556773,0.0,0.0
2041,1521988844,793889773,0.0,0.0
2042,1521988844,797222017,0.0,0.0
2043,1521988844,800555535,0.0,0.0
2044,1521988844,803889901,0.0,0.0
2045,1521988844,807222948,0.0,0.0
2046,1521988844,810556361,0.0,0.0
2047,1521988844,813889767,0.0,0.0
2048,1521988844,817222698,0.0,0.0
2049,1521988844,820556556,0.0,0.0
2050,1521988844,823890667,0.0,0.0
2051,1521988844,827221947,0.0,0.0
2052,1521988844,830556200,0.0,0.0
2053,1521988844,833889637,0.0,0.0
2054,1521988844,837223072,0.0,0.0
2055,1521988844,840555978,0.0,0.0
2056,1521988844,843889634,0.0,0.0
2057,1521988844,847222354,0.0,0.0
2058,1521988844,850556235,0.0,0.0
2059,1521988844,853889542,0.0,0.0
2060,1521988844,857235690,0.0,0.0
2061,1521988844,860556465,0.0,0.0
2062,1521988844,863889873,0.0,0.0
2063,1521988844,867223796,0.0,0.0
2064,1521988844,870566145,0.0,0.0
2065,1521988844,873889676,0.0,0.0
2066,1521988844,877222613,0.0,0.0
2067,1521988844,880555886,0.0,0.0
2068,1521988844,883889192,0.0,0.0
2069,1521988844,887223305,0.0,0.0
2070,1521988844,890556353,0.0,0.0
2071,1521988844,893889971,0.0,0.0
2072,1521988844,897232759,0.0,0.0
2073,1521988844,900555477,0.0,0.0
2074,1521988844,903890021,0.0,0.0
2075,1521988844,907222987,0.0,0.0
2076,1521988844,910555664,0.0,0.0
2077,1521988844,913889541,0.0,0.0
2078,1521988844,917222245,0.0,0.0
2079,1521988844,920556366,0.0,0.0
2080,1521988844,923889759,0.0,0.0
2081,1521988844,927223162,0.0,0.0
2082,1521988844,930556332,0.0,0.0
2083,1521988844,933889626,0.0,0.0
2084,1521988844,937223346,0.0,0.0
2085,1521988844,940556689,0.0,0.0
2086,1521988844,944443474,0.0,0.0
2087,1521988844,947222867,0.0,0.0
2088,1521988844,950556219,0.0,0.0
2089,1521988844,953890297,0.0,0.0
2090,1521988844,957222715,0.0,0.0
2091,1521988844,960597746,0.0,0.0
2092,1521988844,963889044,0.0,0.0
2093,1521988844,967232523,0.0,0.0
2094,1521988844,970556521,0.0,0.0
2095,1521988844,973889750,0.0,0.0
2096,1521988844,977223260,0.0,0.0
2097,1521988844,980556137,0.0,0.0
2098,1521988844,983889973,0.0,0.0
2099,1521988844,987223099,0.0,0.0
2100,1521988844,990556233,0.0,0.0
2101,1521988844,993889811,0.0,0.0
2102,1521988844,997233121,0.0,0.0
2103,1521988845,555383,0.0,0.0
2104,1521988845,3889494,0.0,0.0
2105,1521988845,7232989,0.0,0.0
2106,1521988845,10555703,0.0,0.0
2107,1521988845,13889351,0.0,0.0
2108,1521988845,17222238,0.0,0.0
2109,1521988845,20556232,0.0,0.0
2110,1521988845,23890760,0.0,0.0
2111,1521988845,27223102,0.0,0.0
2112,1521988845,30556337,0.0,0.0
2113,1521988845,33889822,0.0,0.0
2114,1521988845,37223348,0.0,0.0
2115,1521988845,40556147,0.0,0.0
2116,1521988845,43889318,0.0,0.0
2117,1521988845,47222660,0.0,0.0
2118,1521988845,50556116,0.0,0.0
2119,1521988845,53889594,0.0,0.0
2120,1521988845,57223572,0.0,0.0
2121,1521988845,60556545,0.0,0.0
2122,1521988845,63889266,0.0,0.0
2123,1521988845,67222616,0.0,0.0
2124,1521988845,70556431,0.0,0.0
2125,1521988845,73889638,0.0,0.0
2126,1521988845,77222591,0.0,0.0
2127,1521988845,80556117,0.0,0.0
2128,1521988845,83889314,0.0,0.0
2129,1521988845,87223133,0.0,0.0
2130,1521988845,90556031,0.0,0.0
2131,1521988845,93889731,0.0,0.0
2132,1521988845,97221893,0.0,0.0
2133,1521988845,100555368,0.0,0.0
2134,1521988845,103890198,0.0,0.0
2135,1521988845,107222607,0.0,0.0
2136,1521988845,110559911,0.0,0.0
2137,1521988845,113893134,0.0,0.0
2138,1521988845,117225958,0.0,0.0
2141,1521988845,127223736,0.0,0.0
2142,1521988845,130556982,0.0,0.0
2143,1521988845,133889209,0.0,0.0
2144,1521988845,137222924,0.0,0.0
2145,1521988845,144641715,0.0,0.0
2146,1521988845,148028567,0.0,0.0
2147,1521988845,151362079,0.0,0.0
2148,1521988845,154695477,0.0,0.0
2149,1521988845,158028865,0.0,0.0
2150,1521988845,161362761,0.0,0.0
2151,1521988845,164695942,0.0,0.0
2152,1521988845,168028849,0.0,0.0
2153,1521988845,171362025,0.0,0.0
2154,1521988845,174696257,0.0,0.0
2155,1521988845,178039151,0.0,0.0
2156,1521988845,181362306,0.0,0.0
2157,1521988845,184705595,0.0,0.0
2158,1521988845,188029595,0.0,0.0
2159,1521988845,191363090,0.0,0.0
2160,1521988845,194696164,0.0,0.0
2161,1521988845,198030386,0.0,0.0
2162,1521988845,201362868,0.0,0.0
2163,1521988845,204695400,0.0,0.0
2164,1521988845,208028965,0.0,0.0
2165,1521988845,211364289,0.0,0.0
2166,1521988845,214696349,0.0,0.0
2167,1521988845,218029644,0.0,0.0
2168,1521988845,221362846,0.0,0.0
2169,1521988845,224695724,0.0,0.0
2170,1521988845,228029132,0.0,0.0
2171,1521988845,231362468,0.0,0.0
2172,1521988845,234696473,0.0,0.0
2173,1521988845,238029030,0.0,0.0
2174,1521988845,241362410,0.0,0.0
2175,1521988845,244695717,0.0,0.0
2176,1521988845,248029042,0.0,0.0
2177,1521988845,251363034,0.0,0.0
2178,1521988845,254696106,0.0,0.0
2179,1521988845,258028779,0.0,0.0
2180,1521988845,261362311,0.0,0.0
2181,1521988845,264695753,0.0,0.0
2182,1521988845,268028511,0.0,0.0
2183,1521988845,271362596,0.0,0.0
2184,1521988845,274696160,0.0,0.0
2185,1521988845,278028228,0.0,0.0
2186,1521988845,281362323,0.0,0.0
2187,1521988845,284695589,0.0,0.0
2188,1521988845,288028558,0.0,0.0
2189,1521988845,291362270,0.0,0.0
2190,1521988845,294705622,0.0,0.0
2191,1521988845,298028119,0.0,0.0
2192,1521988845,301361590,0.0,0.0
2193,1521988845,304695540,0.0,0.0
2194,1521988845,308028855,0.0,0.0
2195,1521988845,311362308,0.0,0.0
2196,1521988845,314695522,0.0,0.0
2197,1521988845,318028969,0.0,0.0
2198,1521988845,321362441,0.0,0.0
2199,1521988845,324694675,0.0,0.0
2200,1521988845,328028883,0.0,0.0
2201,1521988845,331362212,0.0,0.0
2202,1521988845,334696584,0.0,0.0
2203,1521988845,338028853,0.0,0.0
2204,1521988845,341362091,0.0,0.0
2205,1521988845,344695363,0.0,0.0
2206,1521988845,348028418,0.0,0.0
2207,1521988845,351362701,0.0,0.0
2208,1521988845,354695134,0.0,0.0
2209,1521988845,358028509,0.0,0.0
2210,1521988845,361362348,0.0,0.0
2211,1521988845,364695791,0.0,0.0
2212,1521988845,368028999,0.0,0.0
2213,1521988845,371363578,0.0,0.0
2214,1521988845,374695698,0.0,0.0
2215,1521988845,378029717,0.0,0.0
2216,1521988845,381362023,0.0,0.0
2217,1521988845,384695220,0.0,0.0
2218,1521988845,387992858,0.0,0.0
2219,1521988845,391362566,0.0,0.0
2220,1521988845,394696791,0.0,0.0
2221,1521988845,398028019,0.0,0.0
2222,1521988845,401371892,0.0,0.0
2223,1521988845,404695386,0.0,0.0
2224,1521988845,408029481,0.0,0.0
2225,1521988845,411362722,0.0,0.0
2226,1521988845,414696555,0.0,0.0
2227,1521988845,418029056,0.0,0.0
2228,1521988845,421362484,0.0,0.0
2229,1521988845,424695636,0.0,0.0
2230,1521988845,428028527,0.0,0.0
2231,1521988845,431362642,0.0,0.0
2232,1521988845,434695834,0.0,0.0
2233,1521988845,438029029,0.0,0.0
2234,1521988845,441362470,0.0,0.0
2235,1521988845,444695471,0.0,0.0
2236,1521988845,448028680,0.0,0.0
2237,1521988845,451362322,0.0,0.0
2238,1521988845,454695528,0.0,0.0
2239,1521988845,458028935,0.0,0.0
2240,1521988845,461362367,0.0,0.0
2241,1521988845,464695302,0.0,0.0
2242,1521988845,468028730,0.0,0.0
2243,1521988845,471362163,0.0,0.0
2244,1521988845,474696332,0.0,0.0
2245,1521988845,478029379,0.0,0.0
2246,1521988845,481362478,0.0,0.0
2247,1521988845,484695796,0.0,0.0
2248,1521988845,488029360,0.0,0.0
2249,1521988845,491362567,0.0,0.0
2250,1521988845,494695998,0.0,0.0
2251,1521988845,498028578,0.0,0.0
2252,1521988845,501361068,0.0,0.0
2253,1521988845,504695800,0.0,0.0
2254,1521988845,508039641,0.0,0.0
2255,1521988845,511363606,0.0,0.0
2256,1521988845,514696656,0.0,0.0
2257,1521988845,518029116,0.0,0.0
2258,1521988845,521362249,0.0,0.0
2259,1521988845,524695773,0.0,0.0
2260,1521988845,528028967,0.0,0.0
2261,1521988845,531362739,0.0,0.0
2262,1521988845,534695466,0.0,0.0
2263,1521988845,538031112,0.0,0.0
2264,1521988845,541362695,0.0,0.0
2265,1521988845,544695551,0.0,0.0
2266,1521988845,548029080,0.0,0.0
2267,1521988845,551361903,0.0,0.0
2268,1521988845,554695406,0.0,0.0
2269,1521988845,558028252,0.0,0.0
2270,1521988845,561362650,0.0,0.0
2271,1521988845,564695776,0.0,0.0
2272,1521988845,568028448,0.0,0.0
2273,1521988845,571361987,0.0,0.0
2274,1521988845,574695390,0.0,0.0
2275,1521988845,578028840,0.0,0.0
2276,1521988845,581361674,0.0,0.0
2277,1521988845,584695872,0.0,0.0
2278,1521988845,588028748,0.0,0.0
2279,1521988845,591362111,0.0,0.0
2280,1521988845,594696283,0.0,0.0
2281,1521988845,598028208,0.0,0.0
2282,1521988845,601361373,0.0,0.0
2283,1521988845,604695571,0.0,0.0
2284,1521988845,608028624,0.0,0.0
2285,1521988845,611361206,0.0,0.0
2286,1521988845,614696299,0.0,0.0
2287,1521988845,618029107,0.0,0.0
2288,1521988845,621362504,0.0,0.0
2289,1521988845,624695223,0.0,0.0
2290,1521988845,628028397,0.0,0.0
2291,1521988845,631361685,0.0,0.0
2292,1521988845,634696422,0.0,0.0
2293,1521988845,638029010,0.0,0.0
2294,1521988845,641362160,0.0,0.0
2295,1521988845,644695269,0.0,0.0
2296,1521988845,648028523,0.0,0.0
2297,1521988845,651361750,0.0,0.0
2298,1521988845,654696197,0.0,0.0
2299,1521988845,658028943,0.0,0.0
2300,1521988845,661362241,0.0,0.0
2301,1521988845,664695871,0.0,0.0
2302,1521988845,668028630,0.0,0.0
2303,1521988845,671363475,0.0,0.0
2304,1521988845,674696382,0.0,0.0
2305,1521988845,678029003,0.0,0.0
2306,1521988845,681362161,0.0,0.0
2307,1521988845,684695193,0.0,0.0
2308,1521988845,688028702,0.0,0.0
2309,1521988845,691361800,0.0,0.0
2310,1521988845,694696279,0.0,0.0
2311,1521988845,698028071,0.0,0.0
2312,1521988845,701361275,0.0,0.0
2313,1521988845,704695291,0.0,0.0
2314,1521988845,708029730,0.0,0.0
2315,1521988845,711363219,0.0,0.0
2316,1521988845,714695332,0.0,0.0
2317,1521988845,718028950,0.0,0.0
2318,1521988845,721362260,0.0,0.0
2319,1521988845,724695246,0.0,0.0
2320,1521988845,728028768,0.0,0.0
2321,1521988845,731362787,0.0,0.0
2322,1521988845,734694916,0.0,0.0
2323,1521988845,738029167,0.0,0.0
2324,1521988845,741362545,0.0,0.0
2325,1521988845,744695764,0.0,0.0
2326,1521988845,748029222,0.0,0.0
2327,1521988845,751364110,0.0,0.0
2328,1521988845,754696496,0.0,0.0
2329,1521988845,758028798,-0.000352604392986,0.0
2330,1521988845,761362114,0.0,0.0
2331,1521988845,764695854,-0.000352427876448,0.0
2332,1521988845,768029331,-0.000352478291709,0.0
2333,1521988845,771362567,0.0,0.0
2334,1521988845,774695719,0.0,0.0
2335,1521988845,778028849,0.0,0.0
2336,1521988845,781361973,0.0,0.0
2337,1521988845,784694791,0.0,0.0
2338,1521988845,788028704,0.0,0.0
2339,1521988845,791362248,0.0,0.0
2340,1521988845,794694744,0.0,0.0
2341,1521988845,798028494,0.0,0.0
