230,1521988929,484976037,0.0,0.0,0.0,0.0,0.0,0.0
231,1521988929,494949010,0.0,0.0,0.0,0.0,0.0,0.0
232,1521988929,504946069,0.0,0.0,0.0,0.0,0.0,0.0
233,1521988929,514948562,0.0,0.0,0.0,0.0,0.0,0.0
234,1521988929,524918362,0.0,0.0,0.0,0.0,0.0,0.0
235,1521988929,534947502,0.0,0.0,0.0,0.0,0.0,0.0
236,1521988929,544946470,0.0,0.0,0.0,0.0,0.0,0.0
237,1521988929,554949303,0.0,0.0,0.0,0.0,0.0,0.0
238,1521988929,564946125,0.0,0.0,0.0,0.0,0.0,0.0
239,1521988929,574946204,0.0,0.0,0.0,0.0,0.0,0.0
240,1521988929,584947960,0.0,0.0,0.0,0.0,0.0,0.0
241,1521988929,594947149,0.0,0.0,0.0,0.0,0.0,0.0
242,1521988929,604946688,0.0,0.0,0.0,0.0,0.0,0.0
243,1521988929,614947780,0.0,0.0,0.0,0.0,0.0,0.0
244,1521988929,624948439,0.0,0.0,0.0,0.0,0.0,0.0
245,1521988929,634948024,0.0,0.0,0.0,0.0,0.0,0.0
246,1521988929,644947422,0.0,0.0,0.0,0.0,0.0,0.0
247,1521988929,654949169,0.0,0.0,0.0,0.0,0.0,0.0
248,1521988929,664946754,0.0,0.0,0.0,0.0,0.0,0.0
249,1521988929,674963217,0.0,0.0,0.0,0.0,0.0,0.0
250,1521988929,684950672,0.0,0.0,0.0,0.0,0.0,0.0
251,1521988929,694950816,0.0,0.0,0.0,0.0,0.0,0.0
252,1521988929,704947553,0.0,0.0,0.0,0.0,0.0,0.0
253,1521988929,714949267,0.0,0.0,0.0,0.0,0.0,0.0
254,1521988929,724946283,0.0,0.0,0.0,0.0,0.0,0.0
255,1521988929,734948635,0.0,0.0,0.0,0.0,0.0,0.0
256,1521988929,744948088,0.0,0.0,0.0,0.0,0.0,0.0
257,1521988929,754947687,0.0,0.0,0.0,0.0,0.0,0.0
258,1521988929,764946918,0.0,0.0,0.0,0.0,0.0,0.0
259,1521988929,774949237,0.0,0.0,0.0,0.0,0.0,0.0
260,1521988929,784949075,0.0,0.0,0.0,0.0,0.0,0.0
261,1521988929,794948191,0.0,0.0,0.0,0.0,0.0,0.0
262,1521988929,804947638,0.0,0.0,0.0,0.0,0.0,0.0
263,1521988929,814949450,0.0,0.0,0.0,0.0,0.0,0.0
264,1521988929,824946635,0.0,0.0,0.0,0.0,0.0,0.0
265,1521988929,834949065,0.0,0.0,0.0,0.0,0.0,0.0
266,1521988929,844948508,0.0,0.0,0.0,0.0,0.0,0.0
267,1521988929,854948014,0.0,0.0,0.0,0.0,0.0,0.0
268,1521988929,864947964,0.0,0.0,0.0,0.0,0.0,0.0
269,1521988929,874949553,0.0,0.0,0.0,0.0,0.0,0.0
270,1521988929,884947212,0.0,0.0,0.0,0.0,0.0,0.0
271,1521988929,894948982,0.0,0.0,0.0,0.0,0.0,0.0
272,1521988929,904945945,0.0,0.0,0.0,0.0,0.0,0.0
273,1521988929,914945606,0.0,0.0,0.0,0.0,0.0,0.0
274,1521988929,924947762,0.0,0.0,0.0,0.0,0.0,0.0
275,1521988929,934947164,0.0,0.0,0.0,0.0,0.0,0.0
276,1521988929,944946729,0.0,0.0,0.0,0.0,0.0,0.0
277,1521988929,954946399,0.0,0.0,0.0,0.0,0.0,0.0
278,1521988929,964948881,0.0,0.0,0.0,0.0,0.0,0.0
279,1521988929,974947662,0.0,0.0,0.0,0.0,0.0,0.0
280,1521988929,984947825,0.0,0.0,0.0,0.0,0.0,0.0
281,1521988929,994949295,0.0,0.0,0.0,0.0,0.0,0.0
282,1521988930,4946568,0.0,0.0,0.0,0.0,0.0,0.0
283,1521988930,14949105,0.0,0.0,0.0,0.0,0.0,0.0
284,1521988930,24948397,0.0,0.0,0.0,0.0,0.0,0.0
285,1521988930,34950002,0.0,0.0,0.0,0.0,0.0,0.0
286,1521988930,44947662,0.0,0.0,0.0,0.0,0.0,0.0
287,1521988930,54950138,0.0,0.0,0.0,0.0,0.0,0.0
288,1521988930,64930998,0.0,0.0,0.0,0.0,0.0,0.0
289,1521988930,74948412,0.0,0.0,0.0,0.0,0.0,0.0
290,1521988930,84948832,0.0,0.0,0.0,0.0,0.0,0.0
291,1521988930,94950328,0.0,0.0,0.0,0.0,0.0,0.0
292,1521988930,104947682,0.0,0.0,0.0,0.0,0.0,0.0
293,1521988930,114947041,0.0,0.0,0.0,0.0,0.0,0.0
294,1521988930,124946373,0.0,0.0,0.0,0.0,0.0,0.0
295,1521988930,134948461,0.0,0.0,0.0,0.0,0.0,0.0
296,1521988930,144945729,0.0,0.0,0.0,0.0,0.0,0.0
297,1521988930,154947501,0.0,0.0,0.0,0.0,0.0,0.0
298,1521988930,164902468,0.0,0.0,0.0,0.0,0.0,0.0
299,1521988930,174946281,0.0,0.0,0.0,0.0,0.0,0.0
300,1521988930,184946085,0.0,0.0,0.0,0.0,0.0,0.0
301,1521988930,194948461,0.0,0.0,0.0,0.0,0.0,0.0
302,1521988930,204947603,0.0,0.0,0.0,0.0,0.0,0.0
303,1521988930,214950139,0.0,0.0,0.0,0.0,0.0,0.0
304,1521988930,224946857,0.0,0.0,0.0,0.0,0.0,0.0
305,1521988930,234949344,0.0,0.0,0.0,0.0,0.0,0.0
306,1521988930,244951203,0.0,0.0,0.0,0.0,0.0,0.0
307,1521988930,254950475,0.0,0.0,0.0,0.0,0.0,0.0
308,1521988930,264948159,0.0,0.0,0.0,0.0,0.0,0.0
309,1521988930,274953913,0.0,0.0,0.0,0.0,0.0,0.0
310,1521988930,284947098,0.0,0.0,0.0,0.0,0.0,0.0
311,1521988930,294948855,0.0,0.0,0.0,0.0,0.0,0.0
312,1521988930,304948999,0.0,0.0,0.0,0.0,0.0,0.0
313,1521988930,314948313,0.0,0.0,0.0,0.0,0.0,0.0
314,1521988930,324953378,0.0,0.0,0.0,0.0,0.0,0.0
315,1521988930,334949908,0.0,0.0,0.0,0.0,0.0,0.0
316,1521988930,344949061,0.0,0.0,0.0,0.0,0.0,0.0
317,1521988930,354948324,0.0,0.0,0.0,0.0,0.0,0.0
318,1521988930,364948840,0.0,0.0,0.0,0.0,0.0,0.0
319,1521988930,374948126,0.0,0.0,0.0,0.0,0.0,0.0
320,1521988930,384947569,0.0,0.0,0.0,0.0,0.0,0.0
321,1521988930,394949326,0.0,0.0,0.0,0.0,0.0,0.0
322,1521988930,404946713,0.0,0.0,0.0,0.0,0.0,0.0
323,1521988930,414948590,0.0,0.0,0.0,0.0,0.0,0.0
324,1521988930,424947719,0.0,0.0,0.0,0.0,0.0,0.0
325,1521988930,434940525,0.0,0.0,0.0,0.0,0.0,0.0
326,1521988930,444947320,0.0,0.0,0.0,0.0,0.0,0.0
327,1521988930,454946915,0.0,0.0,0.0,0.0,0.0,0.0
328,1521988930,464946200,0.0,0.0,0.0,0.0,0.0,0.0
329,1521988930,474948205,0.0,0.0,0.0,0.0,0.0,0.0
330,1521988930,484945838,0.0,0.0,0.0,0.0,0.0,0.0
331,1521988930,494947317,0.0,0.0,0.0,0.0,0.0,0.0
332,1521988930,504946428,0.0,0.0,0.0,0.0,0.0,0.0
333,1521988930,514946991,0.0,0.0,0.0,0.0,0.0,0.0
334,1521988930,524948519,0.0,0.0,0.0,0.0,0.0,0.0
335,1521988930,534947831,0.0,0.0,0.0,0.0,0.0,0.0
336,1521988930,544948494,0.0,0.0,0.0,0.0,0.0,0.0
337,1521988930,554950104,0.0,0.0,0.0,0.0,0.0,0.0
338,1521988930,564947057,0.0,0.0,0.0,0.0,0.0,0.0
339,1521988930,574948960,0.0,0.0,0.0,0.0,0.0,0.0
340,1521988930,584948549,0.0,0.0,0.0,0.0,0.0,0.0
341,1521988930,594948207,0.0,0.0,0.0,0.0,0.0,0.0
342,1521988930,604947730,0.0,0.0,0.0,0.0,0.0,0.0
343,1521988930,614950750,0.0,0.0,0.0,0.0,0.0,0.0
344,1521988930,624950001,0.0,0.0,0.0,0.0,0.0,0.0
345,1521988930,634948833,0.0,0.0,0.0,0.0,0.0,0.0
346,1521988930,644948089,0.0,0.0,0.0,0.0,0.0,0.0
347,1521988930,654948551,0.0,0.0,0.0,0.0,0.0,0.0
348,1521988930,664947528,0.0,0.0,0.0,0.0,0.0,0.0
349,1521988930,674949399,0.0,0.0,0.0,0.0,0.0,0.0
350,1521988930,684946637,0.0,0.0,0.0,0.0,0.0,0.0
351,1521988930,694949107,0.0,0.0,0.0,0.0,0.0,0.0
352,1521988930,704948563,0.0,0.0,0.0,0.0,0.0,0.0
353,1521988930,714947922,0.0,0.0,0.0,0.0,0.0,0.0
354,1521988930,724946903,0.0,0.0,0.0,0.0,0.0,0.0
355,1521988930,734949604,0.0,0.0,0.0,0.0,0.0,0.0
356,1521988930,744949336,0.0,0.0,0.0,0.0,0.0,0.0
357,1521988930,754945690,0.0,0.0,0.0,0.0,0.0,0.0
358,1521988930,764945611,0.0,0.0,0.0,0.0,0.0,0.0
359,1521988930,774947710,0.0,0.0,0.0,0.0,0.0,0.0
360,1521988930,784947121,0.0,0.0,0.0,0.0,0.0,0.0
361,1521988930,794947173,0.0,0.0,0.0,0.0,0.0,0.0
362,1521988930,804946486,0.0,0.0,0.0,0.0,0.0,0.0
363,1521988930,814948165,0.0,0.0,0.0,0.0,0.0,0.0
364,1521988930,824948020,0.0,0.0,0.0,0.0,0.0,0.0
365,1521988930,834948166,0.0,0.0,0.0,0.0,0.0,0.0
366,1521988930,844947433,0.0,0.0,0.0,0.0,0.0,0.0
367,1521988930,854946705,0.0,0.0,0.0,0.0,0.0,0.0
368,1521988930,864946239,0.0,0.0,0.0,0.0,0.0,0.0
369,1521988930,874954456,0.0,0.0,0.0,0.0,0.0,0.0
370,1521988930,884947164,0.0,0.0,0.0,0.0,0.0,0.0
371,1521988930,894950517,86.0,86.0,0.0,0.0,0.0,0.0
372,1521988930,904949839,86.0,86.0,0.0,0.0,0.0,0.0
373,1521988930,914946361,147.0,147.0,0.0,0.0,0.0,0.0
374,1521988930,924945713,147.0,147.0,0.0,0.0,0.0,0.0
375,1521988930,934947997,222.0,222.0,0.0,0.0,0.0,0.0
376,1521988930,944947411,222.0,222.0,0.0,0.0,0.0,0.0
377,1521988930,954946943,309.0,309.0,0.0,0.0,0.0,0.0
378,1521988930,964946540,309.0,309.0,0.0,0.0,0.0,0.0
379,1521988930,974946428,388.0,388.0,0.0,0.0,0.0,0.0
380,1521988930,984946391,388.0,388.0,0.0,0.0,0.0,0.0
381,1521988930,994962936,400.0,400.0,0.0,0.0,0.0,0.0
382,1521988931,4952735,400.0,400.0,0.0,0.0,0.0,0.0
383,1521988931,14954037,400.0,400.0,0.0,0.0,0.0,0.0
384,1521988931,24959719,400.0,400.0,0.0,0.0,0.0,0.0
385,1521988931,34951489,400.0,400.0,0.0,0.0,0.0,0.0
386,1521988931,44948167,400.0,400.0,0.0,0.0,0.0,0.0
387,1521988931,54945570,400.0,400.0,0.0,0.0,0.0,0.0
388,1521988931,64952803,400.0,400.0,0.0,0.0,0.0,0.0
389,1521988931,74905273,400.0,400.0,0.0,0.0,0.0,0.0
390,1521988931,84956108,400.0,400.0,0.0,0.0,0.0,0.0
391,1521988931,94955296,400.0,400.0,0.0,0.0,0.0,0.0
392,1521988931,104954481,400.0,400.0,0.0,0.0,0.0,0.0
393,1521988931,114950079,400.0,400.0,0.0,0.0,0.0,0.0
394,1521988931,124949361,400.0,400.0,0.0,0.0,0.0,0.0
395,1521988931,134951164,400.0,400.0,0.0,0.0,0.0,0.0
396,1521988931,144949014,400.0,400.0,0.0,0.0,0.0,0.0
397,1521988931,154948632,400.0,400.0,0.0,0.0,0.0,0.0
398,1521988931,164951300,400.0,400.0,0.0,0.0,0.0,0.0
399,1521988931,174949953,400.0,400.0,0.0,0.0,0.0,0.0
400,1521988931,184949432,400.0,400.0,0.0,0.0,0.0,0.0
401,1521988931,194952597,400.0,400.0,0.0,0.0,0.0,0.0
402,1521988931,204948020,400.0,400.0,0.0,0.0,0.0,0.0
403,1521988931,214947802,400.0,400.0,0.0,0.0,0.0,0.0
404,1521988931,224948168,400.0,400.0,0.0,0.0,0.0,0.0
405,1521988931,234952219,400.0,400.0,0.0,0.0,0.0,0.0
406,1521988931,244950125,400.0,400.0,0.0,0.0,0.0,0.0
407,1521988931,254949283,400.0,400.0,0.0,0.0,0.0,0.0
408,1521988931,264953083,400.0,400.0,0.0,0.0,0.0,0.0
409,1521988931,274950556,400.0,400.0,0.0,0.0,0.0,0.0
410,1521988931,284946839,400.0,400.0,0.0,0.0,0.0,0.0
411,1521988931,294951231,400.0,400.0,0.0,0.0,0.0,0.0
412,1521988931,304949401,400.0,400.0,0.0,0.0,0.0,0.0
413,1521988931,314950349,400.0,400.0,0.0,0.0,0.0,0.0
414,1521988931,324949191,400.0,400.0,0.0,0.0,0.0,0.0
415,1521988931,334951366,400.0,400.0,0.0,0.0,0.0,0.0
416,1521988931,344948261,400.0,400.0,0.0,0.0,0.0,0.0
417,1521988931,354948671,400.0,400.0,0.0,0.0,0.0,0.0
418,1521988931,364950014,400.0,400.0,0.0,0.0,0.0,0.0
419,1521988931,374949194,400.0,400.0,0.0,0.0,0.0,0.0
420,1521988931,384937794,400.0,400.0,0.0,0.0,0.0,0.0
421,1521988931,394953354,400.0,400.0,0.0,0.0,0.0,0.0
422,1521988931,404951546,400.0,400.0,0.0,0.0,0.0,0.0
423,1521988931,414949441,400.0,400.0,0.0,0.0,0.0,0.0
424,1521988931,424949452,400.0,400.0,0.0,0.0,0.0,0.0
425,1521988931,434949447,400.0,400.0,0.0,0.0,0.0,0.0
426,1521988931,444948752,400.0,400.0,0.0,0.0,0.0,0.0
427,1521988931,454947866,400.0,400.0,0.0,0.0,0.0,0.0
428,1521988931,464954299,400.0,400.0,0.0,0.0,0.0,0.0
429,1521988931,474949845,400.0,400.0,0.0,0.0,0.0,0.0
430,1521988931,484948661,400.0,400.0,0.0,0.0,0.0,0.0
431,1521988931,494951580,400.0,400.0,0.0,0.0,0.0,0.0
432,1521988931,504948512,400.0,400.0,0.0,0.0,0.0,0.0
433,1521988931,514950409,400.0,400.0,0.0,0.0,0.0,0.0
434,1521988931,524980279,400.0,400.0,0.0,0.0,0.0,0.0
435,1521988931,534953479,400.0,396.0,0.0,0.0,0.0,0.0
436,1521988931,544950892,400.0,396.0,0.0,0.0,0.0,0.0
437,1521988931,554953029,400.0,383.0,0.0,0.0,0.0,0.0
438,1521988931,564953419,400.0,383.0,0.0,0.0,0.0,0.0
439,1521988931,574951803,400.0,375.0,0.0,0.0,0.0,0.0
440,1521988931,584949199,400.0,375.0,0.0,0.0,0.0,0.0
441,1521988931,594949391,400.0,365.0,0.0,0.0,0.0,0.0
442,1521988931,604946629,400.0,365.0,0.0,0.0,0.0,0.0
443,1521988931,614948756,400.0,354.0,0.0,0.0,0.0,0.0
444,1521988931,624950757,400.0,354.0,0.0,0.0,0.0,0.0
445,1521988931,634950026,400.0,344.0,0.0,0.0,0.0,0.0
446,1521988931,644947068,400.0,344.0,0.0,0.0,0.0,0.0
447,1521988931,654948673,400.0,340.0,0.0,0.0,0.0,0.0
448,1521988931,664946491,400.0,340.0,0.0,0.0,0.0,0.0
449,1521988931,674948145,400.0,331.0,0.0,0.0,0.0,0.0
450,1521988931,684947495,400.0,331.0,0.0,0.0,0.0,0.0
451,1521988931,694947986,400.0,330.0,0.0,0.0,0.0,0.0
452,1521988931,704947159,400.0,330.0,0.0,0.0,0.0,0.0
453,1521988931,714948575,400.0,329.0,0.0,0.0,0.0,0.0
454,1521988931,724972982,400.0,329.0,0.0,0.0,0.0,0.0
455,1521988931,734967665,400.0,329.0,0.0,0.0,0.0,0.0
456,1521988931,744968271,400.0,329.0,0.0,0.0,0.0,0.0
457,1521988931,754947089,400.0,329.0,0.0,0.0,0.0,0.0
458,1521988931,764949234,400.0,329.0,0.0,0.0,0.0,0.0
459,1521988931,774954308,400.0,329.0,0.0,0.0,0.0,0.0
460,1521988931,784950910,400.0,329.0,0.0,0.0,0.0,0.0
461,1521988931,794949948,400.0,329.0,0.0,0.0,0.0,0.0
462,1521988931,804946925,400.0,329.0,0.0,0.0,0.0,0.0
463,1521988931,814948933,400.0,329.0,0.0,0.0,0.0,0.0
464,1521988931,824948612,400.0,329.0,0.0,0.0,0.0,0.0
465,1521988931,834948434,400.0,329.0,0.0,0.0,0.0,0.0
466,1521988931,844947609,400.0,329.0,0.0,0.0,0.0,0.0
467,1521988931,854947330,400.0,329.0,0.0,0.0,0.0,0.0
468,1521988931,864949307,400.0,329.0,0.0,0.0,0.0,0.0
469,1521988931,874954774,400.0,329.0,0.0,0.0,0.0,0.0
470,1521988931,884950352,400.0,329.0,0.0,0.0,0.0,0.0
471,1521988931,894948221,400.0,329.0,0.0,0.0,0.0,0.0
472,1521988931,904947264,400.0,329.0,0.0,0.0,0.0,0.0
473,1521988931,914949681,400.0,329.0,0.0,0.0,0.0,0.0
474,1521988931,924948426,400.0,329.0,0.0,0.0,0.0,0.0
475,1521988931,934948411,400.0,329.0,0.0,0.0,0.0,0.0
476,1521988931,944947929,400.0,329.0,0.0,0.0,0.0,0.0
477,1521988931,954927512,400.0,329.0,0.0,0.0,0.0,0.0
478,1521988931,964947158,400.0,329.0,0.0,0.0,0.0,0.0
479,1521988931,974947122,400.0,350.0,0.0,0.0,0.0,0.0
480,1521988931,984946611,400.0,350.0,0.0,0.0,0.0,0.0
481,1521988931,994948300,300.0,287.0,0.0,0.0,0.0,0.0
482,1521988932,4945133,300.0,287.0,0.0,0.0,0.0,0.0
483,1521988932,14947261,180.0,180.0,0.0,0.0,0.0,0.0
484,1521988932,24946906,180.0,180.0,0.0,0.0,0.0,0.0
485,1521988932,34951154,73.0,73.0,0.0,0.0,0.0,0.0
486,1521988932,44950967,73.0,73.0,0.0,0.0,0.0,0.0
487,1521988932,54949682,0.0,0.0,0.0,0.0,0.0,0.0
488,1521988932,64949045,0.0,0.0,0.0,0.0,0.0,0.0
489,1521988932,74948610,0.0,0.0,0.0,0.0,0.0,0.0
490,1521988932,84947687,0.0,0.0,0.0,0.0,0.0,0.0
491,1521988932,94946725,0.0,0.0,0.0,0.0,0.0,0.0
492,1521988932,104946251,0.0,0.0,0.0,0.0,0.0,0.0
493,1521988932,114947330,0.0,0.0,0.0,0.0,0.0,0.0
494,1521988932,124947196,0.0,0.0,0.0,0.0,0.0,0.0
495,1521988932,134946611,0.0,0.0,0.0,0.0,0.0,0.0
496,1521988932,144947366,0.0,0.0,0.0,0.0,0.0,0.0
497,1521988932,154948791,0.0,0.0,0.0,0.0,0.0,0.0
498,1521988932,164951448,0.0,0.0,0.0,0.0,0.0,0.0
499,1521988932,174949834,0.0,0.0,0.0,0.0,0.0,0.0
500,1521988932,184949708,0.0,0.0,0.0,0.0,0.0,0.0
501,1521988932,194949211,0.0,0.0,0.0,0.0,0.0,0.0
502,1521988932,204948570,0.0,0.0,0.0,0.0,0.0,0.0
503,1521988932,214948117,0.0,0.0,0.0,0.0,0.0,0.0
504,1521988932,224949111,0.0,0.0,0.0,0.0,0.0,0.0
505,1521988932,234949954,0.0,0.0,0.0,0.0,0.0,0.0
506,1521988932,244949896,0.0,0.0,0.0,0.0,0.0,0.0
507,1521988932,254949742,0.0,0.0,0.0,0.0,0.0,0.0
508,1521988932,264951169,0.0,0.0,0.0,0.0,0.0,0.0
509,1521988932,274948316,0.0,0.0,0.0,0.0,0.0,0.0
510,1521988932,284948159,0.0,0.0,0.0,0.0,0.0,0.0
511,1521988932,294949546,0.0,0.0,0.0,0.0,0.0,0.0
512,1521988932,304949266,0.0,0.0,0.0,0.0,0.0,0.0
513,1521988932,314948517,0.0,0.0,0.0,0.0,0.0,0.0
514,1521988932,324950722,0.0,0.0,0.0,0.0,0.0,0.0
515,1521988932,334949087,0.0,0.0,0.0,0.0,0.0,0.0
516,1521988932,344949078,0.0,0.0,0.0,0.0,0.0,0.0
517,1521988932,354951847,0.0,0.0,0.0,0.0,0.0,0.0
518,1521988932,364948162,0.0,0.0,0.0,0.0,0.0,0.0
519,1521988932,374950036,0.0,0.0,0.0,0.0,0.0,0.0
520,1521988932,384947397,0.0,0.0,0.0,0.0,0.0,0.0
521,1521988932,394949488,0.0,0.0,0.0,0.0,0.0,0.0
522,1521988932,404947912,0.0,0.0,0.0,0.0,0.0,0.0
523,1521988932,414948395,0.0,0.0,0.0,0.0,0.0,0.0
524,1521988932,424953806,0.0,0.0,0.0,0.0,0.0,0.0
525,1521988932,434949653,0.0,0.0,0.0,0.0,0.0,0.0
526,1521988932,444946702,0.0,0.0,0.0,0.0,0.0,0.0
527,1521988932,454949025,0.0,0.0,0.0,0.0,0.0,0.0
528,1521988932,464948344,0.0,0.0,0.0,0.0,0.0,0.0
529,1521988932,474947911,0.0,0.0,0.0,0.0,0.0,0.0
530,1521988932,484947118,0.0,0.0,0.0,0.0,0.0,0.0
531,1521988932,494949572,0.0,0.0,0.0,0.0,0.0,0.0
532,1521988932,504946642,0.0,0.0,0.0,0.0,0.0,0.0
533,1521988932,514946070,0.0,0.0,0.0,0.0,0.0,0.0
534,1521988932,524948416,0.0,0.0,0.0,0.0,0.0,0.0
535,1521988932,534982743,0.0,0.0,0.0,0.0,0.0,0.0
536,1521988932,544985167,0.0,0.0,0.0,0.0,0.0,0.0
537,1521988932,554950042,0.0,0.0,0.0,0.0,0.0,0.0
538,1521988932,564948259,0.0,0.0,0.0,0.0,0.0,0.0
539,1521988932,574946399,0.0,0.0,0.0,0.0,0.0,0.0
540,1521988932,584954095,0.0,0.0,0.0,0.0,0.0,0.0
541,1521988932,594950870,0.0,0.0,0.0,0.0,0.0,0.0
542,1521988932,604949900,0.0,0.0,0.0,0.0,0.0,0.0
543,1521988932,614949151,0.0,0.0,0.0,0.0,0.0,0.0
544,1521988932,624948720,0.0,0.0,0.0,0.0,0.0,0.0
545,1521988932,634948657,0.0,0.0,0.0,0.0,0.0,0.0
546,1521988932,644947982,0.0,0.0,0.0,0.0,0.0,0.0
547,1521988932,654947319,0.0,0.0,0.0,0.0,0.0,0.0
548,1521988932,664946815,0.0,0.0,0.0,0.0,0.0,0.0
549,1521988932,674947302,0.0,0.0,0.0,0.0,0.0,0.0
550,1521988932,684948590,0.0,0.0,0.0,0.0,0.0,0.0
551,1521988932,694948199,0.0,0.0,0.0,0.0,0.0,0.0
552,1521988932,704900717,0.0,0.0,0.0,0.0,0.0,0.0
553,1521988932,714949781,0.0,0.0,0.0,0.0,0.0,0.0
554,1521988932,724947309,0.0,0.0,0.0,0.0,0.0,0.0
555,1521988932,734948748,0.0,0.0,0.0,0.0,0.0,0.0
556,1521988932,744948580,0.0,0.0,0.0,0.0,0.0,0.0
557,1521988932,754947892,0.0,0.0,0.0,0.0,0.0,0.0
558,1521988932,764947463,0.0,0.0,0.0,0.0,0.0,0.0
559,1521988932,774946738,0.0,0.0,0.0,0.0,0.0,0.0
560,1521988932,784947026,0.0,0.0,0.0,0.0,0.0,0.0
561,1521988932,794948691,0.0,0.0,0.0,0.0,0.0,0.0
562,1521988932,804945882,0.0,0.0,0.0,0.0,0.0,0.0
563,1521988932,814948249,0.0,0.0,0.0,0.0,0.0,0.0
564,1521988932,824947802,0.0,0.0,0.0,0.0,0.0,0.0
565,1521988932,834947378,0.0,0.0,0.0,0.0,0.0,0.0
566,1521988932,844946771,0.0,0.0,0.0,0.0,0.0,0.0
567,1521988932,854950789,0.0,0.0,0.0,0.0,0.0,0.0
568,1521988932,864943672,0.0,0.0,0.0,0.0,0.0,0.0
569,1521988932,874947848,0.0,0.0,0.0,0.0,0.0,0.0
570,1521988932,884947211,0.0,0.0,0.0,0.0,0.0,0.0
571,1521988932,894949012,0.0,0.0,0.0,0.0,0.0,0.0
572,1521988932,904949308,0.0,0.0,0.0,0.0,0.0,0.0
573,1521988932,914987143,0.0,0.0,0.0,0.0,0.0,0.0
574,1521988932,924948741,0.0,0.0,0.0,0.0,0.0,0.0
575,1521988932,934925341,0.0,0.0,0.0,0.0,0.0,0.0
576,1521988932,944947226,0.0,0.0,0.0,0.0,0.0,0.0
577,1521988932,954949768,0.0,0.0,0.0,0.0,0.0,0.0
578,1521988932,964949273,0.0,0.0,0.0,0.0,0.0,0.0
579,1521988932,974948362,0.0,0.0,0.0,0.0,0.0,0.0
580,1521988932,984947484,0.0,0.0,0.0,0.0,0.0,0.0
581,1521988932,994950548,0.0,0.0,0.0,0.0,0.0,0.0
582,1521988933,4947386,0.0,0.0,0.0,0.0,0.0,0.0
583,1521988933,14949270,0.0,0.0,0.0,0.0,0.0,0.0
584,1521988933,24951600,0.0,0.0,0.0,0.0,0.0,0.0
585,1521988933,34950802,0.0,0.0,0.0,0.0,0.0,0.0
586,1521988933,44947718,0.0,0.0,0.0,0.0,0.0,0.0
587,1521988933,54946882,0.0,0.0,0.0,0.0,0.0,0.0
588,1521988933,64948941,0.0,0.0,0.0,0.0,0.0,0.0
589,1521988933,74948777,0.0,0.0,0.0,0.0,0.0,0.0
590,1521988933,84948560,0.0,0.0,0.0,0.0,0.0,0.0
591,1521988933,94978085,0.0,0.0,0.0,0.0,0.0,0.0
592,1521988933,104977204,0.0,0.0,0.0,0.0,0.0,0.0
593,1521988933,114951074,0.0,0.0,0.0,0.0,0.0,0.0
594,1521988933,124951763,0.0,0.0,0.0,0.0,0.0,0.0
595,1521988933,134953469,0.0,0.0,0.0,0.0,0.0,0.0
596,1521988933,144950517,0.0,0.0,0.0,0.0,0.0,0.0
597,1521988933,154989457,0.0,0.0,0.0,0.0,0.0,0.0
598,1521988933,164949455,0.0,0.0,0.0,0.0,0.0,0.0
599,1521988933,174948948,0.0,0.0,0.0,0.0,0.0,0.0
600,1521988933,184948971,0.0,0.0,0.0,0.0,0.0,0.0
601,1521988933,194948145,0.0,0.0,0.0,0.0,0.0,0.0
602,1521988933,204948258,0.0,0.0,0.0,0.0,0.0,0.0
603,1521988933,214947384,0.0,0.0,0.0,0.0,0.0,0.0
604,1521988933,224950408,0.0,0.0,0.0,0.0,0.0,0.0
605,1521988933,234949305,0.0,0.0,0.0,0.0,0.0,0.0
606,1521988933,244949016,0.0,0.0,0.0,0.0,0.0,0.0
607,1521988933,254950712,0.0,0.0,0.0,0.0,0.0,0.0
608,1521988933,264948512,0.0,0.0,0.0,0.0,0.0,0.0
609,1521988933,274947476,0.0,0.0,0.0,0.0,0.0,0.0
610,1521988933,284947283,0.0,0.0,0.0,0.0,0.0,0.0
611,1521988933,294949158,0.0,0.0,0.0,0.0,0.0,0.0
612,1521988933,304946325,0.0,0.0,0.0,0.0,0.0,0.0
613,1521988933,314949232,0.0,0.0,0.0,0.0,0.0,0.0
614,1521988933,324961331,0.0,0.0,0.0,0.0,0.0,0.0
615,1521988933,334953903,0.0,0.0,0.0,0.0,0.0,0.0
616,1521988933,344953231,0.0,0.0,0.0,0.0,0.0,0.0
617,1521988933,354953752,0.0,0.0,0.0,0.0,0.0,0.0
618,1521988933,364953013,0.0,0.0,0.0,0.0,0.0,0.0
619,1521988933,374952619,0.0,0.0,0.0,0.0,0.0,0.0
620,1521988933,384948387,0.0,0.0,0.0,0.0,0.0,0.0
621,1521988933,394947584,0.0,0.0,0.0,0.0,0.0,0.0
622,1521988933,404947174,0.0,0.0,0.0,0.0,0.0,0.0
623,1521988933,414948445,0.0,0.0,0.0,0.0,0.0,0.0
624,1521988933,424945866,0.0,0.0,0.0,0.0,0.0,0.0
625,1521988933,434948089,0.0,0.0,0.0,0.0,0.0,0.0
626,1521988933,444947603,0.0,0.0,0.0,0.0,0.0,0.0
627,1521988933,454947249,0.0,0.0,0.0,0.0,0.0,0.0
628,1521988933,464947138,0.0,0.0,0.0,0.0,0.0,0.0
629,1521988933,474948849,0.0,0.0,0.0,0.0,0.0,0.0
630,1521988933,484948255,0.0,0.0,0.0,0.0,0.0,0.0
631,1521988933,494947778,0.0,0.0,0.0,0.0,0.0,0.0
632,1521988933,504949881,0.0,0.0,0.0,0.0,0.0,0.0
633,1521988933,514952699,0.0,0.0,0.0,0.0,0.0,0.0
634,1521988933,524948695,0.0,0.0,0.0,0.0,0.0,0.0
635,1521988933,534948784,0.0,0.0,0.0,0.0,0.0,0.0
636,1521988933,544945664,0.0,0.0,0.0,0.0,0.0,0.0
637,1521988933,554947931,0.0,0.0,0.0,0.0,0.0,0.0
638,1521988933,564947406,0.0,0.0,0.0,0.0,0.0,0.0
639,1521988933,574949779,0.0,0.0,0.0,0.0,0.0,0.0
640,1521988933,584958094,0.0,0.0,0.0,0.0,0.0,0.0
641,1521988933,594946875,0.0,0.0,0.0,0.0,0.0,0.0
642,1521988933,604953318,0.0,0.0,0.0,0.0,0.0,0.0
643,1521988933,614950538,0.0,0.0,0.0,0.0,0.0,0.0
644,1521988933,624949759,0.0,0.0,0.0,0.0,0.0,0.0
645,1521988933,634949166,0.0,0.0,0.0,0.0,0.0,0.0
646,1521988933,644949099,0.0,0.0,0.0,0.0,0.0,0.0
647,1521988933,654948555,0.0,0.0,0.0,0.0,0.0,0.0
648,1521988933,664948142,0.0,0.0,0.0,0.0,0.0,0.0
649,1521988933,674947409,0.0,0.0,0.0,0.0,0.0,0.0
650,1521988933,684947571,0.0,0.0,0.0,0.0,0.0,0.0
651,1521988933,694946863,0.0,0.0,0.0,0.0,0.0,0.0
652,1521988933,704946450,0.0,0.0,0.0,0.0,0.0,0.0
653,1521988933,714946433,0.0,0.0,0.0,0.0,0.0,0.0
654,1521988933,724948071,0.0,0.0,0.0,0.0,0.0,0.0
655,1521988933,734947212,0.0,0.0,0.0,0.0,0.0,0.0
656,1521988933,744947220,0.0,0.0,0.0,0.0,0.0,0.0
657,1521988933,754946525,0.0,0.0,0.0,0.0,0.0,0.0
658,1521988933,764948313,0.0,0.0,0.0,0.0,0.0,0.0
659,1521988933,774948670,0.0,0.0,0.0,0.0,0.0,0.0
660,1521988933,784947891,0.0,0.0,0.0,0.0,0.0,0.0
661,1521988933,794947260,0.0,0.0,0.0,0.0,0.0,0.0
662,1521988933,804946866,0.0,0.0,0.0,0.0,0.0,0.0
663,1521988933,814948759,0.0,0.0,0.0,0.0,0.0,0.0
664,1521988933,824948577,0.0,0.0,0.0,0.0,0.0,0.0
665,1521988933,834947909,0.0,0.0,0.0,0.0,0.0,0.0
666,1521988933,844948189,0.0,0.0,0.0,0.0,0.0,0.0
667,1521988933,854952573,0.0,0.0,0.0,0.0,0.0,0.0
668,1521988933,864952086,0.0,0.0,0.0,0.0,0.0,0.0
669,1521988933,874951506,0.0,0.0,0.0,0.0,0.0,0.0
670,1521988933,884949216,0.0,0.0,0.0,0.0,0.0,0.0
671,1521988933,894947487,0.0,0.0,0.0,0.0,0.0,0.0
672,1521988933,904948615,0.0,0.0,0.0,0.0,0.0,0.0
673,1521988933,914949609,0.0,0.0,0.0,0.0,0.0,0.0
674,1521988933,924948759,0.0,0.0,0.0,0.0,0.0,0.0
675,1521988933,934948578,0.0,0.0,0.0,0.0,0.0,0.0
676,1521988933,944948016,0.0,0.0,0.0,0.0,0.0,0.0
677,1521988933,954948625,0.0,0.0,0.0,0.0,0.0,0.0
678,1521988933,964950533,0.0,0.0,0.0,0.0,0.0,0.0
679,1521988933,974962577,0.0,0.0,0.0,0.0,0.0,0.0
680,1521988933,984962129,0.0,0.0,0.0,0.0,0.0,0.0
681,1521988933,994951108,0.0,0.0,0.0,0.0,0.0,0.0
682,1521988934,4948060,0.0,0.0,0.0,0.0,0.0,0.0
683,1521988934,14950171,0.0,0.0,0.0,0.0,0.0,0.0
684,1521988934,24957711,0.0,0.0,0.0,0.0,0.0,0.0
685,1521988934,34959255,0.0,0.0,0.0,0.0,0.0,0.0
686,1521988934,44953515,0.0,0.0,0.0,0.0,0.0,0.0
687,1521988934,54956654,0.0,0.0,0.0,0.0,0.0,0.0
688,1521988934,64955263,0.0,0.0,0.0,0.0,0.0,0.0
689,1521988934,74947584,0.0,0.0,0.0,0.0,0.0,0.0
690,1521988934,84949719,0.0,0.0,0.0,0.0,0.0,0.0
691,1521988934,94949982,0.0,0.0,0.0,0.0,0.0,0.0
692,1521988934,104948266,0.0,0.0,0.0,0.0,0.0,0.0
693,1521988934,114949095,0.0,0.0,0.0,0.0,0.0,0.0
694,1521988934,124950309,0.0,0.0,0.0,0.0,0.0,0.0
695,1521988934,134949993,0.0,0.0,0.0,0.0,0.0,0.0
696,1521988934,144946598,0.0,0.0,0.0,0.0,0.0,0.0
697,1521988934,154949314,0.0,0.0,0.0,0.0,0.0,0.0
698,1521988934,164948266,0.0,0.0,0.0,0.0,0.0,0.0
699,1521988934,174949180,0.0,0.0,0.0,0.0,0.0,0.0
700,1521988934,184950151,0.0,0.0,0.0,0.0,0.0,0.0
701,1521988934,194949898,0.0,0.0,0.0,0.0,0.0,0.0
702,1521988934,204948865,0.0,0.0,0.0,0.0,0.0,0.0
703,1521988934,214949042,0.0,0.0,0.0,0.0,0.0,0.0
704,1521988934,224948621,0.0,0.0,0.0,0.0,0.0,0.0
705,1521988934,234948539,0.0,0.0,0.0,0.0,0.0,0.0
706,1521988934,244950083,0.0,0.0,0.0,0.0,0.0,0.0
707,1521988934,254950687,0.0,0.0,0.0,0.0,0.0,0.0
708,1521988934,264946518,0.0,0.0,0.0,0.0,0.0,0.0
709,1521988934,274949026,0.0,0.0,0.0,0.0,0.0,0.0
710,1521988934,284948190,0.0,0.0,0.0,0.0,0.0,0.0
711,1521988934,294949717,0.0,0.0,0.0,0.0,0.0,0.0
712,1521988934,304947701,0.0,0.0,0.0,0.0,0.0,0.0
713,1521988934,314949401,0.0,0.0,0.0,0.0,0.0,0.0
714,1521988934,324948779,0.0,0.0,0.0,0.0,0.0,0.0
715,1521988934,334948236,0.0,0.0,0.0,0.0,0.0,0.0
716,1521988934,344947993,0.0,0.0,0.0,0.0,0.0,0.0
717,1521988934,354950365,0.0,0.0,0.0,0.0,0.0,0.0
718,1521988934,364947524,0.0,0.0,0.0,0.0,0.0,0.0
719,1521988934,374947245,0.0,0.0,0.0,0.0,0.0,0.0
720,1521988934,384946322,0.0,0.0,0.0,0.0,0.0,0.0
721,1521988934,394948626,0.0,0.0,0.0,0.0,0.0,0.0
722,1521988934,404948043,0.0,0.0,0.0,0.0,0.0,0.0
723,1521988934,414947414,0.0,0.0,0.0,0.0,0.0,0.0
724,1521988934,424949808,0.0,0.0,0.0,0.0,0.0,0.0
725,1521988934,434947129,0.0,0.0,0.0,0.0,0.0,0.0
726,1521988934,444948405,0.0,0.0,0.0,0.0,0.0,0.0
727,1521988934,454950195,0.0,0.0,0.0,0.0,0.0,0.0
728,1521988934,464948289,0.0,0.0,0.0,0.0,0.0,0.0
729,1521988934,474947884,0.0,0.0,0.0,0.0,0.0,0.0
730,1521988934,484947808,0.0,0.0,0.0,0.0,0.0,0.0
731,1521988934,494949617,0.0,0.0,0.0,0.0,0.0,0.0
732,1521988934,504949638,0.0,0.0,0.0,0.0,0.0,0.0
733,1521988934,514947751,0.0,0.0,0.0,0.0,0.0,0.0
734,1521988934,524950089,0.0,0.0,0.0,0.0,0.0,0.0
735,1521988934,534953027,0.0,0.0,0.0,0.0,0.0,0.0
736,1521988934,544949553,0.0,0.0,0.0,0.0,0.0,0.0
737,1521988934,554947216,0.0,0.0,0.0,0.0,0.0,0.0
738,1521988934,564948845,0.0,0.0,0.0,0.0,0.0,0.0
739,1521988934,574948317,0.0,0.0,0.0,0.0,0.0,0.0
740,1521988934,584948557,0.0,0.0,0.0,0.0,0.0,0.0
741,1521988934,594949557,0.0,0.0,0.0,0.0,0.0,0.0
742,1521988934,604949522,0.0,0.0,0.0,0.0,0.0,0.0
743,1521988934,614949213,0.0,0.0,0.0,0.0,0.0,0.0
744,1521988934,624948340,0.0,0.0,0.0,0.0,0.0,0.0
745,1521988934,634946456,0.0,0.0,0.0,0.0,0.0,0.0
746,1521988934,644942637,0.0,0.0,0.0,0.0,0.0,0.0
747,1521988934,654949283,0.0,0.0,0.0,0.0,0.0,0.0
748,1521988934,664949638,0.0,0.0,0.0,0.0,0.0,0.0
749,1521988934,674944407,0.0,0.0,0.0,0.0,0.0,0.0
750,1521988934,684948995,0.0,0.0,0.0,0.0,0.0,0.0
751,1521988934,694947877,0.0,0.0,0.0,0.0,0.0,0.0
752,1521988934,704947567,0.0,0.0,0.0,0.0,0.0,0.0
753,1521988934,714948881,0.0,0.0,0.0,0.0,0.0,0.0
754,1521988934,724944671,0.0,0.0,0.0,0.0,0.0,0.0
755,1521988934,734953968,0.0,0.0,0.0,0.0,0.0,0.0
756,1521988934,744947844,0.0,0.0,0.0,0.0,0.0,0.0
757,1521988934,754947121,0.0,0.0,0.0,0.0,0.0,0.0
758,1521988934,764958081,0.0,0.0,0.0,0.0,0.0,0.0
759,1521988934,774948412,0.0,0.0,0.0,0.0,0.0,0.0
760,1521988934,784944719,0.0,0.0,0.0,0.0,0.0,0.0
761,1521988934,794950973,0.0,0.0,0.0,0.0,0.0,0.0
762,1521988934,804948213,0.0,0.0,0.0,0.0,0.0,0.0
763,1521988934,814949910,0.0,0.0,0.0,0.0,0.0,0.0
764,1521988934,824951937,0.0,0.0,0.0,0.0,0.0,0.0
765,1521988934,834959251,0.0,0.0,0.0,0.0,0.0,0.0
766,1521988934,844951110,0.0,0.0,0.0,0.0,0.0,0.0
767,1521988934,854953915,0.0,0.0,0.0,0.0,0.0,0.0
768,1521988934,864950404,0.0,0.0,0.0,0.0,0.0,0.0
769,1521988934,874950058,0.0,0.0,0.0,0.0,0.0,0.0
770,1521988934,884942510,0.0,0.0,0.0,0.0,0.0,0.0
771,1521988934,894948996,0.0,0.0,0.0,0.0,0.0,0.0
772,1521988934,904948327,0.0,0.0,0.0,0.0,0.0,0.0
773,1521988934,914943631,0.0,0.0,0.0,0.0,0.0,0.0
774,1521988934,924947919,0.0,0.0,0.0,0.0,0.0,0.0
775,1521988934,934949487,0.0,0.0,0.0,0.0,0.0,0.0
776,1521988934,944946775,0.0,0.0,0.0,0.0,0.0,0.0
777,1521988934,954948685,0.0,0.0,0.0,0.0,0.0,0.0
778,1521988934,964948640,0.0,0.0,0.0,0.0,0.0,0.0
779,1521988934,974948217,0.0,0.0,0.0,0.0,0.0,0.0
780,1521988934,984947140,0.0,0.0,0.0,0.0,0.0,0.0
781,1521988934,994949227,0.0,0.0,0.0,0.0,0.0,0.0
782,1521988935,4946526,0.0,0.0,0.0,0.0,0.0,0.0
783,1521988935,14948478,0.0,0.0,0.0,0.0,0.0,0.0
784,1521988935,24948700,0.0,0.0,0.0,0.0,0.0,0.0
785,1521988935,34948016,0.0,0.0,0.0,0.0,0.0,0.0
786,1521988935,44947535,0.0,0.0,0.0,0.0,0.0,0.0
787,1521988935,54949546,0.0,0.0,0.0,0.0,0.0,0.0
788,1521988935,64946462,0.0,0.0,0.0,0.0,0.0,0.0
789,1521988935,74948137,0.0,0.0,0.0,0.0,0.0,0.0
790,1521988935,84945373,0.0,0.0,0.0,0.0,0.0,0.0
791,1521988935,94948019,0.0,0.0,0.0,0.0,0.0,0.0
792,1521988935,104947424,0.0,0.0,0.0,0.0,0.0,0.0
793,1521988935,114949049,0.0,0.0,0.0,0.0,0.0,0.0
794,1521988935,124948389,0.0,0.0,0.0,0.0,0.0,0.0
795,1521988935,134948067,0.0,0.0,0.0,0.0,0.0,0.0
796,1521988935,144961062,0.0,0.0,0.0,0.0,0.0,0.0
797,1521988935,154948042,0.0,0.0,0.0,0.0,0.0,0.0
798,1521988935,164947388,0.0,0.0,0.0,0.0,0.0,0.0
799,1521988935,174946945,0.0,0.0,0.0,0.0,0.0,0.0
800,1521988935,184942532,0.0,0.0,0.0,0.0,0.0,0.0
801,1521988935,194948531,0.0,0.0,0.0,0.0,0.0,0.0
802,1521988935,204947700,0.0,0.0,0.0,0.0,0.0,0.0
803,1521988935,214949822,0.0,0.0,0.0,0.0,0.0,0.0
804,1521988935,224947286,0.0,0.0,0.0,0.0,0.0,0.0
805,1521988935,234941243,0.0,0.0,0.0,0.0,0.0,0.0
806,1521988935,244948430,0.0,0.0,0.0,0.0,0.0,0.0
807,1521988935,254947787,0.0,0.0,0.0,0.0,0.0,0.0
808,1521988935,264947835,0.0,0.0,0.0,0.0,0.0,0.0
809,1521988935,274947260,0.0,0.0,0.0,0.0,0.0,0.0
810,1521988935,284946709,0.0,0.0,0.0,0.0,0.0,0.0
811,1521988935,294948860,0.0,0.0,0.0,0.0,0.0,0.0
812,1521988935,304946636,0.0,0.0,0.0,0.0,0.0,0.0
813,1521988935,314947951,0.0,0.0,0.0,0.0,0.0,0.0
814,1521988935,324946860,0.0,0.0,0.0,0.0,0.0,0.0
815,1521988935,334949747,0.0,0.0,0.0,0.0,0.0,0.0
816,1521988935,344949099,0.0,0.0,0.0,0.0,0.0,0.0
817,1521988935,354948488,0.0,0.0,0.0,0.0,0.0,0.0
818,1521988935,364945636,0.0,0.0,0.0,0.0,0.0,0.0
819,1521988935,374948008,0.0,0.0,0.0,0.0,0.0,0.0
820,1521988935,384947269,0.0,0.0,0.0,0.0,0.0,0.0
821,1521988935,394946937,0.0,0.0,0.0,0.0,0.0,0.0
822,1521988935,404948782,0.0,0.0,0.0,0.0,0.0,0.0
823,1521988935,414948694,0.0,0.0,0.0,0.0,0.0,0.0
824,1521988935,424971840,0.0,0.0,0.0,0.0,0.0,0.0
