667,1521989462,442760428,0.0,0.0
668,1521989462,442760428,0.0,0.0
669,1521989462,442760428,0.0,0.0
670,1521989462,442760428,0.0,0.0
671,1521989462,442760428,0.0,0.0
672,1521989462,442760428,0.0,0.0
673,1521989462,442760428,0.0,0.0
674,1521989462,442760428,0.0,0.0
675,1521989462,442760428,0.0,0.0
676,1521989462,442760428,0.0,0.0
677,1521989462,442760428,0.0,0.0
678,1521989462,442760428,0.0,0.0
679,1521989462,442760428,0.0,0.0
680,1521989462,442760428,0.0,0.0
681,1521989462,442760428,0.0,0.0
682,1521989462,442760428,0.0,0.0
683,1521989462,442760428,0.0,0.0
684,1521989462,442760428,0.0,0.0
685,1521989462,442760428,0.0,0.0
686,1521989462,442760428,0.0,0.0
687,1521989462,442760428,0.0,0.0
688,1521989462,442760428,0.0,0.0
689,1521989462,442760428,0.0,0.0
690,1521989462,442760428,0.0,0.0
691,1521989462,442760428,0.0,0.0
692,1521989462,442760428,0.0,0.0
693,1521989462,442760428,0.0,0.0
694,1521989462,442760428,0.0,0.0
695,1521989462,442760428,0.0,0.0
696,1521989462,442760428,0.0,0.0
697,1521989462,442760428,0.0,0.0
698,1521989462,442760428,0.0,0.0
699,1521989462,442760428,0.0,0.0
700,1521989462,442760428,0.0,0.0
701,1521989462,442760428,0.0,0.0
702,1521989462,442760428,0.0,0.0
703,1521989462,442760428,0.0,0.0
704,1521989462,442760428,0.0,0.0
705,1521989462,442760428,0.0,0.0
706,1521989462,442760428,0.0,0.0
707,1521989462,442760428,0.0,0.0
708,1521989462,442760428,0.0,0.0
709,1521989462,442760428,0.0,0.0
710,1521989462,442760428,0.0,0.0
711,1521989462,442760428,0.0,0.0
712,1521989462,442760428,0.0,0.0
713,1521989462,442760428,0.0,0.0
714,1521989462,442760428,0.0,0.0
715,1521989462,442760428,0.0,0.0
716,1521989462,442760428,0.0,0.0
717,1521989462,442760428,0.0,0.0
718,1521989462,442760428,0.0,0.0
719,1521989462,442760428,0.0,0.0
720,1521989462,442760428,0.0,0.0
721,1521989462,442760428,0.0,0.0
722,1521989462,442760428,0.0,0.0
723,1521989462,442760428,0.0,0.0
724,1521989462,442760428,0.0,0.0
725,1521989462,442760428,0.0,0.0
726,1521989462,442760428,0.0,0.0
727,1521989462,442760428,0.0,0.0
728,1521989462,442760428,0.0,0.0
729,1521989462,442760428,0.0,0.0
730,1521989462,442760428,0.0,0.0
731,1521989462,442760428,0.0,0.0
732,1521989462,442760428,0.0,0.0
733,1521989462,442760428,0.0,0.0
734,1521989462,442760428,0.0,0.0
735,1521989462,442760428,0.0,0.0
736,1521989462,442760428,0.0,0.0
737,1521989462,442760428,0.0,0.0
738,1521989462,442760428,0.0,0.0
739,1521989462,442760428,0.0,0.0
740,1521989462,442760428,0.0,0.0
741,1521989462,442760428,0.0,0.0
742,1521989462,442760428,0.0,0.0
743,1521989462,442760428,0.0,0.0
744,1521989462,442760428,0.0,0.0
745,1521989462,442760428,0.0,0.0
746,1521989462,442760428,0.0,0.0
747,1521989462,442760428,0.0,0.0
748,1521989462,442760428,0.0,0.0
749,1521989462,442760428,0.0,0.0
750,1521989462,442760428,0.0,0.0
751,1521989462,442760428,0.0,0.0
752,1521989462,442760428,0.0,0.0
753,1521989462,442760428,0.0,0.0
754,1521989462,442760428,0.0,0.0
755,1521989462,442760428,0.0,0.0
756,1521989462,442760428,0.0,0.0
757,1521989462,442760428,0.0,0.0
758,1521989462,442760428,0.0,0.0
759,1521989462,442760428,0.0,0.0
760,1521989462,442760428,0.0,0.0
761,1521989462,442760428,0.0,0.0
762,1521989462,442760428,0.0,0.0
763,1521989462,442760428,0.0,0.0
764,1521989462,442760428,0.0,0.0
765,1521989462,442760428,0.0,0.0
766,1521989462,442760428,0.0,0.0
767,1521989462,442760428,0.0,0.0
768,1521989462,442760428,0.0,0.0
769,1521989462,442760428,0.0,0.0
770,1521989462,442760428,0.0,0.0
771,1521989462,442760428,0.0,0.0
772,1521989462,442760428,0.0,0.0
773,1521989462,442760428,0.0,0.0
774,1521989462,442760428,0.0,0.0
775,1521989462,442760428,0.0,0.0
776,1521989462,442760428,0.0,0.0
777,1521989462,442760428,0.0,0.0
778,1521989462,442760428,0.0,0.0
779,1521989462,442760428,0.0,0.0
780,1521989462,442760428,0.0,0.0
781,1521989462,442760428,0.0,0.0
782,1521989462,442760428,0.0,0.0
783,1521989462,442760428,0.0,0.0
784,1521989462,442760428,0.0,0.0
785,1521989462,442760428,0.0,0.0
786,1521989462,442760428,0.0,0.0
787,1521989462,442760428,0.0,0.0
788,1521989462,442760428,0.0,0.0
789,1521989462,442760428,0.0,0.0
790,1521989462,442760428,0.0,0.0
791,1521989462,442760428,0.0,0.0
792,1521989462,442760428,0.0,0.0
793,1521989462,442760428,0.0,0.0
794,1521989462,442760428,0.0,0.0
795,1521989462,442760428,0.0,0.0
796,1521989462,442760428,0.0,0.0
797,1521989462,442760428,0.0,0.0
798,1521989462,442760428,0.0,0.0
799,1521989462,442760428,0.0,0.0
800,1521989462,442760428,0.0,0.0
801,1521989462,442760428,0.0,0.0
802,1521989462,442760428,0.0,0.0
803,1521989462,442760428,0.0,0.0
804,1521989462,442760428,0.0,0.0
805,1521989462,442760428,0.0,0.0
806,1521989462,442760428,0.0,0.0
807,1521989462,442760428,0.0,0.0
808,1521989462,442760428,0.0,0.0
809,1521989462,442760428,0.0,0.0
810,1521989462,442760428,0.0,0.0
811,1521989462,442760428,0.0,0.0
812,1521989462,442760428,0.0,0.0
813,1521989462,442760428,0.0,0.0
814,1521989462,442760428,0.0,0.0
815,1521989462,442760428,0.0,0.0
816,1521989462,442760428,0.0,0.0
817,1521989462,442760428,0.0,0.0
818,1521989462,442760428,0.0,0.0
819,1521989462,442760428,0.0,0.0
820,1521989462,442760428,0.0,0.0
821,1521989462,442760428,0.0,0.0
822,1521989462,442760428,0.0,0.0
823,1521989462,442760428,0.0,0.0
824,1521989462,442760428,0.0,0.0
825,1521989462,442760428,0.0,0.0
826,1521989462,442760428,0.0,0.0
827,1521989462,442760428,0.0,0.0
828,1521989462,442760428,0.0,0.0
829,1521989462,442760428,0.0,0.0
830,1521989462,442760428,0.0,0.0
831,1521989462,442760428,0.0,0.0
832,1521989462,442760428,0.0,0.0
833,1521989462,442760428,0.0,0.0
834,1521989462,442760428,0.0,0.0
835,1521989462,442760428,0.0,0.0
836,1521989462,442760428,0.0,0.0
837,1521989462,442760428,0.0,0.0
838,1521989462,442760428,0.0,0.0
839,1521989462,442760428,0.0,0.0
840,1521989462,442760428,0.0,0.0
841,1521989462,442760428,0.0,0.0
842,1521989462,442760428,0.0,0.0
843,1521989462,442760428,0.0,0.0
844,1521989462,442760428,0.0,0.0
845,1521989462,442760428,0.0,0.0
846,1521989462,442760428,0.0,0.0
847,1521989462,442760428,0.0,0.0
848,1521989462,442760428,0.0,0.0
849,1521989462,442760428,0.0,0.0
850,1521989462,442760428,0.0,0.0
851,1521989462,442760428,0.0,0.0
852,1521989462,442760428,0.0,0.0
853,1521989462,442760428,0.0,0.0
854,1521989462,442760428,0.0,0.0
855,1521989462,442760428,0.0,0.0
856,1521989462,442760428,0.0,0.0
857,1521989462,442760428,0.0,0.0
858,1521989462,442760428,0.0,0.0
859,1521989462,442760428,0.0,0.0
860,1521989462,442760428,0.0,0.0
861,1521989462,442760428,0.0,0.0
862,1521989462,442760428,0.0,0.0
863,1521989462,442760428,0.0,0.0
864,1521989462,442760428,0.0,0.0
865,1521989462,442760428,0.0,0.0
866,1521989462,442760428,0.0,0.0
867,1521989462,442760428,0.0,0.0
868,1521989462,442760428,0.0,0.0
869,1521989462,442760428,0.0,0.0
870,1521989462,442760428,0.0,0.0
871,1521989462,442760428,0.0,0.0
872,1521989462,442760428,0.0,0.0
873,1521989462,442760428,0.0,0.0
874,1521989462,442760428,0.0,0.0
875,1521989466,8769225,-0.121005892754,-0.0325022116303
876,1521989466,8769225,-0.121005892754,-0.0325022116303
877,1521989466,8769225,-0.121005892754,-0.0325022116303
878,1521989466,8769225,-0.121005892754,-0.0325022116303
879,1521989466,24769718,-0.291482269764,-0.113834038377
880,1521989466,24769718,-0.291482269764,-0.113834038377
881,1521989466,24769718,-0.291482269764,-0.113834038377
882,1521989466,24769718,-0.291482269764,-0.113834038377
883,1521989466,24769718,-0.291482269764,-0.113834038377
884,1521989466,24769718,-0.291482269764,-0.113834038377
885,1521989466,48774847,-0.53675955534,-0.183477282524
886,1521989466,48774847,-0.53675955534,-0.183477282524
887,1521989466,48774847,-0.53675955534,-0.183477282524
888,1521989466,48774847,-0.53675955534,-0.183477282524
889,1521989466,64807504,-0.826288640499,-0.227698594332
890,1521989466,64807504,-0.826288640499,-0.227698594332
891,1521989466,64807504,-0.826288640499,-0.227698594332
892,1521989466,64807504,-0.826288640499,-0.227698594332
893,1521989466,64807504,-0.826288640499,-0.227698594332
894,1521989466,64807504,-0.826288640499,-0.227698594332
895,1521989466,88773802,-1.0,-0.229010894895
896,1521989466,88773802,-1.0,-0.229010894895
897,1521989466,88773802,-1.0,-0.229010894895
898,1521989466,88773802,-1.0,-0.229010894895
899,1521989466,104795113,-1.0,-0.223792225122
900,1521989466,104795113,-1.0,-0.223792225122
901,1521989466,104795113,-1.0,-0.223792225122
902,1521989466,104795113,-1.0,-0.223792225122
903,1521989466,104795113,-1.0,-0.223792225122
904,1521989466,104795113,-1.0,-0.223792225122
905,1521989466,128766039,-1.0,-0.202978610992
906,1521989466,128766039,-1.0,-0.202978610992
907,1521989466,128766039,-1.0,-0.202978610992
908,1521989466,128766039,-1.0,-0.202978610992
909,1521989466,144810903,-1.0,-0.196478158236
910,1521989466,144810903,-1.0,-0.196478158236
911,1521989466,144810903,-1.0,-0.196478158236
912,1521989466,144810903,-1.0,-0.196478158236
913,1521989466,144810903,-1.0,-0.196478158236
914,1521989466,144810903,-1.0,-0.196478158236
915,1521989466,168767446,-1.0,-0.191259503365
916,1521989466,168767446,-1.0,-0.191259503365
917,1521989466,168767446,-1.0,-0.191259503365
918,1521989466,168767446,-1.0,-0.191259503365
919,1521989466,168767446,-1.0,-0.191259503365
920,1521989466,168767446,-1.0,-0.191259503365
921,1521989466,168767446,-1.0,-0.191259503365
922,1521989466,168767446,-1.0,-0.191259503365
923,1521989466,168767446,-1.0,-0.191259503365
924,1521989466,168767446,-1.0,-0.191259503365
925,1521989466,168767446,-1.0,-0.191259503365
926,1521989466,168767446,-1.0,-0.191259503365
927,1521989466,168767446,-1.0,-0.191259503365
928,1521989466,168767446,-1.0,-0.191259503365
929,1521989466,168767446,-1.0,-0.191259503365
930,1521989466,168767446,-1.0,-0.191259503365
931,1521989466,168767446,-1.0,-0.191259503365
932,1521989466,168767446,-1.0,-0.191259503365
933,1521989466,168767446,-1.0,-0.191259503365
934,1521989466,168767446,-1.0,-0.191259503365
935,1521989466,168767446,-1.0,-0.191259503365
936,1521989466,168767446,-1.0,-0.191259503365
937,1521989466,168767446,-1.0,-0.191259503365
938,1521989466,168767446,-1.0,-0.191259503365
939,1521989466,168767446,-1.0,-0.191259503365
940,1521989466,168767446,-1.0,-0.191259503365
941,1521989466,168767446,-1.0,-0.191259503365
942,1521989466,168767446,-1.0,-0.191259503365
943,1521989466,168767446,-1.0,-0.191259503365
944,1521989466,168767446,-1.0,-0.191259503365
945,1521989466,168767446,-1.0,-0.191259503365
946,1521989466,168767446,-1.0,-0.191259503365
947,1521989466,168767446,-1.0,-0.191259503365
948,1521989466,168767446,-1.0,-0.191259503365
949,1521989466,168767446,-1.0,-0.191259503365
950,1521989466,168767446,-1.0,-0.191259503365
951,1521989466,168767446,-1.0,-0.191259503365
952,1521989466,168767446,-1.0,-0.191259503365
953,1521989466,168767446,-1.0,-0.191259503365
954,1521989466,168767446,-1.0,-0.191259503365
955,1521989466,168767446,-1.0,-0.191259503365
956,1521989466,168767446,-1.0,-0.191259503365
957,1521989466,168767446,-1.0,-0.191259503365
958,1521989466,168767446,-1.0,-0.191259503365
959,1521989466,168767446,-1.0,-0.191259503365
960,1521989466,168767446,-1.0,-0.191259503365
961,1521989466,168767446,-1.0,-0.191259503365
962,1521989466,168767446,-1.0,-0.191259503365
963,1521989466,168767446,-1.0,-0.191259503365
964,1521989466,168767446,-1.0,-0.191259503365
965,1521989466,168767446,-1.0,-0.191259503365
966,1521989466,168767446,-1.0,-0.191259503365
967,1521989466,168767446,-1.0,-0.191259503365
968,1521989466,168767446,-1.0,-0.191259503365
969,1521989466,168767446,-1.0,-0.191259503365
970,1521989466,168767446,-1.0,-0.191259503365
971,1521989466,168767446,-1.0,-0.191259503365
972,1521989466,168767446,-1.0,-0.191259503365
973,1521989466,168767446,-1.0,-0.191259503365
974,1521989466,168767446,-1.0,-0.191259503365
975,1521989466,168767446,-1.0,-0.191259503365
976,1521989466,168767446,-1.0,-0.191259503365
977,1521989466,168767446,-1.0,-0.191259503365
978,1521989466,168767446,-1.0,-0.191259503365
979,1521989466,168767446,-1.0,-0.191259503365
980,1521989466,168767446,-1.0,-0.191259503365
981,1521989466,168767446,-1.0,-0.191259503365
982,1521989466,168767446,-1.0,-0.191259503365
983,1521989466,168767446,-1.0,-0.191259503365
984,1521989466,168767446,-1.0,-0.191259503365
985,1521989466,168767446,-1.0,-0.191259503365
986,1521989466,168767446,-1.0,-0.191259503365
987,1521989466,168767446,-1.0,-0.191259503365
988,1521989466,168767446,-1.0,-0.191259503365
989,1521989466,168767446,-1.0,-0.191259503365
990,1521989466,168767446,-1.0,-0.191259503365
991,1521989466,168767446,-1.0,-0.191259503365
992,1521989466,168767446,-1.0,-0.191259503365
993,1521989466,168767446,-1.0,-0.191259503365
994,1521989466,168767446,-1.0,-0.191259503365
995,1521989466,168767446,-1.0,-0.191259503365
996,1521989466,168767446,-1.0,-0.191259503365
997,1521989466,168767446,-1.0,-0.191259503365
998,1521989466,168767446,-1.0,-0.191259503365
999,1521989466,168767446,-1.0,-0.191259503365
1000,1521989466,168767446,-1.0,-0.191259503365
1001,1521989466,168767446,-1.0,-0.191259503365
1002,1521989466,168767446,-1.0,-0.191259503365
1003,1521989466,168767446,-1.0,-0.191259503365
1004,1521989466,168767446,-1.0,-0.191259503365
1005,1521989466,168767446,-1.0,-0.191259503365
1006,1521989466,168767446,-1.0,-0.191259503365
1007,1521989466,168767446,-1.0,-0.191259503365
1008,1521989466,544780314,-1.0,-0.18930631876
1009,1521989466,544780314,-1.0,-0.18930631876
1010,1521989466,544780314,-1.0,-0.18930631876
1011,1521989466,544780314,-1.0,-0.18930631876
1012,1521989466,544780314,-1.0,-0.18930631876
1013,1521989466,544780314,-1.0,-0.18930631876
1014,1521989466,568773069,-1.0,-0.187353134155
1015,1521989466,568773069,-1.0,-0.187353134155
1016,1521989466,568773069,-1.0,-0.187353134155
1017,1521989466,568773069,-1.0,-0.187353134155
1018,1521989466,584803892,-1.0,-0.186071351171
1019,1521989466,584803892,-1.0,-0.186071351171
1020,1521989466,584803892,-1.0,-0.186071351171
1021,1521989466,584803892,-1.0,-0.186071351171
1022,1521989466,584803892,-1.0,-0.186071351171
1023,1521989466,584803892,-1.0,-0.186071351171
1024,1521989466,608767948,-1.0,-0.184118166566
1025,1521989466,608767948,-1.0,-0.184118166566
1026,1521989466,608767948,-1.0,-0.184118166566
1027,1521989466,608767948,-1.0,-0.184118166566
1028,1521989466,624785385,-1.0,-0.182805866003
1029,1521989466,624785385,-1.0,-0.182805866003
1030,1521989466,624785385,-1.0,-0.182805866003
1031,1521989466,624785385,-1.0,-0.182805866003
1032,1521989466,624785385,-1.0,-0.182805866003
1033,1521989466,624785385,-1.0,-0.182805866003
1034,1521989466,648773497,-1.0,-0.181524097919
1035,1521989466,648773497,-1.0,-0.181524097919
1036,1521989466,648773497,-1.0,-0.181524097919
1037,1521989466,648773497,-1.0,-0.181524097919
1038,1521989466,648773497,-1.0,-0.181524097919
1039,1521989466,648773497,-1.0,-0.181524097919
1040,1521989466,648773497,-1.0,-0.181524097919
1041,1521989466,648773497,-1.0,-0.181524097919
1042,1521989466,648773497,-1.0,-0.181524097919
1043,1521989466,648773497,-1.0,-0.181524097919
1044,1521989466,688768421,-1.0,-0.180211797357
1045,1521989466,688768421,-1.0,-0.180211797357
1046,1521989466,688768421,-1.0,-0.180211797357
1047,1521989466,688768421,-1.0,-0.180211797357
1048,1521989466,704812772,-1.0,-0.178258612752
1049,1521989466,704812772,-1.0,-0.178258612752
1050,1521989466,704812772,-1.0,-0.178258612752
1051,1521989466,704812772,-1.0,-0.178258612752
1052,1521989466,704812772,-1.0,-0.178258612752
1053,1521989466,704812772,-1.0,-0.178258612752
1054,1521989466,728767750,-1.0,-0.176305428147
1055,1521989466,728767750,-1.0,-0.176305428147
1056,1521989466,728767750,-1.0,-0.176305428147
1057,1521989466,728767750,-1.0,-0.176305428147
1058,1521989466,744782649,-1.0,-0.174993127584
1059,1521989466,744782649,-1.0,-0.174993127584
1060,1521989466,744782649,-1.0,-0.174993127584
1061,1521989466,744782649,-1.0,-0.174993127584
1062,1521989466,744782649,-1.0,-0.174993127584
1063,1521989466,744782649,-1.0,-0.174993127584
1064,1521989466,768771445,-1.0,-0.173711359501
1065,1521989466,768771445,-1.0,-0.173711359501
1066,1521989466,768771445,-1.0,-0.173711359501
1067,1521989466,768771445,-1.0,-0.173711359501
1068,1521989466,768771445,-1.0,-0.173711359501
1069,1521989466,768771445,-1.0,-0.173711359501
1070,1521989466,768771445,-1.0,-0.173711359501
1071,1521989466,768771445,-1.0,-0.173711359501
1072,1521989466,768771445,-1.0,-0.173711359501
1073,1521989466,768771445,-1.0,-0.173711359501
1074,1521989466,768771445,-1.0,-0.173711359501
1075,1521989466,768771445,-1.0,-0.173711359501
1076,1521989466,768771445,-1.0,-0.173711359501
1077,1521989466,768771445,-1.0,-0.173711359501
1078,1521989466,824801732,-1.0,-0.172399058938
1079,1521989466,824801732,-1.0,-0.172399058938
1080,1521989466,824801732,-1.0,-0.172399058938
1081,1521989466,824801732,-1.0,-0.172399058938
1082,1521989466,824801732,-1.0,-0.172399058938
1083,1521989466,824801732,-1.0,-0.172399058938
1084,1521989466,848769975,-1.0,-0.171117275953
1085,1521989466,848769975,-1.0,-0.171117275953
1086,1521989466,848769975,-1.0,-0.171117275953
1087,1521989466,848769975,-1.0,-0.171117275953
1088,1521989466,864789679,-1.0,-0.169164091349
1089,1521989466,864789679,-1.0,-0.169164091349
1090,1521989466,864789679,-1.0,-0.169164091349
1091,1521989466,864789679,-1.0,-0.169164091349
1092,1521989466,864789679,-1.0,-0.169164091349
1093,1521989466,864789679,-1.0,-0.169164091349
1094,1521989466,888767866,-1.0,-0.166539505124
1095,1521989466,888767866,-1.0,-0.166539505124
1096,1521989466,888767866,-1.0,-0.166539505124
1097,1521989466,888767866,-1.0,-0.166539505124
1098,1521989466,904791313,-1.0,-0.160039067268
1099,1521989466,904791313,-1.0,-0.160039067268
1100,1521989466,904791313,-1.0,-0.160039067268
1101,1521989466,904791313,-1.0,-0.160039067268
1102,1521989466,904791313,-1.0,-0.160039067268
1103,1521989466,904791313,-1.0,-0.160039067268
1104,1521989466,928767727,-1.0,-0.151585429907
1105,1521989466,928767727,-1.0,-0.151585429907
1106,1521989466,928767727,-1.0,-0.151585429907
1107,1521989466,928767727,-1.0,-0.151585429907
1108,1521989466,944812902,-1.0,-0.130771815777
1109,1521989466,944812902,-1.0,-0.130771815777
1110,1521989466,944812902,-1.0,-0.130771815777
1111,1521989466,944812902,-1.0,-0.130771815777
1112,1521989466,944812902,-1.0,-0.130771815777
1113,1521989466,944812902,-1.0,-0.130771815777
1114,1521989466,968769087,-1.0,-0.1235999614
1115,1521989466,968769087,-1.0,-0.1235999614
1116,1521989466,968769087,-1.0,-0.1235999614
1117,1521989466,968769087,-1.0,-0.1235999614
1118,1521989466,984780805,-1.0,-0.100833155215
1119,1521989466,984780805,-1.0,-0.100833155215
1120,1521989466,984780805,-1.0,-0.100833155215
1121,1521989466,984780805,-1.0,-0.100833155215
1122,1521989466,984780805,-1.0,-0.100833155215
1123,1521989466,984780805,-1.0,-0.100833155215
1124,1521989467,8769596,-1.0,-0.0787072330713
1125,1521989467,8769596,-1.0,-0.0787072330713
1126,1521989467,8769596,-1.0,-0.0787072330713
1127,1521989467,8769596,-1.0,-0.0787072330713
1128,1521989467,24792491,-1.0,-0.0526749491692
1129,1521989467,24792491,-1.0,-0.0526749491692
1130,1521989467,24792491,-1.0,-0.0526749491692
1131,1521989467,24792491,-1.0,-0.0526749491692
1132,1521989467,24792491,-1.0,-0.0526749491692
1133,1521989467,24792491,-1.0,-0.0526749491692
1134,1521989467,48769534,-0.994811832905,-0.0195013284683
1135,1521989467,48769534,-0.994811832905,-0.0195013284683
1136,1521989467,48769534,-0.994811832905,-0.0195013284683
1137,1521989467,48769534,-0.994811832905,-0.0195013284683
1138,1521989467,64802716,-0.89199501276,-0.0
1139,1521989467,64802716,-0.89199501276,-0.0
1140,1521989467,64802716,-0.89199501276,-0.0
1141,1521989467,64802716,-0.89199501276,-0.0
1142,1521989467,64802716,-0.89199501276,-0.0
1143,1521989467,64802716,-0.89199501276,-0.0
1144,1521989467,88772798,-0.778801858425,-0.0
1145,1521989467,88772798,-0.778801858425,-0.0
1146,1521989467,88772798,-0.778801858425,-0.0
1147,1521989467,88772798,-0.778801858425,-0.0
1148,1521989467,104778621,-0.655171334743,-0.0
1149,1521989467,104778621,-0.655171334743,-0.0
1150,1521989467,104778621,-0.655171334743,-0.0
1151,1521989467,104778621,-0.655171334743,-0.0
1152,1521989467,104778621,-0.655171334743,-0.0
1153,1521989467,104778621,-0.655171334743,-0.0
1154,1521989467,128772134,-0.512039542198,-0.0
1155,1521989467,128772134,-0.512039542198,-0.0
1156,1521989467,128772134,-0.512039542198,-0.0
1157,1521989467,128772134,-0.512039542198,-0.0
1158,1521989467,144788426,-0.31815546751,-0.0
1159,1521989467,144788426,-0.31815546751,-0.0
1160,1521989467,144788426,-0.31815546751,-0.0
1161,1521989467,144788426,-0.31815546751,-0.0
1162,1521989467,144788426,-0.31815546751,-0.0
1163,1521989467,144788426,-0.31815546751,-0.0
1164,1521989467,168772060,-0.120365001261,-0.0
1165,1521989467,168772060,-0.120365001261,-0.0
1166,1521989467,168772060,-0.120365001261,-0.0
1167,1521989467,168772060,-0.120365001261,-0.0
1168,1521989467,184770941,-0.0,-0.0
1169,1521989467,184770941,-0.0,-0.0
1170,1521989467,184770941,-0.0,-0.0
1171,1521989467,184770941,-0.0,-0.0
1172,1521989467,184770941,-0.0,-0.0
1173,1521989467,184770941,-0.0,-0.0
1174,1521989467,184770941,-0.0,-0.0
1175,1521989467,184770941,-0.0,-0.0
1176,1521989467,184770941,-0.0,-0.0
1177,1521989467,184770941,-0.0,-0.0
1178,1521989467,184770941,-0.0,-0.0
1179,1521989467,184770941,-0.0,-0.0
1180,1521989467,184770941,-0.0,-0.0
1181,1521989467,184770941,-0.0,-0.0
1182,1521989467,184770941,-0.0,-0.0
1183,1521989467,184770941,-0.0,-0.0
1184,1521989467,184770941,-0.0,-0.0
1185,1521989467,184770941,-0.0,-0.0
1186,1521989467,184770941,-0.0,-0.0
1187,1521989467,184770941,-0.0,-0.0
1188,1521989467,184770941,-0.0,-0.0
1189,1521989467,184770941,-0.0,-0.0
1190,1521989467,184770941,-0.0,-0.0
1191,1521989467,184770941,-0.0,-0.0
1192,1521989467,184770941,-0.0,-0.0
1193,1521989467,184770941,-0.0,-0.0
1194,1521989467,184770941,-0.0,-0.0
1195,1521989467,184770941,-0.0,-0.0
1196,1521989467,184770941,-0.0,-0.0
1197,1521989467,184770941,-0.0,-0.0
1198,1521989467,184770941,-0.0,-0.0
1199,1521989467,184770941,-0.0,-0.0
1200,1521989467,184770941,-0.0,-0.0
1201,1521989467,184770941,-0.0,-0.0
1202,1521989467,184770941,-0.0,-0.0
1203,1521989467,184770941,-0.0,-0.0
1204,1521989467,184770941,-0.0,-0.0
1205,1521989467,184770941,-0.0,-0.0
1206,1521989467,184770941,-0.0,-0.0
1207,1521989467,184770941,-0.0,-0.0
1208,1521989467,184770941,-0.0,-0.0
1209,1521989467,184770941,-0.0,-0.0
1210,1521989467,184770941,-0.0,-0.0
1211,1521989467,184770941,-0.0,-0.0
1212,1521989467,184770941,-0.0,-0.0
1213,1521989467,184770941,-0.0,-0.0
1214,1521989467,184770941,-0.0,-0.0
1215,1521989467,184770941,-0.0,-0.0
1216,1521989467,184770941,-0.0,-0.0
1217,1521989467,184770941,-0.0,-0.0
1218,1521989467,184770941,-0.0,-0.0
1219,1521989467,184770941,-0.0,-0.0
1220,1521989467,184770941,-0.0,-0.0
1221,1521989467,184770941,-0.0,-0.0
1222,1521989467,184770941,-0.0,-0.0
1223,1521989467,184770941,-0.0,-0.0
1224,1521989467,184770941,-0.0,-0.0
1225,1521989467,184770941,-0.0,-0.0
1226,1521989467,184770941,-0.0,-0.0
1227,1521989467,184770941,-0.0,-0.0
1228,1521989467,184770941,-0.0,-0.0
1229,1521989467,184770941,-0.0,-0.0
1230,1521989467,184770941,-0.0,-0.0
1231,1521989467,184770941,-0.0,-0.0
1232,1521989467,184770941,-0.0,-0.0
1233,1521989467,184770941,-0.0,-0.0
1234,1521989467,184770941,-0.0,-0.0
1235,1521989467,184770941,-0.0,-0.0
1236,1521989467,184770941,-0.0,-0.0
1237,1521989467,184770941,-0.0,-0.0
1238,1521989467,184770941,-0.0,-0.0
1239,1521989467,184770941,-0.0,-0.0
1240,1521989467,184770941,-0.0,-0.0
1241,1521989467,184770941,-0.0,-0.0
1242,1521989467,184770941,-0.0,-0.0
1243,1521989467,184770941,-0.0,-0.0
1244,1521989467,184770941,-0.0,-0.0
1245,1521989467,184770941,-0.0,-0.0
1246,1521989467,184770941,-0.0,-0.0
1247,1521989467,184770941,-0.0,-0.0
1248,1521989467,184770941,-0.0,-0.0
1249,1521989467,184770941,-0.0,-0.0
1250,1521989467,184770941,-0.0,-0.0
1251,1521989467,184770941,-0.0,-0.0
1252,1521989467,184770941,-0.0,-0.0
1253,1521989467,184770941,-0.0,-0.0
1254,1521989467,184770941,-0.0,-0.0
1255,1521989467,184770941,-0.0,-0.0
1256,1521989467,184770941,-0.0,-0.0
1257,1521989467,184770941,-0.0,-0.0
1258,1521989467,184770941,-0.0,-0.0
1259,1521989467,184770941,-0.0,-0.0
1260,1521989467,184770941,-0.0,-0.0
1261,1521989467,184770941,-0.0,-0.0
1262,1521989467,184770941,-0.0,-0.0
1263,1521989467,184770941,-0.0,-0.0
1264,1521989467,184770941,-0.0,-0.0
1265,1521989467,184770941,-0.0,-0.0
1266,1521989467,184770941,-0.0,-0.0
1267,1521989467,184770941,-0.0,-0.0
1268,1521989467,184770941,-0.0,-0.0
1269,1521989467,184770941,-0.0,-0.0
1270,1521989467,184770941,-0.0,-0.0
1271,1521989467,184770941,-0.0,-0.0
1272,1521989467,184770941,-0.0,-0.0
1273,1521989467,184770941,-0.0,-0.0
1274,1521989467,184770941,-0.0,-0.0
1275,1521989467,184770941,-0.0,-0.0
1276,1521989467,184770941,-0.0,-0.0
1277,1521989467,184770941,-0.0,-0.0
1278,1521989467,184770941,-0.0,-0.0
1279,1521989467,184770941,-0.0,-0.0
1280,1521989467,184770941,-0.0,-0.0
1281,1521989467,184770941,-0.0,-0.0
1282,1521989467,184770941,-0.0,-0.0
1283,1521989467,184770941,-0.0,-0.0
1284,1521989467,184770941,-0.0,-0.0
1285,1521989467,184770941,-0.0,-0.0
1286,1521989467,184770941,-0.0,-0.0
1287,1521989467,184770941,-0.0,-0.0
1288,1521989467,184770941,-0.0,-0.0
1289,1521989467,184770941,-0.0,-0.0
1290,1521989467,184770941,-0.0,-0.0
1291,1521989467,184770941,-0.0,-0.0
1292,1521989467,184770941,-0.0,-0.0
1293,1521989467,184770941,-0.0,-0.0
1294,1521989467,184770941,-0.0,-0.0
1295,1521989467,184770941,-0.0,-0.0
1296,1521989467,184770941,-0.0,-0.0
1297,1521989467,184770941,-0.0,-0.0
1298,1521989467,184770941,-0.0,-0.0
1299,1521989467,184770941,-0.0,-0.0
1300,1521989467,184770941,-0.0,-0.0
1301,1521989467,184770941,-0.0,-0.0
1302,1521989467,184770941,-0.0,-0.0
1303,1521989467,184770941,-0.0,-0.0
1304,1521989467,184770941,-0.0,-0.0
1305,1521989467,184770941,-0.0,-0.0
1306,1521989467,184770941,-0.0,-0.0
1307,1521989467,184770941,-0.0,-0.0
1308,1521989467,184770941,-0.0,-0.0
1309,1521989467,184770941,-0.0,-0.0
1310,1521989467,184770941,-0.0,-0.0
1311,1521989467,184770941,-0.0,-0.0
1312,1521989467,184770941,-0.0,-0.0
1313,1521989467,184770941,-0.0,-0.0
1314,1521989467,184770941,-0.0,-0.0
1315,1521989467,184770941,-0.0,-0.0
1316,1521989467,184770941,-0.0,-0.0
1317,1521989467,184770941,-0.0,-0.0
1318,1521989467,184770941,-0.0,-0.0
1319,1521989467,184770941,-0.0,-0.0
1320,1521989467,184770941,-0.0,-0.0
1321,1521989467,184770941,-0.0,-0.0
1322,1521989467,184770941,-0.0,-0.0
1323,1521989467,184770941,-0.0,-0.0
1324,1521989467,184770941,-0.0,-0.0
1325,1521989467,184770941,-0.0,-0.0
1326,1521989467,184770941,-0.0,-0.0
1327,1521989467,184770941,-0.0,-0.0
1328,1521989467,184770941,-0.0,-0.0
1329,1521989467,184770941,-0.0,-0.0
1330,1521989467,184770941,-0.0,-0.0
1331,1521989467,184770941,-0.0,-0.0
1332,1521989467,184770941,-0.0,-0.0
1333,1521989467,184770941,-0.0,-0.0
1334,1521989467,184770941,-0.0,-0.0
1335,1521989467,184770941,-0.0,-0.0
1336,1521989467,184770941,-0.0,-0.0
1337,1521989467,184770941,-0.0,-0.0
1338,1521989467,184770941,-0.0,-0.0
1339,1521989467,184770941,-0.0,-0.0
1340,1521989467,184770941,-0.0,-0.0
1341,1521989467,184770941,-0.0,-0.0
1342,1521989467,184770941,-0.0,-0.0
1343,1521989467,184770941,-0.0,-0.0
1344,1521989467,184770941,-0.0,-0.0
1345,1521989467,184770941,-0.0,-0.0
1346,1521989467,184770941,-0.0,-0.0
1347,1521989467,184770941,-0.0,-0.0
1348,1521989467,184770941,-0.0,-0.0
1349,1521989467,184770941,-0.0,-0.0
1350,1521989467,184770941,-0.0,-0.0
1351,1521989467,184770941,-0.0,-0.0
1352,1521989467,184770941,-0.0,-0.0
1353,1521989467,184770941,-0.0,-0.0
1354,1521989467,184770941,-0.0,-0.0
1355,1521989467,184770941,-0.0,-0.0
1356,1521989467,184770941,-0.0,-0.0
1357,1521989467,184770941,-0.0,-0.0
1358,1521989467,184770941,-0.0,-0.0
1359,1521989467,184770941,-0.0,-0.0
1360,1521989467,184770941,-0.0,-0.0
1361,1521989467,184770941,-0.0,-0.0
1362,1521989467,184770941,-0.0,-0.0
1363,1521989467,184770941,-0.0,-0.0
1364,1521989467,184770941,-0.0,-0.0
1365,1521989467,184770941,-0.0,-0.0
1366,1521989467,184770941,-0.0,-0.0
1367,1521989467,184770941,-0.0,-0.0
1368,1521989467,184770941,-0.0,-0.0
1369,1521989467,184770941,-0.0,-0.0
1370,1521989467,184770941,-0.0,-0.0
1371,1521989467,184770941,-0.0,-0.0
1372,1521989467,184770941,-0.0,-0.0
1373,1521989467,184770941,-0.0,-0.0
1374,1521989467,184770941,-0.0,-0.0
1375,1521989467,184770941,-0.0,-0.0
1376,1521989467,184770941,-0.0,-0.0
1377,1521989467,184770941,-0.0,-0.0
1378,1521989467,184770941,-0.0,-0.0
1379,1521989467,184770941,-0.0,-0.0
1380,1521989467,184770941,-0.0,-0.0
1381,1521989467,184770941,-0.0,-0.0
1382,1521989467,184770941,-0.0,-0.0
1383,1521989467,184770941,-0.0,-0.0
1384,1521989467,184770941,-0.0,-0.0
1385,1521989467,184770941,-0.0,-0.0
1386,1521989467,184770941,-0.0,-0.0
1387,1521989467,184770941,-0.0,-0.0
1388,1521989467,184770941,-0.0,-0.0
1389,1521989467,184770941,-0.0,-0.0
1390,1521989467,184770941,-0.0,-0.0
1391,1521989467,184770941,-0.0,-0.0
1392,1521989467,184770941,-0.0,-0.0
1393,1521989467,184770941,-0.0,-0.0
1394,1521989467,184770941,-0.0,-0.0
1395,1521989467,184770941,-0.0,-0.0
1396,1521989467,184770941,-0.0,-0.0
1397,1521989467,184770941,-0.0,-0.0
1398,1521989467,184770941,-0.0,-0.0
1399,1521989467,184770941,-0.0,-0.0
1400,1521989467,184770941,-0.0,-0.0
1401,1521989467,184770941,-0.0,-0.0
1402,1521989467,184770941,-0.0,-0.0
1403,1521989467,184770941,-0.0,-0.0
1404,1521989467,184770941,-0.0,-0.0
1405,1521989467,184770941,-0.0,-0.0
1406,1521989467,184770941,-0.0,-0.0
1407,1521989467,184770941,-0.0,-0.0
1408,1521989467,184770941,-0.0,-0.0
1409,1521989467,184770941,-0.0,-0.0
1410,1521989467,184770941,-0.0,-0.0
1411,1521989467,184770941,-0.0,-0.0
1412,1521989467,184770941,-0.0,-0.0
1413,1521989467,184770941,-0.0,-0.0
1414,1521989467,184770941,-0.0,-0.0
1415,1521989467,184770941,-0.0,-0.0
1416,1521989467,184770941,-0.0,-0.0
1417,1521989467,184770941,-0.0,-0.0
1418,1521989467,184770941,-0.0,-0.0
1419,1521989467,184770941,-0.0,-0.0
1420,1521989467,184770941,-0.0,-0.0
1421,1521989467,184770941,-0.0,-0.0
1422,1521989467,184770941,-0.0,-0.0
1423,1521989467,184770941,-0.0,-0.0
1424,1521989467,184770941,-0.0,-0.0
1425,1521989467,184770941,-0.0,-0.0
1426,1521989467,184770941,-0.0,-0.0
1427,1521989467,184770941,-0.0,-0.0
1428,1521989467,184770941,-0.0,-0.0
1429,1521989467,184770941,-0.0,-0.0
1430,1521989467,184770941,-0.0,-0.0
1431,1521989467,184770941,-0.0,-0.0
1432,1521989467,184770941,-0.0,-0.0
1433,1521989467,184770941,-0.0,-0.0
1434,1521989467,184770941,-0.0,-0.0
1435,1521989467,184770941,-0.0,-0.0
1436,1521989467,184770941,-0.0,-0.0
1437,1521989467,184770941,-0.0,-0.0
1438,1521989467,184770941,-0.0,-0.0
1439,1521989467,184770941,-0.0,-0.0
1440,1521989467,184770941,-0.0,-0.0
1441,1521989467,184770941,-0.0,-0.0
1442,1521989467,184770941,-0.0,-0.0
1443,1521989467,184770941,-0.0,-0.0
1444,1521989467,184770941,-0.0,-0.0
1445,1521989467,184770941,-0.0,-0.0
1446,1521989467,184770941,-0.0,-0.0
1447,1521989467,184770941,-0.0,-0.0
1448,1521989467,184770941,-0.0,-0.0
1449,1521989467,184770941,-0.0,-0.0
1450,1521989467,184770941,-0.0,-0.0
1451,1521989467,184770941,-0.0,-0.0
1452,1521989467,184770941,-0.0,-0.0
1453,1521989467,184770941,-0.0,-0.0
1454,1521989467,184770941,-0.0,-0.0
1455,1521989467,184770941,-0.0,-0.0
1456,1521989467,184770941,-0.0,-0.0
1457,1521989467,184770941,-0.0,-0.0
1458,1521989467,184770941,-0.0,-0.0
1459,1521989467,184770941,-0.0,-0.0
1460,1521989467,184770941,-0.0,-0.0
1461,1521989467,184770941,-0.0,-0.0
1462,1521989467,184770941,-0.0,-0.0
1463,1521989467,184770941,-0.0,-0.0
1464,1521989467,184770941,-0.0,-0.0
1465,1521989467,184770941,-0.0,-0.0
1466,1521989467,184770941,-0.0,-0.0
1467,1521989467,184770941,-0.0,-0.0
1468,1521989467,184770941,-0.0,-0.0
1469,1521989467,184770941,-0.0,-0.0
1470,1521989467,184770941,-0.0,-0.0
1471,1521989467,184770941,-0.0,-0.0
1472,1521989467,184770941,-0.0,-0.0
1473,1521989467,184770941,-0.0,-0.0
1474,1521989467,184770941,-0.0,-0.0
1475,1521989467,184770941,-0.0,-0.0
1476,1521989467,184770941,-0.0,-0.0
1477,1521989467,184770941,-0.0,-0.0
1478,1521989467,184770941,-0.0,-0.0
1479,1521989467,184770941,-0.0,-0.0
1480,1521989467,184770941,-0.0,-0.0
1481,1521989467,184770941,-0.0,-0.0
1482,1521989467,184770941,-0.0,-0.0
1483,1521989467,184770941,-0.0,-0.0
1484,1521989467,184770941,-0.0,-0.0
1485,1521989467,184770941,-0.0,-0.0
1486,1521989467,184770941,-0.0,-0.0
1487,1521989467,184770941,-0.0,-0.0
1488,1521989467,184770941,-0.0,-0.0
1489,1521989467,184770941,-0.0,-0.0
1490,1521989467,184770941,-0.0,-0.0
1491,1521989467,184770941,-0.0,-0.0
1492,1521989467,184770941,-0.0,-0.0
1493,1521989467,184770941,-0.0,-0.0
1494,1521989467,184770941,-0.0,-0.0
1495,1521989467,184770941,-0.0,-0.0
1496,1521989467,184770941,-0.0,-0.0
1497,1521989467,184770941,-0.0,-0.0
1498,1521989467,184770941,-0.0,-0.0
1499,1521989467,184770941,-0.0,-0.0
1500,1521989467,184770941,-0.0,-0.0
1501,1521989467,184770941,-0.0,-0.0
1502,1521989467,184770941,-0.0,-0.0
1503,1521989467,184770941,-0.0,-0.0
1504,1521989467,184770941,-0.0,-0.0
1505,1521989467,184770941,-0.0,-0.0
1506,1521989467,184770941,-0.0,-0.0
1507,1521989467,184770941,-0.0,-0.0
1508,1521989467,184770941,-0.0,-0.0
1509,1521989467,184770941,-0.0,-0.0
1510,1521989467,184770941,-0.0,-0.0
1511,1521989467,184770941,-0.0,-0.0
1512,1521989467,184770941,-0.0,-0.0
1513,1521989467,184770941,-0.0,-0.0
1514,1521989467,184770941,-0.0,-0.0
1515,1521989467,184770941,-0.0,-0.0
1516,1521989467,184770941,-0.0,-0.0
1517,1521989467,184770941,-0.0,-0.0
1518,1521989467,184770941,-0.0,-0.0
1519,1521989467,184770941,-0.0,-0.0
1520,1521989467,184770941,-0.0,-0.0
1521,1521989467,184770941,-0.0,-0.0
1522,1521989467,184770941,-0.0,-0.0
1523,1521989467,184770941,-0.0,-0.0
1524,1521989467,184770941,-0.0,-0.0
1525,1521989467,184770941,-0.0,-0.0
1526,1521989467,184770941,-0.0,-0.0
1527,1521989467,184770941,-0.0,-0.0
1528,1521989467,184770941,-0.0,-0.0
1529,1521989467,184770941,-0.0,-0.0
1530,1521989467,184770941,-0.0,-0.0
1531,1521989467,184770941,-0.0,-0.0
1532,1521989467,184770941,-0.0,-0.0
1533,1521989467,184770941,-0.0,-0.0
1534,1521989467,184770941,-0.0,-0.0
1535,1521989467,184770941,-0.0,-0.0
1536,1521989467,184770941,-0.0,-0.0
1537,1521989467,184770941,-0.0,-0.0
1538,1521989467,184770941,-0.0,-0.0
1539,1521989467,184770941,-0.0,-0.0
1540,1521989467,184770941,-0.0,-0.0
1541,1521989467,184770941,-0.0,-0.0
1542,1521989467,184770941,-0.0,-0.0
1543,1521989467,184770941,-0.0,-0.0
1544,1521989467,184770941,-0.0,-0.0
1545,1521989467,184770941,-0.0,-0.0
1546,1521989467,184770941,-0.0,-0.0
1547,1521989467,184770941,-0.0,-0.0
1548,1521989467,184770941,-0.0,-0.0
1549,1521989467,184770941,-0.0,-0.0
1550,1521989467,184770941,-0.0,-0.0
1551,1521989467,184770941,-0.0,-0.0
1552,1521989467,184770941,-0.0,-0.0
1553,1521989467,184770941,-0.0,-0.0
1554,1521989467,184770941,-0.0,-0.0
1555,1521989467,184770941,-0.0,-0.0
1556,1521989467,184770941,-0.0,-0.0
1557,1521989467,184770941,-0.0,-0.0
1558,1521989467,184770941,-0.0,-0.0
1559,1521989467,184770941,-0.0,-0.0
1560,1521989467,184770941,-0.0,-0.0
1561,1521989467,184770941,-0.0,-0.0
1562,1521989467,184770941,-0.0,-0.0
1563,1521989467,184770941,-0.0,-0.0
1564,1521989467,184770941,-0.0,-0.0
1565,1521989467,184770941,-0.0,-0.0
1566,1521989467,184770941,-0.0,-0.0
1567,1521989467,184770941,-0.0,-0.0
1568,1521989467,184770941,-0.0,-0.0
1569,1521989467,184770941,-0.0,-0.0
1570,1521989467,184770941,-0.0,-0.0
1571,1521989467,184770941,-0.0,-0.0
1572,1521989467,184770941,-0.0,-0.0
1573,1521989467,184770941,-0.0,-0.0
1574,1521989467,184770941,-0.0,-0.0
1575,1521989467,184770941,-0.0,-0.0
1576,1521989467,184770941,-0.0,-0.0
1577,1521989467,184770941,-0.0,-0.0
1578,1521989467,184770941,-0.0,-0.0
1579,1521989467,184770941,-0.0,-0.0
1580,1521989467,184770941,-0.0,-0.0
1581,1521989467,184770941,-0.0,-0.0
1582,1521989467,184770941,-0.0,-0.0
1583,1521989467,184770941,-0.0,-0.0
1584,1521989467,184770941,-0.0,-0.0
1585,1521989467,184770941,-0.0,-0.0
1586,1521989467,184770941,-0.0,-0.0
1587,1521989467,184770941,-0.0,-0.0
1588,1521989467,184770941,-0.0,-0.0
1589,1521989467,184770941,-0.0,-0.0
1590,1521989467,184770941,-0.0,-0.0
1591,1521989467,184770941,-0.0,-0.0
1592,1521989467,184770941,-0.0,-0.0
1593,1521989467,184770941,-0.0,-0.0
1594,1521989467,184770941,-0.0,-0.0
1595,1521989467,184770941,-0.0,-0.0
1596,1521989467,184770941,-0.0,-0.0
1597,1521989467,184770941,-0.0,-0.0
1598,1521989467,184770941,-0.0,-0.0
1599,1521989467,184770941,-0.0,-0.0
1600,1521989467,184770941,-0.0,-0.0
1601,1521989467,184770941,-0.0,-0.0
1602,1521989467,184770941,-0.0,-0.0
1603,1521989467,184770941,-0.0,-0.0
1604,1521989467,184770941,-0.0,-0.0
1605,1521989467,184770941,-0.0,-0.0
1606,1521989467,184770941,-0.0,-0.0
1607,1521989467,184770941,-0.0,-0.0
1608,1521989467,184770941,-0.0,-0.0
1609,1521989467,184770941,-0.0,-0.0
1610,1521989467,184770941,-0.0,-0.0
1611,1521989467,184770941,-0.0,-0.0
1612,1521989467,184770941,-0.0,-0.0
1613,1521989467,184770941,-0.0,-0.0
1614,1521989467,184770941,-0.0,-0.0
1615,1521989467,184770941,-0.0,-0.0
1616,1521989467,184770941,-0.0,-0.0
1617,1521989467,184770941,-0.0,-0.0
1618,1521989467,184770941,-0.0,-0.0
1619,1521989467,184770941,-0.0,-0.0
1620,1521989467,184770941,-0.0,-0.0
1621,1521989467,184770941,-0.0,-0.0
1622,1521989467,184770941,-0.0,-0.0
1623,1521989467,184770941,-0.0,-0.0
1624,1521989467,184770941,-0.0,-0.0
1625,1521989467,184770941,-0.0,-0.0
1626,1521989467,184770941,-0.0,-0.0
1627,1521989467,184770941,-0.0,-0.0
1628,1521989467,184770941,-0.0,-0.0
1629,1521989467,184770941,-0.0,-0.0
1630,1521989467,184770941,-0.0,-0.0
1631,1521989467,184770941,-0.0,-0.0
1632,1521989467,184770941,-0.0,-0.0
1633,1521989467,184770941,-0.0,-0.0
1634,1521989467,184770941,-0.0,-0.0
1635,1521989467,184770941,-0.0,-0.0
1636,1521989467,184770941,-0.0,-0.0
1637,1521989467,184770941,-0.0,-0.0
1638,1521989467,184770941,-0.0,-0.0
1639,1521989467,184770941,-0.0,-0.0
1640,1521989467,184770941,-0.0,-0.0
1641,1521989467,184770941,-0.0,-0.0
1642,1521989467,184770941,-0.0,-0.0
1643,1521989467,184770941,-0.0,-0.0
1644,1521989467,184770941,-0.0,-0.0
1645,1521989467,184770941,-0.0,-0.0
1646,1521989467,184770941,-0.0,-0.0
1647,1521989467,184770941,-0.0,-0.0
1648,1521989467,184770941,-0.0,-0.0
1649,1521989467,184770941,-0.0,-0.0
1650,1521989467,184770941,-0.0,-0.0
1651,1521989467,184770941,-0.0,-0.0
1652,1521989467,184770941,-0.0,-0.0
1653,1521989467,184770941,-0.0,-0.0
1654,1521989467,184770941,-0.0,-0.0
1655,1521989467,184770941,-0.0,-0.0
1656,1521989467,184770941,-0.0,-0.0
1657,1521989467,184770941,-0.0,-0.0
1658,1521989467,184770941,-0.0,-0.0
1659,1521989467,184770941,-0.0,-0.0
1660,1521989467,184770941,-0.0,-0.0
1661,1521989467,184770941,-0.0,-0.0
1662,1521989467,184770941,-0.0,-0.0
1663,1521989467,184770941,-0.0,-0.0
1664,1521989467,184770941,-0.0,-0.0
1665,1521989467,184770941,-0.0,-0.0
1666,1521989467,184770941,-0.0,-0.0
1667,1521989467,184770941,-0.0,-0.0
1668,1521989467,184770941,-0.0,-0.0
1669,1521989467,184770941,-0.0,-0.0
1670,1521989467,184770941,-0.0,-0.0
1671,1521989467,184770941,-0.0,-0.0
1672,1521989467,184770941,-0.0,-0.0
1673,1521989467,184770941,-0.0,-0.0
1674,1521989467,184770941,-0.0,-0.0
1675,1521989467,184770941,-0.0,-0.0
1676,1521989467,184770941,-0.0,-0.0
1677,1521989467,184770941,-0.0,-0.0
1678,1521989467,184770941,-0.0,-0.0
1679,1521989467,184770941,-0.0,-0.0
1680,1521989467,184770941,-0.0,-0.0
1681,1521989467,184770941,-0.0,-0.0
1682,1521989467,184770941,-0.0,-0.0
1683,1521989467,184770941,-0.0,-0.0
1684,1521989467,184770941,-0.0,-0.0
1685,1521989467,184770941,-0.0,-0.0
1686,1521989467,184770941,-0.0,-0.0
1687,1521989467,184770941,-0.0,-0.0
1688,1521989467,184770941,-0.0,-0.0
1689,1521989467,184770941,-0.0,-0.0
1690,1521989467,184770941,-0.0,-0.0
1691,1521989467,184770941,-0.0,-0.0
1692,1521989467,184770941,-0.0,-0.0
1693,1521989467,184770941,-0.0,-0.0
1694,1521989467,184770941,-0.0,-0.0
1695,1521989467,184770941,-0.0,-0.0
1696,1521989467,184770941,-0.0,-0.0
1697,1521989467,184770941,-0.0,-0.0
1698,1521989467,184770941,-0.0,-0.0
1699,1521989467,184770941,-0.0,-0.0
1700,1521989467,184770941,-0.0,-0.0
1701,1521989467,184770941,-0.0,-0.0
1702,1521989467,184770941,-0.0,-0.0
1703,1521989467,184770941,-0.0,-0.0
1704,1521989467,184770941,-0.0,-0.0
1705,1521989467,184770941,-0.0,-0.0
1706,1521989467,184770941,-0.0,-0.0
1707,1521989467,184770941,-0.0,-0.0
1708,1521989467,184770941,-0.0,-0.0
1709,1521989467,184770941,-0.0,-0.0
1710,1521989467,184770941,-0.0,-0.0
1711,1521989467,184770941,-0.0,-0.0
1712,1521989467,184770941,-0.0,-0.0
1713,1521989467,184770941,-0.0,-0.0
1714,1521989467,184770941,-0.0,-0.0
1715,1521989467,184770941,-0.0,-0.0
1716,1521989467,184770941,-0.0,-0.0
1717,1521989467,184770941,-0.0,-0.0
1718,1521989467,184770941,-0.0,-0.0
1719,1521989467,184770941,-0.0,-0.0
1720,1521989467,184770941,-0.0,-0.0
1721,1521989467,184770941,-0.0,-0.0
1722,1521989467,184770941,-0.0,-0.0
1723,1521989467,184770941,-0.0,-0.0
1724,1521989467,184770941,-0.0,-0.0
1725,1521989467,184770941,-0.0,-0.0
1726,1521989467,184770941,-0.0,-0.0
