341,1521988971,719345893,0.0,0.0,0.0,0.0,0.0,0.0
342,1521988971,729344707,0.0,0.0,0.0,0.0,0.0,0.0
343,1521988971,739347695,0.0,0.0,0.0,0.0,0.0,0.0
344,1521988971,749342923,0.0,0.0,0.0,0.0,0.0,0.0
345,1521988971,759343211,0.0,0.0,0.0,0.0,0.0,0.0
346,1521988971,769346578,0.0,0.0,0.0,0.0,0.0,0.0
347,1521988971,779345208,0.0,0.0,0.0,0.0,0.0,0.0
348,1521988971,789344738,0.0,0.0,0.0,0.0,0.0,0.0
349,1521988971,799341664,0.0,0.0,0.0,0.0,0.0,0.0
350,1521988971,809343410,0.0,0.0,0.0,0.0,0.0,0.0
351,1521988971,819343202,0.0,0.0,0.0,0.0,0.0,0.0
352,1521988971,829343673,0.0,0.0,0.0,0.0,0.0,0.0
353,1521988971,839342624,0.0,0.0,0.0,0.0,0.0,0.0
354,1521988971,849340330,0.0,0.0,0.0,0.0,0.0,0.0
355,1521988971,859342001,0.0,0.0,0.0,0.0,0.0,0.0
356,1521988971,869346384,0.0,0.0,0.0,0.0,0.0,0.0
357,1521988971,879344176,0.0,0.0,0.0,0.0,0.0,0.0
358,1521988971,889342107,0.0,0.0,0.0,0.0,0.0,0.0
359,1521988971,899335132,0.0,0.0,0.0,0.0,0.0,0.0
360,1521988971,909344356,0.0,0.0,0.0,0.0,0.0,0.0
361,1521988971,919342452,0.0,0.0,0.0,0.0,0.0,0.0
362,1521988971,929346678,0.0,0.0,0.0,0.0,0.0,0.0
363,1521988971,939349625,0.0,0.0,0.0,0.0,0.0,0.0
364,1521988971,949348793,0.0,0.0,0.0,0.0,0.0,0.0
365,1521988971,959351798,0.0,0.0,0.0,0.0,0.0,0.0
366,1521988971,969348241,0.0,0.0,0.0,0.0,0.0,0.0
367,1521988971,979350090,0.0,0.0,0.0,0.0,0.0,0.0
368,1521988971,989347632,0.0,0.0,0.0,0.0,0.0,0.0
369,1521988971,999345568,0.0,0.0,0.0,0.0,0.0,0.0
370,1521988972,9345241,0.0,0.0,0.0,0.0,0.0,0.0
371,1521988972,19348810,0.0,0.0,0.0,0.0,0.0,0.0
372,1521988972,29366342,0.0,0.0,0.0,0.0,0.0,0.0
373,1521988972,39346769,0.0,0.0,0.0,0.0,0.0,0.0
374,1521988972,49348873,0.0,0.0,0.0,0.0,0.0,0.0
375,1521988972,59355808,0.0,0.0,0.0,0.0,0.0,0.0
376,1521988972,69347822,0.0,0.0,0.0,0.0,0.0,0.0
377,1521988972,79353343,0.0,0.0,0.0,0.0,0.0,0.0
378,1521988972,89355349,0.0,0.0,0.0,0.0,0.0,0.0
379,1521988972,99356791,0.0,0.0,0.0,0.0,0.0,0.0
380,1521988972,109349310,0.0,0.0,0.0,0.0,0.0,0.0
381,1521988972,119350466,0.0,0.0,0.0,0.0,0.0,0.0
382,1521988972,129353661,0.0,0.0,0.0,0.0,0.0,0.0
383,1521988972,139342267,0.0,0.0,0.0,0.0,0.0,0.0
384,1521988972,149357537,0.0,0.0,0.0,0.0,0.0,0.0
385,1521988972,159357110,0.0,0.0,0.0,0.0,0.0,0.0
386,1521988972,169348626,0.0,0.0,0.0,0.0,0.0,0.0
387,1521988972,179350905,0.0,0.0,0.0,0.0,0.0,0.0
388,1521988972,189352854,0.0,0.0,0.0,0.0,0.0,0.0
389,1521988972,199350847,0.0,0.0,0.0,0.0,0.0,0.0
390,1521988972,209350329,0.0,0.0,0.0,0.0,0.0,0.0
391,1521988972,219346152,0.0,0.0,0.0,0.0,0.0,0.0
392,1521988972,229347651,0.0,0.0,0.0,0.0,0.0,0.0
393,1521988972,239346663,0.0,0.0,0.0,0.0,0.0,0.0
394,1521988972,249344077,0.0,0.0,0.0,0.0,0.0,0.0
395,1521988972,259355231,0.0,0.0,0.0,0.0,0.0,0.0
396,1521988972,269344082,0.0,0.0,0.0,0.0,0.0,0.0
397,1521988972,279342485,0.0,0.0,0.0,0.0,0.0,0.0
398,1521988972,289344022,0.0,0.0,0.0,0.0,0.0,0.0
399,1521988972,299353158,0.0,0.0,0.0,0.0,0.0,0.0
400,1521988972,309344844,0.0,0.0,0.0,0.0,0.0,0.0
401,1521988972,319341590,0.0,0.0,0.0,0.0,0.0,0.0
402,1521988972,329368509,0.0,0.0,0.0,0.0,0.0,0.0
403,1521988972,339344952,0.0,0.0,0.0,0.0,0.0,0.0
404,1521988972,349345191,0.0,0.0,0.0,0.0,0.0,0.0
405,1521988972,359344200,0.0,0.0,0.0,0.0,0.0,0.0
406,1521988972,369343790,0.0,0.0,0.0,0.0,0.0,0.0
407,1521988972,379343759,0.0,0.0,0.0,0.0,0.0,0.0
408,1521988972,389342674,0.0,0.0,0.0,0.0,0.0,0.0
409,1521988972,399344825,0.0,0.0,0.0,0.0,0.0,0.0
410,1521988972,409342021,0.0,0.0,0.0,0.0,0.0,0.0
411,1521988972,419343221,0.0,0.0,0.0,0.0,0.0,0.0
412,1521988972,429342591,0.0,0.0,0.0,0.0,0.0,0.0
413,1521988972,439343373,0.0,0.0,0.0,0.0,0.0,0.0
414,1521988972,449341706,0.0,0.0,0.0,0.0,0.0,0.0
415,1521988972,459341947,0.0,0.0,0.0,0.0,0.0,0.0
416,1521988972,469341937,0.0,0.0,0.0,0.0,0.0,0.0
417,1521988972,479343684,0.0,0.0,0.0,0.0,0.0,0.0
418,1521988972,489344306,0.0,0.0,0.0,0.0,0.0,0.0
419,1521988972,499347707,0.0,0.0,0.0,0.0,0.0,0.0
420,1521988972,509350811,0.0,0.0,0.0,0.0,0.0,0.0
421,1521988972,519353699,0.0,0.0,0.0,0.0,0.0,0.0
422,1521988972,529344263,0.0,0.0,0.0,0.0,0.0,0.0
423,1521988972,539343708,0.0,0.0,0.0,0.0,0.0,0.0
424,1521988972,549345207,0.0,0.0,0.0,0.0,0.0,0.0
425,1521988972,559343598,0.0,0.0,0.0,0.0,0.0,0.0
426,1521988972,569342480,0.0,0.0,0.0,0.0,0.0,0.0
427,1521988972,579344101,0.0,0.0,0.0,0.0,0.0,0.0
428,1521988972,589343736,0.0,0.0,0.0,0.0,0.0,0.0
429,1521988972,599342654,0.0,0.0,0.0,0.0,0.0,0.0
430,1521988972,609351858,0.0,0.0,0.0,0.0,0.0,0.0
431,1521988972,619344329,0.0,0.0,0.0,0.0,0.0,0.0
432,1521988972,629356920,0.0,0.0,0.0,0.0,0.0,0.0
433,1521988972,639347463,0.0,0.0,0.0,0.0,0.0,0.0
434,1521988972,649338409,0.0,0.0,0.0,0.0,0.0,0.0
435,1521988972,659344406,0.0,0.0,0.0,0.0,0.0,0.0
436,1521988972,669345809,0.0,0.0,0.0,0.0,0.0,0.0
437,1521988972,679345163,92.0,92.0,0.0,0.0,0.0,0.0
438,1521988972,689354948,92.0,92.0,0.0,0.0,0.0,0.0
439,1521988972,699348111,92.0,92.0,0.0,0.0,0.0,0.0
440,1521988972,709343735,164.0,164.0,0.0,0.0,0.0,0.0
441,1521988972,719342456,261.0,261.0,0.0,0.0,0.0,0.0
442,1521988972,729341236,261.0,261.0,0.0,0.0,0.0,0.0
443,1521988972,739347256,261.0,261.0,0.0,0.0,0.0,0.0
444,1521988972,749346758,356.0,356.0,0.0,0.0,0.0,0.0
445,1521988972,759342145,400.0,400.0,0.0,0.0,0.0,0.0
446,1521988972,769341374,400.0,400.0,0.0,0.0,0.0,0.0
447,1521988972,779339439,400.0,400.0,0.0,0.0,0.0,0.0
448,1521988972,789339048,400.0,400.0,0.0,0.0,0.0,0.0
449,1521988972,799342613,400.0,400.0,0.0,0.0,0.0,0.0
450,1521988972,809338622,400.0,400.0,0.0,0.0,0.0,0.0
451,1521988972,819358445,400.0,400.0,0.0,0.0,0.0,0.0
452,1521988972,829361565,400.0,400.0,0.0,0.0,0.0,0.0
453,1521988972,839351771,400.0,400.0,0.0,0.0,0.0,0.0
454,1521988972,849341918,400.0,400.0,0.0,0.0,0.0,0.0
455,1521988972,859343677,400.0,400.0,0.0,0.0,0.0,0.0
456,1521988972,869341637,400.0,400.0,0.0,0.0,0.0,0.0
457,1521988972,879339927,400.0,400.0,0.0,0.0,0.0,0.0
458,1521988972,889342601,400.0,400.0,0.0,0.0,0.0,0.0
459,1521988972,899340948,400.0,400.0,0.0,0.0,0.0,0.0
460,1521988972,909339902,400.0,400.0,0.0,0.0,0.0,0.0
461,1521988972,919343301,400.0,400.0,0.0,0.0,0.0,0.0
462,1521988972,929344060,400.0,400.0,0.0,0.0,0.0,0.0
463,1521988972,939339801,400.0,400.0,0.0,0.0,0.0,0.0
464,1521988972,949341170,400.0,400.0,0.0,0.0,0.0,0.0
465,1521988972,959345173,400.0,400.0,0.0,0.0,0.0,0.0
466,1521988972,969340713,400.0,400.0,0.0,0.0,0.0,0.0
467,1521988972,979341915,400.0,400.0,0.0,0.0,0.0,0.0
468,1521988972,989348154,400.0,400.0,0.0,0.0,0.0,0.0
469,1521988972,999347878,400.0,400.0,0.0,0.0,0.0,0.0
470,1521988973,9350376,400.0,400.0,0.0,0.0,0.0,0.0
471,1521988973,19344657,400.0,400.0,0.0,0.0,0.0,0.0
472,1521988973,29368339,400.0,400.0,0.0,0.0,0.0,0.0
473,1521988973,39376982,400.0,400.0,0.0,0.0,0.0,0.0
474,1521988973,49364668,400.0,400.0,0.0,0.0,0.0,0.0
475,1521988973,59346244,400.0,400.0,0.0,0.0,0.0,0.0
476,1521988973,69342996,400.0,400.0,0.0,0.0,0.0,0.0
477,1521988973,79345051,400.0,400.0,0.0,0.0,0.0,0.0
478,1521988973,89345252,400.0,400.0,0.0,0.0,0.0,0.0
479,1521988973,99358310,400.0,400.0,0.0,0.0,0.0,0.0
480,1521988973,109355225,400.0,400.0,0.0,0.0,0.0,0.0
481,1521988973,119346062,400.0,400.0,0.0,0.0,0.0,0.0
482,1521988973,129343359,400.0,400.0,0.0,0.0,0.0,0.0
483,1521988973,139345079,400.0,400.0,0.0,0.0,0.0,0.0
484,1521988973,149344976,400.0,400.0,0.0,0.0,0.0,0.0
485,1521988973,159342735,400.0,400.0,0.0,0.0,0.0,0.0
486,1521988973,169343597,400.0,400.0,0.0,0.0,0.0,0.0
487,1521988973,179343198,400.0,400.0,0.0,0.0,0.0,0.0
488,1521988973,189341950,400.0,400.0,0.0,0.0,0.0,0.0
489,1521988973,199343008,400.0,400.0,0.0,0.0,0.0,0.0
490,1521988973,209344836,400.0,400.0,0.0,0.0,0.0,0.0
491,1521988973,219340334,400.0,400.0,0.0,0.0,0.0,0.0
492,1521988973,229344185,400.0,400.0,0.0,0.0,0.0,0.0
493,1521988973,239367031,400.0,400.0,0.0,0.0,0.0,0.0
494,1521988973,249366345,400.0,400.0,0.0,0.0,0.0,0.0
495,1521988973,259370633,400.0,400.0,0.0,0.0,0.0,0.0
496,1521988973,269373044,400.0,400.0,0.0,0.0,0.0,0.0
497,1521988973,279359644,400.0,400.0,0.0,0.0,0.0,0.0
498,1521988973,289342563,400.0,400.0,0.0,0.0,0.0,0.0
499,1521988973,299341085,400.0,400.0,0.0,0.0,0.0,0.0
500,1521988973,309341583,400.0,400.0,0.0,0.0,0.0,0.0
501,1521988973,319342862,400.0,400.0,0.0,0.0,0.0,0.0
502,1521988973,329375288,400.0,400.0,0.0,0.0,0.0,0.0
503,1521988973,339367773,400.0,400.0,0.0,0.0,0.0,0.0
504,1521988973,349343383,400.0,400.0,0.0,0.0,0.0,0.0
505,1521988973,359343288,400.0,400.0,0.0,0.0,0.0,0.0
506,1521988973,369343102,400.0,400.0,0.0,0.0,0.0,0.0
507,1521988973,379342427,400.0,400.0,0.0,0.0,0.0,0.0
508,1521988973,389342405,400.0,400.0,0.0,0.0,0.0,0.0
509,1521988973,399346582,400.0,400.0,0.0,0.0,0.0,0.0
510,1521988973,409354681,400.0,400.0,0.0,0.0,0.0,0.0
511,1521988973,419341055,400.0,400.0,0.0,0.0,0.0,0.0
512,1521988973,429344483,400.0,400.0,0.0,0.0,0.0,0.0
513,1521988973,439344808,400.0,400.0,0.0,0.0,0.0,0.0
514,1521988973,449342643,400.0,400.0,0.0,0.0,0.0,0.0
515,1521988973,459343725,400.0,400.0,0.0,0.0,0.0,0.0
516,1521988973,469342475,400.0,400.0,0.0,0.0,0.0,0.0
517,1521988973,479341625,400.0,400.0,0.0,0.0,0.0,0.0
518,1521988973,489340227,400.0,400.0,0.0,0.0,0.0,0.0
519,1521988973,499341992,400.0,400.0,0.0,0.0,0.0,0.0
520,1521988973,509342353,400.0,400.0,0.0,0.0,0.0,0.0
521,1521988973,519341919,400.0,400.0,0.0,0.0,0.0,0.0
522,1521988973,529342452,400.0,400.0,0.0,0.0,0.0,0.0
523,1521988973,539343072,400.0,400.0,0.0,0.0,0.0,0.0
524,1521988973,549341111,400.0,400.0,0.0,0.0,0.0,0.0
525,1521988973,559352912,400.0,395.0,0.0,0.0,0.0,0.0
526,1521988973,569352828,400.0,395.0,0.0,0.0,0.0,0.0
527,1521988973,579348563,400.0,395.0,0.0,0.0,0.0,0.0
528,1521988973,589353334,400.0,391.0,0.0,0.0,0.0,0.0
529,1521988973,599350555,400.0,381.0,0.0,0.0,0.0,0.0
530,1521988973,609344880,400.0,381.0,0.0,0.0,0.0,0.0
531,1521988973,619346757,400.0,381.0,0.0,0.0,0.0,0.0
532,1521988973,629344502,400.0,380.0,0.0,0.0,0.0,0.0
533,1521988973,639355075,400.0,378.0,0.0,0.0,0.0,0.0
534,1521988973,649353974,400.0,378.0,0.0,0.0,0.0,0.0
535,1521988973,659350986,400.0,378.0,0.0,0.0,0.0,0.0
536,1521988973,669348387,400.0,378.0,0.0,0.0,0.0,0.0
537,1521988973,679346292,400.0,378.0,0.0,0.0,0.0,0.0
538,1521988973,689351938,400.0,378.0,0.0,0.0,0.0,0.0
539,1521988973,699345393,400.0,378.0,0.0,0.0,0.0,0.0
540,1521988973,709347547,400.0,382.0,0.0,0.0,0.0,0.0
541,1521988973,719343695,400.0,397.0,0.0,0.0,0.0,0.0
542,1521988973,729343624,400.0,397.0,0.0,0.0,0.0,0.0
543,1521988973,739345924,400.0,397.0,0.0,0.0,0.0,0.0
544,1521988973,749344959,400.0,400.0,0.0,0.0,0.0,0.0
545,1521988973,759344874,387.0,387.0,0.0,0.0,0.0,0.0
546,1521988973,769349038,387.0,387.0,0.0,0.0,0.0,0.0
547,1521988973,779342778,387.0,387.0,0.0,0.0,0.0,0.0
548,1521988973,789347866,306.0,306.0,0.0,0.0,0.0,0.0
549,1521988973,799352824,209.0,209.0,0.0,0.0,0.0,0.0
550,1521988973,809357525,209.0,209.0,0.0,0.0,0.0,0.0
551,1521988973,819349493,209.0,209.0,0.0,0.0,0.0,0.0
552,1521988973,829345260,121.0,121.0,0.0,0.0,0.0,0.0
553,1521988973,839368799,0.0,0.0,0.0,0.0,0.0,0.0
554,1521988973,849356680,0.0,0.0,0.0,0.0,0.0,0.0
555,1521988973,859359433,0.0,0.0,0.0,0.0,0.0,0.0
556,1521988973,869363035,0.0,0.0,0.0,0.0,0.0,0.0
557,1521988973,879347294,0.0,0.0,0.0,0.0,0.0,0.0
558,1521988973,889356081,0.0,0.0,0.0,0.0,0.0,0.0
559,1521988973,899344250,0.0,0.0,0.0,0.0,0.0,0.0
560,1521988973,909340270,0.0,0.0,0.0,0.0,0.0,0.0
561,1521988973,919341758,0.0,0.0,0.0,0.0,0.0,0.0
562,1521988973,929335255,0.0,0.0,0.0,0.0,0.0,0.0
563,1521988973,939346948,0.0,0.0,0.0,0.0,0.0,0.0
564,1521988973,949354656,0.0,0.0,0.0,0.0,0.0,0.0
565,1521988973,959342992,0.0,0.0,0.0,0.0,0.0,0.0
566,1521988973,969359761,0.0,0.0,0.0,0.0,0.0,0.0
567,1521988973,979344392,0.0,0.0,0.0,0.0,0.0,0.0
568,1521988973,989346634,0.0,0.0,0.0,0.0,0.0,0.0
569,1521988973,999344989,0.0,0.0,0.0,0.0,0.0,0.0
570,1521988974,9345650,0.0,0.0,0.0,0.0,0.0,0.0
571,1521988974,19344923,0.0,0.0,0.0,0.0,0.0,0.0
572,1521988974,29343021,0.0,0.0,0.0,0.0,0.0,0.0
573,1521988974,39344744,0.0,0.0,0.0,0.0,0.0,0.0
574,1521988974,49350296,0.0,0.0,0.0,0.0,0.0,0.0
575,1521988974,59349597,0.0,0.0,0.0,0.0,0.0,0.0
576,1521988974,69353760,0.0,0.0,0.0,0.0,0.0,0.0
577,1521988974,79349220,0.0,0.0,0.0,0.0,0.0,0.0
578,1521988974,89349743,0.0,0.0,0.0,0.0,0.0,0.0
579,1521988974,99357249,0.0,0.0,0.0,0.0,0.0,0.0
580,1521988974,109345650,0.0,0.0,0.0,0.0,0.0,0.0
581,1521988974,119346010,0.0,0.0,0.0,0.0,0.0,0.0
582,1521988974,129344691,0.0,0.0,0.0,0.0,0.0,0.0
583,1521988974,139345610,0.0,0.0,0.0,0.0,0.0,0.0
584,1521988974,149335923,0.0,0.0,0.0,0.0,0.0,0.0
585,1521988974,159342362,0.0,0.0,0.0,0.0,0.0,0.0
586,1521988974,169373856,0.0,0.0,0.0,0.0,0.0,0.0
587,1521988974,179370825,0.0,0.0,0.0,0.0,0.0,0.0
588,1521988974,189352264,0.0,0.0,0.0,0.0,0.0,0.0
589,1521988974,199347018,0.0,0.0,0.0,0.0,0.0,0.0
590,1521988974,209343325,0.0,0.0,0.0,0.0,0.0,0.0
591,1521988974,219342728,0.0,0.0,0.0,0.0,0.0,0.0
592,1521988974,229347960,0.0,0.0,0.0,0.0,0.0,0.0
593,1521988974,239346015,0.0,0.0,0.0,0.0,0.0,0.0
594,1521988974,249349509,0.0,0.0,0.0,0.0,0.0,0.0
595,1521988974,259346334,0.0,0.0,0.0,0.0,0.0,0.0
596,1521988974,269346284,0.0,0.0,0.0,0.0,0.0,0.0
597,1521988974,279343196,0.0,0.0,0.0,0.0,0.0,0.0
598,1521988974,289344225,0.0,0.0,0.0,0.0,0.0,0.0
599,1521988974,299343916,0.0,0.0,0.0,0.0,0.0,0.0
600,1521988974,309342626,0.0,0.0,0.0,0.0,0.0,0.0
601,1521988974,319343771,0.0,0.0,0.0,0.0,0.0,0.0
602,1521988974,329343442,0.0,0.0,0.0,0.0,0.0,0.0
603,1521988974,339346042,0.0,0.0,0.0,0.0,0.0,0.0
604,1521988974,349339285,0.0,0.0,0.0,0.0,0.0,0.0
605,1521988974,359346822,0.0,0.0,0.0,0.0,0.0,0.0
606,1521988974,369346460,0.0,0.0,0.0,0.0,0.0,0.0
607,1521988974,379345590,0.0,0.0,0.0,0.0,0.0,0.0
608,1521988974,389350745,0.0,0.0,0.0,0.0,0.0,0.0
609,1521988974,399347809,0.0,0.0,0.0,0.0,0.0,0.0
610,1521988974,409344295,0.0,0.0,0.0,0.0,0.0,0.0
611,1521988974,419345971,0.0,0.0,0.0,0.0,0.0,0.0
612,1521988974,429367001,0.0,0.0,0.0,0.0,0.0,0.0
613,1521988974,439336962,0.0,0.0,0.0,0.0,0.0,0.0
614,1521988974,449353690,0.0,0.0,0.0,0.0,0.0,0.0
615,1521988974,459344442,0.0,0.0,0.0,0.0,0.0,0.0
616,1521988974,469343971,0.0,0.0,0.0,0.0,0.0,0.0
617,1521988974,479342165,0.0,0.0,0.0,0.0,0.0,0.0
618,1521988974,489342513,0.0,0.0,0.0,0.0,0.0,0.0
619,1521988974,499342230,0.0,0.0,0.0,0.0,0.0,0.0
620,1521988974,509346408,0.0,0.0,0.0,0.0,0.0,0.0
621,1521988974,519347250,0.0,0.0,0.0,0.0,0.0,0.0
622,1521988974,529346491,0.0,0.0,0.0,0.0,0.0,0.0
623,1521988974,539346611,0.0,0.0,0.0,0.0,0.0,0.0
624,1521988974,549350814,0.0,0.0,0.0,0.0,0.0,0.0
625,1521988974,559345662,0.0,0.0,0.0,0.0,0.0,0.0
626,1521988974,569345386,0.0,0.0,0.0,0.0,0.0,0.0
627,1521988974,579354125,0.0,0.0,0.0,0.0,0.0,0.0
628,1521988974,589346161,0.0,0.0,0.0,0.0,0.0,0.0
629,1521988974,599347270,0.0,0.0,0.0,0.0,0.0,0.0
630,1521988974,609346749,0.0,0.0,0.0,0.0,0.0,0.0
631,1521988974,619345545,0.0,0.0,0.0,0.0,0.0,0.0
632,1521988974,629348909,0.0,0.0,0.0,0.0,0.0,0.0
633,1521988974,639384148,0.0,0.0,0.0,0.0,0.0,0.0
634,1521988974,649345306,0.0,0.0,0.0,0.0,0.0,0.0
635,1521988974,659341604,0.0,0.0,0.0,0.0,0.0,0.0
636,1521988974,669342493,0.0,0.0,0.0,0.0,0.0,0.0
637,1521988974,679344797,0.0,0.0,0.0,0.0,0.0,0.0
638,1521988974,689341689,0.0,0.0,0.0,0.0,0.0,0.0
639,1521988974,699342349,0.0,0.0,0.0,0.0,0.0,0.0
640,1521988974,709342399,0.0,0.0,0.0,0.0,0.0,0.0
641,1521988974,719336607,0.0,0.0,0.0,0.0,0.0,0.0
642,1521988974,729341419,0.0,0.0,0.0,0.0,0.0,0.0
643,1521988974,739341011,0.0,0.0,0.0,0.0,0.0,0.0
644,1521988974,749342465,0.0,0.0,0.0,0.0,0.0,0.0
645,1521988974,759346163,0.0,0.0,0.0,0.0,0.0,0.0
646,1521988974,769348605,0.0,0.0,0.0,0.0,0.0,0.0
647,1521988974,779343575,0.0,0.0,0.0,0.0,0.0,0.0
648,1521988974,789342325,0.0,0.0,0.0,0.0,0.0,0.0
649,1521988974,799343771,0.0,0.0,0.0,0.0,0.0,0.0
650,1521988974,809342485,0.0,0.0,0.0,0.0,0.0,0.0
651,1521988974,819340690,0.0,0.0,0.0,0.0,0.0,0.0
652,1521988974,829371683,0.0,0.0,0.0,0.0,0.0,0.0
653,1521988974,839344376,0.0,0.0,0.0,0.0,0.0,0.0
654,1521988974,849340493,0.0,0.0,0.0,0.0,0.0,0.0
655,1521988974,859341425,0.0,0.0,0.0,0.0,0.0,0.0
656,1521988974,869342511,0.0,0.0,0.0,0.0,0.0,0.0
657,1521988974,879342947,0.0,0.0,0.0,0.0,0.0,0.0
658,1521988974,889342327,0.0,0.0,0.0,0.0,0.0,0.0
659,1521988974,899345677,0.0,0.0,0.0,0.0,0.0,0.0
660,1521988974,909371397,0.0,0.0,0.0,0.0,0.0,0.0
661,1521988974,919359314,0.0,0.0,0.0,0.0,0.0,0.0
662,1521988974,929359146,0.0,0.0,0.0,0.0,0.0,0.0
663,1521988974,939348386,0.0,0.0,0.0,0.0,0.0,0.0
664,1521988974,949342196,0.0,0.0,0.0,0.0,0.0,0.0
665,1521988974,959341466,0.0,0.0,0.0,0.0,0.0,0.0
666,1521988974,969341248,0.0,0.0,0.0,0.0,0.0,0.0
667,1521988974,979340837,0.0,0.0,0.0,0.0,0.0,0.0
668,1521988974,989344505,0.0,0.0,0.0,0.0,0.0,0.0
669,1521988974,999342567,0.0,0.0,0.0,0.0,0.0,0.0
670,1521988975,9341709,0.0,0.0,0.0,0.0,0.0,0.0
671,1521988975,19339208,0.0,0.0,0.0,0.0,0.0,0.0
672,1521988975,29341519,0.0,0.0,0.0,0.0,0.0,0.0
673,1521988975,39354113,0.0,0.0,0.0,0.0,0.0,0.0
674,1521988975,49365498,0.0,0.0,0.0,0.0,0.0,0.0
675,1521988975,59344595,0.0,0.0,0.0,0.0,0.0,0.0
676,1521988975,69336197,0.0,0.0,0.0,0.0,0.0,0.0
677,1521988975,79353136,0.0,0.0,0.0,0.0,0.0,0.0
678,1521988975,89341207,0.0,0.0,0.0,0.0,0.0,0.0
679,1521988975,99339096,0.0,0.0,0.0,0.0,0.0,0.0
680,1521988975,109342840,0.0,0.0,0.0,0.0,0.0,0.0
681,1521988975,119341906,0.0,0.0,0.0,0.0,0.0,0.0
682,1521988975,129370743,0.0,0.0,0.0,0.0,0.0,0.0
683,1521988975,139346929,0.0,0.0,0.0,0.0,0.0,0.0
684,1521988975,149342852,0.0,0.0,0.0,0.0,0.0,0.0
685,1521988975,159343438,0.0,0.0,0.0,0.0,0.0,0.0
686,1521988975,169345627,0.0,0.0,0.0,0.0,0.0,0.0
687,1521988975,179343043,0.0,0.0,0.0,0.0,0.0,0.0
688,1521988975,189343436,0.0,0.0,0.0,0.0,0.0,0.0
689,1521988975,199340936,0.0,0.0,0.0,0.0,0.0,0.0
690,1521988975,209348074,0.0,0.0,0.0,0.0,0.0,0.0
691,1521988975,219341704,0.0,0.0,0.0,0.0,0.0,0.0
692,1521988975,229341869,0.0,0.0,0.0,0.0,0.0,0.0
693,1521988975,239341635,0.0,0.0,0.0,0.0,0.0,0.0
694,1521988975,249340667,0.0,0.0,0.0,0.0,0.0,0.0
695,1521988975,259343456,0.0,0.0,0.0,0.0,0.0,0.0
696,1521988975,269344055,0.0,0.0,0.0,0.0,0.0,0.0
697,1521988975,279342321,0.0,0.0,0.0,0.0,0.0,0.0
698,1521988975,289341134,0.0,0.0,0.0,0.0,0.0,0.0
699,1521988975,299347066,0.0,0.0,0.0,0.0,0.0,0.0
700,1521988975,309344712,0.0,0.0,0.0,0.0,0.0,0.0
701,1521988975,319342179,0.0,0.0,0.0,0.0,0.0,0.0
702,1521988975,329340371,0.0,0.0,0.0,0.0,0.0,0.0
703,1521988975,339342635,0.0,0.0,0.0,0.0,0.0,0.0
704,1521988975,349343035,0.0,0.0,0.0,0.0,0.0,0.0
705,1521988975,359344500,0.0,0.0,0.0,0.0,0.0,0.0
706,1521988975,369342820,0.0,0.0,0.0,0.0,0.0,0.0
707,1521988975,379342011,0.0,0.0,0.0,0.0,0.0,0.0
708,1521988975,389310616,0.0,0.0,0.0,0.0,0.0,0.0
709,1521988975,399349089,0.0,0.0,0.0,0.0,0.0,0.0
710,1521988975,409345796,0.0,0.0,0.0,0.0,0.0,0.0
711,1521988975,419348375,0.0,0.0,0.0,0.0,0.0,0.0
712,1521988975,429347934,0.0,0.0,0.0,0.0,0.0,0.0
713,1521988975,439348258,0.0,0.0,0.0,0.0,0.0,0.0
714,1521988975,449346475,0.0,0.0,0.0,0.0,0.0,0.0
715,1521988975,459349039,0.0,0.0,0.0,0.0,0.0,0.0
716,1521988975,469349776,0.0,0.0,0.0,0.0,0.0,0.0
717,1521988975,479344534,0.0,0.0,0.0,0.0,0.0,0.0
718,1521988975,489346146,0.0,0.0,0.0,0.0,0.0,0.0
719,1521988975,499349134,0.0,0.0,0.0,0.0,0.0,0.0
720,1521988975,509336086,0.0,0.0,0.0,0.0,0.0,0.0
721,1521988975,519344388,0.0,0.0,0.0,0.0,0.0,0.0
722,1521988975,529335941,0.0,0.0,0.0,0.0,0.0,0.0
723,1521988975,539340906,0.0,0.0,0.0,0.0,0.0,0.0
724,1521988975,549342992,0.0,0.0,0.0,0.0,0.0,0.0
725,1521988975,559351404,0.0,0.0,0.0,0.0,0.0,0.0
726,1521988975,569349056,0.0,0.0,0.0,0.0,0.0,0.0
727,1521988975,579348520,0.0,0.0,0.0,0.0,0.0,0.0
728,1521988975,589345321,0.0,0.0,0.0,0.0,0.0,0.0
729,1521988975,599338145,0.0,0.0,0.0,0.0,0.0,0.0
730,1521988975,609341843,0.0,0.0,0.0,0.0,0.0,0.0
731,1521988975,619342113,0.0,0.0,0.0,0.0,0.0,0.0
732,1521988975,629342265,0.0,0.0,0.0,0.0,0.0,0.0
733,1521988975,639344699,0.0,0.0,0.0,0.0,0.0,0.0
734,1521988975,649344222,0.0,0.0,0.0,0.0,0.0,0.0
735,1521988975,659343128,0.0,0.0,0.0,0.0,0.0,0.0
736,1521988975,669345265,0.0,0.0,0.0,0.0,0.0,0.0
737,1521988975,679341676,0.0,0.0,0.0,0.0,0.0,0.0
738,1521988975,689341338,0.0,0.0,0.0,0.0,0.0,0.0
739,1521988975,699341342,0.0,0.0,0.0,0.0,0.0,0.0
740,1521988975,709341469,0.0,0.0,0.0,0.0,0.0,0.0
741,1521988975,719353958,0.0,0.0,0.0,0.0,0.0,0.0
742,1521988975,729335172,0.0,0.0,0.0,0.0,0.0,0.0
743,1521988975,739342006,0.0,0.0,0.0,0.0,0.0,0.0
744,1521988975,749341032,0.0,0.0,0.0,0.0,0.0,0.0
745,1521988975,759344241,0.0,0.0,0.0,0.0,0.0,0.0
746,1521988975,769350651,0.0,0.0,0.0,0.0,0.0,0.0
747,1521988975,779348966,0.0,0.0,0.0,0.0,0.0,0.0
748,1521988975,789346501,0.0,0.0,0.0,0.0,0.0,0.0
749,1521988975,799353756,0.0,0.0,0.0,0.0,0.0,0.0
750,1521988975,809343693,0.0,0.0,0.0,0.0,0.0,0.0
751,1521988975,819340736,0.0,0.0,0.0,0.0,0.0,0.0
752,1521988975,829340971,0.0,0.0,0.0,0.0,0.0,0.0
753,1521988975,839353411,0.0,0.0,0.0,0.0,0.0,0.0
754,1521988975,849341789,0.0,0.0,0.0,0.0,0.0,0.0
755,1521988975,859336145,0.0,0.0,0.0,0.0,0.0,0.0
756,1521988975,869347182,0.0,0.0,0.0,0.0,0.0,0.0
757,1521988975,879343680,0.0,0.0,0.0,0.0,0.0,0.0
758,1521988975,889340915,0.0,0.0,0.0,0.0,0.0,0.0
759,1521988975,899347197,0.0,0.0,0.0,0.0,0.0,0.0
760,1521988975,909342703,0.0,0.0,0.0,0.0,0.0,0.0
761,1521988975,919347769,0.0,0.0,0.0,0.0,0.0,0.0
762,1521988975,929347608,0.0,0.0,0.0,0.0,0.0,0.0
763,1521988975,939340850,0.0,0.0,0.0,0.0,0.0,0.0
764,1521988975,949347039,0.0,0.0,0.0,0.0,0.0,0.0
765,1521988975,959348364,0.0,0.0,0.0,0.0,0.0,0.0
766,1521988975,969348934,0.0,0.0,0.0,0.0,0.0,0.0
767,1521988975,979344722,0.0,0.0,0.0,0.0,0.0,0.0
768,1521988975,989342309,0.0,0.0,0.0,0.0,0.0,0.0
769,1521988975,999346631,0.0,0.0,0.0,0.0,0.0,0.0
770,1521988976,9337239,0.0,0.0,0.0,0.0,0.0,0.0
771,1521988976,19341542,0.0,0.0,0.0,0.0,0.0,0.0
772,1521988976,29335929,0.0,0.0,0.0,0.0,0.0,0.0
773,1521988976,39341778,0.0,0.0,0.0,0.0,0.0,0.0
774,1521988976,49340805,0.0,0.0,0.0,0.0,0.0,0.0
775,1521988976,59344256,0.0,0.0,0.0,0.0,0.0,0.0
776,1521988976,69339184,0.0,0.0,0.0,0.0,0.0,0.0
777,1521988976,79341383,0.0,0.0,0.0,0.0,0.0,0.0
778,1521988976,89348271,0.0,0.0,0.0,0.0,0.0,0.0
779,1521988976,99338415,0.0,0.0,0.0,0.0,0.0,0.0
780,1521988976,109342427,0.0,0.0,0.0,0.0,0.0,0.0
781,1521988976,119342515,0.0,0.0,0.0,0.0,0.0,0.0
782,1521988976,129358668,0.0,0.0,0.0,0.0,0.0,0.0
783,1521988976,139357526,0.0,0.0,0.0,0.0,0.0,0.0
784,1521988976,149369394,0.0,0.0,0.0,0.0,0.0,0.0
785,1521988976,159346509,0.0,0.0,0.0,0.0,0.0,0.0
786,1521988976,169343662,0.0,0.0,0.0,0.0,0.0,0.0
787,1521988976,179341902,0.0,0.0,0.0,0.0,0.0,0.0
788,1521988976,189341499,0.0,0.0,0.0,0.0,0.0,0.0
789,1521988976,199352694,0.0,0.0,0.0,0.0,0.0,0.0
790,1521988976,209352175,0.0,0.0,0.0,0.0,0.0,0.0
791,1521988976,219347333,0.0,0.0,0.0,0.0,0.0,0.0
792,1521988976,229342308,0.0,0.0,0.0,0.0,0.0,0.0
793,1521988976,239343450,0.0,0.0,0.0,0.0,0.0,0.0
794,1521988976,249342640,0.0,0.0,0.0,0.0,0.0,0.0
795,1521988976,259341410,0.0,0.0,0.0,0.0,0.0,0.0
796,1521988976,269348255,0.0,0.0,0.0,0.0,0.0,0.0
797,1521988976,279347101,0.0,0.0,0.0,0.0,0.0,0.0
798,1521988976,289348645,0.0,0.0,0.0,0.0,0.0,0.0
799,1521988976,299359075,0.0,0.0,0.0,0.0,0.0,0.0
800,1521988976,309352311,0.0,0.0,0.0,0.0,0.0,0.0
801,1521988976,319340770,0.0,0.0,0.0,0.0,0.0,0.0
802,1521988976,329342298,0.0,0.0,0.0,0.0,0.0,0.0
803,1521988976,339341354,0.0,0.0,0.0,0.0,0.0,0.0
804,1521988976,349342061,0.0,0.0,0.0,0.0,0.0,0.0
805,1521988976,359341539,0.0,0.0,0.0,0.0,0.0,0.0
806,1521988976,369341591,0.0,0.0,0.0,0.0,0.0,0.0
807,1521988976,379340968,0.0,0.0,0.0,0.0,0.0,0.0
808,1521988976,389353759,0.0,0.0,0.0,0.0,0.0,0.0
809,1521988976,399340814,0.0,0.0,0.0,0.0,0.0,0.0
810,1521988976,409341447,0.0,0.0,0.0,0.0,0.0,0.0
811,1521988976,419340899,0.0,0.0,0.0,0.0,0.0,0.0
812,1521988976,429341335,0.0,0.0,0.0,0.0,0.0,0.0
813,1521988976,439341949,0.0,0.0,0.0,0.0,0.0,0.0
814,1521988976,449341706,0.0,0.0,0.0,0.0,0.0,0.0
815,1521988976,459343166,0.0,0.0,0.0,0.0,0.0,0.0
816,1521988976,469341491,0.0,0.0,0.0,0.0,0.0,0.0
817,1521988976,479341837,0.0,0.0,0.0,0.0,0.0,0.0
818,1521988976,489342543,0.0,0.0,0.0,0.0,0.0,0.0
819,1521988976,499341664,0.0,0.0,0.0,0.0,0.0,0.0
820,1521988976,509363553,0.0,0.0,0.0,0.0,0.0,0.0
821,1521988976,519338408,0.0,0.0,0.0,0.0,0.0,0.0
822,1521988976,529349291,0.0,0.0,0.0,0.0,0.0,0.0
823,1521988976,539344648,0.0,0.0,0.0,0.0,0.0,0.0
824,1521988976,549344511,0.0,0.0,0.0,0.0,0.0,0.0
825,1521988976,559341781,0.0,0.0,0.0,0.0,0.0,0.0
826,1521988976,569342468,0.0,0.0,0.0,0.0,0.0,0.0
827,1521988976,579340540,0.0,0.0,0.0,0.0,0.0,0.0
828,1521988976,589345613,0.0,0.0,0.0,0.0,0.0,0.0
829,1521988976,599345769,0.0,0.0,0.0,0.0,0.0,0.0
830,1521988976,609345132,0.0,0.0,0.0,0.0,0.0,0.0
831,1521988976,619344240,0.0,0.0,0.0,0.0,0.0,0.0
832,1521988976,629340222,0.0,0.0,0.0,0.0,0.0,0.0
833,1521988976,639341505,0.0,0.0,0.0,0.0,0.0,0.0
834,1521988976,649342121,0.0,0.0,0.0,0.0,0.0,0.0
835,1521988976,659344633,0.0,0.0,0.0,0.0,0.0,0.0
836,1521988976,669344532,0.0,0.0,0.0,0.0,0.0,0.0
837,1521988976,679343055,0.0,0.0,0.0,0.0,0.0,0.0
838,1521988976,689340408,0.0,0.0,0.0,0.0,0.0,0.0
839,1521988976,699341672,0.0,0.0,0.0,0.0,0.0,0.0
840,1521988976,709341558,0.0,0.0,0.0,0.0,0.0,0.0
841,1521988976,719356078,0.0,0.0,0.0,0.0,0.0,0.0
842,1521988976,729322047,0.0,0.0,0.0,0.0,0.0,0.0
843,1521988976,739347295,0.0,0.0,0.0,0.0,0.0,0.0
844,1521988976,749341941,0.0,0.0,0.0,0.0,0.0,0.0
845,1521988976,759348499,0.0,0.0,0.0,0.0,0.0,0.0
846,1521988976,769347979,0.0,0.0,0.0,0.0,0.0,0.0
847,1521988976,779348072,0.0,0.0,0.0,0.0,0.0,0.0
848,1521988976,789347019,0.0,0.0,0.0,0.0,0.0,0.0
849,1521988976,799354095,0.0,0.0,0.0,0.0,0.0,0.0
850,1521988976,809345534,0.0,0.0,0.0,0.0,0.0,0.0
851,1521988976,819346230,0.0,0.0,0.0,0.0,0.0,0.0
852,1521988976,829359775,0.0,0.0,0.0,0.0,0.0,0.0
853,1521988976,839343873,0.0,0.0,0.0,0.0,0.0,0.0
854,1521988976,849340537,0.0,0.0,0.0,0.0,0.0,0.0
855,1521988976,859342100,0.0,0.0,0.0,0.0,0.0,0.0
856,1521988976,869345638,0.0,0.0,0.0,0.0,0.0,0.0
857,1521988976,879341350,0.0,0.0,0.0,0.0,0.0,0.0
858,1521988976,889344193,0.0,0.0,0.0,0.0,0.0,0.0
859,1521988976,899351198,0.0,0.0,0.0,0.0,0.0,0.0
860,1521988976,909352182,0.0,0.0,0.0,0.0,0.0,0.0
861,1521988976,919340499,0.0,0.0,0.0,0.0,0.0,0.0
862,1521988976,929353799,0.0,0.0,0.0,0.0,0.0,0.0
863,1521988976,939352825,0.0,0.0,0.0,0.0,0.0,0.0
864,1521988976,949347583,0.0,0.0,0.0,0.0,0.0,0.0
865,1521988976,959346606,0.0,0.0,0.0,0.0,0.0,0.0
866,1521988976,969350368,0.0,0.0,0.0,0.0,0.0,0.0
867,1521988976,979350207,0.0,0.0,0.0,0.0,0.0,0.0
868,1521988976,989341806,0.0,0.0,0.0,0.0,0.0,0.0
869,1521988976,999350242,0.0,0.0,0.0,0.0,0.0,0.0
870,1521988977,9356934,0.0,0.0,0.0,0.0,0.0,0.0
871,1521988977,19351545,0.0,0.0,0.0,0.0,0.0,0.0
872,1521988977,29362352,0.0,0.0,0.0,0.0,0.0,0.0
873,1521988977,39354499,0.0,0.0,0.0,0.0,0.0,0.0
874,1521988977,49340626,0.0,0.0,0.0,0.0,0.0,0.0
875,1521988977,59343477,0.0,0.0,0.0,0.0,0.0,0.0
876,1521988977,69343549,0.0,0.0,0.0,0.0,0.0,0.0
877,1521988977,79384159,0.0,0.0,0.0,0.0,0.0,0.0
878,1521988977,89327194,0.0,0.0,0.0,0.0,0.0,0.0
879,1521988977,99349228,0.0,0.0,0.0,0.0,0.0,0.0
880,1521988977,109343306,0.0,0.0,0.0,0.0,0.0,0.0
881,1521988977,119338873,0.0,0.0,0.0,0.0,0.0,0.0
882,1521988977,129342545,0.0,0.0,0.0,0.0,0.0,0.0
883,1521988977,139343873,0.0,0.0,0.0,0.0,0.0,0.0
884,1521988977,149340422,0.0,0.0,0.0,0.0,0.0,0.0
885,1521988977,159357006,0.0,0.0,0.0,0.0,0.0,0.0
886,1521988977,169350309,0.0,0.0,0.0,0.0,0.0,0.0
887,1521988977,179341175,0.0,0.0,0.0,0.0,0.0,0.0
888,1521988977,189341889,0.0,0.0,0.0,0.0,0.0,0.0
889,1521988977,199342116,0.0,0.0,0.0,0.0,0.0,0.0
890,1521988977,209345056,0.0,0.0,0.0,0.0,0.0,0.0
891,1521988977,219342864,0.0,0.0,0.0,0.0,0.0,0.0
892,1521988977,229343376,0.0,0.0,0.0,0.0,0.0,0.0
893,1521988977,239343548,0.0,0.0,0.0,0.0,0.0,0.0
894,1521988977,249343978,0.0,0.0,0.0,0.0,0.0,0.0
895,1521988977,259342099,0.0,0.0,0.0,0.0,0.0,0.0
896,1521988977,269342523,0.0,0.0,0.0,0.0,0.0,0.0
897,1521988977,279342800,0.0,0.0,0.0,0.0,0.0,0.0
898,1521988977,289537333,0.0,0.0,0.0,0.0,0.0,0.0
899,1521988977,299351776,0.0,0.0,0.0,0.0,0.0,0.0
900,1521988977,309350753,0.0,0.0,0.0,0.0,0.0,0.0
901,1521988977,319345813,0.0,0.0,0.0,0.0,0.0,0.0
902,1521988977,329350941,0.0,0.0,0.0,0.0,0.0,0.0
903,1521988977,339344481,0.0,0.0,0.0,0.0,0.0,0.0
904,1521988977,349341396,0.0,0.0,0.0,0.0,0.0,0.0
905,1521988977,359342820,0.0,0.0,0.0,0.0,0.0,0.0
906,1521988977,369342396,0.0,0.0,0.0,0.0,0.0,0.0
907,1521988977,379342337,0.0,0.0,0.0,0.0,0.0,0.0
908,1521988977,389343678,0.0,0.0,0.0,0.0,0.0,0.0
909,1521988977,399350977,0.0,0.0,0.0,0.0,0.0,0.0
910,1521988977,409344193,0.0,0.0,0.0,0.0,0.0,0.0
911,1521988977,419346238,0.0,0.0,0.0,0.0,0.0,0.0
912,1521988977,429342744,0.0,0.0,0.0,0.0,0.0,0.0
913,1521988977,439342970,0.0,0.0,0.0,0.0,0.0,0.0
914,1521988977,449342556,0.0,0.0,0.0,0.0,0.0,0.0
915,1521988977,459340952,0.0,0.0,0.0,0.0,0.0,0.0
916,1521988977,469340384,0.0,0.0,0.0,0.0,0.0,0.0
917,1521988977,479342333,0.0,0.0,0.0,0.0,0.0,0.0
918,1521988977,489341922,0.0,0.0,0.0,0.0,0.0,0.0
919,1521988977,499343041,0.0,0.0,0.0,0.0,0.0,0.0
920,1521988977,509341618,0.0,0.0,0.0,0.0,0.0,0.0
921,1521988977,519353503,0.0,0.0,0.0,0.0,0.0,0.0
922,1521988977,529342496,0.0,0.0,0.0,0.0,0.0,0.0
923,1521988977,539342628,0.0,0.0,0.0,0.0,0.0,0.0
924,1521988977,549343024,0.0,0.0,0.0,0.0,0.0,0.0
925,1521988977,559341758,0.0,0.0,0.0,0.0,0.0,0.0
926,1521988977,569341769,0.0,0.0,0.0,0.0,0.0,0.0
927,1521988977,579354263,0.0,0.0,0.0,0.0,0.0,0.0
928,1521988977,589341347,0.0,0.0,0.0,0.0,0.0,0.0
929,1521988977,599342008,0.0,0.0,0.0,0.0,0.0,0.0
930,1521988977,609343047,0.0,0.0,0.0,0.0,0.0,0.0
931,1521988977,619341487,0.0,0.0,0.0,0.0,0.0,0.0
932,1521988977,629341462,0.0,0.0,0.0,0.0,0.0,0.0
933,1521988977,639343623,0.0,0.0,0.0,0.0,0.0,0.0
934,1521988977,649344253,0.0,0.0,0.0,0.0,0.0,0.0
935,1521988977,659343010,0.0,0.0,0.0,0.0,0.0,0.0
936,1521988977,669341659,0.0,0.0,0.0,0.0,0.0,0.0
937,1521988977,679343684,0.0,0.0,0.0,0.0,0.0,0.0
938,1521988977,689347140,0.0,0.0,0.0,0.0,0.0,0.0
939,1521988977,699344350,0.0,0.0,0.0,0.0,0.0,0.0
940,1521988977,709340087,0.0,0.0,0.0,0.0,0.0,0.0
941,1521988977,719334763,0.0,0.0,0.0,0.0,0.0,0.0
942,1521988977,729343359,0.0,0.0,0.0,0.0,0.0,0.0
943,1521988977,739341597,0.0,0.0,0.0,0.0,0.0,0.0
944,1521988977,749343989,0.0,0.0,0.0,0.0,0.0,0.0
945,1521988977,759343037,0.0,0.0,0.0,0.0,0.0,0.0
946,1521988977,769337616,0.0,0.0,0.0,0.0,0.0,0.0
947,1521988977,779341761,0.0,0.0,0.0,0.0,0.0,0.0
948,1521988977,789345123,0.0,0.0,0.0,0.0,0.0,0.0
949,1521988977,799343828,0.0,0.0,0.0,0.0,0.0,0.0
950,1521988977,809339724,0.0,0.0,0.0,0.0,0.0,0.0
951,1521988977,819340490,0.0,0.0,0.0,0.0,0.0,0.0
952,1521988977,829342399,0.0,0.0,0.0,0.0,0.0,0.0
953,1521988977,839341079,0.0,0.0,0.0,0.0,0.0,0.0
954,1521988977,849342180,0.0,0.0,0.0,0.0,0.0,0.0
955,1521988977,859343104,0.0,0.0,0.0,0.0,0.0,0.0
956,1521988977,869340373,0.0,0.0,0.0,0.0,0.0,0.0
957,1521988977,879343040,0.0,0.0,0.0,0.0,0.0,0.0
958,1521988977,889342810,0.0,0.0,0.0,0.0,0.0,0.0
959,1521988977,899343053,0.0,0.0,0.0,0.0,0.0,0.0
960,1521988977,909340620,0.0,0.0,0.0,0.0,0.0,0.0
961,1521988977,919341138,0.0,0.0,0.0,0.0,0.0,0.0
962,1521988977,929342952,0.0,0.0,0.0,0.0,0.0,0.0
963,1521988977,939338643,0.0,0.0,0.0,0.0,0.0,0.0
964,1521988977,949341608,0.0,0.0,0.0,0.0,0.0,0.0
965,1521988977,959342877,0.0,0.0,0.0,0.0,0.0,0.0
966,1521988977,969342377,0.0,0.0,0.0,0.0,0.0,0.0
967,1521988977,979340554,0.0,0.0,0.0,0.0,0.0,0.0
968,1521988977,989343834,0.0,0.0,0.0,0.0,0.0,0.0
969,1521988977,999342315,0.0,0.0,0.0,0.0,0.0,0.0
970,1521988978,9341753,0.0,0.0,0.0,0.0,0.0,0.0
971,1521988978,19340975,0.0,0.0,0.0,0.0,0.0,0.0
972,1521988978,29341467,0.0,0.0,0.0,0.0,0.0,0.0
973,1521988978,39342574,0.0,0.0,0.0,0.0,0.0,0.0
974,1521988978,49343241,0.0,0.0,0.0,0.0,0.0,0.0
975,1521988978,59341983,0.0,0.0,0.0,0.0,0.0,0.0
976,1521988978,69341172,0.0,0.0,0.0,0.0,0.0,0.0
977,1521988978,79341414,0.0,0.0,0.0,0.0,0.0,0.0
978,1521988978,89340139,0.0,0.0,0.0,0.0,0.0,0.0
979,1521988978,99343089,0.0,0.0,0.0,0.0,0.0,0.0
980,1521988978,109342475,0.0,0.0,0.0,0.0,0.0,0.0
981,1521988978,119339225,0.0,0.0,0.0,0.0,0.0,0.0
982,1521988978,129341275,0.0,0.0,0.0,0.0,0.0,0.0
983,1521988978,139341286,0.0,0.0,0.0,0.0,0.0,0.0
984,1521988978,149340969,0.0,0.0,0.0,0.0,0.0,0.0
985,1521988978,159342412,0.0,0.0,0.0,0.0,0.0,0.0
986,1521988978,169341479,0.0,0.0,0.0,0.0,0.0,0.0
987,1521988978,179341810,0.0,0.0,0.0,0.0,0.0,0.0
988,1521988978,189342011,0.0,0.0,0.0,0.0,0.0,0.0
989,1521988978,199343201,0.0,0.0,0.0,0.0,0.0,0.0
990,1521988978,209340412,0.0,0.0,0.0,0.0,0.0,0.0
991,1521988978,219294708,0.0,0.0,0.0,0.0,0.0,0.0
992,1521988978,229349430,0.0,0.0,0.0,0.0,0.0,0.0
993,1521988978,239350381,0.0,0.0,0.0,0.0,0.0,0.0
994,1521988978,249350234,0.0,0.0,0.0,0.0,0.0,0.0
995,1521988978,259350432,0.0,0.0,0.0,0.0,0.0,0.0
996,1521988978,269349856,0.0,0.0,0.0,0.0,0.0,0.0
997,1521988978,279350228,0.0,0.0,0.0,0.0,0.0,0.0
998,1521988978,289354489,0.0,0.0,0.0,0.0,0.0,0.0
999,1521988978,299350501,0.0,0.0,0.0,0.0,0.0,0.0
1000,1521988978,309350907,0.0,0.0,0.0,0.0,0.0,0.0
1001,1521988978,319349381,0.0,0.0,0.0,0.0,0.0,0.0
