1,1521989599,633896260,0.0,0.0
2,1521989599,636947894,0.0,0.0
3,1521989599,640279085,0.0,0.0
4,1521989599,643611664,0.0,0.0
5,1521989599,646943688,0.0,0.0
6,1521989599,650277216,0.0,0.0
7,1521989599,653610606,0.0,0.0
8,1521989599,656944145,0.0,0.0
9,1521989599,660276052,0.0,0.0
10,1521989599,663609771,0.0,0.0
11,1521989599,666943530,0.0,0.0
12,1521989599,670276450,0.0,0.0
13,1521989599,673609813,0.0,0.0
14,1521989599,676942712,0.0,0.0
15,1521989599,680275667,0.0,0.0
16,1521989599,683609434,0.0,0.0
17,1521989599,686942749,0.0,0.0
18,1521989599,690276378,0.0,0.0
19,1521989599,693609922,0.0,0.0
20,1521989599,696943034,0.0,0.0
21,1521989599,700276485,0.0,0.0
22,1521989599,703609646,0.0,0.0
23,1521989599,706943190,0.0,0.0
24,1521989599,710276392,0.0,0.0
25,1521989599,713609614,0.0,0.0
26,1521989599,716942982,0.0,0.0
27,1521989599,720275710,0.0,0.0
28,1521989599,723608752,0.0,0.0
29,1521989599,726943050,0.0,0.0
30,1521989599,730275604,0.0,0.0
31,1521989599,733608189,0.0,0.0
32,1521989599,736941782,0.0,0.0
33,1521989599,740275719,0.0,0.0
34,1521989599,743609191,0.0,0.0
35,1521989599,746942360,0.0,0.0
36,1521989599,750274477,0.0,0.0
37,1521989599,753609405,0.0,0.0
38,1521989599,756942932,0.0,0.0
39,1521989599,760275612,0.0,0.0
40,1521989599,763610080,0.0,0.0
41,1521989599,766943033,0.0,0.0
42,1521989599,770275744,0.0,0.0
43,1521989599,773608731,0.0,0.0
44,1521989599,776942892,0.0,0.0
45,1521989599,780275911,0.0,0.0
46,1521989599,783609136,0.0,0.0
47,1521989599,786942114,0.0,0.0
48,1521989599,790274823,0.0,0.0
49,1521989599,793609027,0.0,0.0
50,1521989599,796942134,0.0,0.0
51,1521989599,800274706,0.0,0.0
52,1521989599,803608340,0.0,0.0
53,1521989599,806942467,0.0,0.0
54,1521989599,810285560,0.0,0.0
55,1521989599,813608913,0.0,0.0
56,1521989599,816942331,0.0,0.0
57,1521989599,820275324,0.0,0.0
58,1521989599,823607978,0.0,0.0
59,1521989599,826941614,0.0,0.0
60,1521989599,830274477,0.0,0.0
61,1521989599,833609010,0.0,0.0
62,1521989599,836942774,0.0,0.0
63,1521989599,840275607,0.0,0.0
64,1521989599,843608141,0.0,0.0
65,1521989599,846942209,0.0,0.0
66,1521989599,850275906,0.0,0.0
67,1521989599,853611837,0.0,0.0
68,1521989599,856942320,0.0,0.0
69,1521989599,860275292,0.0,0.0
70,1521989599,863608874,0.0,0.0
71,1521989599,866942369,0.0,0.0
72,1521989599,870276033,0.0,0.0
73,1521989599,873609422,0.0,0.0
74,1521989599,876942068,0.0,0.0
75,1521989599,880275482,0.0,0.0
76,1521989599,883608898,0.0,0.0
77,1521989599,886943026,0.0,0.0
78,1521989599,890275447,0.0,0.0
79,1521989599,893609828,0.0,0.0
80,1521989599,896942727,0.0,0.0
81,1521989599,900274984,0.0,0.0
82,1521989599,903609660,0.0,0.0
83,1521989599,906942022,0.0,0.0
84,1521989599,910280519,0.0,0.0
85,1521989599,913609721,0.0,0.0
86,1521989599,916942112,0.0,0.0
87,1521989599,920274921,0.0,0.0
88,1521989599,923609070,0.0,0.0
89,1521989599,926942442,0.0,0.0
90,1521989599,930275441,0.0,0.0
91,1521989599,933609492,0.0,0.0
92,1521989599,936942070,0.0,0.0
93,1521989599,940274598,0.0,0.0
94,1521989599,943609889,0.0,0.0
95,1521989599,946993215,0.0,0.0
96,1521989599,950275723,0.0,0.0
97,1521989599,953608724,0.0,0.0
98,1521989599,956941920,0.0,0.0
99,1521989599,960275806,0.0,0.0
100,1521989599,963608773,0.0,0.0
101,1521989599,966942513,0.0,0.0
102,1521989599,970275191,0.0,0.0
103,1521989599,973609357,0.0,0.0
104,1521989599,976942629,0.0,0.0
105,1521989599,980286038,0.0,0.0
106,1521989599,983608653,0.0,0.0
107,1521989599,986941695,0.0,0.0
108,1521989599,990275649,0.0,0.0
109,1521989599,993609025,0.0,0.0
110,1521989599,996942477,0.0,0.0
111,1521989600,275439,0.0,0.0
112,1521989600,3608833,0.0,0.0
113,1521989600,6941213,0.0,0.0
114,1521989600,10275799,0.0,0.0
115,1521989600,13608963,0.0,0.0
116,1521989600,16942132,0.0,0.0
117,1521989600,20275067,0.0,0.0
118,1521989600,23609575,0.0,0.0
119,1521989600,26942635,0.0,0.0
120,1521989600,30275328,0.0,0.0
121,1521989600,33609156,0.0,0.0
122,1521989600,36941913,0.0,0.0
123,1521989600,40271186,0.0,0.0
124,1521989600,43609139,0.0,0.0
125,1521989600,46943224,0.0,0.0
126,1521989600,50275858,0.0,0.0
127,1521989600,53609047,0.0,0.0
128,1521989600,56942472,0.0,0.0
129,1521989600,60275526,0.0,0.0
130,1521989600,63608996,0.0,0.0
131,1521989600,66942382,0.0,0.0
132,1521989600,70275484,0.0,0.0
133,1521989600,73609132,0.0,0.0
134,1521989600,76951941,0.0,0.0
135,1521989600,80274692,0.0,0.0
136,1521989600,83609415,0.0,0.0
137,1521989600,86943568,0.0,0.0
138,1521989600,90275754,0.0,0.0
139,1521989600,93609166,0.0,0.0
140,1521989600,96942416,0.0,0.0
141,1521989600,100275870,0.0,0.0
142,1521989600,103608312,0.0,0.0
143,1521989600,106942650,0.0,0.0
144,1521989600,110275538,0.0,0.0
145,1521989600,113608909,0.0,0.0
146,1521989600,116941710,0.0,0.0
147,1521989600,120285306,0.0,0.0
148,1521989600,123609187,0.0,0.0
149,1521989600,126942017,0.0,0.0
150,1521989600,130285440,0.0,0.0
151,1521989600,133610276,0.0,0.0
152,1521989600,136941607,0.0,0.0
153,1521989600,140275016,0.0,0.0
154,1521989600,143609055,0.0,0.0
155,1521989600,146941954,0.0,0.0
156,1521989600,150275488,0.0,0.0
157,1521989600,153608554,0.0,0.0
158,1521989600,156942711,0.0,0.0
159,1521989600,160274916,0.0,0.0
160,1521989600,163609550,0.0,0.0
161,1521989600,166942808,0.0,0.0
162,1521989600,170275426,0.0,0.0
163,1521989600,173608150,0.0,0.0
164,1521989600,176941814,0.0,0.0
165,1521989600,180274766,0.0,0.0
166,1521989600,183608124,0.0,0.0
167,1521989600,186942144,0.0,0.0
168,1521989600,190275068,0.0,0.0
169,1521989600,193608885,0.0,0.0
170,1521989600,196942915,0.0,0.0
171,1521989600,200275909,0.0,0.0
172,1521989600,203608568,0.0,0.0
173,1521989600,206942389,0.0,0.0
174,1521989600,210275505,0.0,0.0
175,1521989600,213608816,0.0,0.0
176,1521989600,216941664,0.0,0.0
177,1521989600,220274566,0.0,0.0
178,1521989600,223582360,0.0,0.0
179,1521989600,226941290,0.0,0.0
180,1521989600,230274699,0.0,0.0
181,1521989600,233608929,0.0,0.0
182,1521989600,236941831,0.0,0.0
183,1521989600,240274723,0.0,0.0
184,1521989600,243609338,0.0,0.0
185,1521989600,246942968,0.0,0.0
186,1521989600,250276222,0.0,0.0
187,1521989600,253609422,0.0,0.0
188,1521989600,256942263,0.0,0.0
189,1521989600,260275165,0.0,0.0
190,1521989600,263609321,0.0,0.0
191,1521989600,266941149,0.0,0.0
192,1521989600,270274673,0.0,0.0
193,1521989600,273610229,0.0,0.0
194,1521989600,276941733,0.0,0.0
195,1521989600,280275364,0.0,0.0
196,1521989600,283609585,0.0,0.0
197,1521989600,286941995,0.0,0.0
198,1521989600,290275668,0.0,0.0
199,1521989600,293609370,0.0,0.0
200,1521989600,296942591,0.0,0.0
201,1521989600,300275479,0.0,0.0
202,1521989600,303609619,0.0,0.0
203,1521989600,306942394,0.0,0.0
204,1521989600,310275899,0.0,0.0
205,1521989600,313608574,0.0,0.0
206,1521989600,316942643,0.0,0.0
207,1521989600,320275256,0.0,0.0
208,1521989600,323609327,0.0,0.0
209,1521989600,326942825,0.0,0.0
210,1521989600,330274901,0.0,0.0
211,1521989600,333608843,0.0,0.0
212,1521989600,336942251,0.0,0.0
213,1521989600,340275207,0.0,0.0
214,1521989600,343609652,0.0,0.0
215,1521989600,346941949,0.0,0.0
216,1521989600,350275063,0.0,0.0
217,1521989600,353608866,0.0,0.0
218,1521989600,356941867,0.0,0.0
219,1521989600,360275893,0.0,0.0
220,1521989600,363609593,0.0,0.0
221,1521989600,366942231,0.0,0.0
222,1521989600,370275438,0.0,0.0
223,1521989600,373609174,0.0,0.0
224,1521989600,376941773,0.0,0.0
225,1521989600,380275704,0.0,0.0
226,1521989600,383609547,0.0,0.0
227,1521989600,386942263,0.0,0.0
228,1521989600,390275462,0.0,0.0
229,1521989600,393625764,0.0,0.0
230,1521989600,396942382,0.0,0.0
231,1521989600,400275372,0.0,0.0
232,1521989600,403609760,0.0,0.0
233,1521989600,406942562,0.0,0.0
234,1521989600,410275376,0.0,0.0
235,1521989600,413609180,0.0,0.0
236,1521989600,416942400,0.0,0.0
237,1521989600,420274721,0.0,0.0
238,1521989600,423608572,0.0,0.0
239,1521989600,426943603,0.0,0.0
240,1521989600,430275746,0.0,0.0
241,1521989600,433609259,0.0,0.0
242,1521989600,436941818,0.0,0.0
243,1521989600,440274981,0.0,0.0
244,1521989600,443607935,0.0,0.0
245,1521989600,446941676,0.0,0.0
246,1521989600,450275688,0.0,0.0
247,1521989600,453609476,0.0,0.0
248,1521989600,456941974,0.0,0.0
249,1521989600,460275275,0.0,0.0
250,1521989600,463608936,0.0,0.0
251,1521989600,466941750,0.0,0.0
252,1521989600,470275567,0.0,0.0
253,1521989600,473608529,0.0,0.0
254,1521989600,476941935,0.0,0.0
255,1521989600,480275513,0.0,0.0
256,1521989600,483609138,0.0,0.0
257,1521989600,486942691,0.0,0.0
258,1521989600,490275855,0.0,0.0
259,1521989600,493608785,0.0,0.0
260,1521989600,496941714,0.0,0.0
261,1521989600,500275411,0.0,0.0
262,1521989600,503608681,0.0,0.0
263,1521989600,506942882,0.0,0.0
264,1521989600,510278573,0.0,0.0
265,1521989600,513609587,0.0,0.0
266,1521989600,516942022,0.0,0.0
267,1521989600,520275248,0.0,0.0
268,1521989600,523609026,0.0,0.0
269,1521989600,526942597,0.0,0.0
270,1521989600,530276334,0.0,0.0
271,1521989600,533590461,0.0,0.0
272,1521989600,536942088,0.0,0.0
273,1521989600,540275483,0.0,0.0
274,1521989600,543609399,0.0,0.0
275,1521989600,546942603,0.0,0.0
276,1521989600,550275226,0.0,0.0
277,1521989600,553608850,0.0,0.0
278,1521989600,556941959,0.0,0.0
279,1521989600,560275372,0.0,0.0
280,1521989600,563608145,0.0,0.0
281,1521989600,566941120,0.0,0.0
282,1521989600,570274747,0.0,0.0
283,1521989600,573608653,0.0,0.0
284,1521989600,576941836,0.0,0.0
285,1521989600,580274749,0.0,0.0
286,1521989600,583609823,0.0,0.0
287,1521989600,586941714,0.0,0.0
288,1521989600,590285432,0.0,0.0
289,1521989600,593608573,0.0,0.0
290,1521989600,596941854,0.0,0.0
291,1521989600,600275454,0.0,0.0
292,1521989600,603609054,0.0,0.0
293,1521989600,606941645,0.0,0.0
294,1521989600,610275421,0.0,0.0
295,1521989600,613609169,0.0,0.0
296,1521989600,616942278,0.0,0.0
297,1521989600,620276051,0.0,0.0
298,1521989600,623608432,0.0,0.0
299,1521989600,626941791,0.0,0.0
300,1521989600,630275321,0.0,0.0
301,1521989600,633608748,0.0,0.0
302,1521989600,636941725,0.0,0.0
303,1521989600,640274998,0.0,0.0
304,1521989600,643608487,0.0,0.0
305,1521989600,646941885,0.0,0.0
306,1521989600,650663698,0.0,0.0
307,1521989600,653610698,0.0,0.0
308,1521989600,656945401,0.0,0.0
309,1521989600,660275298,0.0,0.0
310,1521989600,663608214,0.0,0.0
311,1521989600,666941039,0.0,0.0
312,1521989600,670276745,0.0,0.0
313,1521989600,673612816,0.0,0.0
314,1521989600,676943217,0.0,0.0
315,1521989600,680275449,0.0,0.0
316,1521989600,683608431,0.0,0.0
317,1521989600,686943276,0.0,0.0
318,1521989600,690277186,0.0,0.0
319,1521989600,693608999,0.0,0.0
320,1521989600,696941912,0.0,0.0
321,1521989600,700275515,0.0,0.0
322,1521989600,703609944,0.0,0.0
323,1521989600,706942177,0.0,0.0
324,1521989600,710275453,0.0,0.0
325,1521989600,713608767,0.0,0.0
326,1521989600,716942166,0.0,0.0
327,1521989600,720276738,0.0,0.0
328,1521989600,723608861,0.0,0.0
329,1521989600,726941624,0.0,0.0
330,1521989600,730274880,0.0,0.0
331,1521989600,733609698,0.0,0.0
332,1521989600,736942748,0.0,0.0
333,1521989600,740276205,0.0,0.0
334,1521989600,743609796,0.0,0.0
335,1521989600,746944589,0.0,0.0
336,1521989600,750276150,0.0,0.0
337,1521989600,753609336,0.0,0.0
338,1521989600,756942253,0.0,0.0
339,1521989600,760275467,0.0,0.0
340,1521989600,763609246,0.0,0.0
341,1521989600,766942591,0.0,0.0
342,1521989600,770285302,0.0,0.0
343,1521989600,773608924,0.0,0.0
344,1521989600,776941791,0.0,0.0
345,1521989600,780276168,0.0,0.0
346,1521989600,783609648,0.0,0.0
347,1521989600,786942620,0.0,0.0
348,1521989600,790286788,0.0,0.0
349,1521989600,793608608,0.0,0.0
350,1521989600,796942251,0.0,0.0
351,1521989600,800275537,0.0,0.0
352,1521989600,803608188,0.0,0.0
353,1521989600,806942452,0.0,0.0
354,1521989600,810275485,0.0,0.0
355,1521989600,813608650,0.0,0.0
356,1521989600,816941870,0.0,0.0
357,1521989600,820274976,0.0,0.0
358,1521989600,823609701,0.0,0.0
359,1521989600,826942983,0.0,0.0
360,1521989600,830275736,0.000352528721395,0.0
361,1521989600,833608487,0.00035255394165,0.0
362,1521989600,836942081,0.000704855752897,0.0
363,1521989600,840275095,0.00141011488558,0.000702164410487
364,1521989600,843609267,0.00176188737804,0.00105279474017
365,1521989600,846942475,0.00211502102849,0.00140422836827
366,1521989600,850275452,0.00211502102849,0.0021063425524
367,1521989600,853609692,0.00211426485365,0.0024565210604
368,1521989600,856942312,0.0021153236499,0.00351107322013
369,1521989600,860275997,0.00211471849365,0.0038610756414
370,1521989600,863609277,0.00246734804196,0.00491444775477
371,1521989600,866942187,0.00352528721395,0.00526623307865
372,1521989600,870276234,0.00387642941649,0.00631722015502
373,1521989600,873608834,0.00493575518309,0.00667103911825
374,1521989600,876942285,0.00634415548096,0.00702013752982
375,1521989600,880275623,0.00704956583417,0.00737167163215
376,1521989600,883610023,0.00775230446338,0.00772049476126
377,1521989600,886942716,0.00775618671629,0.00842657572831
378,1521989600,890276394,0.00916312478766,0.00877454435225
379,1521989600,893609169,0.00987080419905,0.00912813733633
380,1521989600,896942519,0.010926827043,0.00982889550953
381,1521989600,900276097,0.0123358578796,0.0115832269242
382,1521989600,903609842,0.0130407640442,0.0129872544302
383,1521989600,906942087,0.0141031666205,0.0136941652527
384,1521989600,910275106,0.0151576507042,0.0150954549589
385,1521989600,913609101,0.0155068265637,0.01544319806
386,1521989600,916941842,0.0158637924628,0.0161497814412
387,1521989600,920275180,0.0162140014186,0.0172005671417
388,1521989600,923609903,0.0165593731915,0.0178949514193
389,1521989600,926942454,0.0169237999446,0.0182588870036
390,1521989600,930275496,0.0183301822469,0.0196591971558
391,1521989600,933609421,0.018677341734,0.0200045304909
392,1521989600,936942395,0.0204466658409,0.0217670967251
393,1521989600,940274908,0.0215057904406,0.0221197612868
394,1521989600,943609987,0.0225473216877,0.0228056605348
395,1521989600,946942178,0.0243297031161,0.0249321872098
396,1521989600,950275341,0.025378437003,0.0266784306687
397,1521989600,953608928,0.0257290750061,0.0280805501193
398,1521989600,956942762,0.0264320907336,0.0291314872495
399,1521989600,960275853,0.0278477768751,0.0305419670098
400,1521989600,963609329,0.0289032199201,0.030539782476
401,1521989600,966942122,0.0299649413186,0.0322995628824
402,1521989600,970275705,0.0313683243225,0.0336966601431
403,1521989600,973609123,0.0317207774048,0.0351006876491
404,1521989600,976955001,0.0337125278737,0.0374212400584
405,1521989600,980275182,0.0357409089928,0.0384136017545
406,1521989600,983609650,0.0359399326205,0.0393015267035
407,1521989600,986942732,0.0373653715033,0.0403715655877
408,1521989600,990275592,0.038425630632,0.041778782424
409,1521989600,993609072,0.0391222921326,0.0428228389319
410,1521989600,996941829,0.0401911493481,0.0445906298957
411,1521989601,274884,0.040537903046,0.0445842506925
412,1521989601,3608984,0.0408787102102,0.0456243677862
413,1521989601,6941891,0.0408933316818,0.0463428510921
414,1521989601,10275588,0.0405292057916,0.0473825395021
415,1521989601,13608845,0.0408874818382,0.0480913816002
416,1521989601,16941835,0.0408933316818,0.0502047553498
417,1521989601,20275582,0.040881633668,0.0522962843394
418,1521989601,23609104,0.0412370106262,0.0540550589796
419,1521989601,26942935,0.0437010566796,0.0568590474026
420,1521989601,30276196,0.0458221779221,0.0593244050397
421,1521989601,33608698,0.0461878706822,0.0603947800888
422,1521989601,36942464,0.0482826190734,0.0638786828843
423,1521989601,40274952,0.0497136623374,0.0639061045125
424,1521989601,43609950,0.0514360776002,0.0652592747612
425,1521989601,46942264,0.053592033158,0.0656617667244
426,1521989601,50275832,0.0556875869996,0.0656382859038
427,1521989601,53609014,0.0567490049651,0.0663450446893
428,1521989601,56941953,0.0588722964729,0.0667056189963
429,1521989601,60275515,0.0592121178223,0.0670423134098
430,1521989601,63609242,0.0592121178223,0.0677443271628
431,1521989601,66942086,0.0592248251943,0.0709186054592
432,1521989601,70274717,0.0588722964729,0.0754826741273
433,1521989601,73609359,0.0588428308591,0.0782521469186
434,1521989601,76942194,0.0588722964729,0.0832064826427
435,1521989601,80275151,0.0588722964729,0.0877705513109
436,1521989601,83609666,0.0591951831397,0.0880775285944
437,1521989601,86941850,0.0634642497924,0.0881342430365
438,1521989601,90275288,0.0648560056744,0.0881090276033
439,1521989601,93608862,0.0680234448792,0.0866986984933
440,1521989601,96941841,0.0715582114639,0.0856579304644
441,1521989601,100275231,0.0754303544256,0.0856518037259
442,1521989601,103609556,0.0771706671582,0.0856273055339
443,1521989601,106942309,0.0807290771994,0.0905792089528
444,1521989601,110275219,0.0828442495278,0.0961965242367
445,1521989601,113609215,0.0870434605338,0.0993207391039
446,1521989601,116941820,0.0877859314707,0.103576659994
447,1521989601,120275698,0.0898691084943,0.105294532227
448,1521989601,123608193,0.0902602663714,0.105339732713
449,1521989601,126942397,0.0933800310361,0.105279474017
450,1521989601,130275694,0.0976364868033,0.105309594745
451,1521989601,133609090,0.0986939216784,0.105309594745
452,1521989601,136941916,0.0994130994333,0.108133319215
453,1521989601,140274692,0.0994130994333,0.112346305678
454,1521989601,143609131,0.0993704481215,0.113701831938
455,1521989601,146942149,0.09799597432,0.118306240027
456,1521989601,150275354,0.097988965095,0.119701906027
457,1521989601,153607917,0.0980170080127,0.11973616285
458,1521989601,156940950,0.0983484778247,0.121114696763
459,1521989601,160275336,0.102189467926,0.12422977934
460,1521989601,163609036,0.105023507182,0.125651475124
461,1521989601,166941801,0.110341489797,0.129549333735
462,1521989601,170274801,0.114571834453,0.133762320198
463,1521989601,173609294,0.114514491193,0.13369537209
464,1521989601,176941923,0.114580031036,0.137634070229
465,1521989601,180278467,0.114440848433,0.13851892591
466,1521989601,183611334,0.117392064224,0.141486128713
467,1521989601,186942883,0.118853192713,0.14822030903
468,1521989601,190275386,0.120220894103,0.149220611856
469,1521989601,193608792,0.12371988039,0.150241688503
470,1521989601,196941977,0.124072358681,0.150592720485
471,1521989601,200275513,0.124777315265,0.15129478445
472,1521989601,203609857,0.12473270733,0.151240696511
473,1521989601,206942467,0.127624526877,0.156593865618
474,1521989601,210280339,0.129535973619,0.158801678617
475,1521989601,213608278,0.132397164611,0.159631127581
476,1521989601,216941831,0.136751795923,0.163218197568
477,1521989601,220275158,0.137466533766,0.164282967802
478,1521989601,223608917,0.137799299691,0.166365360919
479,1521989601,226942131,0.137828870356,0.172017975113
480,1521989601,230275007,0.140306431115,0.176243267032
481,1521989601,233609051,0.140608667016,0.177584077691
482,1521989601,236942248,0.145573534476,0.180430438996
483,1521989601,240274740,0.147025512019,0.185749062017
484,1521989601,243609914,0.149013051359,0.185589723341
485,1521989601,246942478,0.150187979143,0.190651275853
486,1521989601,250275536,0.151929010546,0.192028229361
487,1521989601,253609287,0.155431809284,0.19305378207
488,1521989601,256942144,0.162868269284,0.201170103604
489,1521989601,260275648,0.166005401752,0.203934995241
490,1521989601,263608916,0.16707471027,0.204651645788
491,1521989601,266941854,0.168156200105,0.205032007862
492,1521989601,270275775,0.171972505022,0.207064438414
493,1521989601,273609207,0.172714362937,0.20781093363
494,1521989601,276941705,0.175571862941,0.208557749276
495,1521989601,280275006,0.175886667563,0.208512997595
496,1521989601,283609328,0.177950625182,0.209155221714
497,1521989601,286941631,0.178770427244,0.212801485199
498,1521989601,290275299,0.182910067877,0.213747900421
499,1521989601,293608998,0.183628055866,0.217273256548
500,1521989601,296941600,0.185795927249,0.217335432326
501,1521989601,300274790,0.187870929481,0.21763982914
502,1521989601,303609330,0.188508470117,0.220720181219
503,1521989601,306942227,0.192833210603,0.220830707098
504,1521989601,310275422,0.193524424107,0.222921253463
505,1521989601,313608994,0.195611460663,0.223942387201
506,1521989601,316941710,0.200588842474,0.224341529151
507,1521989601,320275218,0.204070334638,0.223942387201
508,1521989601,323607567,0.213310395135,0.226831557775
509,1521989601,326941648,0.214965631278,0.223910358828
510,1521989601,330275115,0.222061323776,0.227819756632
511,1521989601,333590326,0.224692654707,0.225182485282
512,1521989601,336941607,0.228923905857,0.226937169781
513,1521989601,340274467,0.23513665717,0.228203433408
514,1521989601,343609543,0.23886068913,0.229109174296
515,1521989601,346942394,0.243244817762,0.229256680024
516,1521989601,350276220,0.245642229885,0.233051897996
517,1521989601,353608090,0.248956514593,0.233536491436
518,1521989601,356941969,0.248814080773,0.236210733962
519,1521989601,360275391,0.248831876087,0.236578634755
520,1521989601,363608571,0.251334998885,0.237665651329
521,1521989601,366942197,0.252356406909,0.237631655384
522,1521989601,370277027,0.254732485478,0.237546708056
523,1521989601,373609217,0.256325053328,0.237716663489
524,1521989601,376942261,0.260166196389,0.236980488539
525,1521989601,380275450,0.260481457573,0.236946588176
526,1521989601,383609770,0.260406954474,0.238633474439
527,1521989601,386942366,0.262300132587,0.238752978969
528,1521989601,390275557,0.262262607533,0.24117622225
529,1521989601,393608362,0.263691483603,0.243299968234
530,1521989601,396941715,0.264711197073,0.243967227826
531,1521989601,400275691,0.263597200321,0.24602062937
532,1521989601,403609197,0.264692264789,0.249214882309
533,1521989601,406941995,0.264768010179,0.251392842561
534,1521989601,410275613,0.264673335213,0.252004913796
535,1521989601,413608766,0.264730132066,0.253814277565
536,1521989601,416942150,0.271760762907,0.255200251265
537,1521989601,420275807,0.27420849801,0.256235019838
538,1521989601,423608087,0.275716907431,0.257731212704
539,1521989601,426941652,0.279847747327,0.259745088603
540,1521989601,430274794,0.282002803798,0.25978224813
541,1521989601,433613588,0.282927106047,0.261790222499
542,1521989601,436948713,0.283582757315,0.263123426287
543,1521989601,440274237,0.286889531478,0.264600599844
544,1521989601,443608893,0.28820355895,0.266669864288
545,1521989601,446942276,0.289384677493,0.266784306687
546,1521989601,450275249,0.291541252594,0.264013818343
547,1521989601,453609141,0.293903830305,0.261813679758
548,1521989601,456941348,0.300066338431,0.26161238692
549,1521989601,460275047,0.304519463086,0.260798109233
550,1521989601,463608062,0.306325545626,0.252761106288
551,1521989601,466942142,0.310466755993,0.252688806201
552,1521989601,470275544,0.312625883978,0.251671930444
553,1521989601,473609202,0.314035696308,0.251671930444
554,1521989601,476941686,0.317673828127,0.248952901645
555,1521989601,480275790,0.317844482998,0.24881049026
556,1521989601,483610122,0.321368257754,0.24881049026
557,1521989601,486942594,0.321904778114,0.248952901645
558,1521989601,490275481,0.322563780076,0.248215119107
559,1521989601,493608637,0.324984984955,0.246424451703
560,1521989601,496941865,0.331353294463,0.245388907355
561,1521989601,500275363,0.332010803504,0.245353806667
562,1521989601,503609683,0.332644336974,0.2463539692
563,1521989601,506942328,0.334573690625,0.249988413273
564,1521989601,510275653,0.338026681749,0.259061603073
565,1521989601,513608783,0.340870889091,0.267154447063
566,1521989601,516941838,0.341223392596,0.279441445285
567,1521989601,520275308,0.341174583643,0.286421611217
568,1521989601,523608269,0.345830675688,0.288238490505
569,1521989601,526942430,0.346034681047,0.288114827227
570,1521989601,530275853,0.347543595625,0.286442097706
571,1521989601,533608756,0.351823663952,0.285078750658
572,1521989601,536942223,0.353862894605,0.284315569958
573,1521989601,540275056,0.355348951166,0.279461435374
574,1521989601,543609948,0.356907341341,0.276845424899
575,1521989601,546946173,0.362715375609,0.274953413415
576,1521989601,550275186,0.363546695765,0.275232079156
577,1521989601,553608870,0.363705568495,0.274818729112
578,1521989601,556941691,0.369450100022,0.274897366706
579,1521989601,560275201,0.370428189472,0.276593418675
580,1521989601,563608421,0.373301211528,0.280845673654
581,1521989601,566941818,0.374331945795,0.282580745899
582,1521989601,570275532,0.375688116294,0.284295237013
583,1521989601,573608796,0.376446815545,0.285037969776
584,1521989601,576941936,0.377531253585,0.285058358758
585,1521989601,580275709,0.377450255676,0.284997200561
586,1521989601,583609757,0.382004498861,0.288486387079
587,1521989601,586941634,0.38295577174,0.288672174377
588,1521989601,590275085,0.388431077463,0.286793129689
589,1521989601,593609300,0.390786620449,0.288465758807
590,1521989601,596941696,0.394183507044,0.286875205422
591,1521989601,600286887,0.404256777481,0.285071569374
592,1521989601,603609286,0.407395396041,0.285274510165
593,1521989601,606942147,0.406465615768,0.282621175221
594,1521989601,610275545,0.408169861799,0.282580745899
595,1521989601,613608756,0.412399601299,0.282580745899
596,1521989601,616941577,0.412811132753,0.285078750658
597,1521989601,620275030,0.414866949341,0.288899321584
598,1521989601,623607590,0.418481528738,0.290365755305
599,1521989601,626942355,0.418212254858,0.290880680914
600,1521989601,630275297,0.418451592296,0.291047148147
601,1521989601,633609495,0.418976818498,0.293729732508
602,1521989601,636945479,0.419119411499,0.293582783671
603,1521989601,640288850,0.418544306118,0.293633734965
604,1521989601,643610260,0.421662106359,0.295572885322
605,1521989601,646943155,0.420214235903,0.292802559173
606,1521989601,650275970,0.433962856037,0.292451476968
607,1521989601,653610712,0.433714646782,0.292635087916
608,1521989601,656942843,0.437582051696,0.292865410323
609,1521989601,660275303,0.444954906878,0.293897854269
610,1521989601,663608584,0.445885039011,0.295568929251
611,1521989601,666941128,0.448448613778,0.298090116389
612,1521989601,670274794,0.448320320655,0.295547790005
613,1521989601,673608072,0.455754431179,0.299430281058
614,1521989601,676941771,0.455689244248,0.299387453299
615,1521989601,680281206,0.454940932623,0.29609256992
616,1521989601,683609660,0.455348378005,0.294937745535
617,1521989601,686942582,0.454762050599,0.294557970199
618,1521989601,690275834,0.454696996304,0.294515833303
619,1521989601,693608844,0.458287337813,0.296664463431
620,1521989601,696941553,0.458287337813,0.297015545636
621,1521989601,700275528,0.464147513283,0.297632544428
622,1521989601,703609399,0.466228738001,0.301471784064
623,1521989601,706942264,0.474503658997,0.301579614304
624,1521989601,710275888,0.47863128573,0.3001108794
625,1521989601,713608734,0.481906762147,0.300175285483
626,1521989601,716941525,0.482964348311,0.300175285483
627,1521989601,720275443,0.48423590224,0.29693058088
628,1521989601,723607811,0.490790198394,0.297058046251
629,1521989601,726942138,0.490509446046,0.294782527248
630,1521989601,730275421,0.49100226035,0.294866865286
631,1521989601,733608875,0.493434315186,0.296951817511
632,1521989601,736941626,0.493575518309,0.298090116389
633,1521989601,740274441,0.493540209953,0.299473121073
634,1521989601,743609894,0.497379169613,0.300290071045
635,1521989601,746944226,0.497556995559,0.300397432529
636,1521989601,750242947,0.502915191015,0.305760679589
637,1521989601,753608761,0.496744532964,0.301412740209
638,1521989601,756941843,0.505842529313,0.302611213362
639,1521989601,760275424,0.508942250806,0.300461886276
640,1521989601,763608825,0.515286406287,0.300812893153
641,1521989601,766942205,0.516380697353,0.300834408988
642,1521989601,770275275,0.517122641465,0.299802756625
643,1521989601,773618645,0.519402589792,0.299933386013
644,1521989601,776941921,0.526775127671,0.303149220507
645,1521989601,780275214,0.525230222075,0.30226015627
646,1521989601,783608980,0.528641814673,0.302195307491
647,1521989601,786941839,0.528793082092,0.302281778715
648,1521989601,790283268,0.533060754799,0.305707479302
649,1521989601,793608291,0.535698155637,0.305460449712
650,1521989601,796942244,0.537061675521,0.304630394142
651,1521989601,800275734,0.53749095047,0.304673968794
652,1521989601,803609714,0.539567078842,0.307109052329
653,1521989601,806942121,0.54504839379,0.305814477473
654,1521989601,810275505,0.54669383044,0.307504016655
655,1521989601,813608911,0.553390917983,0.308557112603
656,1521989601,816941530,0.55562501204,0.309325550693
657,1521989601,820274637,0.561185579559,0.308579183927
658,1521989601,823607772,0.566120628625,0.309281298111
659,1521989601,826941710,0.565958694807,0.30849091757
660,1521989601,830275264,0.567449462464,0.307482023806
661,1521989601,833608592,0.568899962818,0.307504016655
662,1521989601,836942049,0.568899962818,0.306099888725
663,1521989601,840274253,0.569062773138,0.306187489752
664,1521989601,843609439,0.574604401136,0.307700989062
665,1521989601,846942450,0.575638223254,0.308579183927
666,1521989601,850275328,0.575679402038,0.309654505025
667,1521989601,853608614,0.582294137903,0.313120528375
668,1521989601,856941757,0.583040796853,0.313142926124
669,1521989601,860275591,0.586087558534,0.313075742488
670,1521989601,863609145,0.591768725141,0.313449140707
671,1521989601,866942321,0.593220964946,0.313471560358
672,1521989601,870276876,0.599351229289,0.312657681186
673,1521989601,873608419,0.601319565507,0.310841169411
674,1521989601,876942660,0.601860728338,0.30987258519
675,1521989601,880275810,0.602428489614,0.309983412295
676,1521989601,883608657,0.605996872078,0.31000558723
677,1521989601,886941976,0.608730009781,0.310312272515
678,1521989601,890275439,0.609038926172,0.310641085695
679,1521989601,893609075,0.616792893982,0.314853168212
680,1521989601,896941902,0.618335377326,0.315973984719
681,1521989601,900274998,0.625341217423,0.31595138286
682,1521989601,903608425,0.628468794116,0.31943910406
683,1521989601,906941546,0.6291737507,0.31943910406
684,1521989601,910274620,0.632789054904,0.319484806772
685,1521989601,913608514,0.630448384191,0.314808137725
686,1521989601,916941467,0.630673882575,0.315271820309
687,1521989601,920275035,0.630538564191,0.315204175089
688,1521989601,923610052,0.630268101553,0.315068971697
689,1521989601,926942574,0.629661339786,0.315294375168
690,1521989601,930275478,0.629616296411,0.318431560156
691,1521989601,933609008,0.634415548096,0.32011827136
692,1521989601,936941982,0.634506308547,0.320164067965
693,1521989601,940264837,0.640707051836,0.321151874159
694,1521989601,943609006,0.640857704933,0.322613107916
695,1521989601,946941840,0.64442250271,0.323697793234
696,1521989601,950275466,0.65203820221,0.322224312619
697,1521989601,953609427,0.657583390106,0.322178227906
698,1521989601,956945628,0.660330030602,0.321971009722
699,1521989601,960277713,0.662543654421,0.322011488329
700,1521989601,963614433,0.66270054385,0.321574316605
701,1521989601,966947232,0.665574225993,0.321942382208
702,1521989601,970281276,0.665336248939,0.321827271231
703,1521989601,973613193,0.670701544981,0.322736895684
704,1521989601,976946329,0.67187168005,0.32262146761
705,1521989601,980278952,0.674788244317,0.323369843574
706,1521989601,983609124,0.677035371853,0.324655427256
707,1521989601,986942083,0.68249560462,0.326155368671
708,1521989601,990275275,0.68275045104,0.326810775692
709,1521989601,993609859,0.686734594876,0.327746660188
710,1521989601,996941925,0.682994709215,0.327630009391
711,1521989602,274736,0.686422524392,0.331094204658
712,1521989602,3610113,0.687242747815,0.331862625243
713,1521989602,6942234,0.686520753145,0.332195057753
714,1521989602,10275469,0.686324323744,0.332100009095
715,1521989602,13608449,0.693021890335,0.334206351648
716,1521989602,16954928,0.694118980895,0.333921924372
717,1521989602,20275537,0.704808587075,0.336511209828
718,1521989602,23607760,0.70485618158,0.338867051513
719,1521989602,26942206,0.709989845396,0.339326574306
720,1521989602,30275351,0.711704576086,0.339472208029
721,1521989602,33608953,0.714774850855,0.339423649567
722,1521989602,36941633,0.714979393665,0.340574102353
723,1521989602,40276105,0.714570425043,0.340379293771
724,1521989602,43609263,0.720818106544,0.345415470764
725,1521989602,46942411,0.72086966721,0.346142292778
726,1521989602,50275855,0.720818106544,0.346117534728
727,1521989602,53608615,0.726914223516,0.351082205243
728,1521989602,56941979,0.72822015067,0.353489206361
729,1521989602,60274911,0.728324338402,0.359508178169
730,1521989602,63608008,0.735322310904,0.361588804829
731,1521989602,66941421,0.735217129627,0.365749165304
732,1521989602,70275445,0.735111978436,0.370610249094
733,1521989602,73608495,0.73537491283,0.372498219763
734,1521989602,76941937,0.736274488874,0.372418295957
735,1521989602,80274937,0.739252728765,0.37425363079
736,1521989602,83609515,0.742353176905,0.374039572804
737,1521989602,86941785,0.748226521917,0.374333965713
738,1521989602,90276093,0.750564023045,0.372338406441
739,1521989602,93608504,0.751645003597,0.372524868656
740,1521989602,96941667,0.756472521189,0.371769460499
741,1521989602,100275258,0.76200356388,0.369610240945
742,1521989602,103609358,0.765418608419,0.356221025408
743,1521989602,106942178,0.76569238287,0.354241945091
744,1521989602,110275556,0.765582849591,0.353138174378
745,1521989602,113608943,0.767697719341,0.349627854553
746,1521989602,116941779,0.768512612641,0.349677876422
747,1521989602,120275336,0.768347719361,0.349602848985
748,1521989602,123608588,0.770870023967,0.351734046448
749,1521989602,126941612,0.771630171894,0.357727176816
750,1521989602,130275495,0.775341328186,0.360107300216
751,1521989602,133618610,0.77388773285,0.362605773812
752,1521989602,136941762,0.778551714021,0.364791086267
753,1521989602,140275289,0.771519797101,0.36013305528
754,1521989602,143609026,0.767940342781,0.359054354894
755,1521989602,146941963,0.76569238287,0.358806013759
756,1521989602,150275491,0.765528094703,0.358729027774
757,1521989602,153609023,0.767995266279,0.358729027774
758,1521989602,156942138,0.770572661379,0.358429291001
759,1521989602,160275314,0.770572661379,0.35667400554
760,1521989602,163610285,0.77612108872,0.358224298555
761,1521989602,166944210,0.779514715388,0.356922938758
762,1521989602,170278491,0.780163730996,0.358301143238
763,1521989602,173610542,0.786011432052,0.361015809318
764,1521989602,176943552,0.787140326102,0.360886690645
765,1521989602,180276795,0.785674112218,0.361211909975
766,1521989602,183609602,0.787252951704,0.361289434351
767,1521989602,186942020,0.785842735937,0.365853829538
768,1521989602,190275838,0.789438443244,0.366073990376
769,1521989602,193609851,0.785857963524,0.368504509043
770,1521989602,196942101,0.788776027111,0.37082239005
771,1521989602,200275407,0.788493938552,0.371040805485
772,1521989602,203608807,0.796953417553,0.37455112531
773,1521989602,206941670,0.797067439074,0.371093890942
774,1521989602,210275348,0.79683942865,0.374497552954
775,1521989602,213607929,0.807348526378,0.377089263842
776,1521989602,216941396,0.807175288013,0.377359381169
777,1521989602,220275317,0.807354526652,0.379033209301
778,1521989602,223608362,0.812578702815,0.3816263571
779,1521989602,226941622,0.812462462388,0.381922796942
780,1521989602,230275594,0.812288164091,0.384999472781
781,1521989602,233608748,0.812520578444,0.387918086734
782,1521989602,236941968,0.809642636055,0.387890340644
783,1521989602,240276385,0.80870630652,0.385673806483
784,1521989602,243608856,0.809111296086,0.387973590824
785,1521989602,246941881,0.80870088688,0.385839343563
786,1521989602,250275238,0.808937679471,0.385784148749
787,1521989602,253609118,0.811583358743,0.386754256157
788,1521989602,256942141,0.811873645372,0.386892590178
789,1521989602,260275585,0.811699448481,0.386809577893
790,1521989602,263608704,0.814635599473,0.38897125801
791,1521989602,266942254,0.818748510126,0.388915619152
792,1521989602,270274732,0.819041401487,0.389054746153
793,1521989602,273609502,0.819512809436,0.38912747302
794,1521989602,276943116,0.820452096372,0.390993696336
795,1521989602,280276222,0.821685669568,0.389322315102
796,1521989602,283609420,0.831555767701,0.393183943115
797,1521989602,286942005,0.831674748351,0.394293522621
798,1521989602,290279775,0.833887830173,0.398581696661
799,1521989602,293608660,0.832980778646,0.402127073505
800,1521989602,296941790,0.831908271205,0.40582199843
801,1521989602,300275579,0.829262793283,0.408191803266
802,1521989602,303609187,0.83178927417,0.409976031742
803,1521989602,306942154,0.830850760691,0.412141026087
804,1521989602,310275735,0.830731914924,0.416996169271
805,1521989602,313609209,0.833963638183,0.419132187085
806,1521989602,316942334,0.837195823777,0.421268510481
807,1521989602,320275353,0.837195823777,0.424076967217
808,1521989602,323607620,0.844427101404,0.424167990391
809,1521989602,326942131,0.844588416582,0.423895038016
810,1521989602,330276312,0.848938042211,0.423253750386
811,1521989602,333608066,0.851600542129,0.42352632883
812,1521989602,336941870,0.852875461005,0.423284019552
813,1521989602,340275178,0.860047031769,0.42404663484
814,1521989602,343610593,0.863430233764,0.425207456879
815,1521989602,346943381,0.864047896139,0.429022454807
816,1521989602,350279136,0.863306807242,0.431460733395
817,1521989602,353609240,0.864728346229,0.438495642009
818,1521989602,356942475,0.859756048081,0.439172422176
819,1521989602,360282354,0.857976268982,0.438613622683
820,1521989602,363610086,0.864350615686,0.445522312271
821,1521989602,366945253,0.861668850178,0.448011487157
822,1521989602,370274974,0.863087895256,0.45015493387
823,1521989602,373608750,0.862743441546,0.449958634383
824,1521989602,376944956,0.862126887953,0.450689267421
825,1521989602,380275634,0.863546280826,0.452133892292
826,1521989602,383609342,0.868796847809,0.45314987755
827,1521989602,386942092,0.868983298238,0.453247126969
828,1521989602,390275985,0.868734715445,0.451713543254
829,1521989602,393609489,0.875845909455,0.45209685692
830,1521989602,396942092,0.876801652883,0.452226230753
831,1521989602,400275537,0.878375902938,0.452129193438
832,1521989602,403609692,0.88094368902,0.456211054074
833,1521989602,406942603,0.881321803487,0.456406866816
834,1521989602,410309246,0.876647084406,0.456682988831
835,1521989602,413609337,0.887260566359,0.468049068288
836,1521989602,416942721,0.877255721784,0.467892166363
837,1521989602,420275256,0.877569542962,0.468761810573
838,1521989602,423609066,0.880012407492,0.471719504377
839,1521989602,426943628,0.879823644641,0.468460162046
840,1521989602,430276041,0.880327192299,0.468728274887
841,1521989602,433609217,0.883021279394,0.46866121791
842,1521989602,436941766,0.883147623832,0.467674952921
843,1521989602,440274531,0.880327192299,0.465568308989
844,1521989602,443607536,0.884431293413,0.462342190252
845,1521989602,446942606,0.886039281948,0.459972630172
846,1521989602,450280446,0.87823982114,0.45817614559
847,1521989602,453608802,0.884992369908,0.459488971222
848,1521989602,456941481,0.883852731716,0.458897269871
849,1521989602,460274973,0.881132705689,0.458765987574
850,1521989602,463608122,0.88125876187,0.458831619332
851,1521989602,466942412,0.88094368902,0.465335275156
852,1521989602,470275550,0.875203598312,0.46652150472
853,1521989602,473608638,0.874913698785,0.469012275002
854,1521989602,476942272,0.874083644044,0.468945186992
855,1521989602,480275226,0.874271229059,0.468694744
856,1521989602,483608943,0.874725989345,0.468911650184
857,1521989602,486942899,0.874663437429,0.468527161497
858,1521989602,490275431,0.877922122128,0.467006148361
859,1521989602,493609248,0.878250268109,0.463646923573
860,1521989602,496941740,0.878564422591,0.461003913803
861,1521989602,500275065,0.875203598312,0.458798801106
862,1521989602,503609083,0.878187464171,0.460455157966
863,1521989602,506941720,0.878564422591,0.460652806481
864,1521989602,510275017,0.875203598312,0.458096737141
865,1521989602,513610017,0.878640942019,0.460323486488
866,1521989602,516942209,0.879395356108,0.462123357297
867,1521989602,520278909,0.869750448092,0.467808220667
868,1521989602,523612379,0.864981727853,0.47073388851
869,1521989602,526945398,0.861518565604,0.470767560462
870,1521989602,530279123,0.86133373004,0.468209686636
871,1521989602,533611196,0.861765136459,0.467390720792
872,1521989602,536943494,0.861765136459,0.46282567243
873,1521989602,540276000,0.861641833392,0.461706128447
874,1521989602,543608412,0.861703480514,0.458930102186
875,1521989602,546941122,0.861641833392,0.457492840583
876,1521989602,550275202,0.860214927786,0.454137937811
877,1521989602,553608811,0.869439571198,0.450309616157
878,1521989602,556941558,0.867282696458,0.449417372177
879,1521989602,560274665,0.86715862168,0.444789335649
880,1521989602,563608639,0.866910578596,0.442907324202
881,1521989602,566941676,0.86715862168,0.440927707636
882,1521989602,570274456,0.862699495217,0.435724186618
883,1521989602,573608715,0.86085817291,0.434102364531
884,1521989602,576941579,0.861227666368,0.428320290397
885,1521989602,580274520,0.855173502519,0.426885423954
886,1521989602,583608050,0.853993818354,0.425069327431
887,1521989602,586942322,0.853810623398,0.424978143449
888,1521989602,590274686,0.845192729988,0.419282134204
889,1521989602,593608251,0.837780976569,0.416996169271
890,1521989602,596942171,0.835899143264,0.412725050128
891,1521989602,600275214,0.835080802748,0.411438911903
892,1521989602,603609464,0.834782239715,0.411291811827
893,1521989602,606941670,0.83355678502,0.411556667745
894,1521989602,610275481,0.827148226024,0.421529110682
895,1521989602,613608977,0.826854931019,0.429983423702
896,1521989602,616942211,0.826973222139,0.430395994874
897,1521989602,620275892,0.820452096372,0.438025254064
898,1521989602,623608238,0.820804297315,0.438564420528
899,1521989602,626941635,0.821979376264,0.440545138016
900,1521989602,630274986,0.820569463098,0.440545138016
901,1521989602,633607864,0.818219162357,0.438150592144
902,1521989602,636941825,0.817926606879,0.434484363995
903,1521989602,640252589,0.807019279689,0.431188919736
904,1521989602,643608813,0.796069454981,0.421503429697
905,1521989602,646941816,0.809348046902,0.421970624665
906,1521989602,650275286,0.800125722179,0.41983425105
907,1521989602,653608889,0.800420949848,0.416294155518
908,1521989602,656941868,0.800535459283,0.40582199843
909,1521989602,660276118,0.800249247106,0.405676906546
910,1521989602,663609130,0.800592726288,0.405851029261
911,1521989602,666942549,0.803593027588,0.405763949224
912,1521989602,670275652,0.806175515359,0.403364598785
913,1521989602,673608835,0.808643039892,0.403364598785
914,1521989602,676942203,0.80858520118,0.400176460031
915,1521989602,680274336,0.80640624676,0.399266152923
916,1521989602,683608558,0.805182531764,0.391639643344
917,1521989602,686942646,0.799249265145,0.386052342807
918,1521989602,690274672,0.794417697398,0.382410589739
919,1521989602,693610329,0.788634819019,0.381649819458
920,1521989602,696941410,0.785883742318,0.380088465762
921,1521989602,700275508,0.777400299343,0.375874599224
922,1521989602,703609253,0.77498890031,0.374848534728
923,1521989602,706942137,0.77098031369,0.365125493453
924,1521989602,710275391,0.760295675215,0.36331810187
925,1521989602,713608829,0.756065935715,0.353840238343
926,1521989602,716941736,0.754710003666,0.35316343462
927,1521989602,720275088,0.753951065965,0.352787142396
928,1521989602,723608811,0.749315252918,0.350304862738
929,1521989602,726941516,0.7431305447,0.347922465396
930,1521989602,730275440,0.73727911753,0.345366065704
931,1521989602,733607797,0.735832718426,0.340949601548
932,1521989602,736942120,0.728011864606,0.329173822094
933,1521989602,740274942,0.719863649088,0.325804286466
934,1521989602,743608664,0.718952867955,0.31412868781
935,1521989602,746941643,0.715985833153,0.305441518562
936,1521989602,750275145,0.709840507703,0.304673968794
937,1521989602,753609686,0.704352208906,0.303885018975
938,1521989602,756942733,0.702891988468,0.303313327546
939,1521989602,760275223,0.695286114392,0.301973900444
940,1521989602,763608150,0.687381834259,0.299451699533
941,1521989602,766941372,0.686676827249,0.299100642441
942,1521989602,770274753,0.68486532079,0.297675121146
943,1521989602,773608663,0.673441510446,0.290943083806
944,1521989602,776942141,0.672480480982,0.286421611217
945,1521989602,780275204,0.671567214257,0.279812517579
946,1521989602,783608954,0.667145970117,0.272361856694
947,1521989602,786942839,0.659040128959,0.269904984275
948,1521989602,790275695,0.65777153986,0.2699629038
949,1521989602,793608707,0.647242732481,0.269982215832
950,1521989602,796942367,0.644238158148,0.268150075405
951,1521989602,800275368,0.640897215496,0.269280051422
952,1521989602,803608727,0.630583663867,0.269241530565
953,1521989602,806954701,0.623637324894,0.267175609547
954,1521989602,810275335,0.627675920417,0.268504232344
955,1521989602,813608956,0.618202706311,0.259745088603
956,1521989602,816942061,0.610183566719,0.251005820828
957,1521989602,820275442,0.603399676856,0.249214882309
958,1521989602,823608344,0.602119056142,0.239438063976
959,1521989602,826941208,0.6014139987,0.239438063976
960,1521989602,830274465,0.598860617613,0.237648652141
961,1521989602,833608661,0.590626882003,0.237597669164
962,1521989602,836942992,0.583889477082,0.236878816539
963,1521989602,840275598,0.576425694597,0.235593013071
964,1521989602,843608522,0.572113188206,0.232048737856
965,1521989602,846942172,0.56533474397,0.230611517855
966,1521989602,850275539,0.564670223317,0.229925948527
967,1521989602,853608636,0.548495453388,0.225027596015
968,1521989602,856941851,0.548103743607,0.223958404824
969,1521989602,860275313,0.544226482398,0.218341893105
970,1521989602,863608570,0.535414525105,0.211672285437
971,1521989602,866942203,0.530441888825,0.210253119018
972,1521989602,870275757,0.525155092591,0.20709405713
973,1521989602,873608797,0.505490025809,0.196240914466
974,1521989602,876942219,0.502634043976,0.194822750278
975,1521989602,880275120,0.499533198216,0.193446295089
976,1521989602,883609016,0.484553677061,0.191973301377
977,1521989602,886942166,0.481519787486,0.192028229361
978,1521989602,890275470,0.473730824056,0.191312430453
979,1521989602,893608773,0.452934604846,0.190610366488
980,1521989602,896942095,0.443417690969,0.189908302523
981,1521989602,900275280,0.429701772288,0.187464487164
982,1521989602,903609355,0.419359182329,0.187410864599
983,1521989602,906942184,0.41457377636,0.186424650984
984,1521989602,910275304,0.387401351718,0.183251802059
985,1521989602,913608594,0.386316207713,0.180781470979
986,1521989602,916942095,0.382764047351,0.178311493257
987,1521989602,920275258,0.382818806156,0.174124317665
988,1521989602,923609333,0.386233330952,0.173372597588
989,1521989602,926941656,0.387484502899,0.17135263188
990,1521989602,930274759,0.397976456861,0.170964803837
991,1521989602,933607589,0.413868718917,0.167466211901
992,1521989602,936927437,0.42399761546,0.160725857159
993,1521989602,940568186,0.389825341341,0.146548807221
994,1521989602,943614839,0.465880637629,0.169763495149
995,1521989602,946945241,0.426159552411,0.153884088226
996,1521989602,950275733,0.398995408755,0.147911418135
997,1521989602,953608550,0.39165940947,0.146401279587
998,1521989602,956941500,0.38458132368,0.142529179379
999,1521989602,960277524,0.384251494071,0.143108453689
1000,1521989602,963608514,0.362959771475,0.143323561951
1001,1521989602,966943193,0.358316649697,0.143159611355
1002,1521989602,970274872,0.358297336505,0.141185545666
1003,1521989602,973609503,0.355875803399,0.141064408346
1004,1521989602,976942540,0.346158441663,0.135156980446
1005,1521989602,980275340,0.345830675688,0.134464484608
1006,1521989602,983609881,0.332972905161,0.131239026671
1007,1521989602,986941708,0.328298180009,0.130991144821
1008,1521989602,990275143,0.32392755008,0.129881833519
1009,1521989602,993608775,0.316855320966,0.123554420525
1010,1521989602,996941848,0.315138133245,0.118306240027
1011,1521989603,275028,0.313353201329,0.114085394307
1012,1521989603,3609613,0.306546484116,0.109482824388
1013,1521989603,6941764,0.300066338431,0.10921000313
1014,1521989603,10275279,0.297470401441,0.109163138589
1015,1521989603,13608664,0.289032199201,0.10881991457
1016,1521989603,16942319,0.275970763422,0.104951056071
1017,1521989603,20275191,0.273562287802,0.103218168342
1018,1521989603,23612029,0.264427496876,0.0981836154035
1019,1521989603,26944625,0.260184808937,0.0976078355196
1020,1521989603,30277704,0.259442579495,0.0975938715947
1021,1521989603,33610087,0.258793107487,0.0976148189807
1022,1521989603,36944741,0.254750698869,0.101762881643
1023,1521989603,40297749,0.247731462631,0.10119849706
1024,1521989603,43607741,0.250606302056,0.102517875291
1025,1521989603,46941126,0.247792239071,0.100746178973
1026,1521989603,50274819,0.237888816603,0.0940631154561
1027,1521989603,53608073,0.231930715944,0.0884600595858
1028,1521989603,56942499,0.227635849243,0.0831707844735
1029,1521989603,60275168,0.223519199006,0.0832124353171
1030,1521989603,63609511,0.218458413968,0.0831648377565
1031,1521989603,66942798,0.213617123877,0.083902645004
1032,1521989603,70275560,0.20975458923,0.0888237979266
1033,1521989603,73609528,0.206155564422,0.0887920388455
1034,1521989603,76941640,0.203452734753,0.0888428642828
1035,1521989603,80274487,0.203409072245,0.0888237979266
1036,1521989603,83608714,0.203336343028,0.0849315154175
1037,1521989603,86942390,0.199121750193,0.0796728627184
1038,1521989603,90275317,0.195300911653,0.0765359207431
1039,1521989603,93609102,0.191720764788,0.0761630449775
1040,1521989603,96942132,0.187179361021,0.0761793889786
1041,1521989603,100275141,0.186487693618,0.0761848385378
1042,1521989603,103608412,0.180821363647,0.0772270361463
1043,1521989603,106942381,0.174791726416,0.0786142952624
1044,1521989603,110274554,0.172776152563,0.078659294859
1045,1521989603,113608779,0.169141188292,0.0786086739328
1046,1521989603,116942094,0.164607362228,0.0751208442514
1047,1521989603,120274942,0.158285395906,0.0712696876644
1048,1521989603,123609313,0.151874691987,0.067378863371
1049,1521989603,126941351,0.150562075805,0.066017622471
1050,1521989603,130275717,0.144827142475,0.0635186159903
1051,1521989603,133608788,0.144526436947,0.0635413336641
1052,1521989603,136941980,0.138886380871,0.0635413336641
1053,1521989603,140275354,0.138523968641,0.0663450446893
1054,1521989603,143607861,0.131855174177,0.0663592838605
1055,1521989603,146942229,0.130027288499,0.0663260686308
1056,1521989603,150275577,0.129007054765,0.0663450446893
1057,1521989603,153608422,0.126205282259,0.0628437147386
1058,1521989603,156941525,0.125843751195,0.0600307627435
1059,1521989603,160274779,0.12371988039,0.0558140852148
1060,1521989603,163608815,0.117350090517,0.0508887179154
1061,1521989603,166942461,0.113489892493,0.0480879420793
1062,1521989603,170275660,0.110325705305,0.0473893176352
1063,1521989603,173608889,0.106103554929,0.0473927074291
1064,1521989603,176941957,0.106103554929,0.0473927074291
1065,1521989603,180274799,0.10611114514,0.0480982621184
1066,1521989603,183608796,0.101491970177,0.0484320211885
1067,1521989603,186942356,0.0976295037904,0.0498429764617
1068,1521989603,190275290,0.0941251686124,0.0505558375551
1069,1521989603,193608773,0.0881132705689,0.0505449902147
1070,1521989603,196942056,0.0845947900101,0.0505486054776
1071,1521989603,200275390,0.0821274419681,0.0487934455652
1072,1521989603,203608666,0.0817749636764,0.0470382856528
1073,1521989603,206941651,0.0810816059208,0.0445874400659
1074,1521989603,210275063,0.0803593027588,0.0428228389319
1075,1521989603,213608282,0.0800182955778,0.0403715655877
1076,1521989603,216941838,0.0789494904297,0.0382597495375
1077,1521989603,220285504,0.0766046620943,0.0363953884269
1078,1521989603,223609431,0.0717532489072,0.0334413229074
1079,1521989603,226940900,0.0694779791231,0.0326646652602
1080,1521989603,230274863,0.0641372867092,0.0315861007751
1081,1521989603,233609155,0.0613136807558,0.0315838422051
1082,1521989603,236941973,0.0602824113585,0.0315973984719
1083,1521989603,240275448,0.0599213095905,0.031943910406
1084,1521989603,243608002,0.0595816161388,0.0319507663032
1085,1521989603,246942176,0.0591994159021,0.0319347737852
1086,1521989603,250274913,0.0585239543138,0.0319507663032
1087,1521989603,253608643,0.0577981717375,0.0305354143458
1088,1521989603,256942028,0.0560440483817,0.0294866865286
1089,1521989603,260274993,0.053584365652,0.02878874083
1090,1521989603,263608439,0.048638525354,0.0266765226133
1091,1521989603,266941606,0.0451204486078,0.026329281905
1092,1521989603,270275442,0.0419389172974,0.0259726512826
1093,1521989603,273609055,0.0391194942858,0.0252706877345
1094,1521989603,276942108,0.0370155157465,0.0252779187775
1095,1521989603,280275277,0.0370102206294,0.0252743027388
1096,1521989603,283609417,0.0362974754453,0.0252688806201
1097,1521989603,286941834,0.0356104957168,0.0249304034087
1098,1521989603,290274882,0.0352503504748,0.0242229393526
1099,1521989603,293608519,0.0341879489807,0.0242194744779
1100,1521989603,296941372,0.0324326423683,0.0228203433408
1101,1521989603,300275129,0.0317185088804,0.0224628335417
1102,1521989603,303608358,0.0303131330869,0.021061918949
1103,1521989603,306941605,0.0292577908941,0.0200102542478
1104,1521989603,310285573,0.0288104889279,0.0195947223897
1105,1521989603,313608896,0.027576147623,0.018308663724
1106,1521989603,316942294,0.0274933067533,0.0175515991242
1107,1521989603,320275324,0.0260852593514,0.0168507404192
1108,1521989603,323608453,0.0250277488371,0.0161486262351
1109,1521989603,326942468,0.0243157845216,0.0154420937123
1110,1521989603,330274871,0.0229176457584,0.0147475625798
1111,1521989603,333608526,0.0211456725869,0.0140392709636
1112,1521989603,336942031,0.019386306044,0.0133392153344
1113,1521989603,340275085,0.0176251752374,0.0126380553144
1114,1521989603,343608152,0.0158626577137,0.0119359411303
1115,1521989603,346941933,0.0140971150579,0.0112314167709
1116,1521989603,350275359,0.0126892185015,0.010179927492
1117,1521989603,353608514,0.0116317836264,0.00947786352705
1118,1521989603,356942308,0.0105728362935,0.00842356257816
1119,1521989603,360275589,0.0095175946282,0.00772325602548
1120,1521989603,363615623,0.00809079712447,0.00630594665199
1121,1521989603,366941969,0.00741742968205,0.00527642432673
1122,1521989603,370275427,0.00669660856324,0.00456308939438
1123,1521989603,373608978,0.00599170239869,0.00315906188842
1124,1521989603,376942018,0.00493540209953,0.0024575754367
1125,1521989603,380275533,0.00422943698731,0.00175503438246
1126,1521989603,383608282,0.00352528721395,0.000702164410487
1127,1521989603,386942002,0.00246717157593,0.000351006876491
1128,1521989603,390276359,0.00176176140297,0.0
1129,1521989603,393608700,0.000352579165513,0.0
1130,1521989603,396942078,0.000352478291709,0.0
1131,1521989603,400275437,0.0,0.0
1132,1521989603,403608386,0.0,-0.000351082205243
1133,1521989603,406941720,0.0,-0.000351031982483
1134,1521989603,410275126,0.0,-0.000351006876491
1135,1521989603,413608551,0.0,-0.000351031982483
1136,1521989603,416941730,0.0,-0.000351057092067
1137,1521989603,420275517,0.0,-0.00035098177409
1138,1521989603,423607885,0.0,-0.000351132442377
1139,1521989603,426941614,0.0,-0.00070196354818
1140,1521989603,430275294,0.0,-0.000702013752982
1141,1521989603,433609996,0.0,-0.000701762800758
1142,1521989603,436942343,0.0,-0.000702264884753
1143,1521989603,440275202,0.0,-0.000702164410487
1144,1521989603,443608810,0.0,-0.000351006876491
1145,1521989603,446942236,0.0,-0.000351006876491
1146,1521989603,450275382,0.0,0.0
1147,1521989603,453608789,0.0,0.0
1148,1521989603,456942109,0.0,0.0
1149,1521989603,460275115,0.0,0.0
1150,1521989603,463608103,0.0,0.0
1151,1521989603,466949293,0.0,0.0
1152,1521989603,470275014,0.0,0.0
1153,1521989603,473608058,0.0,0.0
1154,1521989603,476941428,0.0,0.0
1155,1521989603,480275038,0.0,0.0
1156,1521989603,483608490,0.0,0.0
1157,1521989603,486941933,0.0,0.0
1158,1521989603,490275360,0.0,0.0
1159,1521989603,493608985,0.0,0.0
1160,1521989603,496941628,0.0,0.0
1161,1521989603,500275446,0.0,0.0
1162,1521989603,503608664,0.0,0.0
1163,1521989603,506942352,0.0,0.0
1164,1521989603,510275313,0.0,0.0
1165,1521989603,513607936,0.0,0.0
1166,1521989603,516941764,0.0,0.0
1167,1521989603,520275326,0.0,0.0
1168,1521989603,523609563,0.0,0.0
1169,1521989603,526941031,0.0,-0.00105369887936
1170,1521989603,530274852,0.0,-0.00105294532227
1171,1521989603,533608777,0.0,-0.00210589064454
1172,1521989603,536941859,-0.000352503504748,-0.0021063425524
1173,1521989603,540275762,-0.000704805348452,-0.00245669672695
1174,1521989603,543608816,-0.00246752453324,-0.00245739964447
1175,1521989603,546941890,-0.00564005607597,-0.00280845673654
1176,1521989603,550275052,-0.00810758060921,-0.0031595138286
1177,1521989603,553608661,-0.0116309517151,-0.00315906188842
1178,1521989603,556941627,-0.0137486201344,-0.00315973984719
1179,1521989603,560274849,-0.0155090448352,-0.00315928784235
1180,1521989603,563609105,-0.0155046089268,-0.00315838422051
1181,1521989603,566941744,-0.0155123734326,-0.00315996589812
1182,1521989603,570274647,-0.01515873502,-0.00280865764195
1183,1521989603,573608416,-0.0140971150579,-0.00315883596681
1184,1521989603,576941581,-0.0126901261709,-0.00280845673654
1185,1521989603,580274624,-0.0119851191614,-0.00280845673654
1186,1521989603,583608537,-0.010924482901,-0.00280765340223
1187,1521989603,586941464,-0.0102233329204,-0.0024575754367
1188,1521989603,590274656,-0.0102226016377,-0.00245739964447
1189,1521989603,593608931,-0.0102189467926,-0.00210558948034
1190,1521989603,596941955,-0.0105751051424,-0.0021063425524
1191,1521989603,600275020,-0.0105751051424,-0.00175528546034
1192,1521989603,603608402,-0.0105743487513,-0.00175515991242
1193,1521989603,606941645,-0.0102218704595,-0.00140412792993
1194,1521989603,610274895,-0.00987009813295,-0.00140422836827
1195,1521989603,613608767,-0.00986727487833,-0.00105287002584
1196,1521989603,616942177,-0.00986939216784,-0.00105309594745
1197,1521989603,620275031,-0.00987080419905,-0.000702164410487
1198,1521989603,623608489,-0.00986868630372,-0.000702013752982
1199,1521989603,626941348,-0.00987080419905,-0.000702164410487
1200,1521989603,630275117,-0.00986868630372,-0.000702013752982
1201,1521989603,633609262,-0.00986656931702,-0.000701863160114
1202,1521989603,636941330,-0.00987292300362,-0.00070231513267
1203,1521989603,640274620,-0.00987009813295,-0.000702114184134
1204,1521989603,643608298,-0.00951555266411,-0.00070196354818
1205,1521989603,646942128,-0.00916312478766,-0.00105294532227
1206,1521989603,650275378,-0.00916443558442,-0.00105309594745
1207,1521989603,653608789,-0.00881195729271,-0.00105309594745
1208,1521989603,656941993,-0.0088125876187,-0.00140422836827
1209,1521989603,660275335,-0.00845947900101,-0.00105309594745
1210,1521989603,663608762,-0.00845887397462,-0.00140402750596
1211,1521989603,666941987,-0.00846008411395,-0.00140422836827
1212,1521989603,670275204,-0.0081070007093,-0.00140412792993
1213,1521989603,673608469,-0.0081070007093,-0.00105309594745
1214,1521989603,676941922,-0.0081070007093,-0.00105309594745
1215,1521989603,680275314,-0.0081070007093,-0.00105309594745
1216,1521989603,683608730,-0.00810642089234,-0.00105302062947
1217,1521989603,686941449,-0.00810874065794,-0.00105332196604
1218,1521989603,690274881,-0.00810642089234,-0.00105302062947
1219,1521989603,693608373,-0.00775452241759,-0.000702063964966
1220,1521989603,696941594,-0.00775452241759,-0.000702063964966
1221,1521989603,700274530,-0.00775563187069,-0.000702164410487
1222,1521989603,703608920,-0.00704704561187,-0.000350906488424
1223,1521989603,706942219,-0.00704956583417,-0.000351031982483
1224,1521989603,710275115,-0.0066980457065,-0.000351082205243
1225,1521989603,713608885,-0.00634370177607,-0.00035098177409
1226,1521989603,716942293,-0.00634460925075,0.0
1227,1521989603,720275428,-0.00634506308547,0.0
1228,1521989603,723609581,-0.00599041708534,0.0
1229,1521989603,726941552,-0.00564207398512,0.0
1230,1521989603,730274854,-0.00563965266734,0.0
1231,1521989603,733608187,-0.00563965266734,0.0
1232,1521989603,736941746,-0.00528679623413,0.0
1233,1521989603,740274997,-0.00493504906647,0.0
1234,1521989603,743608373,-0.00458189006958,0.0
1235,1521989603,746942408,-0.00422883209071,0.0
1236,1521989603,750275008,-0.00423094998616,0.0
1237,1521989603,753608198,-0.00387726120879,0.0
1238,1521989603,756943031,-0.00387559798099,0.0
1239,1521989603,760275170,-0.00352604392986,0.0
1240,1521989603,763607667,-0.0035255394165,0.0
1241,1521989603,766940839,-0.00317253154273,0.0
1242,1521989603,770274933,-0.00317162406803,0.0
1243,1521989603,773609055,-0.00281901980486,0.0
1244,1521989603,776942139,-0.00246752453324,0.0
1245,1521989603,780275007,-0.00246770104976,0.0
1246,1521989603,783609606,-0.00211411368356,0.0
1247,1521989603,786942046,-0.00176289582757,0.0
1248,1521989603,790275268,-0.00176239145854,0.0
1249,1521989603,793608539,-0.00141001401899,0.0
1250,1521989603,796941557,-0.00141001401899,0.0
1251,1521989603,800275019,-0.00105735924683,0.0
1252,1521989603,803608710,-0.00105735924683,0.0
1253,1521989603,806942188,-0.00105735924683,0.0
1254,1521989603,810275031,-0.00070505744279,0.0
1255,1521989603,813608101,-0.000705007009496,0.0
1256,1521989603,816941957,-0.000704855752897,0.0
1257,1521989603,820275091,-0.000705007009496,0.0
1258,1521989603,823609524,-0.000352352280593,0.0
1259,1521989603,826942697,-0.000352503504748,0.0
1260,1521989603,830274949,0.0,0.0
1261,1521989603,833608599,0.0,0.0
1262,1521989603,836942222,0.0,0.0
1263,1521989603,840275354,0.0,0.0
1264,1521989603,843608638,0.0,0.0
1265,1521989603,846941588,0.0,0.0
1266,1521989603,850275400,0.0,0.0
1267,1521989603,853608395,0.0,0.0
1268,1521989603,856942065,0.0,0.0
1269,1521989603,860274671,0.0,0.0
1270,1521989603,863607878,0.0,0.0
1271,1521989603,866941651,0.0,0.0
1272,1521989603,870275125,0.0,0.0
1273,1521989603,873608235,0.0,0.0
1274,1521989603,876941328,0.0,0.0
1275,1521989603,880274529,0.0,0.0
1276,1521989603,883607938,0.0,0.0
1277,1521989603,886941417,0.0,0.0
1278,1521989603,890275287,0.0,0.0
1279,1521989603,893608650,0.0,0.0
1280,1521989603,896941908,0.0,0.0
1281,1521989603,900275350,0.0,0.0
1282,1521989603,903608551,0.0,0.0
1283,1521989603,906942138,0.0,0.0
1284,1521989603,910274888,0.0,0.0
1285,1521989603,913609041,0.0,0.0
1286,1521989603,916941948,0.0,0.0
1287,1521989603,920274770,0.0,0.0
1288,1521989603,923608281,0.0,0.0
1289,1521989603,926941531,0.0,0.0
1290,1521989603,930274885,0.0,0.0
1291,1521989603,933608168,0.0,0.0
1292,1521989603,936941678,0.0,0.0
1293,1521989603,940274858,0.0,0.0
1294,1521989603,943607956,0.0,0.0
1295,1521989603,946941823,0.0,0.0
1296,1521989603,950275316,0.0,0.0
1297,1521989603,953607644,0.0,0.0
1298,1521989603,956942323,0.0,0.0
1299,1521989603,960274564,0.0,0.0
1300,1521989603,963608943,0.0,0.0
1301,1521989603,966941817,0.0,0.0
1302,1521989603,970275521,0.0,0.0
1303,1521989603,973607832,0.0,0.0
1304,1521989603,976941435,0.0,0.0
1305,1521989603,980275112,0.0,0.0
1306,1521989603,983609125,0.0,0.0
1307,1521989603,986942201,0.0,0.0
1308,1521989603,990274840,0.0,0.0
1309,1521989603,993608318,0.0,0.0
1310,1521989603,996942114,0.0,0.0
1311,1521989604,275659,0.0,0.0
1312,1521989604,3608613,0.0,0.0
1313,1521989604,6942425,0.0,0.0
1314,1521989604,10275075,0.0,0.0
1315,1521989604,13608220,0.0,0.0
1316,1521989604,16941760,0.0,0.0
1317,1521989604,20274955,0.0,0.0
1318,1521989604,23609474,0.0,0.0
1319,1521989604,26941251,0.0,0.0
1320,1521989604,30275255,0.0,0.0
1321,1521989604,33608356,0.0,0.0
1322,1521989604,36941654,0.0,0.0
1323,1521989604,40277636,0.0,0.0
1324,1521989604,43608388,0.0,0.0
1325,1521989604,46941106,0.0,0.0
1326,1521989604,50274505,0.0,0.0
1327,1521989604,53607966,0.0,0.0
1328,1521989604,56941845,0.0,0.0
1329,1521989604,60275099,0.0,0.0
1330,1521989604,63608418,0.0,0.0
1331,1521989604,66941460,0.0,0.0
1332,1521989604,70275158,0.0,0.0
1333,1521989604,73608630,0.0,0.0
1334,1521989604,76942185,0.0,0.0
1335,1521989604,80274846,0.0,0.0
1336,1521989604,83609114,0.0,0.0
1337,1521989604,86941896,0.0,0.0
1338,1521989604,90275155,0.0,0.0
1339,1521989604,93608468,0.0,0.0
1340,1521989604,96941442,0.0,0.0
1341,1521989604,100274859,0.0,0.0
1342,1521989604,103608147,0.0,0.0
1343,1521989604,106941485,0.0,0.0
1344,1521989604,110274747,0.0,0.0
1345,1521989604,113607723,0.0,0.0
1346,1521989604,116941810,0.0,0.0
1347,1521989604,120274901,0.0,0.0
1348,1521989604,123608402,0.0,0.0
1349,1521989604,126941817,0.0,0.0
1350,1521989604,130275333,0.0,0.0
1351,1521989604,133608334,0.0,0.0
1352,1521989604,136941601,0.0,0.0
1353,1521989604,140275596,0.0,0.0
1354,1521989604,143608847,0.0,0.0
1355,1521989604,146942052,0.0,0.0
1356,1521989604,150274688,0.0,0.0
1357,1521989604,153608810,0.0,0.0
1358,1521989604,156942001,0.0,0.0
1359,1521989604,160274583,0.0,0.0
1360,1521989604,163607571,0.0,0.0
1361,1521989604,166941544,0.0,0.0
1362,1521989604,170275090,0.0,0.0
1363,1521989604,173608932,0.0,0.0
1364,1521989604,176941368,0.0,0.0
1365,1521989604,180275137,0.0,0.0
1366,1521989604,183608384,0.0,0.0
1367,1521989604,186940710,0.0,0.0
1368,1521989604,190274929,0.0,0.0
1369,1521989604,193608491,0.0,0.0
1370,1521989604,196941643,0.0,0.0
1371,1521989604,200275496,0.0,0.0
1372,1521989604,203608356,0.0,0.0
1373,1521989604,206941955,0.0,0.0
1374,1521989604,210274926,0.0,0.0
1375,1521989604,213608604,0.0,0.0
1376,1521989604,216941940,0.0,0.0
1377,1521989604,220274636,0.0,0.0
1378,1521989604,223609467,0.0,0.0
1379,1521989604,226941091,0.0,0.0
1380,1521989604,230275864,0.0,0.0
1381,1521989604,233608529,0.0,0.0
1382,1521989604,236942049,0.0,0.0
1383,1521989604,240274919,0.0,0.0
1384,1521989604,243607581,-0.00035255394165,0.0
1385,1521989604,246941323,0.0,0.0
1386,1521989604,250274834,0.0,0.0
1387,1521989604,253608113,0.0,0.0
1388,1521989604,256942218,0.0,0.0
1389,1521989604,260274447,0.0,0.0
1390,1521989604,263607896,0.0,0.0
1391,1521989604,266941588,-0.000352453082276,0.0
1392,1521989604,270274441,0.0,0.0
1393,1521989604,273608612,-0.000352377475608,0.0
1394,1521989604,276941544,0.0,0.0
1395,1521989604,280275140,-0.000352453082276,0.0
1396,1521989604,283608592,0.0,0.0
1397,1521989604,286941940,-0.000352478291709,0.0
1398,1521989604,290275360,0.0,0.0
1399,1521989604,293608632,0.0,0.0
1400,1521989604,296941942,0.0,0.0
1401,1521989604,300276094,0.0,0.0
1402,1521989604,303609298,0.0,0.0
1403,1521989604,306942039,0.0,0.0
1404,1521989604,310275022,0.0,0.0
1405,1521989604,313608015,0.0,0.0
1406,1521989604,316941742,0.0,0.0
1407,1521989604,320275186,0.0,0.0
1408,1521989604,323608579,0.0,0.0
1409,1521989604,326941516,0.0,0.0
1410,1521989604,330274910,0.0,0.0
1411,1521989604,333607773,0.0,0.0
1412,1521989604,336941715,0.0,0.0
1413,1521989604,340274921,0.0,0.0
1414,1521989604,343618382,0.0,0.0
1415,1521989604,346942054,0.0,0.0
1416,1521989604,350275196,0.0,0.0
1417,1521989604,353608644,0.0,0.0
1418,1521989604,356941607,0.0,0.0
1419,1521989604,360275107,0.0,0.0
1420,1521989604,363607807,0.0,0.0
1421,1521989604,366941387,0.0,0.0
1422,1521989604,370275063,0.0,0.0
1423,1521989604,373608687,0.0,0.0
1424,1521989604,376941704,0.0,0.0
1425,1521989604,380274698,0.0,0.0
1426,1521989604,383607820,0.0,0.0
1427,1521989604,386941649,0.0,0.0
1428,1521989604,390274702,0.0,0.0
1429,1521989604,393608389,0.0,0.0
1430,1521989604,396941913,0.0,0.0
1431,1521989604,400275102,0.0,0.0
1432,1521989604,403608033,0.0,0.0
1433,1521989604,406941670,0.0,0.0
1434,1521989604,410275239,0.0,0.0
1435,1521989604,413608610,0.0,0.0
1436,1521989604,416941421,0.0,0.0
1437,1521989604,420274292,0.0,0.0
1438,1521989604,423608423,0.0,0.0
1439,1521989604,426942439,0.0,0.0
1440,1521989604,430274879,0.0,0.0
1441,1521989604,433608548,0.0,0.0
1442,1521989604,436941616,0.0,0.0
1443,1521989604,440274367,0.0,0.0
1444,1521989604,443607311,0.0,0.0
1445,1521989604,446942141,0.0,0.0
1446,1521989604,450275063,0.0,0.0
1447,1521989604,453608471,0.0,0.0
1448,1521989604,456941308,0.0,0.0
1449,1521989604,460274703,0.0,0.0
1450,1521989604,463608243,0.0,0.0
1451,1521989604,466941918,0.0,0.0
1452,1521989604,470275680,0.0,0.0
1453,1521989604,473608896,0.0,0.0
1454,1521989604,476941947,0.0,0.0
1455,1521989604,480274554,0.0,0.0
1456,1521989604,483609667,0.0,0.0
1457,1521989604,486941735,0.0,0.0
1458,1521989604,490275063,0.0,0.0
1459,1521989604,493607673,0.0,0.0
1460,1521989604,496941589,0.0,0.0
1461,1521989604,500276566,0.0,0.0
1462,1521989604,503610716,0.0,0.0
1463,1521989604,506944488,0.0,0.0
1464,1521989604,510276981,0.0,0.0
1465,1521989604,513610427,-0.000352478291709,0.0
1466,1521989604,516943301,-0.000352528721395,0.0
1467,1521989604,520275954,-0.000352528721395,0.0
1468,1521989604,523610266,-0.000352377475608,0.0
1469,1521989604,526942181,-0.00035262962407,0.0
1470,1521989604,530276294,-0.000352402674226,0.0
1471,1521989604,533609917,-0.000352453082276,0.0
1472,1521989604,536942785,-0.000352528721395,0.0
1473,1521989604,540276778,-0.000352402674226,0.0
1474,1521989604,543608744,-0.00035262962407,0.0
1475,1521989604,546942923,0.0,0.0
1476,1521989604,550276496,0.0,0.0
1477,1521989604,553609504,0.0,0.0
1478,1521989604,556942387,0.0,0.0
1479,1521989604,560275100,0.0,0.0
1480,1521989604,563609102,0.0,0.0
1481,1521989604,566942042,0.0,0.0
1482,1521989604,570274300,0.0,0.0
1483,1521989604,573607645,0.0,0.0
1484,1521989604,576942445,0.0,0.0
1485,1521989604,580274663,0.0,0.0
1486,1521989604,583608161,0.0,0.0
