1,1521988726,826418165,0.0,0.0
2,1521988726,829742806,0.0,0.0
3,1521988726,833076833,0.0,0.0
4,1521988726,836409442,0.0,0.0
5,1521988726,839741550,0.0,0.0
6,1521988726,843075711,0.0,0.0
7,1521988726,846437495,0.0,0.0
8,1521988726,849742717,0.0,0.0
9,1521988726,853075984,0.0,0.0
10,1521988726,856409227,0.0,0.0
11,1521988726,859743730,0.0,0.0
12,1521988726,863075899,0.0,0.0
13,1521988726,866409352,0.0,0.0
14,1521988726,869742610,0.0,0.0
15,1521988726,873075618,0.0,0.0
16,1521988726,876408527,0.0,0.0
17,1521988726,879741902,0.0,0.0
18,1521988726,883075015,0.0,0.0
19,1521988726,886409506,0.0,0.0
20,1521988726,889742838,0.0,0.0
21,1521988726,893076110,0.0,0.0
22,1521988726,896409601,0.0,0.0
23,1521988726,899743470,0.0,0.0
24,1521988726,903075929,0.0,0.0
25,1521988726,906408777,0.0,0.0
26,1521988726,909742543,0.0,0.0
27,1521988726,913076047,0.0,0.0
28,1521988726,916408226,0.0,0.0
29,1521988726,919742618,0.0,0.0
30,1521988726,923075277,0.0,0.0
31,1521988726,926374076,0.0,0.0
32,1521988726,929742249,0.0,0.0
33,1521988726,933075968,0.0,0.0
34,1521988726,936409386,0.0,0.0
35,1521988726,939742479,0.0,0.0
36,1521988726,943075816,0.0,0.0
37,1521988726,946408426,0.0,0.0
38,1521988726,949742647,0.0,0.0
39,1521988726,953076041,0.0,0.0
40,1521988726,956409048,0.0,0.0
41,1521988726,959742644,0.0,0.0
42,1521988726,963075617,0.0,0.0
43,1521988726,966408762,0.0,0.0
44,1521988726,969742510,0.0,0.0
45,1521988726,973075723,0.0,0.0
46,1521988726,976408680,0.0,0.0
47,1521988726,979742430,0.0,0.0
48,1521988726,983075797,0.0,0.0
49,1521988726,986409617,0.0,0.0
50,1521988726,989742677,0.0,0.0
51,1521988726,993075850,0.0,0.0
52,1521988726,996408868,0.0,0.0
53,1521988726,999742069,0.0,0.0
54,1521988727,3075788,0.0,0.0
55,1521988727,6409055,0.0,0.0
56,1521988727,9742572,0.0,0.0
57,1521988727,13076040,0.0,0.0
58,1521988727,16408853,0.0,0.0
59,1521988727,19725024,0.0,0.0
60,1521988727,23075477,0.0,0.0
61,1521988727,26409832,0.0,0.0
62,1521988727,29742164,0.0,0.0
63,1521988727,33075324,0.0,0.0
64,1521988727,36409143,0.0,0.0
65,1521988727,39742557,0.0,0.0
66,1521988727,43076062,0.0,0.0
67,1521988727,46409192,0.0,0.0
68,1521988727,49742672,0.0,0.0
69,1521988727,53075710,0.0,0.0
70,1521988727,56408682,0.0,0.0
71,1521988727,59743367,0.0,0.0
72,1521988727,63076256,0.0,0.0
73,1521988727,66409157,0.0,0.0
74,1521988727,69742284,0.0,0.0
75,1521988727,73076168,0.0,0.0
76,1521988727,76408868,0.0,0.0
77,1521988727,79743523,0.0,0.0
78,1521988727,83075834,0.0,0.0
79,1521988727,86409040,0.0,0.0
80,1521988727,89742415,0.0,0.0
81,1521988727,93075944,0.0,0.0
82,1521988727,96409133,0.0,0.0
83,1521988727,99741710,0.0,0.0
84,1521988727,103075799,0.0,0.0
85,1521988727,106409189,0.0,0.0
86,1521988727,109742562,0.0,0.0
87,1521988727,113075927,0.0,0.0
88,1521988727,116408585,0.0,0.0
89,1521988727,119743364,0.0,0.0
90,1521988727,123076061,0.0,0.0
91,1521988727,126408552,0.0,0.0
92,1521988727,129742778,0.0,0.0
93,1521988727,133076126,0.0,0.0
94,1521988727,136408920,0.0,0.0
95,1521988727,139742548,0.0,0.0
96,1521988727,143075935,0.0,0.0
97,1521988727,146409319,0.0,0.0
98,1521988727,149742540,0.0,0.0
99,1521988727,153075735,0.0,0.0
100,1521988727,156408978,0.0,0.0
101,1521988727,159743153,0.0,0.0
102,1521988727,163075821,0.0,0.0
103,1521988727,166408561,0.0,0.0
104,1521988727,169742166,0.0,0.0
105,1521988727,173075372,0.0,0.0
106,1521988727,176408933,0.0,0.0
107,1521988727,179743237,0.0,0.0
108,1521988727,183076029,0.0,0.0
109,1521988727,186408938,0.0,0.0
110,1521988727,189742233,0.0,0.0
111,1521988727,193075918,0.0,0.0
112,1521988727,196408813,0.0,0.0
113,1521988727,199742870,0.0,0.0
114,1521988727,203075558,0.0,0.0
115,1521988727,206408522,0.0,0.0
116,1521988727,209742860,0.0,0.0
117,1521988727,213075870,0.0,0.0
118,1521988727,216409373,0.0,0.0
119,1521988727,219742656,0.0,0.0
120,1521988727,223075782,0.0,0.0
121,1521988727,226408684,0.0,0.0
122,1521988727,229742646,0.0,0.0
123,1521988727,233075695,0.0,0.0
124,1521988727,236408632,0.0,0.0
125,1521988727,239741823,0.0,0.0
126,1521988727,243075968,0.0,0.0
127,1521988727,246409052,0.0,0.0
128,1521988727,249743282,0.0,0.0
129,1521988727,253076544,0.0,0.0
130,1521988727,256409213,0.0,0.0
131,1521988727,259743199,0.0,0.0
132,1521988727,263075449,0.0,0.0
133,1521988727,266409003,0.0,0.0
134,1521988727,269742668,0.0,0.0
135,1521988727,273075608,0.0,0.0
136,1521988727,276410165,0.0,0.0
137,1521988727,279741804,0.0,0.0
138,1521988727,283075762,0.0,0.0
139,1521988727,286409016,0.0,0.0
140,1521988727,289742760,0.0,0.0
141,1521988727,293075805,0.0,0.0
142,1521988727,296409073,0.0,0.0
143,1521988727,299743114,0.0,0.0
144,1521988727,303075664,0.0,0.0
145,1521988727,306409035,0.0,0.0
146,1521988727,309743094,0.0,0.0
147,1521988727,313076369,0.0,0.0
148,1521988727,316409621,0.0,0.0
149,1521988727,319744166,0.0,0.0
150,1521988727,323075801,0.0,0.0
151,1521988727,326409251,0.0,0.0
152,1521988727,329743244,0.0,0.0
153,1521988727,333076084,0.0,0.0
154,1521988727,336409551,0.0,0.0
155,1521988727,339743264,0.0,0.0
156,1521988727,343075590,0.0,0.0
157,1521988727,346408951,0.0,0.0
158,1521988727,349741761,0.0,0.0
159,1521988727,353076018,0.0,0.0
160,1521988727,356408968,0.0,0.0
161,1521988727,359743139,0.0,0.0
162,1521988727,363075037,0.0,0.0
163,1521988727,366409039,0.0,0.0
164,1521988727,369742581,0.0,0.0
165,1521988727,373076948,0.0,0.0
166,1521988727,376408583,0.0,0.0
167,1521988727,379743207,0.0,0.0
168,1521988727,383074894,0.0,0.0
169,1521988727,386409370,0.0,0.0
170,1521988727,389742171,0.0,0.0
171,1521988727,393075772,0.0,0.0
172,1521988727,396409150,0.0,0.0
173,1521988727,399742539,0.0,0.0
174,1521988727,403075929,0.0,0.0
175,1521988727,406408435,0.0,0.0
176,1521988727,409742670,0.0,0.0
177,1521988727,413075076,0.0,0.0
178,1521988727,416408513,0.0,0.0
179,1521988727,419741556,0.0,0.0
180,1521988727,423075417,0.0,0.0
181,1521988727,426409241,0.0,0.0
182,1521988727,429742540,0.0,0.0
183,1521988727,433075019,0.0,0.0
184,1521988727,436409497,0.0,0.0
185,1521988727,439744725,0.0,0.0
186,1521988727,443075590,0.0,0.0
187,1521988727,446408857,0.0,0.0
188,1521988727,449741316,0.0,0.0
189,1521988727,453075682,0.0,0.0
190,1521988727,456409678,0.0,0.0
191,1521988727,459742082,0.0,0.0
192,1521988727,463075643,0.0,0.0
193,1521988727,466398415,0.0,0.0
194,1521988727,469742350,0.0,0.0
195,1521988727,473085569,0.0,0.0
196,1521988727,476409272,0.0,0.0
197,1521988727,479742546,0.0,0.0
198,1521988727,483075347,0.0,0.0
199,1521988727,486409123,0.0,0.0
200,1521988727,489741853,0.0,0.0
201,1521988727,493075516,0.0,0.0
202,1521988727,496409993,0.0,0.0
203,1521988727,499742680,0.0,0.0
204,1521988727,503076023,0.0,0.0
205,1521988727,506408560,0.0,0.0
206,1521988727,509742793,0.0,0.0
207,1521988727,513075469,0.0,0.0
208,1521988727,516417958,0.0,0.0
209,1521988727,519741745,0.0,0.0
210,1521988727,523075321,0.0,0.0
211,1521988727,526409645,0.0,0.0
212,1521988727,529742380,0.0,0.0
213,1521988727,533075479,0.0,0.0
214,1521988727,536408967,0.0,0.0
215,1521988727,539742559,0.0,0.0
216,1521988727,543075077,0.0,0.0
217,1521988727,546409251,0.0,0.0
218,1521988727,549743021,0.0,0.0
219,1521988727,553075901,0.0,0.0
220,1521988727,556408928,0.0,0.0
221,1521988727,559742913,0.0,0.0
222,1521988727,563075852,0.0,0.0
223,1521988727,566408672,0.0,0.0
224,1521988727,569742534,0.0,0.0
225,1521988727,573075790,0.0,0.0
226,1521988727,576409149,0.0,0.0
227,1521988727,579743270,0.0,0.0
228,1521988727,583057138,0.0,0.0
229,1521988727,586409253,0.0,0.0
230,1521988727,589742476,0.0,0.0
231,1521988727,593075725,0.0,0.0
232,1521988727,596408931,0.0,0.0
233,1521988727,599742601,0.0,0.0
234,1521988727,603075103,0.0,0.0
235,1521988727,606409008,0.0,0.0
236,1521988727,609742209,0.0,0.0
237,1521988727,613075271,0.0,0.0
238,1521988727,616409128,0.0,0.0
239,1521988727,619741886,0.0,0.0
240,1521988727,623076370,0.0,0.0
241,1521988727,626409289,0.0,0.0
242,1521988727,629741888,0.0,0.0
243,1521988727,633075820,0.0,0.0
244,1521988727,636408786,0.0,0.0
245,1521988727,639741697,0.0,0.0
246,1521988727,643075680,0.0,0.0
247,1521988727,646409063,0.0,0.0
248,1521988727,649742648,0.0,0.0
249,1521988727,653076228,0.0,0.0
250,1521988727,656408690,0.0,0.0
251,1521988727,659742686,0.0,0.0
252,1521988727,663076111,0.0,0.0
253,1521988727,666410112,0.0,0.0
254,1521988727,669742809,0.0,0.0
255,1521988727,673076053,0.0,0.0
256,1521988727,676409020,0.0,0.0
257,1521988727,679742900,0.0,0.0
258,1521988727,683075875,0.0,0.0
259,1521988727,686409109,0.0,0.0
260,1521988727,689742248,0.0,0.0
261,1521988727,693076168,0.0,0.0
262,1521988727,696408978,0.0,0.0
263,1521988727,699743791,0.0,0.0
264,1521988727,703075414,0.0,0.0
265,1521988727,706408871,0.0,0.0
266,1521988727,709741654,0.0,0.0
267,1521988727,713076785,0.0,0.0
268,1521988727,717546478,0.0,0.0
269,1521988727,719742717,0.0,0.0
270,1521988727,723075628,0.0,0.0
271,1521988727,726410222,0.0,0.0
272,1521988727,729742626,0.0,0.0
273,1521988727,733077178,0.0,0.0
274,1521988727,736410669,0.0,0.0
275,1521988727,739743047,0.0,0.0
276,1521988727,743076653,0.0,0.0
277,1521988727,746408995,0.0,0.0
278,1521988727,749742299,0.0,0.0
279,1521988727,753075922,0.0,0.0
280,1521988727,756410242,0.0,0.0
281,1521988727,759742106,0.0,0.0
282,1521988727,763075537,0.0,0.0
283,1521988727,766409007,0.0,0.0
284,1521988727,769742512,0.000352453082276,0.0
285,1521988727,773076178,0.000352427876448,0.0
286,1521988727,776409965,0.000352453082276,0.0
287,1521988727,779743220,0.000704956583417,0.000351031982483
288,1521988727,783090117,0.00175523543111,0.0010488199488
289,1521988727,786409141,0.00247798239887,0.00282035954147
290,1521988727,789742876,0.00317185088804,0.00421178128908
291,1521988727,793075798,0.00387781593534,0.00631947969438
292,1521988727,796408727,0.00458287337813,0.0080748907206
293,1521988727,799742841,0.00563803960973,0.0105279474017
294,1521988727,803075644,0.00634597094969,0.0122887562705
295,1521988727,806408388,0.00775563187069,0.014394370415
296,1521988727,809742503,0.0095148722041,0.0161440070628
297,1521988727,813077599,0.0112728549492,0.0189448866926
298,1521988727,816409073,0.0134018436887,0.0210739775872
299,1521988727,819742077,0.0158637924628,0.0238735899566
300,1521988727,823075528,0.0190324664429,0.0259745088603
301,1521988727,826393198,0.0223114579067,0.0278630595487
302,1521988727,829742368,0.0263097896304,0.0303941271923
303,1521988727,833075585,0.0299627979036,0.0326483095622
304,1521988727,836409089,0.034540402063,0.0351006876491
305,1521988727,839742126,0.0384228820175,0.0354567662988
306,1521988727,843075433,0.0437073081719,0.0368583581607
307,1521988727,846409576,0.0479267636948,0.0372014075795
308,1521988727,849742607,0.051818015198,0.0372120517591
309,1521988727,853076139,0.0539253215882,0.0372067289081
310,1521988727,856408707,0.0539446123235,0.0368689064495
311,1521988727,859743648,0.0539021909098,0.0319279247488
312,1521988727,863086376,0.0446370353427,0.0238020764569
313,1521988727,866408906,0.0343032581736,0.0165529654046
314,1521988727,869742363,0.0207947318543,0.0147422888126
315,1521988727,873075476,0.0130426296757,0.0147443978668
316,1521988727,876409097,0.0130407640442,0.0147422888126
317,1521988727,879741663,0.013044495841,0.0196620100327
318,1521988727,883074929,0.0155090448352,0.0249232707563
319,1521988727,886408832,0.0214981004634,0.0308863961199
320,1521988727,889742501,0.0260796628572,0.0358001409572
321,1521988727,893075882,0.0285507416284,0.0389645500556
322,1521988727,896408713,0.0289073551544,0.038970124782
323,1521988727,899742685,0.0288990858688,0.038958976924
324,1521988727,903076345,0.0288990858688,0.0375550498276
325,1521988727,906408968,0.0274992074487,0.0351107322013
326,1521988727,909742405,0.0274933067533,0.0326459743709
327,1521988727,913075917,0.0274913404175,0.0326436395137
328,1521988727,916408361,0.0292640707376,0.032655317141
329,1521988727,919742576,0.0320663502803,0.0340403632655
330,1521988727,923075438,0.0352528721395,0.037565795961
331,1521988727,926409321,0.0384146385329,0.0403629040203
332,1521988727,929742404,0.0408904065508,0.0435310794163
333,1521988727,933075824,0.0419419167908,0.0466839145733
334,1521988727,936408569,0.0419539190563,0.0470483811497
335,1521988727,939742824,0.0419329195974,0.0484285580479
336,1521988727,943075522,0.0416013651147,0.0484528104378
337,1521988727,946408999,0.040884557544,0.0484389489558
338,1521988727,949742414,0.0408874818382,0.0487934455652
339,1521988727,953076025,0.040881633668,0.0498394119208
340,1521988727,956408811,0.041248811173,0.0509105616919
341,1521988727,959743622,0.0415716243618,0.0536810163359
342,1521988727,963075769,0.0437229447303,0.0565363681799
343,1521988727,966409278,0.0440597864636,0.0565161491798
344,1521988727,969742467,0.0468796127972,0.0579202771097
345,1521988727,973075833,0.0493469608392,0.0579202771097
346,1521988727,976408850,0.0514655116932,0.0579244201911
347,1521988727,979742702,0.0542738929731,0.0568590474026
348,1521988727,983076144,0.0578064398402,0.0568671811623
349,1521988727,986409163,0.0595730923024,0.0568712489149
350,1521988727,989742565,0.0599213095905,0.0589733730572
351,1521988727,993076042,0.0602694770691,0.0614262033859
352,1521988727,996408968,0.0602824113585,0.0631947969438
353,1521988727,999743172,0.0599041708534,0.0663260686308
354,1521988728,3076004,0.0581672390301,0.066354536791
355,1521988728,6410460,0.0581422834753,0.0691335212712
356,1521988728,9742104,0.0581880516962,0.0705927728329
357,1521988728,13075719,0.0606175947491,0.0716002819143
358,1521988728,16408974,0.0613356098262,0.0716156467817
359,1521988728,19742714,0.0634370177607,0.0716002819143
360,1521988728,23075979,0.0666183971329,0.0716105244266
361,1521988728,26408802,0.0690956293934,0.0716207698697
362,1521988728,29742624,0.0743622819306,0.0719512636884
363,1521988728,33076007,0.0771927458842,0.072663620374
364,1521988728,36408526,0.0814457872335,0.0758446075534
365,1521988728,39741753,0.0849472683018,0.0803863239887
366,1521988728,43076331,0.0852692519036,0.0810593988259
367,1521988728,46410584,0.0870372364752,0.0842235792137
368,1521988728,49742952,0.0874396330473,0.0863785808246
369,1521988728,53076122,0.0884783796918,0.089168501385
370,1521988728,56408425,0.0892025288748,0.0902410376908
371,1521988728,59742773,0.0912657661825,0.0912422108148
372,1521988728,63075726,0.093765932263,0.0926790723057
373,1521988728,66408610,0.097297927105,0.0937389488
374,1521988728,69742337,0.100089516911,0.0954670425524
375,1521988728,73076144,0.104671079305,0.0996788238415
376,1521988728,76408324,0.107544339861,0.102889166936
377,1521988728,79742051,0.109612908588,0.106706090453
378,1521988728,83075866,0.111014781081,0.10810238642
379,1521988728,86409094,0.111030661888,0.108117850605
380,1521988728,89742508,0.112793053347,0.108117850605
381,1521988728,93075989,0.115604610986,0.108110117959
382,1521988728,96408918,0.118097121667,0.108133319215
383,1521988728,99742355,0.121948766467,0.109163138589
384,1521988728,103075435,0.122318716148,0.113040383646
385,1521988728,106409350,0.12299732888,0.116174967224
386,1521988728,109742081,0.124090109931,0.120070114193
387,1521988728,113075823,0.124063484961,0.122501399895
388,1521988728,116408663,0.124442638652,0.12322985404
389,1521988728,119742329,0.126874035521,0.123896566254
390,1521988728,123075660,0.130416967932,0.124967385764
391,1521988728,126409184,0.130407640442,0.126362475537
392,1521988728,129742649,0.130769446224,0.129881833519
393,1521988728,133075995,0.131121924516,0.134094217309
394,1521988728,136408952,0.131483807271,0.13585909463
395,1521988728,139742019,0.135008842319,0.136912265906
396,1521988728,143076250,0.139551458994,0.137575016709
397,1521988728,146409267,0.142058912413,0.138316494274
398,1521988728,149742750,0.143448404486,0.140753757473
399,1521988728,153075738,0.144536775772,0.14394370415
400,1521988728,156408829,0.144526436947,0.145688693208
401,1521988728,159742553,0.14484785722,0.147763326892
402,1521988728,163075705,0.145583947461,0.150252435405
403,1521988728,166409162,0.14556312298,0.151985977521
404,1521988728,169741832,0.145604777901,0.155540543652
405,1521988728,173076165,0.144827142475,0.158621074186
406,1521988728,176408956,0.144536775772,0.160444567796
407,1521988728,179742476,0.143095951404,0.160410142556
408,1521988728,183075688,0.143116422928,0.162188376535
409,1521988728,186409201,0.143095951404,0.162165176939
410,1521988728,189741766,0.14313690031,0.163264904736
411,1521988728,193075865,0.142370680387,0.167406334108
412,1521988728,196408653,0.142421603443,0.167817294106
413,1521988728,199742570,0.142380862085,0.169875178659
414,1521988728,203075769,0.143106186434,0.173760831329
415,1521988728,206408821,0.143479189608,0.175541102622
416,1521988728,209742254,0.143448404486,0.180768541393
417,1521988728,213075782,0.144505763733,0.183225589528
418,1521988728,216408815,0.144536775772,0.183615993342
419,1521988728,219743046,0.144827142475,0.18529187427
420,1521988728,223075761,0.144889304493,0.188531144216
421,1521988728,226409052,0.145231443956,0.189219772624
422,1521988728,229742054,0.145231443956,0.193081400637
423,1521988728,233075642,0.144858216815,0.196212843959
424,1521988728,236409186,0.142743498322,0.19902089897
425,1521988728,239742322,0.139943891385,0.204315227583
426,1521988728,243075807,0.136046889758,0.204286002118
427,1521988728,246408910,0.132188814281,0.205719455951
428,1521988728,249742668,0.128283747027,0.205675319617
429,1521988728,253075867,0.127606268719,0.209230026872
430,1521988728,256408636,0.124090109931,0.211000405351
431,1521988728,259742721,0.120169311911,0.211275918518
432,1521988728,263076938,0.117694076853,0.214068263835
433,1521988728,266409724,0.115285138919,0.214175466428
434,1521988728,269743935,0.115227434524,0.216875716475
435,1521988728,273294068,0.108224020941,0.206660637893
436,1521988728,276412578,0.125460524908,0.235258172648
437,1521988728,279742520,0.119609913351,0.228399498505
438,1521988728,283077177,0.124371462481,0.228072910246
439,1521988728,286368117,0.133526887245,0.235735485875
440,1521988728,289741728,0.141397003006,0.229954552051
441,1521988728,293075969,0.151522314511,0.234422295478
442,1521988728,296419477,0.17289991487,0.236586894918
443,1521988728,299742687,0.181719742029,0.238716807786
444,1521988728,303076707,0.182192182575,0.242160105942
445,1521988728,306409968,0.184698624855,0.242914131878
446,1521988728,309742364,0.185104061894,0.242983650125
447,1521988728,313076040,0.185037868195,0.242896758532
448,1521988728,316409690,0.185390321277,0.245002799791
449,1521988728,319743051,0.185390321277,0.248161861679
450,1521988728,323075791,0.187911250899,0.250690627917
451,1521988728,326409286,0.189267305182,0.251320923568
452,1521988728,329744796,0.193033842031,0.255386882851
453,1521988728,333075755,0.194707282657,0.259247031176
454,1521988728,336408650,0.195300911653,0.261205160701
455,1521988728,339742808,0.19733138634,0.267058932423
456,1521988728,343075882,0.200574494202,0.271016075076
457,1521988728,346409215,0.202322539441,0.27134772246
458,1521988728,349742548,0.202322539441,0.27134772246
459,1521988728,353075627,0.203042018735,0.271367132168
460,1521988728,356409553,0.205113024093,0.272361856694
461,1521988728,359742439,0.211517232837,0.272439791269
462,1521988728,363077310,0.211381140823,0.272264501154
463,1521988728,366412859,0.212759928078,0.27433041537
464,1521988728,369742978,0.213463119697,0.275133549737
465,1521988728,373076696,0.213923721004,0.279381492176
466,1521988728,376409516,0.214689991329,0.280163599784
467,1521988728,379742470,0.216100106215,0.28191901081
468,1521988728,383076232,0.218857711274,0.288507018302
469,1521988728,386409406,0.219593975734,0.289952417531
470,1521988728,389743009,0.220988082587,0.290282686858
471,1521988728,393075938,0.2224456232,0.290696065942
472,1521988728,396409120,0.222429711496,0.2920795006
473,1521988728,399742465,0.225233628402,0.292409641409
474,1521988728,403075880,0.225922425739,0.293792755623
475,1521988728,406420080,0.22556504746,0.293920835845
476,1521988728,409743062,0.229110586142,0.296480786329
477,1521988728,413075947,0.234431599728,0.300526367688
478,1521988728,416408868,0.235841714613,0.302281778715
479,1521988728,419742464,0.236848471289,0.302918934412
480,1521988728,423076602,0.23750241856,0.30601233781
481,1521988728,426409035,0.240106411714,0.307592019522
482,1521988728,429743401,0.24067381584,0.30846885887
483,1521988728,433077723,0.241361312206,0.308797709813
484,1521988728,436410035,0.24082880041,0.310072131074
485,1521988728,439742428,0.241516728377,0.310752211503
486,1521988728,443076118,0.243880090502,0.311671815392
487,1521988728,446409258,0.245342439305,0.314547154492
488,1521988728,449742741,0.247069610675,0.315204175089
489,1521988728,453076834,0.248443885329,0.319370574504
490,1521988728,456409577,0.249237806026,0.319835888977
491,1521988728,459742900,0.2523925094,0.325078867254
492,1521988728,463075615,0.252410564519,0.326155368671
493,1521988728,466409224,0.252356406909,0.326436395137
494,1521988728,469743124,0.246347085637,0.327465995226
495,1521988728,473075880,0.241129645434,0.327559697492
496,1521988728,476409524,0.23226658122,0.327840422643
497,1521988728,479741904,0.22000939928,0.328659966065
498,1521988728,483075377,0.211119396283,0.330297470778
499,1521988728,486408750,0.198797756524,0.330321095517
500,1521988728,489741456,0.190718038275,0.334230259392
501,1521988728,493075633,0.188887833385,0.341480845046
502,1521988728,496409157,0.1889148521,0.343284725208
503,1521988728,499742548,0.188928364356,0.343309278869
504,1521988728,503075426,0.199178727588,0.343358396728
505,1521988728,506409178,0.21039944224,0.342909193286
506,1521988728,509742694,0.231561675055,0.342582711455
507,1521988728,513076130,0.258719066114,0.341905150939
508,1521988728,516408297,0.263395481561,0.339569366646
509,1521988728,519742441,0.264635484182,0.336894316855
510,1521988728,523075618,0.266140146085,0.337014808384
511,1521988728,526409395,0.267140330348,0.338346430223
512,1521988728,529742286,0.268274356981,0.33949649247
513,1521988728,533075626,0.268940936574,0.339798959044
514,1521988728,536409036,0.269626607941,0.341529690826
515,1521988728,539742267,0.269665181132,0.341578550581
516,1521988728,543076621,0.26956876884,0.340403632655
517,1521988728,546409145,0.27146653507,0.341627424319
518,1521988728,549742595,0.271388873352,0.341880697702
519,1521988728,553075831,0.271427698656,0.341929607673
520,1521988728,556409254,0.272798685681,0.342933718332
521,1521988728,559742566,0.272837712675,0.34298277895
522,1521988728,563075331,0.27285723036,0.343007314523
523,1521988728,566409091,0.27383646,0.344664102156
524,1521988728,569741875,0.274267345245,0.345815972165
525,1521988728,573076764,0.274110475383,0.345618179373
526,1521988728,576408540,0.276108995647,0.346617318868
527,1521988728,579743129,0.277653597108,0.347046517051
528,1521988728,583075721,0.27992782967,0.349351785403
529,1521988728,586409317,0.280200200409,0.349602848985
530,1521988728,589742716,0.280220241908,0.349627854553
531,1521988728,593075853,0.283765321322,0.351408149159
532,1521988728,596409357,0.28654435589,0.356271979638
533,1521988728,599742210,0.286605850494,0.356348438322
534,1521988728,603075057,0.286605850494,0.357050602733
535,1521988728,606409666,0.287167108684,0.357573711704
536,1521988728,609742349,0.285195735608,0.358454931554
537,1521988728,613076304,0.285114152047,0.359054354894
538,1521988728,616408927,0.286273800619,0.361640541673
539,1521988728,619742824,0.287912984843,0.362187288888
540,1521988728,623075604,0.288389124269,0.36796047347
541,1521988728,626408878,0.290442112368,0.37033874152
542,1521988728,629742675,0.29075299807,0.371689698761
543,1521988728,633076445,0.293219993205,0.374848534728
544,1521988728,636408518,0.293366854965,0.375036280846
545,1521988728,639742462,0.293219993205,0.374848534728
546,1521988728,643075556,0.289052873893,0.374928974328
547,1521988728,646409453,0.286150971472,0.374821729198
548,1521988728,649741868,0.280300436583,0.372200388919
549,1521988728,653076608,0.269530223224,0.371934284402
550,1521988728,656409650,0.256270047952,0.374928974328
551,1521988728,659742838,0.25168750239,0.374928974328
552,1521988728,663075679,0.251705507076,0.376711206226
553,1521988728,666409584,0.251633503784,0.378007370695
554,1521988728,669741790,0.266549849128,0.378871905324
555,1521988728,673075768,0.291105425946,0.378007370695
556,1521988728,676410192,0.306546484116,0.378628101009
557,1521988728,679742654,0.308154190659,0.381680964863
558,1521988728,683075800,0.30947594012,0.381571764959
559,1521988728,686408990,0.311260594693,0.384407515813
560,1521988728,689742395,0.311238331579,0.384380020819
561,1521988728,693075853,0.311216071649,0.384352529758
562,1521988728,696409020,0.312670608712,0.384758572906
563,1521988728,699742499,0.312625883978,0.384703536634
564,1521988728,703075042,0.313090298976,0.38554342173
565,1521988728,706409192,0.314673085718,0.385673806483
566,1521988728,709742439,0.316877984246,0.385784148749
567,1521988728,713075655,0.317958161283,0.385811744182
568,1521988728,716419650,0.317969420485,0.386995767196
569,1521988728,719742150,0.320045862341,0.389522973139
570,1521988728,723075149,0.319015671797,0.388620200918
571,1521988728,726409414,0.321368257754,0.390586848604
572,1521988728,729742867,0.321460202038,0.390698596504
573,1521988728,733076163,0.321460202038,0.390698596504
574,1521988728,736409262,0.32218820334,0.391779714747
575,1521988728,739742314,0.32218820334,0.392481828931
576,1521988728,743075904,0.3221421172,0.396637770435
577,1521988728,746409082,0.322517636913,0.399123364083
578,1521988728,749742820,0.322494570282,0.400849852953
579,1521988728,753075798,0.32218820334,0.403364598785
580,1521988728,756419812,0.321131547319,0.402391620502
581,1521988728,759741794,0.324689806838,0.405429745734
582,1521988728,763075417,0.3221421172,0.403657907965
583,1521988728,766409176,0.323176362703,0.403278058429
584,1521988728,769742069,0.323268837519,0.401638042798
585,1521988728,773075571,0.3221421172,0.398041797941
586,1521988728,776408957,0.322165158622,0.398070268136
587,1521988728,779741359,0.323315094776,0.399237586982
588,1521988728,783075467,0.324539655035,0.398658274945
589,1521988728,786408912,0.324632506664,0.399123364083
590,1521988728,789742212,0.324632506664,0.399123364083
591,1521988728,793076073,0.322823934827,0.39906627714
592,1521988728,796409304,0.313000723037,0.399825428048
593,1521988728,799742422,0.306325545626,0.399854027864
594,1521988728,803075731,0.306303635495,0.399825428048
595,1521988728,806409290,0.306281728498,0.400849852953
596,1521988728,809742306,0.319038492862,0.401638042798
597,1521988728,813075982,0.330224920232,0.402576094881
598,1521988728,816407848,0.331471846626,0.403860097972
599,1521988728,819742856,0.331868391092,0.402432194361
600,1521988728,823075623,0.335278798509,0.404826742281
601,1521988728,826409313,0.337978333514,0.406085912622
602,1521988728,829742390,0.338050861053,0.407226226798
603,1521988728,833075589,0.337698357549,0.406875169706
604,1521988728,836410085,0.337905837089,0.407051526572
605,1521988728,839742916,0.33878010126,0.409010769109
606,1521988728,843075520,0.339156891867,0.409040030145
607,1521988728,846408741,0.340494029791,0.409654323558
608,1521988728,849742202,0.340494029791,0.411058451488
609,1521988728,853076153,0.345002218067,0.410970266751
610,1521988728,856408944,0.347265632525,0.414306639975
611,1521988728,859742182,0.347191117333,0.416323931225
612,1521988728,863075530,0.348248552208,0.419132187085
613,1521988728,866408613,0.348625966196,0.419864282112
614,1521988728,869742609,0.34852624481,0.419744183633
615,1521988728,873076168,0.348576098371,0.41910221053
616,1521988728,876409058,0.348650905459,0.419543235266
617,1521988728,879742496,0.349305987083,0.419483219067
618,1521988728,883075214,0.348650905459,0.41778782424
619,1521988728,886408772,0.349281004535,0.419453217407
620,1521988728,889742206,0.349305987083,0.41983425105
621,1521988728,893074992,0.347593319295,0.420596481882
622,1521988728,896408905,0.347493886178,0.42047616536
623,1521988728,899742072,0.347543595625,0.420536315015
624,1521988728,903076191,0.347469036787,0.420446096984
625,1521988728,906409161,0.35038848372,0.420566396296
626,1521988728,909741902,0.350791171941,0.42027546445
627,1521988728,913075564,0.351748176111,0.42015523116
628,1521988728,916408079,0.352906495591,0.42027546445
629,1521988728,919742153,0.351697868878,0.419393226958
630,1521988728,923075320,0.351773335125,0.419483219067
631,1521988728,926408666,0.351420856833,0.420887346997
632,1521988728,929742382,0.348928551453,0.419453217407
633,1521988728,933075491,0.345805938158,0.41951322502
634,1521988728,936409128,0.335511338379,0.418370274715
635,1521988728,939743033,0.335511338379,0.418370274715
636,1521988728,943075543,0.33563135245,0.415359961941
637,1521988728,946409100,0.350363421958,0.41702599519
638,1521988728,949742459,0.350338363782,0.416996169271
639,1521988728,953075961,0.353888204875,0.41702599519
640,1521988728,956409282,0.353888204875,0.414919803295
641,1521988728,959743538,0.35378698551,0.414801127627
642,1521988728,963075278,0.350186274753,0.414425233546
643,1521988728,966408931,0.349960881313,0.414158493426
644,1521988728,969743135,0.349558455803,0.414099264467
645,1521988728,973075416,0.347315327092,0.415419400974
646,1521988728,976408634,0.346133682458,0.416323931225
647,1521988728,979742478,0.346084174672,0.416264384071
648,1521988728,983075613,0.345805938158,0.415300539915
649,1521988728,986409008,0.345781204166,0.411760515453
650,1521988728,989742733,0.344674463167,0.407489839718
651,1521988728,993075718,0.342657917196,0.407255358082
652,1521988728,996409143,0.340822130561,0.402604887335
653,1521988728,999743174,0.340068580628,0.397282956416
654,1521988729,3076824,0.338354958985,0.395584749805
655,1521988729,6409060,0.337770840562,0.392566070577
656,1521988729,9742216,0.336640847034,0.388269143826
657,1521988729,13076140,0.334101626873,0.381517188436
658,1521988729,16409014,0.329261825783,0.37425363079
659,1521988729,19743665,0.327311865849,0.372636047202
660,1521988729,23075718,0.324396041547,0.367661971953
661,1521988729,26408748,0.316923320534,0.365476575658
662,1521988729,29742019,0.313705679621,0.3647222298
663,1521988729,33076222,0.309739801059,0.361108595879
664,1521988729,36409078,0.301412056793,0.356699520527
665,1521988729,39741641,0.300728512227,0.352862858623
666,1521988729,43075974,0.299168476791,0.351282511637
667,1521988729,46409510,0.293593417536,0.345390766467
668,1521988729,49742604,0.292577908941,0.342280664765
669,1521988729,53076039,0.290089634076,0.342256182921
670,1521988729,56408833,0.283785620723,0.342305150112
671,1521988729,59742251,0.282335111659,0.347521662658
672,1521988729,63075824,0.279142841162,0.356973993391
673,1521988729,66408847,0.274247726694,0.361588804829
674,1521988729,69743256,0.272035411169,0.36988188538
675,1521988729,73076236,0.271427698656,0.370014175039
676,1521988729,76408865,0.270761427187,0.370067117402
677,1521988729,79742594,0.269959753359,0.369583808117
678,1521988729,83075954,0.269998371449,0.3647222298
679,1521988729,86409145,0.270017684637,0.358429291001
680,1521988729,89741592,0.281338045436,0.353916180589
681,1521988729,93076046,0.294587569608,0.353388101117
682,1521988729,96408814,0.294714011086,0.344762725549
683,1521988729,99741897,0.294692929969,0.341929607673
684,1521988729,103075827,0.291105425946,0.340101339093
685,1521988729,106408928,0.282707810808,0.336663751292
686,1521988729,109742150,0.2805727202,0.335235543271
687,1521988729,113074871,0.27992782967,0.335307492522
688,1521988729,116408814,0.27769330729,0.333408841515
689,1521988729,119741762,0.275677460131,0.331772683955
690,1521988729,123075554,0.27383646,0.331677776515
691,1521988729,126408770,0.271408284616,0.326459743709
692,1521988729,129741804,0.269665181132,0.324727810162
693,1521988729,133075719,0.267845186101,0.319042432648
694,1521988729,136408804,0.261205097018,0.31244081194
695,1521988729,139742207,0.254489326614,0.311716400445
696,1521988729,143075502,0.250612065405,0.30820608062
697,1521988729,146408989,0.244954892182,0.303620948165
698,1521988729,149742224,0.236529851686,0.293483728968
699,1521988729,153075995,0.235421821468,0.288507018302
700,1521988729,156408690,0.233374013563,0.282270093016
701,1521988729,159743360,0.232200152911,0.277216125855
702,1521988729,163075708,0.229881615915,0.275287834823
703,1521988729,166408699,0.22419222902,0.27347347472
704,1521988729,169742666,0.222381990039,0.272712838468
705,1521988729,173075683,0.218904676449,0.269260789615
706,1521988729,176408286,0.212590026815,0.266490457408
707,1521988729,179743245,0.209619631316,0.264545662204
708,1521988729,183075805,0.208006825573,0.259117203646
709,1521988729,186409242,0.202675017732,0.253796123335
710,1521988729,189742588,0.197035365065,0.251338899458
711,1521988729,193075536,0.191775624439,0.244704297055
712,1521988729,196409288,0.184672207259,0.236210733962
713,1521988729,199743274,0.181134974552,0.233737145736
714,1521988729,203075896,0.175924416883,0.230326403241
715,1521988729,206408914,0.16849667527,0.226080767291
716,1521988729,209742274,0.165664797103,0.222905308877
717,1521988729,213075695,0.165312318811,0.222554276894
718,1521988729,216408491,0.163573326727,0.222586118124
719,1521988729,219741558,0.162504115689,0.221165968002
720,1521988729,223075212,0.160718605518,0.219730304683
721,1521988729,226408814,0.160718605518,0.21902829093
722,1521988729,229742008,0.160730101019,0.212374349402
723,1521988729,233076005,0.161400424796,0.208468265116
724,1521988729,236408987,0.161458154399,0.202925514631
725,1521988729,239742282,0.161435057603,0.201843389928
726,1521988729,243075090,0.161458154399,0.198361445963
727,1521988729,246408431,0.161787535894,0.190610366488
728,1521988729,249742002,0.161423511682,0.185682637664
729,1521988729,253075674,0.160366152435,0.184629617034
730,1521988729,256409217,0.159661246271,0.183576596405
731,1521988729,259743417,0.158217486548,0.18283535321
732,1521988729,263075352,0.15163073835,0.179805539271
733,1521988729,266408692,0.150860708851,0.179728375031
734,1521988729,269741655,0.150166493023,0.177283831494
735,1521988729,273075833,0.148361525849,0.177233121016
736,1521988729,276408511,0.143489454251,0.176255875651
737,1521988729,279743108,0.141635489851,0.173335411787
738,1521988729,283075642,0.138211032881,0.169245837226
739,1521988729,286409232,0.137456702087,0.168483300716
740,1521988729,289742540,0.137114055475,0.167793287627
741,1521988729,293075575,0.136066352833,0.164294719087
742,1521988729,296408545,0.131836310776,0.158326748522
743,1521988729,299743237,0.127903877855,0.156504293837
744,1521988729,303074898,0.125192474861,0.155936274317
745,1521988729,306409424,0.123675650488,0.154398854907
746,1521988729,309742303,0.122679995045,0.152369677076
747,1521988729,313075716,0.122653672632,0.14707188125
748,1521988729,316408744,0.122679995045,0.141135046508
749,1521988729,319741995,0.119137662598,0.138657633081
750,1521988729,323075414,0.115604610986,0.138647716214
751,1521988729,326408386,0.111046547239,0.138326388866
752,1521988729,329741649,0.10926827043,0.136902473168
753,1521988729,333075928,0.108884639963,0.134055863582
754,1521988729,336409155,0.108923582967,0.128486895697
755,1521988729,339743556,0.108876854703,0.125624522856
756,1521988729,343075440,0.106141516845,0.125723404412
757,1521988729,346409306,0.100441944788,0.125651475124
758,1521988729,349742084,0.0962403409408,0.125336347272
759,1521988729,353075418,0.0930542690111,0.124967385764
760,1521988729,356408829,0.0909393992608,0.118999842062
761,1521988729,359742135,0.0905869209691,0.113734362325
762,1521988729,363075793,0.0902279890626,0.109163138589
763,1521988729,366409165,0.0902344426774,0.108117850605
764,1521988729,369742343,0.0902344426774,0.106713722675
765,1521988729,373075564,0.088125876187,0.106721355988
766,1521988729,376408106,0.0846129459959,0.106736625892
767,1521988729,379742114,0.0817574204205,0.104234132558
768,1521988729,383075207,0.0786082815588,0.0997002141471
769,1521988729,386408881,0.075424959607,0.0937188360231
770,1521988729,389741538,0.0743888816881,0.0902345817573
771,1521988729,393075653,0.0743516473533,0.0887856897544
772,1521988729,396409291,0.0740151472779,0.0884537328757
773,1521988729,399743337,0.0740045615875,0.0884410821702
774,1521988729,403075794,0.0740416247578,0.0881342430365
775,1521988729,406419438,0.0716799854019,0.0857330228905
776,1521988729,409742405,0.0693038532891,0.0824008098171
777,1521988729,413075815,0.0655562733033,0.0768705059515
778,1521988729,416408708,0.0595773539157,0.0695142766382
779,1521988729,419741305,0.0567611846056,0.0656570692164
780,1521988729,423075251,0.0539214650966,0.0631767193362
781,1521988729,426408431,0.0518143088812,0.063185756847
782,1521988729,429741533,0.051818015198,0.0631902765721
783,1521988729,433075571,0.0518031931112,0.0649269849266
784,1521988729,436408817,0.0521705187027,0.0652966191245
785,1521988729,439741356,0.0521779833641,0.0653059618944
786,1521988729,443075460,0.0521555957855,0.0652779416018
787,1521988729,446409095,0.0518106030945,0.0635322446449
788,1521988729,449742557,0.0507532438477,0.060724189633
789,1521988729,453076053,0.0489909784363,0.0561611002386
790,1521988729,456408950,0.0458287337813,0.0505558375551
791,1521988729,459743189,0.0433424294998,0.0456211054074
792,1521988729,463075374,0.0405495051934,0.0421389079602
793,1521988729,466408793,0.0384201337962,0.0400176460031
794,1521988729,469741977,0.036305264046,0.0400176460031
795,1521988729,473075661,0.0363026674744,0.04001478392
796,1521988729,476408582,0.0345478146967,0.040374453603
797,1521988729,479743237,0.0341757276506,0.0417548866451
798,1521988729,483075187,0.0338524439107,0.0431954713483
799,1521988729,486408306,0.0324303224368,0.0435310794163
800,1521988729,489742081,0.0313660810039,0.0435217399871
801,1521988729,493075718,0.0303109650757,0.0435248526849
802,1521988729,496408715,0.0282002803798,0.041775793956
803,1521988729,499743243,0.0267787733251,0.0393015267035
804,1521988729,503075687,0.0257382790825,0.0372200388919
805,1521988729,506408964,0.0246734804196,0.0344011342834
806,1521988729,509741749,0.0246770104976,0.0319484806772
807,1521988729,513075732,0.0246681871958,0.0298313173987
808,1521988729,516408557,0.0250313298571,0.027737478439
809,1521988729,519741269,0.0253820679404,0.025980083188
810,1521988729,523075775,0.0257217164833,0.0242125477013
811,1521988729,526408640,0.0257345966618,0.0224692611356
812,1521988729,529741285,0.0257364377404,0.0214175466428
813,1521988729,533075897,0.0253693642027,0.020703482817
814,1521988729,536410025,0.0246664232926,0.0200031000633
815,1521988729,539742387,0.0229176457584,0.0196634167731
816,1521988729,543075294,0.0211517232837,0.0196606034936
817,1521988729,546408810,0.0190324664429,0.0196563850835
818,1521988729,549742656,0.0165641101931,0.0193039975749
819,1521988729,553075976,0.0151565665435,0.0189557270541
820,1521988729,556409195,0.0137476366852,0.0179039116954
821,1521988729,559742543,0.0126892185015,0.0172005671417
822,1521988729,563075648,0.0126901261709,0.0161486262351
823,1521988729,566418542,0.01230066787,0.0143502285003
824,1521988729,569741974,0.012373912395,0.013379408106
825,1521988729,573075348,0.0119842619181,0.0119350874044
826,1521988729,576408499,0.0116326156567,0.0108827698541
827,1521988729,579742154,0.0112776920463,0.00912552612634
828,1521988729,583075566,0.010926827043,0.0084247675796
829,1521988729,586409026,0.010221139386,0.0077221512828
830,1521988729,589741696,0.00916640248289,0.00702214644026
831,1521988729,593075671,0.00845766418143,0.0066681768303
832,1521988729,596408745,0.00740257359971,0.00667008474927
833,1521988729,599742193,0.00634460925075,0.00596754370221
834,1521988729,603075907,0.00563884602317,0.00596669015953
835,1521988729,606408972,0.00423004205698,0.00526585638101
836,1521988729,609742448,0.00317230462538,0.00491444775477
837,1521988729,613075608,0.00211502102849,0.00421268510481
838,1521988729,616408654,0.00141001401899,0.00351057092067
839,1521988729,619742040,0.000704906164551,0.00245704813544
840,1521988729,623075337,0.0,0.0021063425524
841,1521988729,626408931,0.0,0.00105302062947
842,1521988729,629741543,0.0,0.000351107322013
843,1521988729,633076067,0.0,0.0
844,1521988729,636408705,0.0,0.0
845,1521988729,639741836,0.0,0.0
846,1521988729,643074494,-0.00035255394165,-0.000351107322013
847,1521988729,646409404,-0.000352301901371,-0.000350856315921
848,1521988729,649742648,0.0,-0.000351057092067
849,1521988729,653075706,0.0,-0.000351057092067
850,1521988729,656408901,0.0,-0.000351057092067
851,1521988729,659743103,0.0,-0.000350931580057
852,1521988729,663076123,0.0,-0.000351057092067
853,1521988729,666408559,0.0,-0.000351132442377
854,1521988729,669742422,0.0,-0.00035098177409
855,1521988729,673076066,0.0,0.0
856,1521988729,676408940,0.0,0.0
857,1521988729,679743276,0.0,0.0
858,1521988729,683075556,0.0,0.0
859,1521988729,686408285,0.0,0.0
860,1521988729,689741906,0.0,0.0
861,1521988729,693075344,0.0,0.0
862,1521988729,696408805,0.0,0.0
863,1521988729,699743166,0.0,0.0
864,1521988729,703075838,0.0,0.0
865,1521988729,706409309,0.0,0.0
866,1521988729,709742463,0.0,0.0
867,1521988729,713075749,0.0,0.0
868,1521988729,716408835,0.0,0.0
869,1521988729,719741569,0.0,0.0
870,1521988729,723075419,0.0,0.0
871,1521988729,726408732,0.0,0.0
872,1521988729,729741647,0.0,0.0
873,1521988729,733075622,0.0,0.0
874,1521988729,736408295,0.0,0.0
875,1521988729,739741376,0.0,-0.000351057092067
876,1521988729,743075567,0.0,-0.000350931580057
877,1521988729,746408970,0.0,-0.000351031982483
878,1521988729,749741931,0.0,-0.000351057092067
879,1521988729,753076129,0.0,-0.000350956675279
880,1521988729,756409238,0.0,-0.000702114184134
881,1521988729,759743095,0.0,-0.000701913350558
882,1521988729,763075534,0.0,-0.000702264884753
883,1521988729,766408614,0.0,-0.00140422836827
884,1521988729,769743045,0.0,-0.00175465790029
885,1521988729,773076047,0.0,-0.00175528546034
886,1521988729,776408773,0.0,-0.00210664393208
887,1521988729,779742291,0.0,-0.00210604125895
888,1521988729,783075538,0.0,-0.00245722387738
889,1521988729,786409083,0.0,-0.00245704813544
890,1521988729,789734738,0.0,-0.00281469819892
891,1521988729,793075451,0.0,-0.00280204290442
892,1521988729,796409161,0.0,-0.00315906188842
893,1521988729,799743339,0.0,-0.00315838422051
894,1521988729,803075304,0.0,-0.003160644245
895,1521988729,806408850,0.0,-0.00315906188842
896,1521988729,809742008,0.0,-0.0031595138286
897,1521988729,813075768,0.0,-0.0035098177409
898,1521988729,816408699,0.0,-0.00351082205243
899,1521988729,819742494,0.0,-0.00386079951499
900,1521988729,823075021,0.0,-0.00386218054214
901,1521988729,826409557,0.0,-0.00385997137266
902,1521988729,829741602,0.0,-0.00386273322969
903,1521988729,833075863,0.0,-0.00386052342807
904,1521988729,836409270,0.0,-0.00421208251789
905,1521988729,839741906,0.0,-0.00456439518617
906,1521988729,843075394,0.0,-0.00561651171973
907,1521988729,846408961,0.0,-0.00737114440631
908,1521988729,849742227,-0.000352478291709,-0.00912683154456
909,1521988729,853075866,-0.00176213938224,-0.0119333803191
910,1521988729,856408394,-0.00352579165513,-0.0129919003679
911,1521988729,859741812,-0.00563924931641,-0.0143912819361
912,1521988729,863074892,-0.00775563187069,-0.014394370415
913,1521988729,866408694,-0.00986798054056,-0.0143902527377
914,1521988729,869743504,-0.0102167551398,-0.0140342526368
915,1521988729,873076249,-0.0102240643078,-0.0133420782365
916,1521988729,876408276,-0.0102255273966,-0.0122905148217
917,1521988729,879742519,-0.00916181436581,-0.0108788789818
918,1521988729,883075415,-0.00846068931348,-0.0101813839521
919,1521988729,886408701,-0.00740204412588,-0.00912683154456
920,1521988729,889742173,-0.00669708754246,-0.00877579956208
921,1521988729,893075313,-0.00669756659021,-0.00877642730168
922,1521988729,896408798,-0.00599170239869,-0.00877517191228
923,1521988729,899742252,-0.00599170239869,-0.00912617878877
924,1521988729,903074573,-0.00599427468077,-0.00948125429105
925,1521988729,906409107,-0.00598998877009,-0.00982538167587
926,1521988729,909742241,-0.00599213095905,-0.00982889550953
927,1521988729,913075685,-0.00563965266734,-0.00982889550953
928,1521988729,916408539,-0.00528793082092,-0.00912813733633
929,1521988729,919742254,-0.00493399027028,-0.00877454435225
930,1521988729,923075020,-0.00458320124144,-0.0080754684063
931,1521988729,926408767,-0.00422913451738,-0.0070196354818
932,1521988729,929741066,-0.00387837082065,-0.00667151640516
933,1521988729,933076505,-0.00387476690208,-0.00596370468196
934,1521988729,936409754,-0.00387753855223,-0.00526585638101
935,1521988729,939741196,-0.00387948106778,-0.00456602847723
936,1521988729,943076038,-0.00422762281645,-0.00421027579105
937,1521988729,946408039,-0.00423155548884,-0.00421419232667
938,1521988729,949742449,-0.00422822736712,-0.00385997137266
939,1521988729,953075802,-0.0042297395005,-0.00351031982483
940,1521988729,956409007,-0.00387753855223,-0.00351057092067
941,1521988729,959743238,-0.00352377475608,-0.00350931580057
942,1521988729,963075436,-0.00317343953688,-0.00280926053068
943,1521988729,966408936,-0.00246717157593,-0.00280805501193
944,1521988729,969742222,-0.00211486975025,-0.0021061918949
945,1521988729,973076186,-0.00176213938224,-0.00175490887045
946,1521988729,976408370,-0.00105773749654,-0.00140452976951
947,1521988729,979744780,-0.00105652804896,-0.00105219284223
948,1521988729,983076110,-0.00105804029121,-0.000702465919573
949,1521988729,986408395,-0.00105773749654,-0.000702264884753
950,1521988729,989742534,-0.000704805348452,-0.000350956675279
951,1521988729,993075838,-0.000704956583417,0.0
952,1521988729,996408847,-0.000705007009496,0.0
953,1521988729,999743243,-0.000352377475608,0.0
954,1521988730,3075510,-0.000352579165513,0.0
955,1521988730,6408954,-0.000352478291709,0.0
956,1521988730,9742070,0.0,0.0
957,1521988730,13075991,0.0,0.0
958,1521988730,16409026,0.0,0.0
959,1521988730,19741472,0.0,0.0
960,1521988730,23075329,0.0,0.0
961,1521988730,26408977,0.0,0.000351006876491
962,1521988730,29741609,0.0,0.000351107322013
963,1521988730,33075573,0.0,0.0
964,1521988730,36407615,0.0,0.0
965,1521988730,39743078,0.0,0.0
966,1521988730,43075558,0.0,0.0
967,1521988730,46419701,0.0,0.0
968,1521988730,49743020,0.0,0.0
969,1521988730,53075411,0.0,0.0
970,1521988730,56409434,0.0,0.0
971,1521988730,59743061,0.0,0.0
972,1521988730,63076004,0.0,0.0
973,1521988730,66409307,0.0,0.0
974,1521988730,69741783,0.0,0.0
975,1521988730,73075442,0.0,0.0
976,1521988730,76408732,0.0,0.0
977,1521988730,79743082,0.0,0.0
978,1521988730,83075390,0.0,0.0
979,1521988730,86408855,0.0,0.0
980,1521988730,89741214,0.0,0.0
981,1521988730,93075570,0.0,0.0
982,1521988730,96408748,0.0,0.0
983,1521988730,99741885,0.0,0.0
984,1521988730,103075244,0.0,0.0
985,1521988730,106408764,0.0,0.0
986,1521988730,109742232,0.0,0.0
987,1521988730,113075705,0.0,0.0
988,1521988730,116408814,0.0,0.0
989,1521988730,119741930,0.0,0.0
990,1521988730,123075284,0.0,0.0
991,1521988730,126409275,0.0,0.0
992,1521988730,129747923,0.0,0.0
993,1521988730,133077197,0.0,0.0
994,1521988730,136408101,0.0,0.0
995,1521988730,139742592,0.0,0.0
996,1521988730,143075319,0.0,0.0
997,1521988730,146409074,0.0,0.0
998,1521988730,149742603,0.0,0.0
999,1521988730,153075952,0.0,0.0
1000,1521988730,156408562,0.0,0.0
1001,1521988730,159741848,0.0,0.0
1002,1521988730,163075437,0.0,0.0
1003,1521988730,166409145,0.0,0.0
1004,1521988730,169742372,0.0,0.0
1005,1521988730,173075580,0.0,0.0
1006,1521988730,176408359,0.0,0.0
1007,1521988730,179742247,0.0,0.0
1008,1521988730,183075469,0.0,0.0
1009,1521988730,186408643,0.0,0.0
1010,1521988730,189743327,0.0,0.0
1011,1521988730,193075102,0.0,0.0
1012,1521988730,196408820,0.0,0.0
1013,1521988730,199743401,0.0,0.0
1014,1521988730,203076419,0.0,0.0
1015,1521988730,206408777,0.0,0.0
1016,1521988730,209742520,0.0,0.0
1017,1521988730,213076197,0.0,0.0
1018,1521988730,216408367,0.0,0.0
1019,1521988730,219741298,0.0,0.0
1020,1521988730,223075249,0.0,0.0
1021,1521988730,226408805,0.0,0.0
1022,1521988730,229742207,0.0,0.0
1023,1521988730,233075645,0.0,0.0
1024,1521988730,236408725,0.0,0.0
1025,1521988730,239740810,0.0,0.0
1026,1521988730,243075490,0.0,0.0
1027,1521988730,246409104,0.0,0.0
1028,1521988730,249742421,0.0,0.0
1029,1521988730,253075884,0.0,0.0
1030,1521988730,256408824,0.0,0.0
1031,1521988730,259742624,0.0,0.0
1032,1521988730,263075124,0.0,0.0
1033,1521988730,266409160,0.0,0.0
1034,1521988730,269742233,0.0,0.0
1035,1521988730,273075901,0.0,0.0
1036,1521988730,276408710,0.0,0.0
1037,1521988730,279743511,0.0,0.0
1038,1521988730,283075555,0.0,0.0
1039,1521988730,286409221,0.0,0.0
1040,1521988730,289742352,0.0,0.0
1041,1521988730,293075364,0.0,0.0
1042,1521988730,296408606,0.0,0.0
1043,1521988730,299745524,0.0,0.0
1044,1521988730,303076295,0.0,0.0
1045,1521988730,306409628,0.0,0.0
1046,1521988730,309742599,0.0,0.0
1047,1521988730,313075465,0.0,0.0
1048,1521988730,316408539,0.0,0.0
1049,1521988730,319742270,0.0,0.0
1050,1521988730,323075582,0.0,0.0
1051,1521988730,326408323,0.0,0.0
1052,1521988730,329742200,0.0,0.0
1053,1521988730,333075941,0.0,0.0
1054,1521988730,336407711,0.0,0.0
1055,1521988730,339741900,0.0,0.0
1056,1521988730,343075001,0.0,0.0
1057,1521988730,346408471,0.0,0.0
1058,1521988730,349741932,0.0,0.0
1059,1521988730,353076220,0.0,0.0
1060,1521988730,356408933,0.0,0.0
1061,1521988730,359743454,0.0,0.0
1062,1521988730,363075963,0.0,0.0
1063,1521988730,366409620,0.0,0.0
1064,1521988730,369742416,0.0,0.0
1065,1521988730,373075602,0.0,0.0
1066,1521988730,376409176,0.0,0.0
1067,1521988730,379741535,0.0,0.0
1068,1521988730,383075331,0.0,0.0
1069,1521988730,386408247,0.0,0.0
1070,1521988730,389741428,0.0,0.0
1071,1521988730,393075634,0.0,0.0
1072,1521988730,396408996,0.0,0.0
1073,1521988730,399742070,0.0,0.0
1074,1521988730,403075835,0.0,0.0
1075,1521988730,406408831,0.0,0.0
1076,1521988730,409742302,0.0,0.0
1077,1521988730,413075751,0.0,0.0
1078,1521988730,416409015,0.0,0.0
1079,1521988730,419741867,0.0,0.0
1080,1521988730,423075903,0.0,0.0
1081,1521988730,426409114,0.0,0.0
1082,1521988730,429741531,0.0,0.0
1083,1521988730,433075566,0.0,0.0
1084,1521988730,436408312,0.0,0.0
1085,1521988730,439741587,0.0,0.0
1086,1521988730,443075565,0.0,0.0
1087,1521988730,446408267,0.0,0.0
1088,1521988730,449741660,0.0,0.0
1089,1521988730,453075383,0.0,0.0
1090,1521988730,456408324,0.0,0.0
1091,1521988730,459743112,0.0,0.0
1092,1521988730,463075272,0.0,0.0
1093,1521988730,466408918,0.0,0.0
1094,1521988730,469742078,0.0,0.0
1095,1521988730,473074994,0.0,0.0
1096,1521988730,476408901,0.0,0.0
1097,1521988730,479742843,0.0,0.0
1098,1521988730,483075797,0.0,0.0
1099,1521988730,486408818,0.0,0.0
1100,1521988730,489741411,0.0,0.0
1101,1521988730,493075498,0.0,0.0
1102,1521988730,496409395,0.0,0.0
1103,1521988730,499742728,0.0,0.0
1104,1521988730,503076190,0.0,0.0
1105,1521988730,506409177,0.0,0.0
1106,1521988730,509742345,0.0,0.0
1107,1521988730,513075768,0.0,0.0
1108,1521988730,516408207,0.0,0.0
1109,1521988730,519741719,0.0,0.0
1110,1521988730,523075726,0.0,0.0
1111,1521988730,526408472,0.0,0.0
1112,1521988730,529741967,0.0,0.0
1113,1521988730,533075852,0.0,0.0
1114,1521988730,536408945,0.0,0.0
1115,1521988730,539741258,0.0,0.0
1116,1521988730,543074936,0.0,0.0
1117,1521988730,546408628,0.0,0.0
1118,1521988730,549741705,0.0,0.0
1119,1521988730,553076089,0.0,0.0
1120,1521988730,556408374,0.0,0.0
1121,1521988730,559742110,0.0,0.0
1122,1521988730,563075266,0.0,0.0
1123,1521988730,566409096,0.0,0.0
1124,1521988730,569742344,0.0,0.0
1125,1521988730,573075504,0.0,0.0
1126,1521988730,576408446,0.0,0.0
1127,1521988730,579742828,0.0,0.0
1128,1521988730,583075891,0.0,0.0
1129,1521988730,586408114,0.0,0.0
1130,1521988730,589743102,0.0,0.0
1131,1521988730,593075516,0.0,0.0
1132,1521988730,596408551,0.0,0.0
1133,1521988730,599743932,0.0,0.0
1134,1521988730,603076233,0.0,0.0
1135,1521988730,606408882,0.0,0.0
1136,1521988730,609742510,0.0,0.0
1137,1521988730,613074676,0.0,0.0
1138,1521988730,616408306,0.0,0.0
1139,1521988730,619741285,0.0,0.0
1140,1521988730,623075355,0.0,0.0
1141,1521988730,626409146,0.0,0.0
1142,1521988730,629742273,0.0,0.0
1143,1521988730,633075701,0.0,0.0
1144,1521988730,636408368,0.0,0.0
1145,1521988730,639742329,0.0,0.0
1146,1521988730,643075792,0.0,0.0
1147,1521988730,646408219,0.0,0.0
1148,1521988730,649742753,0.0,0.0
1149,1521988730,653075445,0.0,0.0
1150,1521988730,656408810,0.0,0.0
1151,1521988730,659741753,0.0,0.0
1152,1521988730,663075411,0.0,0.0
1153,1521988730,666408502,0.0,0.0
1154,1521988730,669742282,0.0,0.0
1155,1521988730,673075376,0.0,0.0
1156,1521988730,676408698,0.0,0.0
1157,1521988730,679742156,0.0,0.0
1158,1521988730,683075684,0.0,0.0
1159,1521988730,686408344,0.0,0.0
1160,1521988730,689742030,0.0,0.0
1161,1521988730,693075359,0.0,0.0
1162,1521988730,696408713,0.0,0.0
1163,1521988730,699743502,0.0,0.0
1164,1521988730,703075433,0.0,0.0
1165,1521988730,706409282,0.0,0.0
1166,1521988730,709742143,0.0,0.0
1167,1521988730,713075779,0.0,0.0
1168,1521988730,716408750,0.0,0.0
1169,1521988730,719742362,0.0,0.0
1170,1521988730,723075558,0.0,0.0
1171,1521988730,726408892,0.0,0.0
1172,1521988730,729742306,0.0,0.0
1173,1521988730,733077260,0.0,0.0
1174,1521988730,736408491,0.0,0.0
1175,1521988730,739742863,0.0,0.0
1176,1521988730,743075103,0.0,0.0
1177,1521988730,746408502,0.0,0.0
1178,1521988730,749741866,0.0,0.0
1179,1521988730,753075590,0.0,0.0
1180,1521988730,756410369,0.0,0.0
1181,1521988730,759742618,0.0,0.0
1182,1521988730,763075838,0.0,0.0
1183,1521988730,766409573,0.0,0.0
1184,1521988730,769742523,0.0,0.0
1185,1521988730,773076176,0.0,0.0
1186,1521988730,776408212,0.0,0.0
1187,1521988730,779742659,0.0,0.0
1188,1521988730,783075417,0.0,0.0
1189,1521988730,786408949,0.0,0.0
1190,1521988730,789741360,0.0,0.0
1191,1521988730,793075665,0.0,0.0
1192,1521988730,796408522,0.0,0.0
1193,1521988730,799743039,0.0,0.0
1194,1521988730,803075467,0.0,0.0
1195,1521988730,806409081,0.0,0.0
1196,1521988730,809741934,0.0,0.0
1197,1521988730,813086508,0.0,0.0
1198,1521988730,816408718,0.0,0.0
1199,1521988730,819742457,0.0,0.0
1200,1521988730,823075126,0.0,0.0
1201,1521988730,826408914,0.0,0.0
1202,1521988730,829742088,0.0,0.0
1203,1521988730,833075941,0.0,0.0
1204,1521988730,836408972,0.0,0.0
1205,1521988730,839742427,0.0,0.0
1206,1521988730,843075348,0.0,0.0
1207,1521988730,846408711,0.0,0.0
1208,1521988730,849745397,0.0,0.0
1209,1521988730,853075424,0.0,0.0
1210,1521988730,856408501,0.0,0.0
1211,1521988730,859743013,0.0,0.0
1212,1521988730,863075221,0.0,0.0
1213,1521988730,866408627,0.0,0.0
1214,1521988730,869742439,0.0,0.0
1215,1521988730,873075959,0.0,0.0
1216,1521988730,876407924,0.0,0.0
1217,1521988730,879741155,0.0,0.0
1218,1521988730,883075825,0.0,0.0
1219,1521988730,886409082,0.0,0.0
1220,1521988730,889741427,0.0,0.0
1221,1521988730,893075518,0.0,0.0
1222,1521988730,896409207,0.0,0.0
1223,1521988730,899743058,0.0,0.0
1224,1521988730,903075464,0.0,0.0
1225,1521988730,906409032,0.0,0.0
1226,1521988730,909742557,0.0,0.0
1227,1521988730,913075622,0.0,0.0
1228,1521988730,916408596,0.0,0.0
1229,1521988730,919741795,0.0,0.0
1230,1521988730,923075227,0.0,0.0
1231,1521988730,926421392,0.0,0.0
1232,1521988730,929742487,0.0,0.0
1233,1521988730,933076209,0.0,0.0
1234,1521988730,936409163,0.0,0.0
1235,1521988730,939742128,0.0,0.0
1236,1521988730,943086312,0.0,0.0
1237,1521988730,946408998,0.0,0.0
1238,1521988730,949742223,0.0,0.0
1239,1521988730,953075457,0.0,0.0
1240,1521988730,956408295,0.0,0.0
1241,1521988730,959741646,0.0,0.0
1242,1521988730,963075051,0.0,0.0
1243,1521988730,966409217,0.0,0.0
1244,1521988730,969742635,0.0,0.0
1245,1521988730,973075415,0.0,0.0
1246,1521988730,976408557,0.0,0.0
1247,1521988730,979742180,0.0,0.0
1248,1521988730,983075111,0.0,0.0
1249,1521988730,986408636,0.0,0.0
1250,1521988730,989742207,0.0,0.0
1251,1521988730,993075609,0.0,0.0
1252,1521988730,996408634,0.0,0.0
1253,1521988730,999743276,0.0,0.0
1254,1521988731,3075825,0.0,0.0
1255,1521988731,6409118,0.0,0.0
1256,1521988731,9742228,0.0,0.0
1257,1521988731,13075847,0.0,0.0
1258,1521988731,16408812,0.0,0.0
1259,1521988731,19742248,0.0,0.0
1260,1521988731,23075416,0.0,0.0
1261,1521988731,26408229,0.0,0.0
1262,1521988731,29741985,0.0,0.0
1263,1521988731,33075828,0.0,0.0
1264,1521988731,36408339,0.0,0.0
1265,1521988731,39742026,0.0,0.0
1266,1521988731,43075237,0.0,0.0
1267,1521988731,46408688,0.0,0.0
1268,1521988731,49741891,0.0,0.0
1269,1521988731,53075246,0.0,0.0
1270,1521988731,56408485,0.0,0.0
1271,1521988731,59743006,0.0,0.0
1272,1521988731,63075058,0.0,0.0
1273,1521988731,66408546,0.0,0.0
1274,1521988731,69742228,0.0,0.0
1275,1521988731,73075884,0.0,0.0
1276,1521988731,76408800,0.0,0.0
1277,1521988731,79743613,0.0,0.0
1278,1521988731,83075143,0.0,0.0
1279,1521988731,86408829,0.0,0.0
1280,1521988731,89744147,0.0,0.0
1281,1521988731,93075774,0.0,0.0
1282,1521988731,96408503,0.0,0.0
1283,1521988731,99741850,0.0,0.0
1284,1521988731,103075858,0.0,0.0
1285,1521988731,106408656,0.0,0.0
1286,1521988731,109741796,0.0,0.0
1287,1521988731,113075061,0.0,0.0
1288,1521988731,116408222,0.0,0.0
1289,1521988731,119742431,0.0,0.0
1290,1521988731,123075179,0.0,0.0
1291,1521988731,126407948,0.0,0.0
1292,1521988731,129741577,0.0,0.0
1293,1521988731,133075124,0.0,0.0
1294,1521988731,136408706,0.0,0.0
1295,1521988731,139741300,0.0,0.0
1296,1521988731,143075505,0.0,0.0
1297,1521988731,146408746,0.0,0.0
1298,1521988731,149741985,0.0,0.0
1299,1521988731,153075789,0.0,0.0
1300,1521988731,156408324,0.0,0.0
1301,1521988731,159742895,0.0,0.0
1302,1521988731,163075633,0.0,0.0
1303,1521988731,166408345,0.0,0.0
1304,1521988731,169741822,0.0,0.0
1305,1521988731,173075216,0.0,0.0
1306,1521988731,176407846,0.0,0.0
1307,1521988731,179742418,0.0,0.0
1308,1521988731,183075701,0.0,0.0
1309,1521988731,186408325,0.0,0.0
1310,1521988731,189741617,0.0,0.0
1311,1521988731,193075467,0.0,0.0
1312,1521988731,196408457,0.0,0.0
1313,1521988731,199741812,0.0,0.0
1314,1521988731,203086258,0.0,0.0
1315,1521988731,206408916,0.0,0.0
1316,1521988731,209742468,0.0,0.0
1317,1521988731,213075849,0.0,0.0
1318,1521988731,216408675,0.0,0.0
1319,1521988731,219741992,0.0,0.0
1320,1521988731,223074805,0.0,0.0
1321,1521988731,226409053,0.0,0.0
1322,1521988731,229742148,0.0,0.0
1323,1521988731,233075739,0.0,0.0
1324,1521988731,236408737,0.0,0.0
1325,1521988731,239741838,0.0,0.0
1326,1521988731,243075259,0.0,0.0
1327,1521988731,246408784,0.0,0.0
1328,1521988731,249742424,0.0,0.0
1329,1521988731,253075257,0.0,0.0
1330,1521988731,256408916,0.0,0.0
1331,1521988731,259742651,0.0,0.0
1332,1521988731,263075007,0.0,0.0
1333,1521988731,266408904,0.0,0.0
1334,1521988731,269742028,0.0,0.0
1335,1521988731,273075349,0.0,0.0
1336,1521988731,276408679,0.0,0.0
1337,1521988731,279742050,0.0,0.0
1338,1521988731,283074988,0.0,0.0
1339,1521988731,286408874,0.0,0.0
1340,1521988731,289741899,0.0,0.0
1341,1521988731,293075282,0.0,0.0
1342,1521988731,296408993,0.0,0.0
1343,1521988731,299742579,0.0,0.0
1344,1521988731,303075333,0.0,0.0
1345,1521988731,306408125,0.0,0.0
1346,1521988731,309741800,0.0,0.0
1347,1521988731,313075480,0.0,0.0
1348,1521988731,316408112,0.0,0.0
1349,1521988731,319743696,0.0,0.0
1350,1521988731,323075297,0.0,0.0
1351,1521988731,326407979,0.0,0.0
1352,1521988731,329742212,0.0,0.0
1353,1521988731,333075559,0.0,0.0
1354,1521988731,336408890,0.0,0.0
1355,1521988731,339742904,0.0,0.0
1356,1521988731,343074974,0.0,0.0
1357,1521988731,346408378,0.0,0.0
1358,1521988731,349742386,0.0,0.0
1359,1521988731,353077174,0.0,0.0
1360,1521988731,356410374,0.0,0.0
1361,1521988731,359742674,0.0,0.0
1362,1521988731,363075604,0.0,0.0
1363,1521988731,366409251,0.0,0.0
1364,1521988731,369742431,0.0,0.0
1365,1521988731,373075358,0.0,0.0
1366,1521988731,376408517,0.0,0.0
1367,1521988731,379742269,0.0,0.0
1368,1521988731,383075490,0.0,0.0
1369,1521988731,386408712,0.0,0.0
1370,1521988731,389741879,0.0,0.0
1371,1521988731,393075580,0.0,0.0
1372,1521988731,396408746,0.0,0.0
1373,1521988731,399743177,0.0,0.0
1374,1521988731,403075299,0.0,0.0
1375,1521988731,406409090,0.0,0.0
1376,1521988731,409741868,0.0,0.0
1377,1521988731,413075816,0.0,0.0
1378,1521988731,416408725,0.0,0.0
1379,1521988731,419742182,0.0,0.0
1380,1521988731,423075120,0.0,0.0
1381,1521988731,426408876,0.0,0.0
1382,1521988731,429742020,0.0,0.0
1383,1521988731,433075362,0.0,0.0
1384,1521988731,436408400,0.0,0.0
1385,1521988731,439741643,0.0,0.0
1386,1521988731,443077724,0.0,0.0
1387,1521988731,446409754,0.0,0.0
1388,1521988731,449742781,0.0,0.0
1389,1521988731,453075808,0.0,0.0
1390,1521988731,456408818,0.0,0.0
1391,1521988731,459741700,0.0,0.0
1392,1521988731,463075500,0.0,0.0
1393,1521988731,466408880,0.0,0.0
1394,1521988731,469742230,0.0,0.0
1395,1521988731,473075603,0.0,0.0
1396,1521988731,476407909,0.0,0.0
1397,1521988731,479742373,0.0,0.0
1398,1521988731,483075368,0.0,0.0
1399,1521988731,486408450,0.0,0.0
1400,1521988731,489741867,0.0,0.0
1401,1521988731,493075502,0.0,0.0
1402,1521988731,496418684,0.0,0.0
1403,1521988731,499741873,0.0,0.0
1404,1521988731,503075469,0.0,0.0
1405,1521988731,506408774,0.0,0.0
1406,1521988731,509741679,0.0,0.0
1407,1521988731,513075465,0.0,0.0
1408,1521988731,516408480,0.0,0.0
1409,1521988731,519756013,0.0,0.0
1410,1521988731,523075568,0.0,0.0
1411,1521988731,526408871,0.0,0.0
1412,1521988731,529742854,0.0,0.0
1413,1521988731,533075699,0.0,0.0
1414,1521988731,536408418,0.0,0.0
1415,1521988731,539741989,0.0,0.0
1416,1521988731,543074880,0.0,0.0
1417,1521988731,546408585,0.0,0.0
1418,1521988731,549741787,0.0,0.0
1419,1521988731,553075733,0.0,0.0
1420,1521988731,556408635,0.0,0.0
1421,1521988731,559742522,0.0,0.0
1422,1521988731,563075573,0.0,0.0
1423,1521988731,566408828,0.0,0.0
1424,1521988731,569741931,0.0,0.0
1425,1521988731,573075620,0.0,0.0
1426,1521988731,576418401,0.0,0.0
1427,1521988731,579742838,0.0,0.0
1428,1521988731,583075488,0.0,0.0
1429,1521988731,586408776,0.0,0.0
1430,1521988731,589741768,0.0,0.0
1431,1521988731,593075744,0.0,0.0
1432,1521988731,596408411,0.0,0.0
1433,1521988731,599742833,0.0,0.0
1434,1521988731,603074874,0.0,0.0
1435,1521988731,606408861,0.0,0.0
1436,1521988731,609742052,0.0,0.0
1437,1521988731,613075547,0.0,0.0
1438,1521988731,616408299,0.0,0.0
1439,1521988731,619740910,0.0,0.0
1440,1521988731,623075353,0.0,0.0
1441,1521988731,626409808,0.0,0.0
1442,1521988731,629741515,0.0,0.0
1443,1521988731,633076012,0.0,0.0
1444,1521988731,636408713,0.0,0.0
1445,1521988731,639741313,0.0,0.0
1446,1521988731,643074562,0.0,0.0
1447,1521988731,646408285,0.0,0.0
1448,1521988731,649741926,0.0,0.0
1449,1521988731,653075462,0.0,0.0
1450,1521988731,656408652,0.0,0.0
1451,1521988731,659742507,0.0,0.0
1452,1521988731,663075419,0.0,0.0
1453,1521988731,666409143,0.0,0.0
1454,1521988731,669742369,0.0,0.0
1455,1521988731,673076287,0.0,0.0
1456,1521988731,676419058,0.0,0.0
1457,1521988731,679743354,0.0,0.0
1458,1521988731,683075736,0.0,0.0
1459,1521988731,686408785,0.0,0.0
1460,1521988731,689742056,0.0,0.0
1461,1521988731,693075145,0.0,0.0
1462,1521988731,696408496,0.0,0.0
1463,1521988731,699743386,0.0,0.0
1464,1521988731,703074855,0.0,0.0
1465,1521988731,706407987,0.0,0.0
1466,1521988731,709742222,0.0,0.0
1467,1521988731,713075708,0.0,0.0
1468,1521988731,716408525,0.0,0.0
1469,1521988731,719742334,0.0,0.0
1470,1521988731,723075590,0.0,0.0
1471,1521988731,726408204,0.0,0.0
1472,1521988731,729742052,0.0,0.0
1473,1521988731,733076735,0.0,0.0
1474,1521988731,736409013,0.0,0.0
1475,1521988731,739741504,0.0,0.0
1476,1521988731,743075708,0.0,0.0
1477,1521988731,746409230,0.0,0.0
1478,1521988731,749741631,0.0,0.0
1479,1521988731,753075537,0.0,0.0
1480,1521988731,756408892,0.0,0.0
1481,1521988731,759741638,0.0,0.0
1482,1521988731,763075681,0.0,0.0
1483,1521988731,766408896,0.0,0.0
1484,1521988731,769742368,0.0,0.0
1485,1521988731,773075594,0.0,0.0
1486,1521988731,776408774,0.0,0.0
1487,1521988731,779742006,0.0,0.0
1488,1521988731,783075629,0.0,0.0
1489,1521988731,786408921,0.0,0.0
1490,1521988731,789741900,0.0,0.0
1491,1521988731,793075869,0.0,0.0
1492,1521988731,796408531,0.0,0.0
1493,1521988731,799742597,0.0,0.0
1494,1521988731,803075203,0.0,0.0
1495,1521988731,806408204,0.0,0.0
1496,1521988731,809741247,0.0,0.0
1497,1521988731,813075287,0.0,0.0
1498,1521988731,816408239,0.0,0.0
1499,1521988731,819741293,0.0,0.0
1500,1521988731,823075211,0.0,0.0
1501,1521988731,826408594,0.0,0.0
1502,1521988731,829742273,0.0,0.0
1503,1521988731,833076786,0.0,0.0
1504,1521988731,836408908,0.0,0.0
1505,1521988731,839743976,0.0,0.0
1506,1521988731,843075379,0.0,0.0
1507,1521988731,846408651,0.0,0.0
1508,1521988731,849741927,0.0,0.0
1509,1521988731,853075494,0.0,0.0
1510,1521988731,856408423,0.0,0.0
1511,1521988731,859742771,0.0,0.0
1512,1521988731,863075474,0.0,0.0
1513,1521988731,866408989,0.0,0.0
1514,1521988731,869742259,0.0,0.0
1515,1521988731,873075603,0.0,0.0
1516,1521988731,876407863,0.0,0.0
1517,1521988731,879742555,0.0,0.0
1518,1521988731,883075345,0.0,0.0
1519,1521988731,886408744,0.0,0.0
1520,1521988731,889742076,0.0,0.0
1521,1521988731,893075326,0.0,0.0
1522,1521988731,896408410,0.0,0.0
1523,1521988731,899752838,0.0,0.0
1524,1521988731,903075273,0.0,0.0
1525,1521988731,906409038,0.0,0.0
1526,1521988731,909742097,0.0,0.0
1527,1521988731,913075524,0.0,0.0
1528,1521988731,916408894,0.0,0.0
1529,1521988731,919725593,0.0,0.0
1530,1521988731,923075411,0.0,0.0
1531,1521988731,926408356,0.0,0.0
1532,1521988731,929742398,0.0,0.0
1533,1521988731,933076475,0.0,0.0
1534,1521988731,936409767,0.0,0.0
1535,1521988731,939742128,0.0,0.0
1536,1521988731,943075508,0.0,0.0
1537,1521988731,946408886,0.0,0.0
1538,1521988731,949743040,0.0,0.0
1539,1521988731,953075389,0.0,0.0
1540,1521988731,956408390,0.0,0.0
1541,1521988731,959742780,0.0,0.0
1542,1521988731,963075209,0.0,0.0
1543,1521988731,966424729,0.0,0.0
1544,1521988731,969742351,0.0,0.0
1545,1521988731,973075286,0.0,0.0
1546,1521988731,976418605,0.0,0.0
1547,1521988731,979752141,0.0,0.0
1548,1521988731,983075132,0.0,0.0
1549,1521988731,986408346,0.0,0.0
1550,1521988731,989742938,0.0,0.0
1551,1521988731,993074732,0.0,0.0
1552,1521988731,996408247,0.0,0.0
1553,1521988731,999742632,0.0,0.0
1554,1521988732,3075184,0.0,0.0
1555,1521988732,6408420,0.0,0.0
1556,1521988732,9741603,0.0,0.0
1557,1521988732,13075372,0.0,0.0
1558,1521988732,16408776,0.0,0.0
1559,1521988732,19741062,0.0,0.0
1560,1521988732,23075706,0.0,0.0
1561,1521988732,26409586,0.0,0.0
1562,1521988732,29742423,0.0,0.0
1563,1521988732,33076934,0.0,0.0
1564,1521988732,36408692,0.0,0.0
1565,1521988732,39741864,0.0,0.0
1566,1521988732,43075304,0.0,0.0
1567,1521988732,46408558,0.0,0.0
1568,1521988732,49742061,0.0,0.0
1569,1521988732,53075365,0.0,0.0
1570,1521988732,56408471,0.0,0.0
1571,1521988732,59743546,0.0,0.0
1572,1521988732,63075402,0.0,0.0
1573,1521988732,66409708,0.0,0.0
1574,1521988732,69742318,0.0,0.0
1575,1521988732,73075625,0.0,0.0
1576,1521988732,76408861,0.0,0.0
1577,1521988732,79743502,0.0,0.0
1578,1521988732,83075490,0.0,0.0
1579,1521988732,86409529,0.0,0.0
1580,1521988732,89742132,0.0,0.0
1581,1521988732,93075737,0.0,0.0
1582,1521988732,96418600,0.0,0.0
1583,1521988732,99742752,0.0,0.0
1584,1521988732,103074966,0.0,0.0
1585,1521988732,106408450,0.0,0.0
1586,1521988732,109741202,0.0,0.0
1587,1521988732,113076176,0.0,0.0
1588,1521988732,116408431,0.0,0.0
1589,1521988732,119742290,0.0,0.0
1590,1521988732,123075115,0.0,0.0
1591,1521988732,126409248,0.0,0.0
1592,1521988732,129742239,0.0,0.0
1593,1521988732,133075146,0.0,0.0
1594,1521988732,136408616,0.0,0.0
1595,1521988732,139743174,0.0,0.0
1596,1521988732,143075402,0.0,0.0
1597,1521988732,146410276,0.0,0.0
1598,1521988732,149742653,0.0,0.0
1599,1521988732,153075494,0.0,0.0
1600,1521988732,156408907,0.0,0.0
1601,1521988732,159742666,0.0,0.0
1602,1521988732,163075188,0.0,0.0
1603,1521988732,166419438,0.0,0.0
1604,1521988732,169742005,0.0,0.0
1605,1521988732,173075536,0.0,0.0
1606,1521988732,176408384,0.0,0.0
1607,1521988732,179752528,0.0,0.0
1608,1521988732,183075726,0.0,0.0
1609,1521988732,186409123,0.0,0.0
1610,1521988732,189742465,0.0,0.0
1611,1521988732,193075732,0.0,0.0
1612,1521988732,196408503,0.0,0.0
1613,1521988732,199742686,0.0,0.0
1614,1521988732,203085566,0.0,0.0
1615,1521988732,206408466,0.0,0.0
1616,1521988732,209741027,0.0,0.0
1617,1521988732,213076033,0.0,0.0
1618,1521988732,216408853,0.0,0.0
1619,1521988732,219742954,0.0,0.0
1620,1521988732,223075455,0.0,0.0
1621,1521988732,226412052,0.0,0.0
1622,1521988732,229741817,0.0,0.0
1623,1521988732,233074951,0.0,0.0
1624,1521988732,236408231,0.0,0.0
1625,1521988732,239742115,0.0,0.0
1626,1521988732,243075517,0.0,0.0
1627,1521988732,246409472,0.0,0.0
1628,1521988732,249742802,0.0,0.0
1629,1521988732,253075469,0.0,0.0
1630,1521988732,256408735,0.0,0.0
1631,1521988732,259742291,0.0,0.0
1632,1521988732,263075657,0.0,0.0
1633,1521988732,266408534,0.0,0.0
1634,1521988732,269742010,0.0,0.0
1635,1521988732,273075112,0.0,0.0
1636,1521988732,276408557,0.0,0.0
1637,1521988732,279742094,0.0,0.0
1638,1521988732,283075322,0.0,0.0
1639,1521988732,286409104,0.0,0.0
1640,1521988732,289741982,0.0,0.0
1641,1521988732,293075309,0.0,0.0
1642,1521988732,296408242,0.0,0.0
1643,1521988732,299741904,0.0,0.0
1644,1521988732,303075062,0.0,0.0
1645,1521988732,306408720,0.0,0.0
1646,1521988732,309742247,0.0,0.0
1647,1521988732,313075661,0.0,0.0
1648,1521988732,316408687,0.0,0.0
1649,1521988732,319741959,0.0,0.0
1650,1521988732,323076231,0.0,0.0
1651,1521988732,326408358,0.0,0.0
1652,1521988732,329741452,0.0,0.0
1653,1521988732,333029807,0.0,0.0
1654,1521988732,336408800,0.0,0.0
1655,1521988732,339741950,0.0,0.0
1656,1521988732,343075419,0.0,0.0
1657,1521988732,346409146,0.0,0.0
1658,1521988732,349742369,0.0,0.0
1659,1521988732,353075320,0.0,0.0
1660,1521988732,356408267,0.0,0.0
1661,1521988732,359742568,0.0,0.0
1662,1521988732,363075660,0.0,0.0
1663,1521988732,366408173,0.0,0.0
1664,1521988732,369742060,0.0,0.0
1665,1521988732,373075949,0.0,0.0
1666,1521988732,376408430,0.0,0.0
1667,1521988732,379741358,0.0,0.0
1668,1521988732,383075526,0.0,0.0
1669,1521988732,386408266,0.0,0.0
1670,1521988732,389741590,0.0,0.0
1671,1521988732,393075038,0.0,0.0
1672,1521988732,396407749,0.0,0.0
1673,1521988732,399743144,0.0,0.0
1674,1521988732,403074914,0.0,0.0
1675,1521988732,406408371,0.0,0.0
1676,1521988732,409742322,0.0,0.0
1677,1521988732,413075965,0.0,0.0
1678,1521988732,416409406,0.0,0.0
1679,1521988732,419742157,0.0,0.0
1680,1521988732,423074915,0.0,0.0
1681,1521988732,427916794,0.0,0.0
1682,1521988732,430487091,0.0,0.0
1683,1521988732,435315026,0.0,0.0
1684,1521988732,436515340,0.0,0.0
1685,1521988732,439744256,0.0,0.0
1686,1521988732,443075316,0.0,0.0
1687,1521988732,446408268,0.0,0.0
1688,1521988732,450467185,0.0,0.0
1689,1521988732,453077719,0.0,0.0
1690,1521988732,456408276,0.0,0.0
1691,1521988732,459742169,0.0,0.0
1692,1521988732,463075335,0.0,0.0
1693,1521988732,466410246,0.0,0.0
1694,1521988732,469741835,0.0,0.0
1695,1521988732,473075436,0.0,0.0
1696,1521988732,476408359,0.0,0.0
1697,1521988732,479742731,0.0,0.0
1698,1521988732,483074660,0.0,0.0
1699,1521988732,486410403,0.0,0.0
1700,1521988732,489741074,0.0,0.0
1701,1521988732,493075120,0.0,0.0
1702,1521988732,496408592,0.0,0.0
1703,1521988732,499741668,0.0,0.0
1704,1521988732,503077199,0.0,0.0
1705,1521988732,506408789,0.0,0.0
1706,1521988732,509741451,0.0,0.0
1707,1521988732,513075706,0.0,0.0
1708,1521988732,516408319,0.0,0.0
1709,1521988732,519743459,0.0,0.0
1710,1521988732,523078889,0.0,0.0
1711,1521988732,526419516,0.0,0.0
1712,1521988732,529742717,0.0,0.0
1713,1521988732,533075778,0.0,0.0
1714,1521988732,536408992,0.0,0.0
1715,1521988732,539742851,0.0,0.0
1716,1521988732,543075030,0.0,0.0
1717,1521988732,546408880,0.0,0.0
1718,1521988732,549742090,0.0,0.0
1719,1521988732,553075238,0.0,0.0
1720,1521988732,556407864,0.0,0.0
1721,1521988732,559741652,0.0,0.0
1722,1521988732,563074938,0.0,0.0
1723,1521988732,566408585,0.0,0.0
1724,1521988732,569741653,0.0,0.0
1725,1521988732,573075299,0.0,0.0
1726,1521988732,576408494,0.0,0.0
1727,1521988732,579742107,0.0,0.0
1728,1521988732,583075677,0.0,0.0
1729,1521988732,586408649,0.0,0.0
1730,1521988732,589742107,0.0,0.0
1731,1521988732,593075629,0.0,0.0
1732,1521988732,596408501,0.0,0.0
1733,1521988732,599742420,0.0,0.0
1734,1521988732,603075384,0.0,0.0
1735,1521988732,606408277,0.0,0.0
1736,1521988732,609742188,0.0,0.0
1737,1521988732,613075360,0.0,0.0
1738,1521988732,616408039,0.0,0.0
1739,1521988732,619742230,0.0,0.0
1740,1521988732,623075062,0.0,0.0
1741,1521988732,626408676,0.0,0.0
1742,1521988732,629741710,0.0,0.0
1743,1521988732,633076148,0.0,0.0
1744,1521988732,636408011,0.0,0.0
1745,1521988732,639741365,0.0,0.0
1746,1521988732,643075474,0.0,0.0
1747,1521988732,646408182,0.0,0.0
1748,1521988732,649752032,0.0,0.0
1749,1521988732,653074854,0.0,0.0
1750,1521988732,656408865,0.0,0.0
1751,1521988732,659742227,0.0,0.0
1752,1521988732,663074960,0.0,0.0
1753,1521988732,666408156,0.0,0.0
1754,1521988732,669741874,0.0,0.0
1755,1521988732,673076288,0.0,0.0
1756,1521988732,676408045,0.0,0.0
1757,1521988732,679741305,0.0,0.0
1758,1521988732,683084713,0.0,0.0
1759,1521988732,686408255,0.0,0.0
1760,1521988732,689741367,0.0,0.0
1761,1521988732,693075131,0.0,0.0
1762,1521988732,696407847,0.0,0.0
1763,1521988732,699741922,0.0,0.0
1764,1521988732,703074988,0.0,0.0
1765,1521988732,706409046,0.0,0.0
1766,1521988732,709742657,0.0,0.0
1767,1521988732,713075405,0.0,0.0
1768,1521988732,716408316,0.0,0.0
1769,1521988732,719742021,0.0,0.0
1770,1521988732,723074939,0.0,0.0
1771,1521988732,726408132,0.0,0.0
1772,1521988732,729741255,0.0,0.0
1773,1521988732,733075012,0.0,0.0
1774,1521988732,736408141,0.0,0.0
1775,1521988732,739740827,0.0,0.0
1776,1521988732,743075329,0.0,0.0
1777,1521988732,746408256,0.0,0.0
1778,1521988732,749741784,0.0,0.0
1779,1521988732,753075258,0.0,0.0
1780,1521988732,756408700,0.0,0.0
1781,1521988732,759743287,0.0,0.0
1782,1521988732,763075220,0.0,0.0
1783,1521988732,766408271,0.0,0.0
1784,1521988732,769742306,0.0,0.0
1785,1521988732,773075853,0.0,0.0
1786,1521988732,776418257,0.0,0.0
1787,1521988732,779741914,0.0,0.0
1788,1521988732,783075221,0.0,0.0
1789,1521988732,786408479,0.0,0.0
1790,1521988732,789740952,0.0,0.0
1791,1521988732,793075267,0.0,0.0
1792,1521988732,796408455,0.0,0.0
1793,1521988732,799741674,0.0,0.0
1794,1521988732,803075672,0.0,0.0
1795,1521988732,806408265,0.0,0.0
1796,1521988732,809742036,0.0,0.0
1797,1521988732,813075450,0.0,0.0
1798,1521988732,816408216,0.0,0.0
1799,1521988732,819741975,0.0,0.0
1800,1521988732,823075232,0.0,0.0
1801,1521988732,826408065,0.0,0.0
1802,1521988732,829742409,0.0,0.0
1803,1521988732,833074704,0.0,0.0
1804,1521988732,836432477,0.0,0.0
1805,1521988732,839742808,0.0,0.0
1806,1521988732,843075529,0.0,0.0
1807,1521988732,846408351,0.0,0.0
1808,1521988732,849741635,0.0,0.0
1809,1521988732,853075380,0.0,0.0
1810,1521988732,856407992,0.0,0.0
1811,1521988732,859742336,0.0,0.0
1812,1521988732,863075011,0.0,0.0
1813,1521988732,866409000,0.0,0.0
1814,1521988732,869742240,0.0,0.0
1815,1521988732,873075349,0.0,0.0
1816,1521988732,876408537,0.0,0.0
1817,1521988732,879742087,0.0,0.0
1818,1521988732,883075249,0.0,0.0
1819,1521988732,886408577,0.0,0.0
1820,1521988732,889741808,0.0,0.0
1821,1521988732,893075369,0.0,0.0
1822,1521988732,896409055,0.0,0.0
1823,1521988732,899742060,0.0,0.0
1824,1521988732,903075152,0.0,0.0
1825,1521988732,906408093,0.0,0.0
1826,1521988732,909741113,0.0,0.0
1827,1521988732,913075272,0.0,0.0
1828,1521988732,916407920,0.0,0.0
1829,1521988732,919741156,0.0,0.0
1830,1521988732,923076096,0.0,0.0
1831,1521988732,926408474,0.0,0.0
1832,1521988732,929742160,0.0,0.0
1833,1521988732,933082086,0.0,0.0
1834,1521988732,936407555,0.0,0.0
1835,1521988732,939740888,0.0,0.0
1836,1521988732,943075176,0.0,0.0
1837,1521988732,946408939,0.0,0.0
1838,1521988732,949742014,0.0,0.0
1839,1521988732,953075138,0.0,0.0
1840,1521988732,956408869,0.0,0.0
1841,1521988732,959742727,0.0,0.0
1842,1521988732,963075648,0.0,0.0
1843,1521988732,966408367,0.0,0.0
1844,1521988732,969742357,0.0,0.0
1845,1521988732,973075358,0.0,0.0
1846,1521988732,976408747,0.0,0.0
1847,1521988732,979742915,0.0,0.0
1848,1521988732,983075017,0.0,0.0
1849,1521988732,986408604,0.0,0.0
1850,1521988732,989741308,0.0,0.0
1851,1521988732,993075257,0.0,0.0
1852,1521988732,996408319,0.0,0.0
1853,1521988732,999741676,0.0,0.0
1854,1521988733,3074823,0.0,0.0
1855,1521988733,6408921,0.0,0.0
1856,1521988733,9742077,0.0,0.0
1857,1521988733,13075381,0.0,0.0
1858,1521988733,16408365,0.0,0.0
1859,1521988733,19741651,0.0,0.0
1860,1521988733,23075316,0.0,0.0
1861,1521988733,26408807,0.0,0.0
1862,1521988733,29742243,0.0,0.0
1863,1521988733,33075262,0.0,0.0
1864,1521988733,36407903,0.0,0.0
1865,1521988733,39740798,0.0,0.0
1866,1521988733,43074912,0.0,0.0
1867,1521988733,46408079,0.0,0.0
1868,1521988733,49742113,0.0,0.0
1869,1521988733,53075945,0.0,0.0
1870,1521988733,56408562,0.0,0.0
1871,1521988733,59741969,0.0,0.0
1872,1521988733,63075397,0.0,0.0
