1,1521988817,34178560,0.0,0.0
2,1521988817,37498317,0.0,0.0
3,1521988817,40831813,0.0,0.0
4,1521988817,44164379,0.0,0.0
5,1521988817,47508401,0.0,0.0
6,1521988817,50831085,0.0,0.0
7,1521988817,54164379,0.0,0.0
8,1521988817,57507986,0.0,0.0
9,1521988817,60831659,0.0,0.0
10,1521988817,64165408,0.0,0.0
11,1521988817,67508766,0.0,0.0
12,1521988817,70832883,0.0,0.0
13,1521988817,74165424,0.0,0.0
14,1521988817,77498263,0.0,0.0
15,1521988817,80832054,0.0,0.0
16,1521988817,84165310,0.0,0.0
17,1521988817,87498287,0.0,0.0
18,1521988817,90833071,0.0,0.0
19,1521988817,94165749,0.0,0.0
20,1521988817,97498706,0.0,0.0
21,1521988817,100831920,0.0,0.0
22,1521988817,104164778,0.0,0.0
23,1521988817,107497695,0.0,0.0
24,1521988817,110832402,0.0,0.0
25,1521988817,114165360,0.0,0.0
26,1521988817,117498338,0.0,0.0
27,1521988817,120832185,0.0,0.0
28,1521988817,124164593,0.0,0.0
29,1521988817,127498036,0.0,0.0
30,1521988817,130831446,0.0,0.0
31,1521988817,134164843,0.0,0.0
32,1521988817,137498667,0.0,0.0
33,1521988817,140834934,0.0,0.0
34,1521988817,144165678,0.0,0.0
35,1521988817,147499997,0.0,0.0
36,1521988817,150832740,0.0,0.0
37,1521988817,154166583,0.0,0.0
38,1521988817,157497041,0.0,0.0
39,1521988817,160832684,0.0,0.0
40,1521988817,164165905,0.0,0.0
41,1521988817,167498812,0.0,0.0
42,1521988817,170832782,0.0,0.0
43,1521988817,174166042,0.0,0.0
44,1521988817,177499138,0.0,0.0
45,1521988817,180832471,0.0,0.0
46,1521988817,184165406,0.0,0.0
47,1521988817,187498802,0.0,0.0
48,1521988817,190833148,0.0,0.0
49,1521988817,194164788,0.0,0.0
50,1521988817,197498059,0.0,0.0
51,1521988817,200832005,0.0,0.0
52,1521988817,204164652,0.0,0.0
53,1521988817,207508350,0.0,0.0
54,1521988817,210832654,0.0,0.0
55,1521988817,214164563,0.0,0.0
56,1521988817,217497892,0.0,0.0
57,1521988817,220831691,0.0,0.0
58,1521988817,224164884,0.0,0.0
59,1521988817,227498876,0.0,0.0
60,1521988817,230831157,0.0,0.0
61,1521988817,234165638,0.0,0.0
62,1521988817,237498002,0.0,0.0
63,1521988817,240837832,0.0,0.0
64,1521988817,244166547,0.0,0.0
65,1521988817,247498598,0.0,0.0
66,1521988817,250831697,0.0,0.0
67,1521988817,254165289,0.0,0.0
68,1521988817,257498366,0.0,0.0
69,1521988817,260833206,0.0,0.0
70,1521988817,264165563,0.0,0.0
71,1521988817,267498553,0.0,0.0
72,1521988817,270831831,0.0,0.0
73,1521988817,274164852,0.0,0.0
74,1521988817,277498681,0.0,0.0
75,1521988817,280832224,0.0,0.0
76,1521988817,284165437,0.0,0.0
77,1521988817,287498630,0.0,0.0
78,1521988817,290832666,0.0,0.0
79,1521988817,294166060,0.0,0.0
80,1521988817,297498563,0.0,0.0
81,1521988817,300831690,0.0,0.0
82,1521988817,304165711,0.0,0.0
83,1521988817,307498847,0.0,0.0
84,1521988817,310831921,0.0,0.0
85,1521988817,314165122,0.0,0.0
86,1521988817,317498909,0.0,0.0
87,1521988817,320831551,0.0,0.0
88,1521988817,324164755,0.0,0.0
89,1521988817,327498396,0.0,0.0
90,1521988817,331093436,0.0,0.0
91,1521988817,334173564,0.0,0.0
92,1521988817,337499754,0.0,0.0
93,1521988817,340833165,0.0,0.0
94,1521988817,344292278,0.0,0.0
95,1521988817,347498485,0.0,0.0
96,1521988817,350831895,0.0,0.0
97,1521988817,354175117,0.0,0.0
98,1521988817,357498619,0.0,0.0
99,1521988817,360831841,0.0,0.0
100,1521988817,364165295,0.0,0.0
101,1521988817,367498499,0.0,0.0
102,1521988817,370832369,0.0,0.0
103,1521988817,374165289,0.0,0.0
104,1521988817,377498630,0.0,0.0
105,1521988817,380831966,0.0,0.0
106,1521988817,384165105,0.0,0.0
107,1521988817,387498607,0.0,0.0
108,1521988817,390831647,0.0,0.0
109,1521988817,394165038,0.0,0.0
110,1521988817,397498693,0.0,0.0
111,1521988817,400832014,0.0,0.0
112,1521988817,404165006,0.0,0.0
113,1521988817,407497504,0.0,0.0
114,1521988817,410832496,0.0,0.0
115,1521988817,414164557,0.0,0.0
116,1521988817,417498750,0.0,0.0
117,1521988817,420831744,0.0,0.0
118,1521988817,424165216,0.0,0.0
119,1521988817,427498292,0.0,0.0
120,1521988817,430831983,0.0,0.0
121,1521988817,434165065,0.0,0.0
122,1521988817,437498714,0.0,0.0
123,1521988817,440831964,0.0,0.0
124,1521988817,444165512,0.0,0.0
125,1521988817,447499143,0.0,0.0
126,1521988817,450832578,0.0,0.0
127,1521988817,454165208,0.0,0.0
128,1521988817,457498585,0.0,0.0
129,1521988817,460831670,0.0,0.0
130,1521988817,464165550,0.0,0.0
131,1521988817,467498937,0.0,0.0
132,1521988817,470832647,0.0,0.0
133,1521988817,474164765,0.0,0.0
134,1521988817,477498167,0.0,0.0
135,1521988817,480831978,0.0,0.0
136,1521988817,484174831,0.0,0.0
137,1521988817,487499046,0.0,0.0
138,1521988817,490832677,0.0,0.0
139,1521988817,494165529,0.0,0.0
140,1521988817,497498649,0.0,0.0
141,1521988817,500832207,0.0,0.0
142,1521988817,504165546,0.0,0.0
143,1521988817,507499007,0.0,0.0
144,1521988817,510831932,0.0,0.0
145,1521988817,514165306,0.0,0.0
146,1521988817,517497615,0.0,0.0
147,1521988817,520832158,0.0,0.0
148,1521988817,524179387,0.0,0.0
149,1521988817,527498409,0.0,0.0
150,1521988817,530832935,0.0,0.0
151,1521988817,534165317,0.0,0.0
152,1521988817,537485144,0.0,0.0
153,1521988817,540832669,0.0,0.0
154,1521988817,544166302,0.0,0.0
155,1521988817,547502274,0.0,0.0
156,1521988817,550834065,0.0,0.0
157,1521988817,554166735,0.0,0.0
158,1521988817,557498843,0.0,0.0
159,1521988817,560831862,0.0,0.0
160,1521988817,564165182,0.0,0.0
161,1521988817,567498596,0.0,0.0
162,1521988817,570832748,0.0,0.0
163,1521988817,574165229,0.0,0.0
164,1521988817,577498620,0.0,0.0
165,1521988817,580832695,0.0,0.0
166,1521988817,584165406,0.0,0.0
167,1521988817,587499022,0.0,0.0
168,1521988817,590832169,0.0,0.0
169,1521988817,594165408,0.0,0.0
170,1521988817,597498462,0.0,0.0
171,1521988817,600832307,0.0,0.0
172,1521988817,604165156,0.0,0.0
173,1521988817,607498525,0.0,0.0
174,1521988817,610832931,0.0,0.0
175,1521988817,614165380,0.0,0.0
176,1521988817,617498548,0.0,0.0
177,1521988817,620831837,0.0,0.0
178,1521988817,624165402,0.0,0.0
179,1521988817,627499009,0.0,0.0
180,1521988817,630832923,0.0,0.0
181,1521988817,634165234,0.0,0.0
182,1521988817,637510311,0.0,0.0
183,1521988817,640831432,0.0,0.0
184,1521988817,644165217,0.0,0.0
185,1521988817,647497969,0.0,0.0
186,1521988817,650831835,0.0,0.0
187,1521988817,654165600,0.0,0.0
188,1521988817,657498600,0.0,0.0
189,1521988817,660831041,0.0,0.0
190,1521988817,664165042,0.0,0.0
191,1521988817,667498919,0.0,0.0
192,1521988817,670832559,0.0,0.0
193,1521988817,674165719,0.0,0.0
194,1521988817,677526000,0.0,0.0
195,1521988817,680831799,0.0,0.000353943325191
196,1521988817,684165593,0.0,0.000351006876491
197,1521988817,687498792,0.0,0.000351031982483
198,1521988817,690832883,0.0,0.000350956675279
199,1521988817,694164857,0.0,0.000351182693889
200,1521988817,697498750,0.0,0.000350956675279
201,1521988817,700831247,0.0,0.000351132442377
202,1521988817,704164563,0.0,0.000702063964966
203,1521988817,707463099,0.0,0.000709472807676
204,1521988817,710832957,0.0,0.000694415019045
205,1521988817,714165701,0.0,0.000702214644026
206,1521988817,717498841,0.0,0.000702114184134
207,1521988817,720831913,0.0,0.000702114184134
208,1521988817,724165290,0.0,0.000702063964966
209,1521988817,727498605,0.0,0.000702063964966
210,1521988817,730832826,0.0,0.000701863160114
211,1521988817,734164900,0.0,0.00070231513267
212,1521988817,737508037,0.0,0.000700011146355
213,1521988817,740831703,0.0,0.000704128858981
214,1521988817,744165083,0.0,0.000702013752982
215,1521988817,747498822,0.0,0.000702013752982
216,1521988817,750833492,0.0,0.000701762800758
217,1521988817,754164909,0.0,0.000702465919573
218,1521988817,757498459,0.0,0.000702013752982
219,1521988817,760831684,0.0,0.000351057092067
220,1521988817,764165365,0.0,0.00035098177409
221,1521988817,767499077,0.0,0.000351006876491
222,1521988817,770832677,0.0,0.00035098177409
223,1521988817,774165515,0.0,0.0
224,1521988817,777498266,0.0,0.0
225,1521988817,780831686,0.0,0.0
226,1521988817,784165579,0.0,0.0
227,1521988817,787498348,0.0,0.0
228,1521988817,790832152,0.0,0.0
229,1521988817,794165487,0.0,0.0
230,1521988817,797497592,0.0,0.0
231,1521988817,800832144,0.0,0.0
232,1521988817,804165282,0.0,0.0
233,1521988817,807498015,0.0,0.0
234,1521988817,810831167,0.0,0.0
235,1521988817,814165505,0.0,0.0
236,1521988817,817498551,0.0,0.0
237,1521988817,820831939,0.0,0.0
238,1521988817,824165265,0.0,0.0
239,1521988817,827511470,0.0,0.0
240,1521988817,830831599,0.0,0.0
241,1521988817,834165383,0.0,0.0
242,1521988817,837498594,0.0,0.0
243,1521988817,840831727,0.0,0.0
244,1521988817,844165111,0.0,0.0
245,1521988817,847498730,0.0,0.0
246,1521988817,850832695,0.0,0.0
247,1521988817,854165289,0.0,0.0
248,1521988817,857498598,0.0,0.0
249,1521988817,860831800,0.0,0.0
250,1521988817,864164210,0.0,0.0
251,1521988817,867508025,0.0,0.0
252,1521988817,870832295,0.0,0.0
253,1521988817,874179676,0.0,0.0
254,1521988817,877498603,0.0,0.0
255,1521988817,880831953,0.0,0.0
256,1521988817,884164609,0.0,0.0
257,1521988817,887498502,0.0,0.0
258,1521988817,890832542,0.0,0.0
259,1521988817,894165037,0.0,0.0
260,1521988817,897508523,0.0,0.0
261,1521988817,900831871,0.0,0.0
262,1521988817,904165197,0.0,0.0
263,1521988817,907498264,0.0,0.0
265,1521988817,914167187,0.0,0.0
266,1521988817,917498407,0.0,0.0
267,1521988817,920831668,0.0,0.0
268,1521988817,924165277,0.0,0.0
271,1521988817,934166018,0.0,0.0
272,1521988817,937497355,0.0,0.0
273,1521988817,940832093,0.0,0.0
274,1521988817,944165533,0.0,0.0
275,1521988817,947498243,0.0,0.0
276,1521988817,950832086,0.0,0.0
277,1521988817,954165164,0.0,0.0
278,1521988817,957498785,0.0,0.0
279,1521988817,960832242,0.0,0.0
280,1521988817,964165002,0.0,0.0
281,1521988817,967498792,0.0,0.0
282,1521988817,970832530,0.0,0.0
283,1521988817,974164920,0.0,0.0
284,1521988817,977498933,0.0,0.0
285,1521988817,980831984,0.0,0.0
286,1521988817,984164643,0.0,0.0
287,1521988817,987498652,0.0,0.0
288,1521988817,990832505,0.0,0.0
289,1521988817,994164465,0.0,0.0
290,1521988817,997508663,0.0,0.0
291,1521988818,832163,0.0,0.0
292,1521988818,4164927,0.0,0.0
293,1521988818,7498182,0.0,0.0
294,1521988818,10832263,0.0,0.0
295,1521988818,14165255,0.0,0.0
296,1521988818,17498479,0.0,0.0
297,1521988818,20832156,0.0,0.0
298,1521988818,24165366,0.0,0.0
299,1521988818,27498333,0.0,0.0
300,1521988818,30831412,0.0,0.0
301,1521988818,34164763,0.0,0.0
302,1521988818,37497476,0.0,0.0
303,1521988818,40832203,0.0,0.0
304,1521988818,44165338,0.0,0.0
305,1521988818,47498477,0.0,0.0
306,1521988818,50832937,0.0,0.0
307,1521988818,54165181,0.0,0.0
308,1521988818,57498217,0.0,0.0
309,1521988818,60831173,0.0,0.0
310,1521988818,64165335,0.0,0.0
311,1521988818,67499837,0.0,0.0
312,1521988818,70833103,0.0,0.0
313,1521988818,74165442,0.0,0.0
314,1521988818,77498773,0.0,0.0
315,1521988818,80831974,0.0,0.0
316,1521988818,84165029,0.0,0.0
317,1521988818,87499416,0.0,0.0
318,1521988818,90832748,0.0,0.0
319,1521988818,94165189,0.0,0.0
320,1521988818,97498688,0.0,0.0
321,1521988818,100832053,0.0,0.0
322,1521988818,104165155,0.0,0.0
323,1521988818,107498788,0.0,0.0
324,1521988818,110832165,0.0,0.0
325,1521988818,114165302,0.0,0.0
326,1521988818,117498453,0.0,0.0
327,1521988818,120832131,0.0,0.0
328,1521988818,124164694,0.000705158331026,0.000351132442377
329,1521988818,127498027,0.00105743487513,0.000702063964966
330,1521988818,130831701,0.00211456725869,0.00105294532227
331,1521988818,134165220,0.00281962465821,0.00210604125895
332,1521988818,137498236,0.00423034465674,0.00315973984719
333,1521988818,140831982,0.00563884602317,0.00456276306317
334,1521988818,144165087,0.00775507710446,0.00631902765721
335,1521988818,147498567,0.00916378013917,0.00877517191228
336,1521988818,150833117,0.0109229206984,0.0108781011411
337,1521988818,154165129,0.0130472960906,0.0136961250617
338,1521988818,157498599,0.0151554825379,0.0171993369481
339,1521988818,160831017,0.0179815374412,0.0200145492155
340,1521988818,164164758,0.020440816834,0.0221118517677
341,1521988818,167498947,0.0232569133901,0.0238633474439
342,1521988818,170832783,0.0264320907336,0.0266746148308
343,1521988818,174165297,0.0296166499031,0.0294951251596
344,1521988818,177498624,0.0327804811289,0.031943910406
345,1521988818,180831850,0.0366577423377,0.0347521662658
346,1521988818,184165154,0.0405350035465,0.0372093901432
347,1521988818,187498552,0.0451172213387,0.0400176460031
348,1521988818,190832079,0.0500483376831,0.0424718320554
349,1521988818,194165386,0.0535767003397,0.0435279658279
350,1521988818,197497454,0.0535997028586,0.0456537502056
351,1521988818,200831707,0.0535613762924,0.0456211054074
352,1521988818,204165027,0.0514618305895,0.0456341577228
353,1521988818,207498830,0.0419389172974,0.0393099586981
354,1521988818,210832463,0.0274913404175,0.0298355845017
355,1521988818,214165158,0.0162163211842,0.0189584390831
356,1521988818,217498039,0.01515873502,0.014394370415
357,1521988818,220831307,0.0151565665435,0.0143923112818
358,1521988818,224164994,0.0151554825379,0.0143912819361
359,1521988818,227498453,0.0225569972656,0.0196563850835
360,1521988818,230831758,0.0296081765035,0.0270294626512
361,1521988818,234165073,0.0348953508792,0.0329970063534
362,1521988818,237498434,0.0359527857543,0.0379114541082
363,1521988818,240831670,0.0359553574843,0.0379141659432
364,1521988818,244164702,0.0359553574843,0.0379141659432
365,1521988818,247499000,0.0334758601828,0.036847815906
366,1521988818,250831559,0.0331400705151,0.0358129468453
367,1521988818,254165170,0.0331305897339,0.0358027014021
368,1521988818,257497568,0.0331424415582,0.0358155091224
369,1521988818,260831715,0.0348853700852,0.0361459527459
370,1521988818,264165057,0.0387726120879,0.0389645500556
371,1521988818,267498889,0.0426437730503,0.0417668311167
372,1521988818,270832827,0.0465204796912,0.0452766488576
373,1521988818,274164693,0.0479576288735,0.047409663675
374,1521988818,277498562,0.047930191197,0.0491374483726
375,1521988818,280831253,0.0479439061097,0.0509069197603
376,1521988818,284165611,0.0468662042559,0.0519378738484
377,1521988818,287498244,0.0451269045311,0.0523149909799
378,1521988818,290831692,0.0444090883667,0.0537040521031
379,1521988818,294165141,0.0444122647553,0.0547609892674
380,1521988818,297497535,0.0444249748547,0.0554789258955
381,1521988818,300831812,0.0461614493046,0.0564999843892
382,1521988818,304164682,0.0482964348311,0.0568753172494
383,1521988818,307498546,0.0514544699615,0.0568590474026
384,1521988818,310831128,0.0532356451891,0.0568793861661
385,1521988818,314164485,0.053224222048,0.0575692451273
386,1521988818,317498581,0.0532089988168,0.0579037107094
387,1521988818,320832489,0.0532166093437,0.0596669015953
388,1521988818,324165002,0.0535881991307,0.0621459959963
389,1521988818,327498692,0.054982680835,0.0652872790273
390,1521988818,330832395,0.0574457438611,0.0673885006252
391,1521988818,334165610,0.0602780993119,0.0684561329531
392,1521988818,337497413,0.0634733323326,0.0702365387778
393,1521988818,340832205,0.0658851656769,0.0726324498784
394,1521988818,344169660,0.0661854415859,0.0729259790396
395,1521988818,347502640,0.0666231623974,0.0737219893341
396,1521988818,350838552,0.0665660241792,0.0736587629281
397,1521988818,354170497,0.0666469989492,0.0740995484106
398,1521988818,357502526,0.0659417397011,0.0748019137983
399,1521988818,360835783,0.0659134405495,0.0747698122689
400,1521988818,364165720,0.0659795097245,0.0758989102723
401,1521988818,367498546,0.0666279283436,0.0768870029483
402,1521988818,370833239,0.0697657515575,0.0789539598954
403,1521988818,374182198,0.0743742996535,0.0835024544142
404,1521988818,377498779,0.0779354308966,0.0860828026664
405,1521988818,380832597,0.0835254067183,0.0916062430374
406,1521988818,384165343,0.0874333775291,0.0933945476555
407,1521988818,387498686,0.0912918775525,0.0940765713055
408,1521988818,390833356,0.0919573702763,0.095439740903
409,1521988818,394164983,0.0941588472902,0.0969333597108
410,1521988818,397498430,0.0944641821779,0.0972358591479
411,1521988818,400831244,0.0944776973338,0.0997073462891
412,1521988818,404165087,0.0944506708882,0.102486678034
413,1521988818,407498824,0.0948030987646,0.104943550453
414,1521988818,410832864,0.0986727487833,0.109498482687
415,1521988818,414164786,0.101204702108,0.110973731269
416,1521988818,417498684,0.102556512046,0.111261222386
417,1521988818,420831969,0.104686052637,0.113734362325
418,1521988818,424165251,0.105391009221,0.11443642629
419,1521988818,427498764,0.1053834716,0.116534282995
420,1521988818,430831791,0.10539854792,0.11725306875
421,1521988818,434165420,0.1053834716,0.121448379266
422,1521988818,437497596,0.101197460787,0.12360746335
423,1521988818,440831859,0.0997228255971,0.126686300401
424,1521988818,444165037,0.0997584918437,0.127082667328
425,1521988818,447498470,0.099744222284,0.128819523672
426,1521988818,450832595,0.101491970177,0.132661623255
427,1521988818,454165470,0.109636432354,0.135868813429
428,1521988818,457498610,0.115268646053,0.136912265906
429,1521988818,460830949,0.127986237081,0.142910904047
430,1521988818,464165280,0.128617778597,0.143881947823
431,1521988818,467498859,0.132874812018,0.144263826238
432,1521988818,470832094,0.136409098891,0.147433432643
433,1521988818,474165270,0.137123863347,0.149550321221
434,1521988818,477498493,0.138523968641,0.15269891238
435,1521988818,480831835,0.143458664725,0.15691129617
436,1521988818,484165437,0.14556312298,0.158304101297
437,1521988818,487498491,0.152281514051,0.160433091075
438,1521988818,490831256,0.156522752299,0.162902143233
439,1521988818,494165358,0.158581203402,0.167757290783
440,1521988818,497498080,0.159706935567,0.171340373142
441,1521988818,500831590,0.163538230176,0.17409941074
442,1521988818,504165192,0.16565294867,0.17409941074
443,1521988818,507498341,0.167439164755,0.175177488941
444,1521988818,510831863,0.169177479492,0.177258472628
445,1521988818,514165123,0.169542058312,0.179026311066
446,1521988818,517498500,0.170599493187,0.180430438996
447,1521988818,520832011,0.171644651068,0.183225589528
448,1521988818,524164238,0.17242354817,0.184357722326
449,1521988818,527498223,0.173029713045,0.186357994573
450,1521988818,530831764,0.174111822644,0.192351768317
451,1521988818,534166378,0.174062026613,0.193349475122
452,1521988818,537497860,0.176340048536,0.195636758601
453,1521988818,540831696,0.179020558507,0.200045304909
454,1521988818,544165002,0.179424283917,0.201857827939
455,1521988818,547498668,0.180795500618,0.203920410746
456,1521988818,550831184,0.184751482729,0.206114743675
457,1521988818,554165371,0.18535055217,0.209506153294
458,1521988818,557498118,0.19459585421,0.212404734172
459,1521988818,560833149,0.196584460965,0.212268071132
460,1521988818,564165546,0.198854649349,0.21278626008
461,1521988818,567498775,0.201279501211,0.213091654885
462,1521988818,570832271,0.207242412378,0.215518222166
463,1521988818,574164953,0.209769595282,0.217686539648
464,1521988818,577498838,0.210736799187,0.218295052023
465,1521988818,580832227,0.211486975025,0.219746021035
466,1521988818,584165205,0.214689991329,0.221883953714
467,1521988818,587498017,0.214689991329,0.224341529151
468,1521988818,590832803,0.214919524401,0.227020266045
469,1521988818,594164879,0.215088679722,0.227901260551
470,1521988818,597497760,0.214337462608,0.232065337666
471,1521988818,600831840,0.213908423255,0.234439059086
472,1521988818,604165934,0.21424550517,0.237229748119
473,1521988818,607498876,0.214337462608,0.238735899566
474,1521988818,610832010,0.218199669439,0.241878336434
475,1521988818,614165092,0.221019697477,0.24293150771
476,1521988818,617498488,0.222413802068,0.243616195843
477,1521988818,620831938,0.226627331903,0.245704813544
478,1521988818,624164443,0.226708403425,0.246846106991
479,1521988818,627498600,0.226931094292,0.24740676394
480,1521988818,630831458,0.228791140185,0.252077023365
481,1521988818,634164878,0.229815846194,0.25309405937
482,1521988818,637498006,0.231594802619,0.254165334657
483,1521988818,640832472,0.235371323436,0.257214456015
484,1521988818,644165305,0.237251829499,0.260854078496
485,1521988818,647498249,0.238309415663,0.264013818343
486,1521988818,650831559,0.243210021279,0.269241530565
487,1521988818,654164786,0.243210021279,0.271698754442
488,1521988818,657498099,0.244619934446,0.274155978319
489,1521988818,660830788,0.247492867038,0.274214818492
490,1521988818,664165218,0.250170119221,0.274408873948
491,1521988818,667498394,0.250629991876,0.274526645996
492,1521988818,670831836,0.250594141498,0.274838384293
493,1521988818,674164905,0.250629991876,0.275579817273
494,1521988818,677498756,0.246347085637,0.276573637983
495,1521988818,680830941,0.240123591624,0.280926053068
496,1521988818,684165131,0.230807246523,0.283201785106
497,1521988818,687498558,0.230873281069,0.285740033741
498,1521988818,690832827,0.230807246523,0.292326006188
499,1521988818,694164689,0.236261848127,0.294993462867
500,1521988818,697497539,0.253820679404,0.299473121073
501,1521988818,700831714,0.277340904616,0.303928480791
502,1521988818,704164325,0.280280383611,0.304058940863
503,1521988818,707498720,0.287167108684,0.303885018975
504,1521988818,710833098,0.288244775047,0.303906748329
505,1521988818,714165401,0.291582969879,0.304431827541
506,1521988818,717499259,0.293219993205,0.304301198136
507,1521988818,720831075,0.297619402715,0.309040770622
508,1521988818,724165071,0.297449127722,0.308863961199
509,1521988818,727499222,0.299168476791,0.310925379931
510,1521988818,730831466,0.303239777968,0.316041809702
511,1521988818,734165454,0.303771105183,0.316913877777
512,1521988818,737497522,0.305355404326,0.318851070232
513,1521988818,740832228,0.309343184301,0.321056481347
514,1521988818,744165116,0.309520217385,0.321240217798
515,1521988818,747498244,0.314080622731,0.321217239241
516,1521988818,750831486,0.314058157912,0.321194263972
517,1521988818,754164595,0.31549063675,0.321568296333
518,1521988818,757498470,0.316127805174,0.32185028684
519,1521988818,760830880,0.320141882286,0.326202038968
520,1521988818,764164881,0.320334030872,0.326389708009
521,1521988818,767498651,0.320709367568,0.327465995226
522,1521988818,770831624,0.324678952405,0.331772683955
523,1521988818,774164625,0.324655727873,0.331748952003
524,1521988818,777498727,0.325620070985,0.332005014814
525,1521988818,780831883,0.326418245397,0.332451066188
526,1521988818,784164778,0.327499182176,0.332474848366
527,1521988818,787498645,0.330553708424,0.332355971489
528,1521988818,790831999,0.330624637623,0.332427287412
529,1521988818,794164447,0.330366678086,0.332522422931
530,1521988818,797498206,0.32846278085,0.332379740063
531,1521988818,800831773,0.328486272681,0.334509553296
532,1521988818,804164698,0.32855676834,0.334932423802
533,1521988818,807498263,0.32989608501,0.335211567049
534,1521988818,810832055,0.329167636603,0.335187594256
535,1521988818,814164256,0.330037711835,0.336408948549
536,1521988818,817498722,0.329801734635,0.33616841591
537,1521988818,820831713,0.329238273435,0.333855294556
538,1521988818,824165383,0.327428913434,0.331701498284
539,1521988818,827497843,0.326817503909,0.331796419302
540,1521988818,830831173,0.322165158622,0.329619031552
541,1521988818,834164734,0.32181268033,0.331725223447
542,1521988818,837497450,0.321858722633,0.335985670418
543,1521988818,840831789,0.322073012706,0.337245248435
544,1521988818,844164931,0.331000790958,0.335961637108
545,1521988818,847498168,0.33626429029,0.335937607236
546,1521988818,850832729,0.337201132528,0.33406297698
547,1521988818,854165234,0.337394122159,0.327232024116
548,1521988818,857498373,0.339460875072,0.326834152714
549,1521988818,860831737,0.340494029791,0.324353551815
550,1521988818,864164762,0.341928399606,0.320164067965
551,1521988818,867498332,0.341879489807,0.319416257607
552,1521988818,870832706,0.339691886486,0.317944011532
553,1521988818,874165147,0.342001790548,0.319530522563
554,1521988818,877498252,0.339813378577,0.316653497045
555,1521988818,880832196,0.339716177954,0.315861007751
556,1521988818,884175100,0.341982955815,0.315727543591
557,1521988818,887498534,0.3471517227,0.316857986541
558,1521988818,890832659,0.345354620742,0.314808137725
559,1521988818,894165220,0.3462079707,0.314943267846
560,1521988818,897498314,0.346158441663,0.314547154492
561,1521988818,900832380,0.34605942609,0.31445718105
562,1521988818,904164752,0.345880161368,0.314263535927
563,1521988818,907497982,0.347568455682,0.314547154492
564,1521988818,910832676,0.345632874487,0.312635327737
565,1521988818,914165341,0.34832329435,0.31388994588
566,1521988818,917498655,0.353888204875,0.31241846441
567,1521988818,920831569,0.354266022272,0.31244081194
568,1521988818,924164970,0.354240683167,0.31241846441
569,1521988818,927497612,0.354316711358,0.312485516592
570,1521988818,930791472,0.358497212549,0.314396211378
571,1521988818,934165225,0.351029820391,0.306931217595
572,1521988818,937498410,0.357438553815,0.309632355203
573,1521988818,940831854,0.357387425427,0.309588065065
574,1521988818,944165006,0.357438553815,0.310685526479
575,1521988818,947498406,0.358470422668,0.314524656305
576,1521988818,950832478,0.358041117014,0.3151590944
577,1521988818,954164856,0.358573011327,0.315316933254
578,1521988818,957499008,0.358367892693,0.315136558891
579,1521988818,960832309,0.358117944376,0.31522672027
580,1521988818,964164476,0.351546579807,0.315339494569
581,1521988818,967498275,0.346436602549,0.313426724262
582,1521988818,970832580,0.346387058523,0.313381900991
583,1521988818,974164644,0.346610118306,0.3181487551
584,1521988818,977497929,0.360611085357,0.318057725413
585,1521988818,980831283,0.361969315497,0.318012230101
586,1521988818,984164819,0.370454684586,0.326108711727
587,1521988818,987498912,0.37070110434,0.328471958933
588,1521988818,990832573,0.371133095636,0.328542436396
589,1521988818,994164985,0.37408649461,0.328659966065
590,1521988818,997498408,0.375362532624,0.328542436396
591,1521988819,831943,0.37538938067,0.325757679744
592,1521988819,4164901,0.375416232557,0.325780981438
593,1521988819,7498351,0.373979467503,0.325757679744
594,1521988819,10832226,0.376013653399,0.324634924633
595,1521988819,14164270,0.376255808883,0.324843991847
596,1521988819,17497999,0.380269678688,0.327816977
597,1521988819,20831779,0.378859967182,0.328869922322
598,1521988819,24164950,0.382818806156,0.329993666543
599,1521988819,27498420,0.38417385968,0.331701498284
600,1521988819,30832147,0.38417385968,0.331701498284
601,1521988819,34164250,0.384338788355,0.332897372886
602,1521988819,37497397,0.384228820175,0.334908465832
603,1521988819,40832004,0.383684200118,0.334740855961
604,1521988819,44165308,0.383496381379,0.336990703184
605,1521988819,47497690,0.383958711244,0.337789409566
606,1521988819,50832294,0.383711633566,0.338624761329
607,1521988819,54165419,0.38528633069,0.340174322213
608,1521988819,57498353,0.38528633069,0.340174322213
609,1521988819,60832213,0.385556096835,0.341505266189
610,1521988819,64165263,0.385638834194,0.342280664765
611,1521988819,67498625,0.387021164296,0.343660310851
612,1521988819,70832688,0.385528525603,0.342182758397
613,1521988819,74165273,0.387456781873,0.344436282895
614,1521988819,77497995,0.385694012165,0.342329638963
615,1521988819,80831609,0.384878765845,0.344337745838
616,1521988819,84164463,0.382493662713,0.344060561139
617,1521988819,87498695,0.380920051132,0.344263880036
618,1521988819,90832802,0.380947290838,0.344288498448
619,1521988819,94165556,0.381083547828,0.34616705437
620,1521988819,97498595,0.38528633069,0.347195464054
621,1521988819,100831647,0.388811365737,0.347195464054
622,1521988819,104165046,0.388783555755,0.347170630676
623,1521988819,107498579,0.391222921326,0.350304862738
624,1521988819,110859938,0.388003893175,0.347422513179
625,1521988819,114164856,0.394609644061,0.353337367682
626,1521988819,117498412,0.39333763982,0.351006876491
627,1521988819,120832173,0.391194942858,0.359405336668
628,1521988819,124165219,0.392688904289,0.360535633553
629,1521988819,127497583,0.39136287372,0.359910753436
630,1521988819,130831030,0.391250903797,0.359807782045
631,1521988819,134165777,0.391083068991,0.359302553988
632,1521988819,137499706,0.392576579088,0.359379635485
633,1521988819,140831609,0.394592549334,0.356801616991
634,1521988819,144165414,0.395424077375,0.356597482475
635,1521988819,147498387,0.395537225405,0.356699520527
636,1521988819,150832325,0.394338592459,0.355168155382
637,1521988819,154164756,0.394536086209,0.355346031685
638,1521988819,157497689,0.394832167962,0.36091250699
639,1521988819,160831474,0.394719221622,0.36045828199
640,1521988819,164163795,0.394888665375,0.360613018321
641,1521988819,167497898,0.39610060583,0.360783462187
642,1521988819,170832648,0.394606339883,0.360355198189
643,1521988819,174164978,0.394536086209,0.360613018321
644,1521988819,177498359,0.393718251839,0.36331810187
645,1521988819,180831381,0.392688904289,0.364397261566
646,1521988819,184165311,0.392604654364,0.364670063279
647,1521988819,187498197,0.394479639241,0.365827657864
648,1521988819,190832631,0.3921680883,0.364591841473
649,1521988819,194165598,0.396213939337,0.371067346315
650,1521988819,197498603,0.396242282848,0.371796055353
651,1521988819,200831733,0.394098918308,0.371769460499
652,1521988819,204164930,0.39407073013,0.37174286945
653,1521988819,207497947,0.394127110519,0.371796055353
654,1521988819,210832287,0.393929849703,0.371609971241
655,1521988819,214165191,0.396242282848,0.372147137558
656,1521988819,217498025,0.399767570062,0.37565795961
657,1521988819,220831778,0.404234774286,0.377656388921
658,1521988819,224164400,0.406494694722,0.379195907774
659,1521988819,227498604,0.406320283383,0.379735122652
660,1521988819,230831647,0.409256569013,0.382301173261
661,1521988819,234164695,0.410314079527,0.384758572906
662,1521988819,237498378,0.410607840851,0.38610756414
663,1521988819,240831808,0.410607840851,0.389968639782
664,1521988819,244165319,0.410607840851,0.390670653535
665,1521988819,247498172,0.413868718917,0.391807741052
666,1521988819,250831790,0.413779918592,0.398041797941
667,1521988819,254164971,0.414896625088,0.398098742404
668,1521988819,257498183,0.418039253966,0.398070268136
669,1521988819,260830800,0.418128974796,0.396751273875
670,1521988819,264165132,0.417919686071,0.395148959144
671,1521988819,267497761,0.418128974796,0.394995737265
672,1521988819,270832305,0.417537452503,0.393015267035
673,1521988819,274164436,0.416425788117,0.391189528897
674,1521988819,277498732,0.414043533839,0.389183122283
675,1521988819,280831768,0.413134107565,0.38897125801
676,1521988819,284165286,0.413075012427,0.388915619152
677,1521988819,287497930,0.412840665672,0.384462517604
678,1521988819,290832699,0.40869942345,0.383513370614
679,1521988819,294165182,0.407934094499,0.380276435094
680,1521988819,297498342,0.407141547984,0.379843773617
681,1521988819,300831993,0.405644485792,0.378709334243
682,1521988819,304165106,0.403969016441,0.37879060234
683,1521988819,307498488,0.403587644006,0.378763509099
684,1521988819,310832429,0.402091451292,0.376225555899
685,1521988819,314164726,0.400558590433,0.376440911111
686,1521988819,317499797,0.398777243827,0.375740252737
687,1521988819,320830839,0.397174638173,0.374467933921
688,1521988819,324164871,0.393986189785,0.374119815847
689,1521988819,327498092,0.393718251839,0.374200093327
690,1521988819,330832495,0.392196130352,0.37058374854
691,1521988819,334164704,0.391038271822,0.369066602218
692,1521988819,337497350,0.390629767348,0.36796047347
693,1521988819,340831983,0.381922564672,0.367021944796
694,1521988819,344164987,0.37788375709,0.363695147382
695,1521988819,347498272,0.375416232557,0.363695147382
696,1521988819,350832738,0.369969894623,0.363539122007
697,1521988819,354165119,0.369150386292,0.362368680533
698,1521988819,357498486,0.365872466794,0.360860877993
699,1521988819,360831026,0.364188221724,0.359182790419
700,1521988819,364164457,0.360585292418,0.354893334291
701,1521988819,367498361,0.358041117014,0.352711458655
702,1521988819,370832601,0.358015515218,0.350580648477
703,1521988819,374165190,0.353259049533,0.344085175573
704,1521988819,377498011,0.348675848291,0.338116351099
705,1521988819,380832333,0.347771700946,0.337221135375
706,1521988819,384165056,0.342682431283,0.333551955912
707,1521988819,387497990,0.340542744867,0.332474848366
708,1521988819,390831406,0.336945146656,0.328191429519
709,1521988819,394164841,0.336969246873,0.320492200007
710,1521988819,397498163,0.340494029791,0.320141168025
711,1521988819,400831829,0.344674463167,0.318691450874
712,1521988819,404164876,0.345478146967,0.309654505025
713,1521988819,407498281,0.351748176111,0.309588065065
714,1521988819,410831876,0.35315798844,0.309588065065
715,1521988819,414164159,0.355072623737,0.311125603773
716,1521988819,417498181,0.354869492946,0.312702397673
717,1521988819,420831658,0.354920253852,0.324681360754
718,1521988819,424165010,0.35283077,0.326459743709
719,1521988819,427498343,0.343313856124,0.328565935604
720,1521988819,430831937,0.342584395972,0.328542436396
721,1521988819,434165147,0.336616768582,0.326459743709
722,1521988819,437498312,0.331000790958,0.326483095622
723,1521988819,440831609,0.326747376414,0.324353551815
724,1521988819,444164539,0.325384009847,0.320889135593
725,1521988819,447517686,0.316759889983,0.312668459883
726,1521988819,450832790,0.319318741153,0.311302432631
727,1521988819,454164692,0.317014032039,0.305177760989
728,1521988819,457498532,0.313308382163,0.301493343943
729,1521988819,460831894,0.312648244746,0.293813769338
730,1521988819,464165308,0.310180896704,0.293813769338
731,1521988819,467498690,0.305224369251,0.289931679982
732,1521988819,470832942,0.30518071588,0.288837343754
733,1521988819,474164530,0.299403975091,0.284829546107
734,1521988819,477497324,0.292246310036,0.284025504042
735,1521988819,480831788,0.289985926928,0.283532442647
736,1521988819,484165146,0.281277676783,0.279421458057
737,1521988819,487498555,0.275638024116,0.279070426074
738,1521988819,490832361,0.270664609112,0.274467747338
739,1521988819,494165149,0.266864242096,0.270333298037
740,1521988819,497498424,0.262596327323,0.26994359453
741,1521988819,500831710,0.256270047952,0.264345990327
742,1521988819,504165290,0.254118672321,0.25904307485
743,1521988819,507498717,0.247069610675,0.254479985456
744,1521988819,510831882,0.237939865705,0.250654763736
745,1521988819,514164238,0.23340740757,0.246846106991
746,1521988819,517498674,0.223743698177,0.242827289989
747,1521988819,520832039,0.213954323067,0.242212067913
748,1521988819,524164130,0.205568361111,0.242298720771
749,1521988819,527498734,0.19626022029,0.23826550564
750,1521988819,530831605,0.194948382931,0.237331570745
751,1521988819,534182261,0.193908029386,0.235366619549
752,1521988819,537498128,0.19594358966,0.236425895783
753,1521988819,540831004,0.201293899916,0.232065337666
754,1521988819,544164228,0.211149599344,0.230293452396
755,1521988819,547498479,0.217769279926,0.225298074397
756,1521988819,550831578,0.224544732525,0.218708568358
757,1521988819,554164491,0.224560795528,0.210649323146
758,1521988819,557498067,0.22451261341,0.208849091512
759,1521988819,560830907,0.222093094479,0.203978761246
760,1521988819,564164106,0.218536540859,0.199737198033
761,1521988819,567499018,0.212100907687,0.195440940011
762,1521988819,570831810,0.208697003066,0.193797377294
763,1521988819,574164831,0.203042018735,0.193783514821
764,1521988819,577461138,0.198887851872,0.195941959873
765,1521988819,580831681,0.187192152582,0.186076896572
766,1521988819,584165029,0.187165972897,0.188153142611
767,1521988819,587498344,0.187165972897,0.187802110629
768,1521988819,590832266,0.183967351506,0.186020340268
769,1521988819,594165206,0.180481794431,0.184304973335
770,1521988819,597498276,0.180494705354,0.179051924674
771,1521988819,600832394,0.179360135084,0.177571379509
772,1521988819,604164516,0.178065218458,0.174174152902
773,1521988819,607497732,0.173784227841,0.168858461284
774,1521988819,610832037,0.172312585572,0.163885047887
775,1521988819,614165628,0.166710307916,0.155847053162
776,1521988819,617498100,0.166405460459,0.155891650974
777,1521988819,620831975,0.165288674054,0.154782962374
778,1521988819,624164654,0.161469705276,0.153785007042
779,1521988819,627499013,0.158558526267,0.15369704193
780,1521988819,630831402,0.158308045315,0.151689215107
781,1521988819,634165598,0.155761982008,0.149507543669
782,1521988819,637498506,0.154044031575,0.148146092852
783,1521988819,640831902,0.152270622018,0.147784464625
784,1521988819,644165171,0.146630969351,0.147784464625
785,1521988819,647498014,0.142774132165,0.142890457534
786,1521988819,650831184,0.139238884375,0.13585909463
787,1521988819,654164693,0.138161608252,0.134435633696
788,1521988819,657498416,0.136399342841,0.13303160619
789,1521988819,660830911,0.135733267535,0.131665245755
790,1521988819,664165488,0.1307226961,0.129835400717
791,1521988819,667498953,0.128645375031,0.126713482413
792,1521988819,670832302,0.128302098182,0.122510161887
793,1521988819,674165168,0.127615397145,0.116910374346
794,1521988819,677498447,0.127253765214,0.114795669106
795,1521988819,680830996,0.124451541402,0.114109879654
796,1521988819,684165449,0.122618593646,0.113693702249
797,1521988819,687498369,0.11633447806,0.112697387883
798,1521988819,690832516,0.112408414719,0.111245310878
799,1521988819,694180855,0.107374515301,0.105186643569
800,1521988819,697498265,0.106961024645,0.100173134525
801,1521988819,700831926,0.105735924683,0.096526891035
802,1521988819,704165100,0.10469354091,0.094083300674
803,1521988819,707497874,0.102585857926,0.0940900310052
804,1521988819,710832887,0.099701438088,0.0933277800349
805,1521988819,714164220,0.0952236262093,0.0930767343434
806,1521988819,717498360,0.0905674872761,0.0930035189489
807,1521988819,720832184,0.0877545412357,0.0902023159411
808,1521988819,724164726,0.0853180538792,0.0846168646051
809,1521988819,727497947,0.0849472683018,0.0786311640762
810,1521988819,730831003,0.0842543644134,0.0754826741273
811,1521988819,734165347,0.0838598427812,0.0719358301269
812,1521988819,737498394,0.0824917208064,0.0705675232539
813,1521988819,740831575,0.0793076156344,0.0702063964966
814,1521988819,744165052,0.0750778761339,0.0702063964966
815,1521988819,747498852,0.0701331474132,0.0698453730439
816,1521988819,750832863,0.0673089107772,0.0694894217052
817,1521988819,754165608,0.0631026411297,0.0684610300225
818,1521988819,757498064,0.0613487747993,0.0660128991668
819,1521988819,760831750,0.0599127389962,0.0614218104657
820,1521988819,764165412,0.0599170239869,0.0565121071151
821,1521988819,767498547,0.0595730923024,0.0530096209021
822,1521988819,770831932,0.0595688312988,0.0494955095301
823,1521988819,774164959,0.0585155817882,0.047041650337
824,1521988819,777498441,0.0574498524109,0.0463329076968
825,1521988819,780831414,0.0560520667018,0.0463428510921
826,1521988819,784164597,0.0521667871729,0.0463362216878
827,1521988819,787497972,0.0489944825475,0.0466872536703
828,1521988819,790832548,0.0458057964771,0.0466705629604
829,1521988819,794164686,0.0423125271584,0.0467039563226
830,1521988819,797498224,0.0391222921326,0.0463329076968
831,1521988819,800831741,0.0373600267212,0.0456308939438
832,1521988819,804164757,0.0352528721395,0.0438852756554
833,1521988819,807498299,0.0338354958985,0.0417698183024
834,1521988819,810832402,0.0327711052315,0.0400062001265
835,1521988819,814165142,0.0320824086901,0.0368662688114
836,1521988819,817497955,0.0317275849255,0.0333528094981
837,1521988819,820831518,0.0313683243225,0.0298355845017
838,1521988819,824165045,0.0313683243225,0.0266765226133
839,1521988819,827497319,0.0306765821898,0.0238787145108
840,1521988819,830831598,0.0303044629023,0.0221086895436
841,1521988819,834164723,0.0296102943988,0.0214144826161
842,1521988819,837499231,0.0281881824475,0.0203525763286
843,1521988819,840830292,0.0275110164413,0.0203729696916
844,1521988819,844165095,0.0257198775102,0.0200002398216
845,1521988819,847498139,0.0246752453324,0.0200102542478
846,1521988819,850832600,0.022550545958,0.0192998568633
847,1521988819,854164913,0.0200984504002,0.0189625085821
848,1521988819,857498063,0.0183288711688,0.0175515991242
849,1521988819,860830785,0.0158649273742,0.0168531514566
850,1521988819,864164675,0.0144495429344,0.0150922162859
851,1521988819,867498618,0.0123340935979,0.0129853969853
852,1521988819,870832191,0.0112784986328,0.0122852406772
853,1521988819,874164474,0.0109299541309,0.0105339732713
854,1521988819,877497740,0.0102226016377,0.00912748439374
855,1521988819,880831314,0.00986868630372,0.00807315815929
856,1521988819,884174963,0.00948705689142,0.00699861411351
857,1521988819,887497614,0.00919402797832,0.00598681318174
858,1521988819,890832953,0.00880691792905,0.00491163729068
859,1521988819,894166280,0.00775452241759,0.0042123837898
860,1521988819,897498411,0.00669948346674,0.00351157566335
861,1521988819,900830903,0.00564086306639,0.00245775125409
862,1521988819,904165483,0.00422822736712,0.00175453244212
863,1521988819,907498517,0.00282002803798,0.0010531712762
864,1521988819,910832414,0.00176213938224,0.0
865,1521988819,914165301,0.000352528721395,0.0
866,1521988819,917497497,0.0,0.0
867,1521988819,920831527,0.0,0.0
868,1521988819,924164960,0.0,0.0
869,1521988819,927498272,0.0,-0.000351031982483
870,1521988819,930814011,0.0,-0.000352899845193
871,1521988819,934164964,0.0,-0.000349183788481
872,1521988819,937497295,0.0,-0.000351132442377
873,1521988819,940831199,0.0,0.0
874,1521988819,944181237,0.0,0.0
875,1521988819,947498016,0.0,0.0
876,1521988819,950832318,0.0,0.0
877,1521988819,954164853,0.0,0.0
878,1521988819,957498902,0.0,0.0
879,1521988819,960830873,0.0,0.0
880,1521988819,964165183,0.0,0.0
881,1521988819,967498457,0.0,0.0
882,1521988819,970832102,0.0,0.0
883,1521988819,974164553,0.0,0.0
884,1521988819,977498360,0.0,0.0
885,1521988819,980831880,0.0,0.0
886,1521988819,984182522,0.0,0.0
887,1521988819,987498300,0.0,-0.000352899845193
888,1521988819,990832662,0.0,-0.000350931580057
889,1521988819,994164894,0.0,-0.000702264884753
890,1521988819,997498523,0.0,-0.000702013752982
891,1521988820,831697,0.0,-0.0010531712762
892,1521988820,4164703,0.0,-0.0010531712762
893,1521988820,7498527,0.0,-0.00140392709636
894,1521988820,10832129,0.0,-0.00175503438246
895,1521988820,14164731,0.0,-0.00175553661007
896,1521988820,17498069,0.0,-0.00175515991242
897,1521988820,20831521,0.0,-0.00175503438246
898,1521988820,24165203,0.0,-0.00175503438246
899,1521988820,27497531,0.0,-0.00175566221188
900,1521988820,30799401,0.0,-0.00177188899816
901,1521988820,34165153,0.0,-0.00173825109694
902,1521988820,37498302,0.0,-0.00175528546034
903,1521988820,40831196,0.0,-0.00175541102622
904,1521988820,44164666,-0.000704906164551,-0.00210604125895
905,1521988820,47497683,-0.00352503504748,-0.0021063425524
906,1521988820,50832353,-0.00704704561187,-0.00245634541897
907,1521988820,54164994,-0.0116342800744,-0.00351107322013
908,1521988820,57498031,-0.0158626577137,-0.00561691347307
909,1521988820,60831696,-0.0190311053282,-0.00842356257816
910,1521988820,64164572,-0.0207991945623,-0.0112346305678
911,1521988820,67498400,-0.0207932447105,-0.0143902527377
912,1521988820,70832098,-0.0207947318543,-0.0168483300716
913,1521988820,76696024,-0.0120219532337,-0.0103762741878
914,1521988820,79051346,-0.0284336413396,-0.0258330259793
915,1521988820,80832038,-0.0349690650432,-0.0341684915851
916,1521988820,84165122,-0.0126901261709,-0.0175528546034
917,1521988820,87497648,-0.0126919418994,-0.0175553661007
918,1521988820,90830677,-0.0126910339702,-0.0168519458517
919,1521988820,94165109,-0.013037034382,-0.0168435114444
920,1521988820,97500872,-0.0133846016627,-0.0168374920349
921,1521988820,100831136,-0.0144650600552,-0.0168652170003
922,1521988820,104164028,-0.0151576507042,-0.0168507404192
923,1521988820,107498818,-0.0158547190132,-0.0168423072182
924,1521988820,110832326,-0.0165664797103,-0.0168495351592
925,1521988820,114164647,-0.0172763791101,-0.0168543572341
926,1521988820,117498274,-0.0172702010315,-0.0168483300716
927,1521988820,120831624,-0.0176226541138,-0.0164973231951
928,1521988820,124164630,-0.0176264360697,-0.015798699236
929,1521988820,127498032,-0.0179751071961,-0.0154443025656
930,1521988820,130834092,-0.0179622604928,-0.0150825085996
931,1521988820,134164719,-0.0183433033509,-0.0151062605816
932,1521988820,137498207,-0.0183288711688,-0.0150943752468
933,1521988820,140830721,-0.0183328049658,-0.0150976148466
934,1521988820,144164978,-0.0183236287316,-0.0150900579425
935,1521988820,147498458,-0.0183288711688,-0.0150943752468
936,1521988820,150832424,-0.0183249390598,-0.015091137037
937,1521988820,154164827,-0.0183341166067,-0.0154498274646
938,1521988820,157498758,-0.0179725363855,-0.0154420937123
939,1521988820,160832017,-0.0183301822469,-0.015446512051
940,1521988820,164163754,-0.0183367404516,-0.0151008558372
941,1521988820,167497888,-0.0183249390598,-0.0147401803617
942,1521988820,170831888,-0.0183249390598,-0.0147401803617
943,1521988820,174164659,-0.0183314935125,-0.0147454526202
944,1521988820,177498461,-0.0183262495753,-0.0147412345118
945,1521988820,180831857,-0.0183288711688,-0.0147433432643
946,1521988820,184164923,-0.0183301822469,-0.0147443978668
947,1521988820,187498699,-0.0183262495753,-0.0147412345118
948,1521988820,190832225,-0.0183288711688,-0.0147433432643
949,1521988820,194165105,-0.0179789647911,-0.0147454526202
950,1521988820,197497720,-0.0179802510241,-0.0147465075245
951,1521988820,200831662,-0.0176201337113,-0.015091137037
952,1521988820,204164949,-0.016918958002,-0.0150943752468
953,1521988820,207498264,-0.0162140014186,-0.0150943752468
954,1521988820,210831753,-0.0155090448352,-0.0150943752468
955,1521988820,214164499,-0.01515873502,-0.0150965348255
956,1521988820,217498192,-0.0144495429344,-0.0150922162859
957,1521988820,220832027,-0.0140971150579,-0.0150922162859
958,1521988820,224164748,-0.0133970497827,-0.0150976148466
959,1521988820,227498676,-0.0130388989464,-0.015091137037
960,1521988820,230832423,-0.0130407640442,-0.0150932956891
961,1521988820,234164910,-0.0123393879577,-0.0147465075245
962,1521988820,237497899,-0.0123385052488,-0.0147454526202
963,1521988820,240830617,-0.0112809190846,-0.0147454526202
964,1521988820,244164876,-0.0112760792195,-0.0143881947823
965,1521988820,247497738,-0.0102233329204,-0.014394370415
966,1521988820,250832091,-0.0102189467926,-0.0143881947823
967,1521988820,254164930,-0.00951827547766,-0.0140432882097
968,1521988820,257498157,-0.00916443558442,-0.0140412792993
969,1521988820,260831560,-0.00881195729271,-0.0133392153344
970,1521988820,264165032,-0.00845947900101,-0.0133392153344
971,1521988820,267498141,-0.00845947900101,-0.0122861193869
972,1521988820,270831839,-0.00845887397462,-0.0122852406772
973,1521988820,274164524,-0.00810874065794,-0.0119376489484
974,1521988820,277497907,-0.00775396781006,-0.0112322200477
975,1521988820,280831580,-0.00775396781006,-0.0112322200477
976,1521988820,284164402,-0.00740310314929,-0.0108835483625
977,1521988820,287498505,-0.0066956508103,-0.0108796569336
978,1521988820,290832406,-0.0066956508103,-0.0105287002584
979,1521988820,294165108,-0.00634597094969,-0.0101821123384
980,1521988820,297498062,-0.00634551698511,-0.00947921954157
981,1521988820,300831306,-0.00634460925075,-0.00912683154456
982,1521988820,304165322,-0.00634324813607,-0.00912487355725
983,1521988820,307497640,-0.00634642497924,-0.00842717861704
984,1521988820,310832686,-0.00634143422468,-0.00806969526617
985,1521988820,314164381,-0.00634778745776,-0.00737536432582
986,1521988820,317498239,-0.00599127389962,-0.0070196354818
987,1521988820,320831728,-0.00599170239869,-0.00631812377684
988,1521988820,324165058,-0.00599213095905,-0.00596754370221
989,1521988820,327497889,-0.00599298826371,-0.0056173152839
990,1521988820,330832274,-0.00599041708534,-0.00526397370086
991,1521988820,334165292,-0.00599255958072,-0.00456374219687
992,1521988820,337498343,-0.00599255958072,-0.00456374219687
993,1521988820,340830799,-0.00599384581372,-0.00421358930852
994,1521988820,344164851,-0.00563844278762,-0.00386052342807
995,1521988820,347498068,-0.00563965266734,-0.00386135180732
996,1521988820,350831800,-0.00563924931641,-0.00351006876491
997,1521988820,354165239,-0.00563924931641,-0.00351006876491
998,1521988820,357498429,-0.00564005607597,-0.0031595138286
999,1521988820,360831816,-0.00563965266734,-0.00315928784235
1000,1521988820,364164588,-0.00564045954232,-0.00280865764195
1001,1521988820,367498915,-0.00528566213412,-0.00280745264046
1002,1521988820,370831454,-0.00528830912474,-0.0028088585761
1003,1521988820,374165307,-0.00528641814673,-0.00245687241863
1004,1521988820,377498624,-0.00528717437563,-0.00245722387738
1005,1521988820,380831604,-0.00528755257122,-0.00245739964447
1006,1521988820,384165212,-0.00528679623413,-0.00245704813544
1007,1521988820,387498751,-0.00493434315186,-0.00210604125895
1008,1521988820,390832173,-0.00493469608392,-0.0021061918949
1009,1521988820,394165132,-0.00493540209953,-0.00210649323146
1010,1521988820,397498284,-0.00493469608392,-0.0021061918949
1011,1521988820,400830744,-0.00493610831718,-0.00210679465426
1012,1521988820,404165268,-0.00458057964771,-0.00210543893054
1013,1521988820,407498607,-0.00458221779221,-0.00175515991242
1014,1521988820,410832494,-0.00422913451738,-0.00175490887045
1015,1521988820,414164179,-0.00423185830518,-0.0017560391252
1016,1521988820,417498558,-0.00422822736712,-0.00175453244212
1017,1521988820,420831640,-0.00387753855223,-0.00175528546034
1018,1521988820,424164626,-0.00387781593534,-0.00175541102622
1019,1521988820,427497982,-0.00387726120879,-0.00175515991242
1020,1521988820,430831685,-0.00352427876448,-0.00140392709636
1021,1521988820,434164639,-0.00352528721395,-0.00140432882097
1022,1521988820,437497975,-0.00352453082276,-0.00140402750596
1023,1521988820,440831035,-0.00317275849255,-0.00140432882097
1024,1521988820,444182105,-0.00315537784344,-0.0013966357846
1025,1521988820,447497931,-0.00318918465287,-0.00141159938077
1026,1521988820,450831475,-0.00317207774048,-0.00140402750596
1027,1521988820,454165342,-0.00281922139381,-0.00140382670112
1028,1521988820,457498344,-0.00282022977116,-0.00140432882097
1029,1521988820,460830981,-0.00246787759155,-0.00105332196604
1030,1521988820,464164372,-0.00246734804196,-0.00105309594745
1031,1521988820,467498143,-0.00246699513514,-0.00105294532227
1032,1521988820,470831418,-0.00211486975025,-0.00105309594745
1033,1521988820,474165003,-0.00176226541138,-0.00105302062947
1034,1521988820,477499017,-0.00176201337113,-0.00105287002584
1035,1521988820,480831915,-0.00141011488558,-0.00105324661573
1036,1521988820,484164641,-0.00141011488558,-0.000702164410487
1037,1521988820,487498565,-0.00105728362935,-0.00070196354818
1038,1521988820,490832330,-0.000704855752897,-0.00070196354818
1039,1521988820,494165524,-0.000352503504748,-0.000351057092067
1040,1521988820,497498216,-0.000352528721395,-0.000351082205243
1041,1521988820,500830970,0.0,-0.000351107322013
1042,1521988820,504164978,0.0,-0.000350956675279
1043,1521988820,507498915,0.0,-0.000350956675279
1044,1521988820,510832540,0.0,0.0
1045,1521988820,514164790,0.0,0.0
1046,1521988820,517498791,0.0,0.0
1047,1521988820,520831617,0.0,0.0
1048,1521988820,524164784,0.0,0.0
1049,1521988820,527498042,0.0,0.0
1050,1521988820,530832227,0.0,0.0
1051,1521988820,534165133,0.0,0.0
1052,1521988820,537497967,0.0,0.0
1053,1521988820,540830596,0.0,0.0
1054,1521988820,544164750,0.0,0.0
1055,1521988820,547497999,0.0,0.0
1056,1521988820,550832395,0.0,0.0
1057,1521988820,554165154,0.0,0.0
1058,1521988820,557497757,0.0,0.0
1059,1521988820,560830733,0.0,0.0
1060,1521988820,564165767,0.0,0.0
1061,1521988820,567497130,0.0,0.0
1062,1521988820,570832313,0.0,0.0
1063,1521988820,574165035,0.0,0.0
1064,1521988820,577497997,0.0,0.0
1065,1521988820,580831941,0.0,0.0
1066,1521988820,584164780,0.0,0.0
1067,1521988820,587498240,0.0,0.0
1068,1521988820,590832618,0.0,0.0
1069,1521988820,594164870,0.0,0.0
1070,1521988820,597498034,0.0,0.0
1071,1521988820,600832186,0.0,0.0
1072,1521988820,604164114,0.0,0.0
1073,1521988820,607498636,0.0,0.0
1074,1521988820,610832141,0.0,0.0
1075,1521988820,614164736,-0.00035255394165,0.0
1076,1521988820,617497641,-0.000352528721395,0.0
1077,1521988820,620831235,-0.000352453082276,0.0
1078,1521988820,624164702,-0.000352453082276,-0.000351006876491
1079,1521988820,627497944,-0.000352503504748,-0.000351057092067
1080,1521988820,630832569,-0.000704654178362,-0.000350881400379
1081,1521988820,634164646,-0.00105788887221,-0.000351182693889
1082,1521988820,637497585,-0.00105751051424,-0.000351057092067
1083,1521988820,640790887,-0.00142706117321,-0.000355301393405
1084,1521988820,644164895,-0.00174121934718,-0.000346814935135
1085,1521988820,647497703,-0.00176264360697,-0.000702164410487
1086,1521988820,650832452,-0.00176163544591,-0.000701762800758
1087,1521988820,654164962,-0.00176276970825,-0.000702214644026
1088,1521988820,657497262,-0.00176302196493,-0.00070231513267
1089,1521988820,660831022,-0.00176213938224,-0.00070196354818
1090,1521988820,664164053,-0.00176251752374,-0.000702114184134
1091,1521988820,667498660,-0.00140940912237,-0.000701812976848
1092,1521988820,670831507,-0.00141011488558,-0.00105324661573
1093,1521988820,674166669,-0.00140910686865,-0.000701662470098
1094,1521988820,677498600,-0.00141051849628,-0.00105354808167
1095,1521988820,680831016,-0.00141031666205,-0.00105339732713
1096,1521988820,684164772,-0.00176213938224,-0.00105294532227
1097,1521988820,687498113,-0.00176239145854,-0.00105309594745
1098,1521988820,690832358,-0.00176188737804,-0.00105279474017
1099,1521988820,694164937,-0.00176276970825,-0.000702214644026
1100,1521988820,697498820,-0.00211456725869,-0.00070196354818
1101,1521988820,700831799,-0.00211502102849,-0.000702114184134
1102,1521988820,704165478,-0.00211471849365,-0.000702013752982
1103,1521988820,707498377,-0.00246770104976,-0.000702164410487
1104,1521988820,710831664,-0.00246734804196,-0.000702063964966
1105,1521988820,714165255,-0.00246717157593,-0.000702013752982
1106,1521988820,717498601,-0.00246734804196,-0.000702063964966
1107,1521988820,720831970,-0.00246734804196,-0.000702063964966
1108,1521988820,724164242,-0.00246805415859,-0.000702264884753
1109,1521988820,727498129,-0.00246699513514,-0.00070196354818
1110,1521988820,730832008,-0.00246681871958,-0.000701913350558
1111,1521988820,734165233,-0.00211502102849,-0.000702114184134
1112,1521988820,737498561,-0.00211486975025,-0.00105309594745
1113,1521988820,740833645,-0.00211366030297,-0.00105249370515
1114,1521988820,744164736,-0.00211638350714,-0.00105384972023
1115,1521988820,747498071,-0.00211486975025,-0.00105309594745
1116,1521988820,750831304,-0.00176239145854,-0.00105309594745
1117,1521988820,754164529,-0.00176251752374,-0.0010531712762
1118,1521988820,757497605,-0.00176251752374,-0.0010531712762
1119,1521988820,760830830,-0.00176239145854,-0.00105309594745
1120,1521988820,764165078,-0.00140950990243,-0.00105279474017
1121,1521988820,767498525,-0.00105743487513,-0.00105309594745
1122,1521988820,770831380,-0.00105758616418,-0.00105324661573
1123,1521988820,774164560,-0.00105743487513,-0.00105309594745
1124,1521988820,777498355,-0.000704906164551,-0.00105302062947
1125,1521988820,780831478,-0.000704956583417,-0.00105309594745
1126,1521988820,784164993,-0.000352478291709,-0.00105309594745
1127,1521988820,787497970,0.0,-0.00140422836827
1128,1521988820,790832403,0.0,-0.00105271946527
1129,1521988820,794164971,0.0,-0.00140452976951
1130,1521988820,797497892,0.0,-0.0010531712762
1131,1521988820,800831004,0.0,-0.0010531712762
1132,1521988820,804169962,0.0,-0.00105136635542
1133,1521988820,807498575,0.0,-0.00105452903891
1134,1521988820,810831987,0.0,-0.00105309594745
1135,1521988820,814165047,0.0,-0.0010531712762
1136,1521988820,817497954,0.0,-0.00105324661573
1137,1521988820,820831530,0.0,-0.00105302062947
1138,1521988820,824164244,0.0,-0.00105332196604
1139,1521988820,827497829,0.0,-0.00105302062947
1140,1521988820,830831715,0.0,-0.00105287002584
1141,1521988820,834165217,0.0,-0.00105302062947
1142,1521988820,837498022,0.0,-0.00105332196604
1143,1521988820,840831446,0.0,-0.00105302062947
1144,1521988820,844164714,0.0,-0.0010531712762
1145,1521988820,847498184,0.0,-0.00105302062947
1146,1521988820,850831211,0.0,-0.0010531712762
1147,1521988820,854165008,0.0,-0.00105294532227
1148,1521988820,857498135,0.0,-0.000702114184134
1149,1521988820,860831316,0.0,-0.000702114184134
1150,1521988820,864164965,0.0,-0.00070196354818
1151,1521988820,867497667,0.0,-0.000351107322013
1152,1521988820,870831693,0.0,-0.000350956675279
1153,1521988820,874165112,0.0,-0.000351031982483
1154,1521988820,877498054,0.0,0.0
1155,1521988820,880831573,0.0,0.0
1156,1521988820,884164602,0.0,0.0
1157,1521988820,887498315,0.0,0.0
1158,1521988820,890832367,0.0,0.0
1159,1521988820,894164894,0.0,0.0
1160,1521988820,897497886,0.0,0.0
1161,1521988820,900831285,0.0,0.0
1162,1521988820,904164655,0.0,0.0
1163,1521988820,907497819,0.0,0.0
1164,1521988820,910832027,0.0,0.0
1165,1521988820,914164697,0.0,0.0
1166,1521988820,917497202,0.0,0.0
1167,1521988820,920831335,0.0,0.0
1168,1521988820,924165510,0.0,0.0
1169,1521988820,927498064,0.0,0.0
1170,1521988820,930831509,0.0,0.0
1171,1521988820,934164816,0.0,0.0
1172,1521988820,937497926,0.0,0.0
1173,1521988820,940831811,0.0,0.0
1174,1521988820,944165110,0.0,0.0
1175,1521988820,947498542,0.0,0.0
1176,1521988820,950832532,0.0,0.0
1177,1521988820,954164566,0.0,0.0
1178,1521988820,957498133,0.0,0.0
1179,1521988820,960831856,0.0,0.0
1180,1521988820,964165286,0.0,0.0
1181,1521988820,967498129,0.0,0.0
1182,1521988820,970831549,0.0,0.0
1183,1521988820,974165056,0.0,0.0
1184,1521988820,977498408,0.0,0.0
1185,1521988820,980831550,0.0,0.0
1186,1521988820,984165134,0.0,0.0
1187,1521988820,987497921,0.0,0.0
1188,1521988820,990832446,0.0,0.0
1189,1521988820,994164965,0.0,0.0
1190,1521988820,997497903,0.0,0.0
1191,1521988821,831424,0.0,0.0
1192,1521988821,4164558,0.0,0.0
1193,1521988821,7498129,0.0,0.0
1194,1521988821,10832010,0.0,0.0
1195,1521988821,14165230,0.0,0.0
1196,1521988821,17498117,0.0,0.0
1197,1521988821,20831789,0.0,0.0
1198,1521988821,24132781,0.0,0.0
1199,1521988821,27497807,0.0,0.0
1200,1521988821,30831584,0.0,0.0
1201,1521988821,34165308,0.0,0.0
1202,1521988821,37497438,0.0,0.0
1203,1521988821,40831337,0.0,0.0
1204,1521988821,44165163,0.0,0.0
1205,1521988821,47497715,0.0,0.0
1206,1521988821,50832262,0.0,0.0
1207,1521988821,54165663,0.0,0.0
1208,1521988821,57498314,0.0,0.0
1209,1521988821,60831333,0.0,0.0
1210,1521988821,64165154,0.0,0.0
1211,1521988821,67497978,0.0,0.0
1212,1521988821,70831111,0.0,0.0
1213,1521988821,74165120,0.0,0.0
1214,1521988821,77497954,0.0,0.0
1215,1521988821,80831627,0.0,0.0
1216,1521988821,84165933,0.0,0.0
1217,1521988821,87498372,0.0,0.0
1218,1521988821,90831612,0.0,0.0
1219,1521988821,94165303,0.0,0.0
1220,1521988821,97497550,0.0,0.0
1221,1521988821,100831180,0.0,0.0
1222,1521988821,104120328,0.0,0.0
1223,1521988821,107498120,0.0,0.0
1224,1521988821,110832693,0.0,0.0
1225,1521988821,114164569,0.0,0.0
1226,1521988821,117498231,0.0,0.0
1227,1521988821,120831448,0.0,0.0
1228,1521988821,124164696,0.0,0.0
1229,1521988821,127497898,0.0,0.0
1230,1521988821,130830851,0.0,0.0
1231,1521988821,134164511,0.0,0.0
1232,1521988821,137498202,0.0,0.0
1233,1521988821,140830389,0.0,0.0
1234,1521988821,144164575,0.0,0.0
1235,1521988821,147498059,-0.000352453082276,0.0
1236,1521988821,150832765,-0.000352352280593,0.0
1237,1521988821,154164465,-0.00035262962407,0.0
1238,1521988821,157497910,-0.000352478291709,0.0
1239,1521988821,160831927,-0.000352402674226,0.0
1240,1521988821,164163746,-0.00035262962407,0.0
1241,1521988821,167497910,-0.000352402674226,0.0
1242,1521988821,170831807,0.0,0.0
1243,1521988821,174164753,0.0,0.0
1244,1521988821,177497934,0.0,0.0
1245,1521988821,180831553,0.0,0.0
1246,1521988821,184165156,0.0,0.0
1247,1521988821,187497793,0.0,0.0
1248,1521988821,190832522,0.0,0.0
1249,1521988821,194165560,0.0,0.0
1250,1521988821,197498667,0.0,0.0
1251,1521988821,200831730,0.0,0.0
1252,1521988821,204165214,0.0,0.0
1253,1521988821,207498511,0.0,0.0
1254,1521988821,210831436,0.0,0.0
1255,1521988821,214165247,0.0,0.0
1256,1521988821,217498515,0.0,0.0
1257,1521988821,220831431,0.0,0.0
1258,1521988821,224164604,0.0,0.0
1259,1521988821,227497161,0.0,0.0
1260,1521988821,230832208,0.0,0.0
1261,1521988821,234164601,0.0,0.0
1262,1521988821,237497878,0.0,0.0
1263,1521988821,240831379,0.0,0.0
1264,1521988821,244164871,0.0,0.0
1265,1521988821,247498394,0.0,0.0
1266,1521988821,250831581,0.0,0.0
1267,1521988821,254164620,0.0,0.0
1268,1521988821,257455000,0.0,0.0
1269,1521988821,260830541,0.0,0.0
1270,1521988821,264164998,0.0,0.0
1271,1521988821,267498052,0.0,0.0
1272,1521988821,270831722,0.0,0.0
1273,1521988821,274164923,0.0,0.0
1274,1521988821,277498045,0.0,0.0
1275,1521988821,280831961,0.0,0.0
1276,1521988821,284165286,0.0,0.0
1277,1521988821,287497835,0.0,0.0
1278,1521988821,290831174,0.0,0.0
1279,1521988821,294164908,0.0,0.0
1280,1521988821,297498320,0.0,0.0
1281,1521988821,300831763,0.0,0.0
1282,1521988821,304164759,0.0,0.0
1283,1521988821,307498451,0.0,0.0
1284,1521988821,310831649,0.0,0.0
1285,1521988821,314164850,0.0,0.0
1286,1521988821,317498417,0.0,0.0
1287,1521988821,320831894,0.0,0.0
1288,1521988821,324164656,0.0,0.0
1289,1521988821,327498433,0.0,0.0
1290,1521988821,330831586,0.0,0.0
1291,1521988821,334164232,0.0,0.0
1292,1521988821,337497974,0.0,0.0
1293,1521988821,340832161,0.0,0.0
1294,1521988821,344164629,0.0,0.0
1295,1521988821,347498213,0.0,0.0
1296,1521988821,350832277,0.0,0.0
1297,1521988821,354164710,0.0,0.0
1298,1521988821,357498242,0.0,0.0
1299,1521988821,360831664,0.0,0.0
1300,1521988821,364164776,0.0,0.0
1301,1521988821,367498628,0.0,0.0
1302,1521988821,370831038,0.0,0.0
1303,1521988821,374165292,0.0,0.0
1304,1521988821,377497689,0.0,0.0
1305,1521988821,380831344,0.0,0.0
1306,1521988821,384164810,0.0,0.0
1307,1521988821,387498820,0.0,0.0
1308,1521988821,390831471,0.0,0.0
1309,1521988821,394164563,0.0,0.0
1310,1521988821,397498404,0.0,0.0
1311,1521988821,400831582,0.0,0.0
1312,1521988821,404164804,0.0,0.0
1313,1521988821,407508486,0.0,0.0
1314,1521988821,410831979,0.0,0.0
1315,1521988821,414164729,0.0,0.0
1316,1521988821,417498334,0.0,0.0
1317,1521988821,420831345,0.0,0.0
1318,1521988821,424164898,0.0,0.0
1319,1521988821,427499713,0.0,0.0
1320,1521988821,430832728,0.0,0.0
1321,1521988821,434164656,0.0,0.0
1322,1521988821,437498942,0.0,0.0
1323,1521988821,440830548,0.0,0.0
1324,1521988821,444165178,0.0,0.0
1325,1521988821,447497884,0.0,0.0
1326,1521988821,450831483,0.0,0.0
1327,1521988821,454164288,0.0,0.0
1328,1521988821,457497633,0.0,0.0
1329,1521988821,460830989,0.0,0.0
1330,1521988821,464164144,0.0,0.0
1331,1521988821,467498083,0.0,0.0
1332,1521988821,470832008,0.0,0.0
1333,1521988821,474164647,0.0,0.0
1334,1521988821,477498277,0.0,0.0
1335,1521988821,480831493,0.0,0.0
1336,1521988821,484165019,0.0,0.0
1337,1521988821,487498226,0.0,0.0
1338,1521988821,490832670,0.0,0.0
1339,1521988821,494164894,0.0,0.0
1340,1521988821,497498560,0.0,0.0
1341,1521988821,500831422,0.0,0.0
1342,1521988821,504164855,0.0,0.0
1343,1521988821,507498298,0.0,0.0
1344,1521988821,510830973,0.0,0.0
1345,1521988821,514164771,0.0,0.0
1346,1521988821,517497915,0.0,0.0
1347,1521988821,520831580,0.0,0.0
1348,1521988821,524164666,0.0,0.0
1349,1521988821,527498244,0.0,0.0
1350,1521988821,530831777,0.0,0.0
1351,1521988821,534163950,0.0,0.0
1352,1521988821,537497566,0.0,0.0
1353,1521988821,540830491,0.0,0.0
1354,1521988821,544164665,0.0,0.0
1355,1521988821,547497597,0.0,0.0
1356,1521988821,550831048,0.0,0.0
1357,1521988821,554164422,0.0,0.0
1358,1521988821,557496915,0.0,0.0
1359,1521988821,560829967,0.0,0.0
1360,1521988821,564164770,0.0,0.0
1361,1521988821,567498031,0.0,0.0
1362,1521988821,570831603,0.0,0.0
1363,1521988821,574164157,0.0,0.0
1364,1521988821,577498872,0.0,0.0
1365,1521988821,580831950,0.0,0.0
1366,1521988821,584164745,0.0,0.0
1367,1521988821,587497806,0.0,0.0
1368,1521988821,590832457,0.0,0.0
1369,1521988821,594164480,0.0,0.0
1370,1521988821,597497516,0.0,0.0
1371,1521988821,600831416,0.0,0.0
1372,1521988821,604164635,0.0,0.0
1373,1521988821,607497545,0.0,0.0
1374,1521988821,610831679,0.0,0.0
1375,1521988821,614164914,0.0,0.0
1376,1521988821,617498096,0.0,0.0
1377,1521988821,620831545,0.0,0.0
1378,1521988821,624164706,0.0,0.0
1379,1521988821,627498330,0.0,0.0
1380,1521988821,630830608,0.0,0.0
1381,1521988821,634163783,0.0,0.0
1382,1521988821,637498021,0.0,0.0
1383,1521988821,640831032,0.0,0.0
1384,1521988821,644164630,0.0,0.0
1385,1521988821,647497691,0.0,0.0
1386,1521988821,650832384,0.0,0.0
1387,1521988821,654164780,0.0,0.0
1388,1521988821,657498272,0.0,0.0
1389,1521988821,660831239,0.0,0.0
1390,1521988821,664164515,0.0,0.0
1391,1521988821,667498374,0.0,0.0
1392,1521988821,670831913,0.0,0.0
1393,1521988821,674164810,0.0,0.0
1394,1521988821,677508440,0.0,0.0
1395,1521988821,680831310,0.0,0.0
1396,1521988821,684164041,0.0,0.0
1397,1521988821,687507651,0.0,0.0
1398,1521988821,690831317,0.0,0.0
1399,1521988821,694164228,0.0,0.0
1400,1521988821,697507449,0.0,0.0
1401,1521988821,700831926,0.0,0.0
1402,1521988821,704164526,0.0,0.0
1403,1521988821,707498527,0.0,0.0
1404,1521988821,710831465,0.0,0.0
1405,1521988821,714164615,0.0,0.0
1406,1521988821,717498244,0.0,0.0
1407,1521988821,720831576,0.0,0.0
1408,1521988821,724164652,0.0,0.0
1409,1521988821,727497714,0.0,0.0
1410,1521988821,730831199,0.0,0.0
1411,1521988821,734164608,0.0,0.0
1412,1521988821,737497215,0.0,0.0
1413,1521988821,740830672,0.0,0.0
1414,1521988821,744164810,0.0,0.0
1415,1521988821,747498132,0.0,0.0
1416,1521988821,750832156,0.0,0.0
1417,1521988821,754169439,0.0,0.0
1418,1521988821,757497319,0.0,0.0
1419,1521988821,760831919,0.0,0.0
1420,1521988821,764164228,0.0,0.0
1421,1521988821,767498163,0.0,0.0
1422,1521988821,770832124,0.0,0.0
1423,1521988821,774164836,0.0,0.0
1424,1521988821,777497416,0.0,0.0
1425,1521988821,780831349,0.0,0.0
1426,1521988821,784164667,0.0,0.0
1427,1521988821,787498171,0.0,0.0
1428,1521988821,790831623,0.0,0.0
1429,1521988821,794166043,0.0,0.0
1430,1521988821,797498358,0.0,0.0
1431,1521988821,800831704,0.0,0.0
1432,1521988821,804164956,0.0,0.0
1433,1521988821,807498160,0.0,0.0
1434,1521988821,810831780,0.0,0.0
1435,1521988821,814164821,0.0,0.0
1436,1521988821,817497994,0.0,0.0
1437,1521988821,820831070,0.0,0.0
1438,1521988821,824164528,0.0,0.0
1439,1521988821,827498135,0.0,0.0
1440,1521988821,830831238,0.0,0.0
1441,1521988821,834164414,0.0,0.0
1442,1521988821,837497742,0.0,0.0
1443,1521988821,840831288,0.0,0.0
1444,1521988821,844164611,0.0,0.0
1445,1521988821,847498821,0.0,0.0
1446,1521988821,850831864,0.0,0.0
1447,1521988821,854164418,0.0,0.0
1448,1521988821,857498139,0.0,0.0
1449,1521988821,860831251,0.0,0.0
1450,1521988821,864163933,0.0,0.0
1451,1521988821,867497140,0.0,0.0
1452,1521988821,870831917,0.0,0.0
1453,1521988821,874165327,0.0,0.0
1454,1521988821,877498124,0.0,0.0
1455,1521988821,880831032,0.0,0.0
1456,1521988821,884180320,0.0,0.0
1457,1521988821,887497940,0.0,0.0
1458,1521988821,890830889,0.0,0.0
1459,1521988821,894164671,0.0,0.0
1460,1521988821,897497614,0.0,0.0
1461,1521988821,900831178,0.0,0.0
1462,1521988821,904164406,0.0,0.0
1463,1521988821,907497742,0.0,0.0
1464,1521988821,910830511,0.0,0.0
1465,1521988821,914164610,0.0,0.0
1466,1521988821,917498268,0.0,0.0
1467,1521988821,920831221,0.0,0.0
1468,1521988821,924164573,0.0,0.0
1469,1521988821,927498032,0.0,0.0
1470,1521988821,930831119,0.0,0.0
1471,1521988821,934164807,0.0,0.0
1472,1521988821,937498177,0.0,0.0
1473,1521988821,940830427,0.0,0.0
1474,1521988821,944164690,0.0,0.0
1475,1521988821,947498353,0.0,0.0
1476,1521988821,950830737,0.0,0.0
1477,1521988821,954164491,0.0,0.0
1478,1521988821,957498149,0.0,0.0
1479,1521988821,960831487,0.0,0.0
1480,1521988821,964164896,0.0,0.0
1481,1521988821,967497683,0.0,0.0
1482,1521988821,970831521,0.0,0.0
1483,1521988821,974164381,0.0,0.0
1484,1521988821,977498076,0.0,0.0
1485,1521988821,980830978,0.0,0.0
1486,1521988821,984164564,0.0,0.0
1487,1521988821,987497939,0.0,0.0
1488,1521988821,990831360,0.0,0.0
1489,1521988821,994164817,0.0,0.0
1490,1521988821,997497821,0.0,0.0
1491,1521988822,831625,0.0,0.0
1492,1521988822,4164811,0.0,0.0
1493,1521988822,7498419,0.0,0.0
1494,1521988822,10831062,0.0,0.0
1495,1521988822,14164441,0.0,0.0
1496,1521988822,17498226,0.0,0.0
1497,1521988822,20831524,0.0,0.0
1498,1521988822,24164985,0.0,0.0
1499,1521988822,27498303,0.0,0.0
1500,1521988822,30831871,0.0,0.0
1501,1521988822,34163965,0.0,0.0
1502,1521988822,37497947,0.0,0.0
1503,1521988822,40830525,0.0,0.0
1504,1521988822,44164433,0.0,0.0
1505,1521988822,47497443,0.0,0.0
1506,1521988822,50831362,0.0,0.0
1507,1521988822,54164560,0.0,0.0
1508,1521988822,57498417,0.0,0.0
1509,1521988822,60831979,0.0,0.0
1510,1521988822,64164219,0.0,0.0
1511,1521988822,67497955,0.0,0.0
1512,1521988822,70831091,0.0,0.0
1513,1521988822,74164451,0.0,0.0
1514,1521988822,77498317,0.0,0.0
1515,1521988822,80831722,0.0,0.0
1516,1521988822,84164582,0.0,0.0
1517,1521988822,87498328,0.0,0.0
1518,1521988822,90831462,0.0,0.0
1519,1521988822,94164648,0.0,0.0
1520,1521988822,97497948,0.0,0.0
1521,1521988822,100831764,0.0,0.0
1522,1521988822,104164226,0.0,0.0
1523,1521988822,107498623,0.0,0.0
1524,1521988822,110832432,0.0,0.0
1525,1521988822,114164402,0.0,0.0
1526,1521988822,117497809,0.0,0.0
1527,1521988822,120831264,0.0,0.0
1528,1521988822,124164477,0.0,0.0
1529,1521988822,127497302,0.0,0.0
1530,1521988822,130832363,0.0,0.0
1531,1521988822,134165154,0.0,0.0
1532,1521988822,137497343,0.0,0.0
1533,1521988822,140830596,0.0,0.0
1534,1521988822,144164580,0.0,0.0
1535,1521988822,147498020,0.0,0.0
1536,1521988822,150831991,0.0,0.0
1537,1521988822,154164854,0.0,0.0
1538,1521988822,157497379,0.0,0.0
1539,1521988822,160830683,0.0,0.0
1540,1521988822,164164553,0.0,-0.00035098177409
1541,1521988822,167498647,0.0,0.0
1542,1521988822,170831766,0.0,0.0
1543,1521988822,174164886,0.0,0.0
1544,1521988822,177498129,0.0,-0.000351031982483
1545,1521988822,180831429,0.0,0.0
1546,1521988822,184164740,0.0,-0.000351031982483
1547,1521988822,187498251,0.0,-0.000351006876491
1548,1521988822,190831520,0.0,-0.000351057092067
1549,1521988822,194164367,0.0,0.0
1550,1521988822,197497954,0.0,-0.000351006876491
1551,1521988822,200831680,0.0,-0.00035098177409
1552,1521988822,204164350,0.0,-0.000351107322013
1553,1521988822,207497967,0.0,0.0
1554,1521988822,210832234,0.0,-0.000350956675279
1555,1521988822,214164436,0.0,0.0
1556,1521988822,217498379,0.0,0.0
1557,1521988822,220831243,0.0,0.0
1558,1521988822,224164532,0.0,0.0
1559,1521988822,227498174,0.0,0.0
1560,1521988822,230831396,0.0,0.0
1561,1521988822,234166062,0.0,0.0
1562,1521988822,237497858,0.0,0.0
1563,1521988822,240831196,0.0,0.0
1564,1521988822,244164540,0.0,0.0
1565,1521988822,247497979,0.0,0.0
1566,1521988822,250831661,0.0,0.0
1567,1521988822,254164589,0.0,0.0
1568,1521988822,257498504,0.0,0.0
1569,1521988822,260831599,0.0,0.0
1570,1521988822,264164688,0.0,0.0
1571,1521988822,267498739,0.0,0.0
1572,1521988822,270831381,0.0,0.0
1573,1521988822,274164916,0.0,0.0
1574,1521988822,277498344,0.0,0.0
