1,1521988740,923680323,0.0,0.0
2,1521988740,927013862,0.0,0.0
3,1521988740,930347986,0.0,0.0
4,1521988740,933678781,0.0,0.0
5,1521988740,937011798,0.0,0.0
6,1521988740,940345254,0.0,0.0
7,1521988740,943677344,0.0,0.0
8,1521988740,947010466,0.0,0.0
9,1521988740,950345269,0.0,0.0
10,1521988740,953678235,0.0,0.0
11,1521988740,957011296,0.0,0.0
12,1521988740,960344769,0.0,0.0
13,1521988740,963678071,0.0,0.0
14,1521988740,967011230,0.0,0.0
15,1521988740,970344404,0.0,0.0
16,1521988740,973677769,0.0,0.0
17,1521988740,977011383,0.0,0.0
18,1521988740,980344786,0.0,0.0
19,1521988740,983677294,0.0,0.0
20,1521988740,987009790,0.0,0.0
21,1521988740,990344919,0.0,0.0
22,1521988740,993677243,0.0,0.0
23,1521988740,997009874,0.0,0.0
24,1521988741,343922,0.0,0.0
25,1521988741,3676750,0.0,0.0
26,1521988741,7012184,0.0,0.0
27,1521988741,10343967,0.0,0.0
28,1521988741,13677150,0.0,0.0
29,1521988741,17009993,0.0,0.0
30,1521988741,20343666,0.0,0.0
31,1521988741,23675662,0.0,0.0
32,1521988741,27010028,0.0,0.0
33,1521988741,30343623,0.0,0.0
34,1521988741,33676246,0.0,0.0
35,1521988741,37008921,0.0,0.0
36,1521988741,40342210,0.0,0.0
37,1521988741,43675681,0.0,0.0
38,1521988741,47009635,0.0,0.0
39,1521988741,50342834,0.0,0.0
40,1521988741,53676104,0.0,0.0
41,1521988741,57009041,0.0,0.0
42,1521988741,60342299,0.0,0.0
43,1521988741,63676419,0.0,0.0
44,1521988741,67009378,0.0,0.0
45,1521988741,70342579,0.0,0.0
46,1521988741,73675322,0.0,0.0
47,1521988741,77008986,0.0,0.0
48,1521988741,80342527,0.0,0.0
49,1521988741,83675949,0.0,0.0
50,1521988741,87009658,0.0,0.0
51,1521988741,90341832,0.0,0.0
52,1521988741,93675628,0.0,0.0
53,1521988741,97008661,0.0,0.0
54,1521988741,100344907,0.0,0.0
55,1521988741,103679782,0.0,0.0
56,1521988741,107013799,0.0,0.0
57,1521988741,110345936,0.0,0.0
58,1521988741,113679222,0.0,0.0
59,1521988741,117009106,0.0,0.0
60,1521988741,120342171,0.0,0.0
61,1521988741,123675453,0.0,0.0
62,1521988741,127008617,0.0,0.0
63,1521988741,130342344,0.0,0.0
64,1521988741,133675251,0.0,0.0
65,1521988741,137009411,0.0,0.0
66,1521988741,140342632,0.0,0.0
67,1521988741,143677241,0.0,0.0
68,1521988741,147009476,0.0,0.0
69,1521988741,150342711,0.0,0.0
70,1521988741,153676319,0.0,0.0
71,1521988741,157009110,0.0,0.0
72,1521988741,160341756,0.0,0.0
73,1521988741,163676216,0.0,0.0
74,1521988741,167009778,0.0,0.0
75,1521988741,170342381,0.0,0.0
76,1521988741,173675886,0.0,0.0
77,1521988741,177008926,0.0,0.0
78,1521988741,180342330,0.0,0.0
79,1521988741,183675360,0.0,0.0
80,1521988741,187010020,0.0,0.0
81,1521988741,190350241,0.0,0.0
82,1521988741,193676106,0.0,0.0
83,1521988741,197009382,0.0,0.0
84,1521988741,200341988,0.0,0.0
85,1521988741,203675806,0.0,0.0
86,1521988741,207008770,0.0,0.0
87,1521988741,210342574,0.0,0.0
88,1521988741,213675458,0.0,0.0
89,1521988741,217008477,0.0,0.0
90,1521988741,220342704,0.0,0.0
91,1521988741,223686178,0.0,0.0
92,1521988741,227008971,0.0,0.0
93,1521988741,230352373,0.0,0.0
94,1521988741,233675605,0.0,0.0
95,1521988741,237008292,0.0,0.0
96,1521988741,240341457,0.0,0.0
97,1521988741,243675725,0.0,0.0
98,1521988741,247009423,0.0,0.0
99,1521988741,250342499,0.0,0.0
100,1521988741,253675145,0.0,0.0
101,1521988741,257009097,0.0,0.0
102,1521988741,260342197,0.0,0.0
103,1521988741,263675863,0.0,0.0
104,1521988741,267009847,0.0,0.0
105,1521988741,270342430,0.0,0.0
106,1521988741,273675691,0.0,0.0
107,1521988741,277008197,0.0,0.0
108,1521988741,280342639,0.0,0.0
109,1521988741,283676072,0.0,0.0
110,1521988741,287010651,0.0,0.0
111,1521988741,290342426,0.0,0.0
112,1521988741,293675851,0.0,0.0
113,1521988741,297008921,0.0,0.0
114,1521988741,300342125,0.0,0.0
115,1521988741,303675534,0.0,0.0
116,1521988741,307008273,0.0,0.0
117,1521988741,310342711,0.0,0.0
118,1521988741,313675864,0.0,0.0
119,1521988741,317008678,0.0,0.0
120,1521988741,320357650,0.0,0.0
121,1521988741,323675127,0.0,0.0
122,1521988741,327010185,0.0,0.0
123,1521988741,330342753,0.0,0.0
124,1521988741,333676257,0.0,0.0
125,1521988741,337009596,0.0,0.0
126,1521988741,340341861,0.0,0.0
127,1521988741,343675110,0.0,0.0
128,1521988741,347010040,0.0,0.0
129,1521988741,350342165,0.0,0.0
130,1521988741,353675102,0.0,0.0
131,1521988741,357009111,0.0,0.0
132,1521988741,360341885,0.0,0.0
133,1521988741,363685882,0.0,0.0
134,1521988741,367009803,0.0,0.0
135,1521988741,370342567,0.0,0.0
136,1521988741,373676208,0.0,0.0
137,1521988741,377009129,0.0,0.0
138,1521988741,380342316,0.0,0.0
139,1521988741,383675585,0.0,0.0
140,1521988741,387008384,0.0,0.0
141,1521988741,390342746,0.0,0.0
142,1521988741,393675750,0.0,0.0
143,1521988741,397009094,0.0,0.0
144,1521988741,400342069,0.0,0.0
145,1521988741,403675971,0.0,0.0
146,1521988741,407009875,0.0,0.0
147,1521988741,410342597,0.0,0.0
148,1521988741,413675309,0.0,0.0
149,1521988741,417008287,0.0,0.0
150,1521988741,420342131,0.0,0.0
151,1521988741,423686031,0.0,0.0
152,1521988741,427010495,0.0,0.0
153,1521988741,430341612,0.0,0.0
154,1521988741,433675576,0.0,0.0
155,1521988741,437008950,0.0,0.0
156,1521988741,440342403,0.0,0.0
157,1521988741,443674936,0.0,0.0
158,1521988741,447009865,0.0,0.0
159,1521988741,450342317,0.0,0.0
160,1521988741,453675563,0.0,0.0
161,1521988741,457009905,0.0,0.0
162,1521988741,460342281,0.0,0.0
163,1521988741,463676294,0.0,0.0
164,1521988741,467009972,0.0,0.0
165,1521988741,470342745,0.0,0.0
166,1521988741,473675746,0.0,0.0
167,1521988741,477008629,0.0,0.0
168,1521988741,480342206,0.0,0.0
169,1521988741,483675242,0.0,0.0
170,1521988741,487009001,0.0,0.0
171,1521988741,490342098,0.0,0.0
172,1521988741,493675376,0.0,0.0
173,1521988741,497009833,0.0,0.0
174,1521988741,500341969,0.0,0.0
175,1521988741,503675311,0.0,0.0
176,1521988741,506962840,0.0,0.0
177,1521988741,510342731,0.0,0.0
178,1521988741,513675775,0.0,0.0
179,1521988741,517008408,0.0,0.0
180,1521988741,520352833,0.0,0.0
181,1521988741,523675087,0.0,0.0
182,1521988741,527010057,0.0,0.0
183,1521988741,530341978,0.0,0.0
184,1521988741,533675162,0.0,0.0
185,1521988741,537009398,0.0,0.0
186,1521988741,540343034,0.0,0.0
187,1521988741,543686027,0.0,0.0
188,1521988741,547008674,0.0,0.0
189,1521988741,550342379,0.0,0.0
190,1521988741,553675627,0.0,0.0
191,1521988741,557009043,0.0,0.0
192,1521988741,560342237,0.0,0.0
193,1521988741,563675484,0.0,0.0
194,1521988741,567009898,0.0,0.0
195,1521988741,570341986,0.0,0.0
196,1521988741,573676130,0.0,0.0
197,1521988741,577009094,0.0,0.0
198,1521988741,580342358,0.0,0.0
199,1521988741,583675356,0.0,0.0
200,1521988741,587009811,0.0,0.0
201,1521988741,590342148,0.0,0.0
202,1521988741,593675550,0.0,0.0
203,1521988741,597009035,0.0,0.0
204,1521988741,600342087,0.0,0.0
205,1521988741,603675703,0.0,0.0
206,1521988741,607010185,0.0,0.0
207,1521988741,610342732,0.0,0.0
208,1521988741,613675734,0.0,0.0
209,1521988741,617008575,0.0,0.0
210,1521988741,620342167,0.0,0.0
211,1521988741,623686197,0.0,0.0
212,1521988741,627009243,0.0,0.0
213,1521988741,630342546,0.0,0.0
214,1521988741,633686408,0.0,0.0
215,1521988741,637008730,0.0,0.0
216,1521988741,640344750,0.0,0.0
217,1521988741,643678919,0.0,0.0
218,1521988741,647012964,0.0,0.0
219,1521988741,650345287,0.0,0.0
220,1521988741,653677088,0.0,0.0
221,1521988741,657010734,0.0,0.0
222,1521988741,660354726,0.0,0.0
223,1521988741,663677248,0.0,0.0
224,1521988741,667010638,0.0,0.0
225,1521988741,670343611,0.0,0.0
226,1521988741,673675376,0.0,0.0
227,1521988741,677008850,0.0,0.0
228,1521988741,680342155,0.0,0.0
229,1521988741,683674824,0.0,0.0
230,1521988741,687008989,0.0,0.0
231,1521988741,690342030,0.0,0.0
232,1521988741,693674801,0.0,0.0
233,1521988741,697009207,0.0,0.0
234,1521988741,700360338,0.0,0.0
235,1521988741,703675488,0.0,0.0
236,1521988741,707008963,0.0,0.0
237,1521988741,710342786,0.0,0.0
238,1521988741,713685604,0.0,0.0
239,1521988741,717009297,0.0,0.0
240,1521988741,720341941,0.0,0.0
241,1521988741,723702804,0.0,0.0
242,1521988741,727010118,0.0,0.0
243,1521988741,730342509,0.0,0.0
244,1521988741,733675844,0.0,0.0
245,1521988741,737009570,0.0,0.0
246,1521988741,740341759,0.0,0.0
247,1521988741,743686452,0.0,0.0
248,1521988741,747009173,0.0,0.0
249,1521988741,750344943,0.0,0.0
250,1521988741,753676394,0.0,0.0
251,1521988741,757008836,0.0,0.0
252,1521988741,760343019,0.0,0.0
253,1521988741,763675390,0.0,0.0
254,1521988741,767008431,0.0,0.0
255,1521988741,770386814,0.0,0.0
256,1521988741,773677177,0.0,0.0
257,1521988741,777009354,0.0,0.0
258,1521988741,780342784,0.0,0.0
259,1521988741,783675783,0.0,0.0
260,1521988741,787009038,0.0,0.0
261,1521988741,790372277,0.0,0.0
262,1521988741,793675997,0.0,0.0
263,1521988741,797009125,0.0,0.0
264,1521988741,800342313,0.0,0.0
265,1521988741,803675823,0.0,0.0
266,1521988741,807009449,0.0,0.0
267,1521988741,810342487,0.0,0.0
268,1521988741,813675990,0.0,0.0
269,1521988741,817008378,0.0,-0.000351107322013
270,1521988741,820342900,0.0,0.0
271,1521988741,823675279,0.0,0.0
272,1521988741,827010217,0.0,0.0
273,1521988741,830342111,0.0,0.0
274,1521988741,833675516,0.0,0.0
275,1521988741,837009093,0.0,0.0
276,1521988741,840341304,0.0,0.0
277,1521988741,843685700,0.0,0.0
278,1521988741,847008660,0.0,0.0
279,1521988741,850342466,0.0,0.0
280,1521988741,853675479,0.0,0.0
281,1521988741,857008905,0.0,0.0
282,1521988741,860341725,0.0,0.0
283,1521988741,863675475,0.0,0.0
284,1521988741,867009207,0.0,0.0
285,1521988741,870342195,0.0,0.0
286,1521988741,873675899,0.000352453082276,0.000351006876491
287,1521988741,877008290,0.000352579165513,0.000351132442377
288,1521988741,880342376,0.000704754951216,0.000701863160114
289,1521988741,883675164,0.00105766182495,0.000702214644026
290,1521988741,887010362,0.00105683015149,0.00105249370515
291,1521988741,890342120,0.00105788887221,0.00175591346944
292,1521988741,893675634,0.00105743487513,0.00175515991242
293,1521988741,897009476,0.00140971150579,0.00175490887045
294,1521988741,900341668,0.00176289582757,0.00316019198139
295,1521988741,903675812,0.00176201337113,0.00386052342807
296,1521988741,907010267,0.00317117052534,0.00421087786109
297,1521988741,910353298,0.00421767263081,0.00525045804197
298,1521988741,913675947,0.00636463958777,0.00704280425787
299,1521988741,917008017,0.00775785172954,0.00807720195945
300,1521988741,920342102,0.00916181436581,0.00912422108148
301,1521988741,923675297,0.0102226016377,0.0101806556699
302,1521988741,927009753,0.011275272979,0.0105271946527
303,1521988741,930342356,0.0119868340161,0.0105332196604
304,1521988741,933675839,0.0119842619181,0.0105309594745
305,1521988741,937008676,0.0119859765274,0.011585712773
306,1521988741,940341938,0.0119842619181,0.0133392153344
307,1521988741,943675932,0.0119816909237,0.015091137037
308,1521988741,947009597,0.0130407640442,0.0164973231951
309,1521988741,950342642,0.0141001401899,0.0172017975113
310,1521988741,953675588,0.0158637924628,0.0186073568779
311,1521988741,957009110,0.0176226541138,0.0196563850835
312,1521988741,960343181,0.0193821470824,0.0207064438414
313,1521988741,963675968,0.0207991945623,0.0210649323146
314,1521988741,967009908,0.0211441604536,0.021408357192
315,1521988741,970341460,0.0215134859214,0.0221276764666
316,1521988741,973675487,0.0225537711505,0.0235140972437
317,1521988741,977009481,0.0229061738247,0.023865053919
318,1521988741,980342387,0.0243244817762,0.0252779187775
319,1521988741,983674894,0.0253838837988,0.027035263795
320,1521988741,987010061,0.0260703407015,0.0287702179055
321,1521988741,990342167,0.0275031426529,0.0309018658375
322,1521988741,993675919,0.0288990858688,0.0329922867644
323,1521988741,997008926,0.0292577908941,0.0340525379305
324,1521988742,342383,0.0299606547952,0.0365073261783
325,1521988742,3685973,0.0305715853312,0.0370952997428
326,1521988742,7009952,0.0318117852298,0.0380175039368
327,1521988742,10342121,0.0345552305127,0.0396808049959
328,1521988742,13676031,0.0363000712742,0.0403629040203
329,1521988742,17008888,0.0394832167962,0.0410766180135
330,1521988742,20342440,0.0422943698731,0.0414188114259
331,1521988742,23674638,0.0454827123512,0.0431892904123
332,1521988742,27008433,0.0472253354441,0.0435217399871
333,1521988742,30341853,0.0482895259641,0.0435279658279
334,1521988742,33674978,0.04899798716,0.0438821365084
335,1521988742,37008966,0.0493363743917,0.0442205410851
336,1521988742,40341843,0.0497065497167,0.0445874400659
337,1521988742,43675963,0.0496887770659,0.0470281944874
338,1521988742,47009124,0.0493469608392,0.0498465415126
339,1521988742,50342289,0.0497029941695,0.052307506718
340,1521988742,53675700,0.0496994391309,0.0558140852148
341,1521988742,57008978,0.0504043957143,0.0579202771097
342,1521988742,60342633,0.0518106030945,0.0603731827565
343,1521988742,63674980,0.0546497706545,0.0617993098583
344,1521988742,67009796,0.0560200071798,0.0628077706678
345,1521988742,70342767,0.0581630782834,0.06283921948
346,1521988742,73675704,0.0609874688013,0.0631947969438
347,1521988742,77008720,0.0620406168357,0.0631902765721
348,1521988742,80342684,0.0648420920576,0.0631722015502
349,1521988742,83675668,0.066980457065,0.0628437147386
350,1521988742,87009749,0.0694233268225,0.0631722015502
351,1521988742,90342473,0.070505744279,0.0631947969438
352,1521988742,93675903,0.0704956583417,0.0642388527944
353,1521988742,97578215,0.0602150415002,0.0572694053089
354,1521988742,104195207,0.0358684033174,0.0357212260193
355,1521988742,107541954,0.0702094172443,0.0828567759554
356,1521988742,110918135,0.0723886858225,0.0838758694631
357,1521988742,114251745,0.0750671376835,0.0849375893297
358,1521988742,117583906,0.0751047357061,0.0835755007877
359,1521988742,120916083,0.0751047357061,0.0832243432214
360,1521988742,124259190,0.078724274368,0.0822513096968
361,1521988742,127584164,0.0841003700802,0.0826995457169
362,1521988742,130916369,0.0849776587097,0.0825220280887
363,1521988742,134249043,0.0849654999376,0.0832124353171
364,1521988742,137583629,0.0849108284927,0.085264180292
365,1521988742,140915641,0.0825153320324,0.0881468561661
366,1521988742,144248694,0.082485820111,0.0912748439374
367,1521988742,147581719,0.082485820111,0.0954875290423
368,1521988742,150914594,0.0824917208064,0.0983030174682
369,1521988742,154247796,0.085305848149,0.099349157055
370,1521988742,157582104,0.0891515013288,0.0996645687362
371,1521988742,160915527,0.0919902544739,0.100387966676
372,1521988742,164247819,0.0941453729274,0.101133379104
373,1521988742,167581547,0.0940982430117,0.101433732712
374,1521988742,170915202,0.0941049729676,0.102845014812
375,1521988742,174249002,0.0937458151353,0.107400422871
376,1521988742,177581366,0.0937860580265,0.112362381561
377,1521988742,180914521,0.093765932263,0.116199897474
378,1521988742,184247314,0.0976504558264,0.116208209936
379,1521988742,187581092,0.102908939923,0.116876930772
380,1521988742,190914548,0.107850643176,0.117587303625
381,1521988742,194248744,0.112064050404,0.117570486218
382,1521988742,197583433,0.114153976895,0.118597913328
383,1521988742,200915214,0.11426017424,0.120464283988
384,1521988742,204246994,0.114957257447,0.121860394779
385,1521988742,207582244,0.114842209795,0.124194257207
386,1521988742,210915570,0.115965357972,0.124616353782
387,1521988742,214248421,0.115981949339,0.125687429477
388,1521988742,217581111,0.120573448044,0.130260816467
389,1521988742,220914392,0.121605010639,0.132690089379
390,1521988742,224247073,0.121983663811,0.136229640941
391,1521988742,227581146,0.122274984036,0.138617974123
392,1521988742,230914451,0.123376226662,0.141476008103
393,1521988742,234247592,0.12371988039,0.141465888941
394,1521988742,237580707,0.128311275728,0.141827065195
395,1521988742,240915527,0.130008695908,0.141756085753
396,1521988742,244228096,0.132297655509,0.143058165365
397,1521988742,247581058,0.131408634263,0.145875792184
398,1521988742,250914660,0.134284624347,0.147422888126
399,1521988742,254247291,0.13467560571,0.1499228265
400,1521988742,257582235,0.135283930126,0.151219072162
401,1521988742,260914257,0.138926130837,0.154509329187
402,1521988742,264247614,0.142753708142,0.160070584012
403,1521988742,267580788,0.143468926432,0.166752118732
404,1521988742,270915459,0.145158760743,0.16666866518
405,1521988742,274248982,0.145915576062,0.166728266333
406,1521988742,277581232,0.150914680198,0.166799844009
407,1521988742,280914618,0.15262310031,0.16674019168
408,1521988742,284247851,0.158615231269,0.167442255645
409,1521988742,287581726,0.163878962549,0.167418306241
410,1521988742,290914231,0.16464269075,0.168531514566
411,1521988742,294247096,0.164630912891,0.168870540722
412,1521988742,297580689,0.167767667163,0.174450417616
413,1521988742,300914502,0.168812952819,0.17935168656
414,1521988742,304247768,0.168837101728,0.182185598909
415,1521988742,307581080,0.168837101728,0.186397982699
416,1521988742,310914528,0.166722231978,0.187100046664
417,1521988742,314247863,0.165312318811,0.188855206576
418,1521988742,317581122,0.164254883936,0.188855206576
419,1521988742,320914360,0.164266633213,0.189219772624
420,1521988742,324257584,0.163762927499,0.190039473285
421,1521988742,327581755,0.173550961643,0.192551617161
422,1521988742,330915130,0.180455978125,0.195861837082
423,1521988742,334247669,0.183693745232,0.196985300173
424,1521988742,337580560,0.183667463847,0.203276596836
425,1521988742,340915313,0.185324048909,0.20421297502
426,1521988742,344247552,0.187219536888,0.205763611233
427,1521988742,347581504,0.192425620541,0.206728264939
428,1521988742,350915840,0.193793754326,0.207385734659
429,1521988742,354247264,0.194679413583,0.209334844033
430,1521988742,357580703,0.195272973607,0.210970221472
431,1521988742,360914217,0.197021272992,0.211657146524
432,1521988742,364247388,0.198106969668,0.212389540701
433,1521988742,367582145,0.197303169941,0.218949993836
434,1521988742,370914686,0.200603192799,0.221899827512
435,1521988742,374248478,0.200883889576,0.222522444773
436,1521988742,377580693,0.204863152325,0.230710521082
437,1521988742,380925139,0.204103750848,0.230904874329
438,1521988742,384248160,0.205775248665,0.234508555458
439,1521988742,387581754,0.208299771625,0.238684676014
440,1521988742,390915352,0.209004677789,0.239737696643
441,1521988742,394247803,0.210489761811,0.24087685547
442,1521988742,397581006,0.213601844775,0.239754844036
443,1521988742,400914668,0.214643927106,0.240790717273
444,1521988742,404247453,0.216100106215,0.240842392797
445,1521988742,407581386,0.224496557298,0.240773497026
446,1521988742,410914258,0.22491332425,0.241544557207
447,1521988742,414246827,0.226692184481,0.241912944867
448,1521988742,417580418,0.228742050397,0.243598772285
449,1521988742,420913542,0.228774774581,0.245388907355
450,1521988742,424247145,0.229094503479,0.249565889185
451,1521988742,427580313,0.230520802777,0.253445091353
452,1521988742,430914139,0.231545114827,0.256216695086
453,1521988742,434247884,0.232954826332,0.261481421697
454,1521988742,437580821,0.23513665717,0.267524640396
455,1521988742,440914231,0.236160455445,0.267837402635
456,1521988742,444248325,0.23750241856,0.267760795584
457,1521988742,447580980,0.237621356672,0.267543779374
458,1521988742,450914363,0.240390194945,0.267486370652
459,1521988742,454247246,0.242187231598,0.268226804806
460,1521988742,457580850,0.24777451684,0.268169253639
461,1521988742,460914558,0.24810922502,0.268501057179
462,1521988742,464247693,0.248162467343,0.270665017984
463,1521988742,467580644,0.250647920912,0.274897366706
464,1521988742,470914274,0.250576220155,0.276573637983
465,1521988742,474248388,0.253729925443,0.278659600171
466,1521988742,477581476,0.253802523419,0.290324215139
467,1521988742,480914392,0.25523079429,0.292100394763
468,1521988742,484246793,0.256325053328,0.292844456942
469,1521988742,487580783,0.256901549511,0.292697867182
470,1521988742,490915528,0.256846448013,0.293687732117
471,1521988742,494248032,0.258087949156,0.293897854269
472,1521988742,497581014,0.260852593514,0.293483728968
473,1521988742,500914546,0.26328245246,0.293441748747
474,1521988742,504247461,0.264044012325,0.293504723584
475,1521988742,507572056,0.2646877912,0.293868393892
476,1521988742,510914494,0.263290623317,0.292317194723
477,1521988742,514248097,0.263634905542,0.295898796882
478,1521988742,517581404,0.258719066114,0.296973057181
479,1521988742,520913913,0.252446682507,0.297409178693
480,1521988742,524247618,0.251281075908,0.301493343943
481,1521988742,527581506,0.251281075908,0.302195307491
482,1521988742,530915536,0.251263106723,0.30252465409
483,1521988742,534247610,0.269742360635,0.304804767579
484,1521988742,537581838,0.279435338157,0.30706513255
485,1521988742,540914019,0.281730909996,0.308667500808
486,1521988742,544247050,0.282002803798,0.309983412295
487,1521988742,547580567,0.288679720909,0.312067432428
488,1521988742,550915443,0.289592162927,0.313314690117
489,1521988742,554247135,0.290940258481,0.31503341906
490,1521988742,557580568,0.289737155784,0.314875688287
491,1521988742,560914218,0.292867565329,0.318691450874
492,1521988742,564247724,0.293261938702,0.319790136042
493,1521988742,567581659,0.293199024956,0.320072487854
494,1521988742,570924037,0.292818543689,0.319623471596
495,1521988742,574246777,0.29630933192,0.324673276288
496,1521988742,577580995,0.300247078441,0.322178227906
497,1521988742,580914559,0.300642479181,0.323628340125
498,1521988742,584246688,0.301829360396,0.325523063993
499,1521988742,587581840,0.308946680951,0.329430529711
500,1521988742,590915129,0.310180896704,0.329970063534
501,1521988742,594247681,0.311327403148,0.331117893161
502,1521988742,597580575,0.311260594693,0.334206351648
503,1521988742,600913889,0.31159080987,0.334533479307
504,1521988742,604247575,0.311568524732,0.335211567049
505,1521988742,607581070,0.311216071649,0.335211567049
506,1521988742,610915400,0.311149310962,0.335139658954
507,1521988742,614247367,0.311724587678,0.336081838052
508,1521988742,617579770,0.313090298976,0.342354131317
509,1521988742,620914427,0.314628090639,0.34316200957
510,1521988742,624246810,0.316968669796,0.345163190856
511,1521988742,627581447,0.32099292762,0.351959207889
512,1521988742,630915332,0.321391238894,0.353764328681
513,1521988742,634248246,0.321506193912,0.353890862885
514,1521988742,637581348,0.321130692825,0.352110263343
515,1521988742,640914369,0.321130692825,0.351759206251
516,1521988742,644246819,0.321199619783,0.351834707261
517,1521988742,647581023,0.319958747852,0.351282511637
518,1521988742,650914026,0.321153665191,0.351784369654
519,1521988742,654247383,0.324280028372,0.352787142396
520,1521988742,657581596,0.329825317169,0.353388101117
521,1521988742,660913971,0.330719257251,0.354292634358
522,1521988742,664247891,0.331258513773,0.354115285356
523,1521988742,667581173,0.331353294463,0.353514491712
524,1521988742,670913121,0.332858546979,0.355371457131
525,1521988742,674248068,0.33118746383,0.355793739984
526,1521988742,677580351,0.331424415582,0.35604829657
527,1521988742,680914163,0.332691915367,0.356597482475
528,1521988742,684247372,0.333115811987,0.358780348093
529,1521988742,687581864,0.335791723405,0.358275524681
530,1521988742,690914668,0.339485158703,0.363370082427
531,1521988742,694247700,0.339460875072,0.364748318658
532,1521988742,697582020,0.343920416193,0.364617911679
533,1521988742,700914289,0.346937898865,0.367284534726
534,1521988742,704247123,0.346888261852,0.367231986685
535,1521988742,707580793,0.345756473712,0.366802185933
536,1521988742,710914149,0.345781204166,0.366828421695
537,1521988742,714247736,0.346813832959,0.368908227192
538,1521988742,717580819,0.347920959186,0.369663117947
539,1521988742,720913862,0.348978469701,0.371418403407
540,1521988742,724246827,0.349708491624,0.372849301969
541,1521988742,727582178,0.349785775797,0.372556139544
542,1521988742,730914492,0.353989482175,0.376062845785
543,1521988742,734247915,0.355298118042,0.37595525324
544,1521988742,737581331,0.355298118042,0.373849061345
545,1521988742,740914462,0.355323532786,0.373875803051
546,1521988742,744247090,0.355348951166,0.37565795961
547,1521988742,747581392,0.35378698551,0.375496790661
548,1521988742,750914930,0.353888204875,0.381220732977
549,1521988742,754246748,0.356155920311,0.384545049808
550,1521988742,757580725,0.355926700968,0.384648516106
551,1521988742,760914266,0.356682519263,0.386458571017
552,1521988742,764247552,0.356708031209,0.386486212714
553,1521988742,767580442,0.35640653733,0.386541507973
554,1521988742,770915259,0.356555014251,0.387373066018
555,1521988742,774247918,0.356432035008,0.387622483502
556,1521988742,777581312,0.356003074626,0.387188276679
557,1521988742,780914475,0.356003074626,0.387539308661
558,1521988742,784247497,0.358521709659,0.390403412231
559,1521988742,787581864,0.357989917083,0.387049856732
560,1521988742,790914994,0.359906078348,0.390375486379
561,1521988742,794248184,0.361316092367,0.390375486379
562,1521988742,797581864,0.36123857336,0.389238787466
563,1521988742,800914317,0.363509119644,0.389405878596
564,1521988742,804247394,0.363431113395,0.390375486379
565,1521988742,807581211,0.36123857336,0.390291732788
566,1521988742,810915491,0.361186912498,0.391288711764
567,1521988742,814247170,0.365703088539,0.395460010994
568,1521988742,817579966,0.366277341529,0.391456658846
569,1521988742,820914359,0.373167746669,0.395148959144
570,1521988742,824247552,0.373626989211,0.395964076241
571,1521988742,827581342,0.373221121159,0.395907441173
572,1521988742,830914760,0.373626989211,0.396666140206
573,1521988742,834247999,0.375036902378,0.401229555978
574,1521988742,837581190,0.375063729052,0.401960370417
575,1521988742,840913974,0.375090559564,0.401989125004
576,1521988742,844201803,0.380231394644,0.407498620626
577,1521988742,847580526,0.370008533776,0.396542656018
578,1521988742,850914089,0.379239516529,0.405763949224
579,1521988742,854247135,0.379998778118,0.40582199843
580,1521988742,857580729,0.381706688105,0.405763949224
581,1521988742,860914355,0.38203181807,0.405734930848
582,1521988742,864247535,0.382466302652,0.405470941338
583,1521988742,867582004,0.382302224444,0.403542461688
584,1521988742,870913992,0.383308401364,0.403860097972
585,1521988742,874247122,0.383171309661,0.403364598785
586,1521988742,877580217,0.383171309661,0.401960370417
587,1521988742,880914327,0.383061706884,0.401845393194
588,1521988742,884258341,0.381914652008,0.399942280203
589,1521988742,887582168,0.383182763939,0.40202873854
590,1521988742,890915462,0.380324076754,0.400878523996
591,1521988742,894248115,0.377232717565,0.399560132451
592,1521988742,897581772,0.370754126024,0.396258422947
593,1521988742,900914636,0.370860214907,0.39637180972
594,1521988742,904247029,0.373733915444,0.399939851867
595,1521988742,907580424,0.370807162877,0.396315108224
596,1521988742,910914253,0.373573549035,0.39731136827
597,1521988742,914247604,0.374331945795,0.397368204171
598,1521988742,917581045,0.374305173377,0.395584749805
599,1521988742,920913567,0.374439073775,0.394321732789
600,1521988742,924246492,0.374358722042,0.394237114391
601,1521988742,927580389,0.373573549035,0.394152532303
602,1521988742,930914887,0.373493417429,0.391611641081
603,1521988742,934247623,0.373680444678,0.38899908341
604,1521988742,937580855,0.369071169471,0.384758572906
605,1521988742,940913428,0.369123976907,0.384813624926
606,1521988742,944247268,0.367934703012,0.386079951499
607,1521988742,947581392,0.367555989218,0.384648516106
608,1521988742,950915231,0.367555989218,0.386052342807
609,1521988742,954247488,0.367766381885,0.386273322969
610,1521988742,957580914,0.360232814126,0.379465573064
611,1521988742,960914258,0.360207050086,0.379438433487
612,1521988742,964247562,0.359553574843,0.37879060234
613,1521988742,967581849,0.356606005315,0.376198653821
614,1521988742,970914525,0.349708491624,0.368987397711
615,1521988742,974247771,0.347568455682,0.367556775394
616,1521988742,977581024,0.345781204166,0.365424293765
617,1521988742,980914348,0.338026681749,0.35770159015
618,1521988742,984247449,0.333820818996,0.35316343462
619,1521988742,987582106,0.332596772187,0.352986688781
620,1521988742,990915318,0.323950720863,0.342280664765
621,1521988742,994247695,0.323315094776,0.341651866432
622,1521988742,997580543,0.321153665191,0.33949649247
623,1521988743,914280,0.31753751668,0.33553857603
624,1521988743,4247383,0.31549063675,0.331397894911
625,1521988743,7579988,0.314478115951,0.330391990014
626,1521988743,10913831,0.308374391892,0.325360104581
627,1521988743,14246723,0.304584815285,0.318782642361
628,1521988743,17581607,0.301570427574,0.316823253276
629,1521988743,20913637,0.298324661963,0.317117972582
630,1521988743,24248253,0.298068717447,0.316845904542
631,1521988743,27580618,0.298303316466,0.327278851824
632,1521988743,30914077,0.299585119934,0.338019622061
633,1521988743,34247596,0.301699838428,0.33907264269
634,1521988743,37580909,0.317230462538,0.348223726623
635,1521988743,40912903,0.319482439407,0.348373232338
636,1521988743,44247586,0.321674632422,0.348074349176
637,1521988743,47580789,0.321835699835,0.347897578238
638,1521988743,50915004,0.32172063523,0.333385001054
639,1521988743,54247753,0.317275849255,0.326857533082
640,1521988743,57581122,0.316525505954,0.324704583797
641,1521988743,60914114,0.305289872728,0.313867491488
642,1521988743,64247395,0.301016461119,0.31101433648
643,1521988743,67580482,0.298570468522,0.309281298111
644,1521988743,70913226,0.294361482365,0.308601258409
645,1521988743,74247484,0.293882814657,0.30776699571
646,1521988743,77580838,0.29290946041,0.306450920708
647,1521988743,80914067,0.290462887912,0.306472841375
648,1521988743,84247199,0.285880342351,0.301909099178
649,1521988743,87580951,0.282647156912,0.296579599106
650,1521988743,90914849,0.282274542055,0.296558390611
651,1521988743,94247709,0.274619873967,0.289291737121
652,1521988743,97581038,0.271760762907,0.287846225636
653,1521988743,100914236,0.260147586504,0.279792502377
654,1521988743,104247332,0.254507530428,0.279441445285
655,1521988743,107580924,0.251299047663,0.27905046681
656,1521988743,110914512,0.241077908277,0.271328315528
657,1521988743,114247308,0.23513665717,0.269280051422
658,1521988743,117581264,0.229766543595,0.268481856588
659,1521988743,120914284,0.213984933887,0.259449749675
660,1521988743,124247366,0.204804536259,0.255920620117
661,1521988743,127580442,0.198459473173,0.25135687792
662,1521988743,130913907,0.189972211347,0.240439710396
663,1521988743,134247591,0.186095227442,0.23903568289
664,1521988743,137580926,0.186108538022,0.238701748089
665,1521988743,140914268,0.186108538022,0.238701748089
666,1521988743,144246823,0.187206143016,0.238752978969
667,1521988743,147580481,0.187857492853,0.238684676014
668,1521988743,150914695,0.18852194945,0.241089995499
669,1521988743,154247082,0.190040170212,0.241227987913
670,1521988743,157581144,0.192411860127,0.23865053919
671,1521988743,160914321,0.193158103856,0.235542460246
672,1521988743,164247293,0.194243325489,0.227501268998
673,1521988743,167580999,0.196654755058,0.223926371869
674,1521988743,170913970,0.198473670145,0.216617720635
675,1521988743,174247439,0.198431085321,0.209902112142
676,1521988743,177580944,0.198445278232,0.204651645788
677,1521988743,180914139,0.197740321649,0.199035134068
678,1521988743,184247873,0.197007182935,0.196198811716
679,1521988743,187581695,0.195597471429,0.194443902846
680,1521988743,190913852,0.191816789785,0.196297079581
681,1521988743,194246749,0.186487693618,0.196957117142
682,1521988743,197580559,0.185377063012,0.196900775264
683,1521988743,200914106,0.180103525043,0.196914857711
684,1521988743,204247713,0.175874088056,0.196914857711
685,1521988743,207581824,0.174439323742,0.196886694831
686,1521988743,210915090,0.165312318811,0.187451078646
687,1521988743,214247571,0.16112867864,0.185397929575
688,1521988743,217580100,0.161117151334,0.184682451379
689,1521988743,220914386,0.155750844219,0.176167653189
690,1521988743,224246452,0.154440724128,0.171013734805
691,1521988743,227581716,0.152888095248,0.169100655294
692,1521988743,230914889,0.152986521061,0.168507404192
693,1521988743,234247305,0.153019357833,0.164329983032
694,1521988743,237580222,0.152634017556,0.163943661995
695,1521988743,240914129,0.152601270502,0.154782962374
696,1521988743,244247287,0.152634017556,0.15446512051
697,1521988743,247581283,0.152237955266,0.152315197071
698,1521988743,250914498,0.148040882518,0.152347880398
699,1521988743,254247035,0.147025512019,0.152391479991
700,1521988743,257580627,0.145915576062,0.150581950015
701,1521988743,260914109,0.144153310651,0.144965839991
702,1521988743,264247175,0.13959138788,0.14428446484
703,1521988743,267580709,0.137104249005,0.143210805608
704,1521988743,270914386,0.132522358936,0.142157784979
705,1521988743,274247307,0.131836310776,0.140773893919
706,1521988743,277580928,0.13005518736,0.138647716214
707,1521988743,280914036,0.128663779233,0.130593238249
708,1521988743,284247149,0.1261962547,0.128486895697
709,1521988743,287581223,0.122988533305,0.127046316451
710,1521988743,290913767,0.120926001986,0.126749743247
711,1521988743,294247461,0.117014423316,0.12601146866
712,1521988743,297580937,0.116309517151,0.125309454907
713,1521988743,300914018,0.113153625024,0.117955182935
714,1521988743,304247139,0.111743611005,0.113040383646
715,1521988743,307580686,0.110670267835,0.111971193601
716,1521988743,310914330,0.105735924683,0.109514145465
717,1521988743,314247117,0.101880800483,0.109186565831
718,1521988743,317580694,0.100096675366,0.109163138589
719,1521988743,320913314,0.0987151036619,0.107438840536
720,1521988743,324249057,0.0982711543127,0.101375733294
721,1521988743,327583514,0.0972492294438,0.0972010972934
722,1521988743,330916692,0.0972909673105,0.0930301293978
723,1521988743,334250294,0.0955147852967,0.0909107810112
724,1521988743,337583321,0.0920034147392,0.0905727297533
725,1521988743,340916335,0.0870683656728,0.0905727297533
726,1521988743,344248779,0.0825035247301,0.0902410376908
727,1521988743,347582182,0.0782501807593,0.0895131555332
728,1521988743,350917450,0.0757394941898,0.0873569775272
729,1521988743,354249672,0.0736890455923,0.0825161239585
730,1521988743,357581311,0.0726469009055,0.0772657215086
731,1521988743,360915901,0.0722322175216,0.0722867366153
732,1521988743,364249148,0.0722580498003,0.0684512365842
733,1521988743,367583093,0.0718952867955,0.0666865370771
734,1521988743,370916652,0.069080804126,0.0663402996568
735,1521988743,374249080,0.066637462282,0.0663640316092
736,1521988743,377582320,0.0637985707993,0.0663450446893
737,1521988743,380915343,0.0595730923024,0.0663497904007
738,1521988743,384248417,0.0564005607597,0.0663497904007
739,1521988743,387582502,0.054622414505,0.0656288982771
740,1521988743,390915894,0.0511093522977,0.0614305969346
741,1521988743,394249042,0.0507605046837,0.0579244201911
742,1521988743,397581661,0.0507677675975,0.053017205624
743,1521988743,400914315,0.0507641358809,0.0480982621184
744,1521988743,404247696,0.050756874006,0.0445810617754
745,1521988743,407581611,0.0507496142086,0.043170758213
746,1521988743,410915898,0.0507423564876,0.0424627211869
747,1521988743,414247850,0.0497207769939,0.0424931059606
748,1521988743,417580832,0.0486454836552,0.0424779081401
749,1521988743,420914331,0.0451139945313,0.0424718320554
750,1521988743,424246764,0.041251762365,0.0424870255276
751,1521988743,427533154,0.0389692317618,0.0430819178612
752,1521988743,430914490,0.0340533000737,0.0418728780002
753,1521988743,434247464,0.0317253154273,0.041775793956
754,1521988743,437581170,0.0303109650757,0.0410678045495
755,1521988743,440914620,0.0289011527466,0.0389617632905
756,1521988743,444247098,0.0282063332411,0.0375711713343
757,1521988743,447581280,0.027837820573,0.0361459527459
758,1521988743,450914894,0.0274913404175,0.0343986738961
759,1521988743,454247681,0.0274972402688,0.0319484806772
760,1521988743,457580175,0.026796016579,0.0305485224868
761,1521988743,460914886,0.0267768587778,0.0273687492295
762,1521988743,464248199,0.0260833935864,0.0249232707563
763,1521988743,467581708,0.0257290750061,0.0235174607249
764,1521988743,470915379,0.0246717157593,0.021411419466
765,1521988743,474247760,0.0236228040894,0.0207168141002
766,1521988743,477581592,0.023612667722,0.0203569428972
767,1521988743,480913598,0.0225666811511,0.0203671388474
768,1521988743,484247372,0.0218505283398,0.0203569428972
769,1521988743,487581725,0.0214950260121,0.0200031000633
770,1521988743,490913999,0.0200970124343,0.0200145492155
771,1521988743,494248066,0.0193821470824,0.0196535738156
772,1521988743,497581192,0.0186826857516,0.0189570829716
773,1521988743,500914136,0.0176264360697,0.0175541102622
774,1521988743,504247867,0.0162116823166,0.0164961433822
775,1521988743,507581163,0.0155090448352,0.0154454072293
776,1521988743,510914991,0.0148019708108,0.0140392709636
777,1521988743,514247442,0.013750587455,0.0129919003679
778,1521988743,517580478,0.0133951331804,0.0119359411303
779,1521988743,520914146,0.0130407640442,0.0112322200477
780,1521988743,524246388,0.0126928499585,0.0105339732713
781,1521988743,527580260,0.0123349756757,0.00982748967452
782,1521988743,530914402,0.0123340935979,0.00877391688197
783,1521988743,534249500,0.0119774083835,0.00877078087622
784,1521988743,537591645,0.0116010819575,0.00840253071268
785,1521988743,540913975,0.0106092551052,0.00774819657238
786,1521988743,544247534,0.00986868630372,0.00702013752982
787,1521988743,547580753,0.0088125876187,0.00667008474927
788,1521988743,550913521,0.00740310314929,0.00631947969438
789,1521988743,554246916,0.00634460925075,0.00561651171973
790,1521988743,557580617,0.00528641814673,0.00526472661135
791,1521988743,560915405,0.00422792507017,0.00456145820492
792,1521988743,564247445,0.00317366661663,0.00351182693889
793,1521988743,567580737,0.00317230462538,0.00315928784235
794,1521988743,570913903,0.00246752453324,0.00280845673654
795,1521988743,574246667,0.00211517232837,0.00140432882097
796,1521988743,577580875,0.00105713242682,0.00105279474017
797,1521988743,580914110,0.00105751051424,0.000351057092067
798,1521988743,584246953,0.0,0.0
799,1521988743,587580864,0.0,0.0
800,1521988743,590914820,0.0,0.0
801,1521988743,594247533,0.0,0.0
802,1521988743,597581070,0.0,0.0
803,1521988743,600913897,0.0,0.0
804,1521988743,604247183,0.0,0.0
805,1521988743,607580672,0.0,0.0
806,1521988743,610914439,0.0,-0.00035098177409
807,1521988743,614247649,0.0,-0.000351057092067
808,1521988743,617580986,0.0,0.0
809,1521988743,620914504,0.0,0.0
810,1521988743,624247155,0.0,0.0
811,1521988743,627581937,0.0,0.0
812,1521988743,630914192,0.0,0.0
813,1521988743,634246458,0.0,0.0
814,1521988743,637580971,0.0,0.0
815,1521988743,640914550,0.0,0.0
816,1521988743,644247421,0.0,0.0
817,1521988743,647580797,0.0,0.0
818,1521988743,650914789,0.0,0.0
819,1521988743,654247568,0.0,0.0
820,1521988743,657581552,0.0,0.0
821,1521988743,660914842,0.0,0.0
822,1521988743,664257252,0.0,0.0
823,1521988743,667580119,0.0,0.0
824,1521988743,670914312,0.0,0.0
825,1521988743,674247362,0.0,0.0
826,1521988743,677580851,0.0,0.0
827,1521988743,680914073,0.0,-0.000351031982483
828,1521988743,684247563,0.0,-0.000351031982483
829,1521988743,687581931,0.0,-0.000350906488424
830,1521988743,690914469,0.0,-0.000351132442377
831,1521988743,694246894,0.0,-0.000351107322013
832,1521988743,697579928,0.0,-0.000351082205243
833,1521988743,700914124,0.0,-0.000350931580057
834,1521988743,704247910,0.0,0.0
835,1521988743,707580623,0.0,0.0
836,1521988743,710914593,0.0,0.0
837,1521988743,714247594,0.0,0.0
838,1521988743,717581198,0.0,0.0
839,1521988743,720913783,0.0,0.0
840,1521988743,724247133,0.0,0.0
841,1521988743,727581927,0.0,0.0
842,1521988743,730915197,0.0,0.0
843,1521988743,734247258,0.0,0.0
844,1521988743,737580542,0.0,0.0
845,1521988743,740912992,0.0,-0.00105339732713
846,1521988743,744247638,-0.000352327089181,-0.00245616980265
847,1521988743,747581148,-0.00317207774048,-0.00456308939438
848,1521988743,750915430,-0.0045809071829,-0.00701863160114
849,1521988743,754246933,-0.00846432232971,-0.0101857558338
850,1521988743,757580010,-0.0116326156567,-0.0133401694985
851,1521988743,760914051,-0.0137437042948,-0.0154420937123
852,1521988743,764247976,-0.0137446871815,-0.0171981069304
853,1521988743,767581498,-0.0137456702087,-0.0171993369481
854,1521988743,770914806,-0.0137466533766,-0.0172005671417
855,1521988743,774247445,-0.0126919418994,-0.0172042587786
856,1521988743,777580496,-0.0112801121519,-0.0161486262351
857,1521988743,780913836,-0.00986939216784,-0.0147433432643
858,1521988743,784246902,-0.00916509112345,-0.0143933407748
859,1521988743,787581110,-0.0088094368902,-0.0133354000422
860,1521988743,790914875,-0.00881132705689,-0.0126362475537
861,1521988743,794247300,-0.00881384854124,-0.0126398635925
862,1521988743,797580336,-0.00987080419905,-0.0126389593888
863,1521988743,800914023,-0.00986798054056,-0.0126353438672
864,1521988743,804247071,-0.0102226016377,-0.0126380553144
865,1521988743,807580325,-0.0102226016377,-0.0126380553144
866,1521988743,810913978,-0.010220408417,-0.0129863256413
867,1521988743,814247160,-0.00987009813295,-0.0129891124065
868,1521988743,817580167,-0.00916509112345,-0.0126380553144
869,1521988743,820913936,-0.00845826903476,-0.0126353438672
870,1521988743,824246982,-0.00810816059208,-0.0119367949783
871,1521988743,827580917,-0.0081052615072,-0.0119325269595
872,1521988743,830914582,-0.00810642089234,-0.0112322200477
873,1521988743,834246982,-0.00846189997232,-0.0108851057137
874,1521988743,837581455,-0.00880880701483,-0.0101762881643
875,1521988743,840913259,-0.00916837022582,-0.009481932735
876,1521988743,844247967,-0.00951283140789,-0.00912291640985
877,1521988743,847581083,-0.0095175946282,-0.00877642730168
878,1521988743,850913788,-0.00951895642454,-0.00842657572831
879,1521988743,854246900,-0.00916509112345,-0.00807431311754
880,1521988743,857580752,-0.00881069691121,-0.00737061725589
881,1521988743,860913648,-0.00810758060921,-0.00737219893341
882,1521988743,864247330,-0.00775396781006,-0.00702013752982
883,1521988743,867581107,-0.00775341328186,-0.00666865370771
884,1521988743,870914030,-0.00740310314929,-0.0056173152839
885,1521988743,874247409,-0.00740204412588,-0.00561651171973
886,1521988743,877580497,-0.00740257359971,-0.00526585638101
887,1521988743,880913916,-0.00775396781006,-0.00456308939438
888,1521988743,884224057,-0.00780926153715,-0.00424211897754
889,1521988743,887580816,-0.00769999843184,-0.00418276546628
890,1521988743,890914682,-0.00740098540542,-0.00386079951499
891,1521988743,894247985,-0.00704956583417,-0.00351031982483
892,1521988743,897581414,-0.00704956583417,-0.00315928784235
893,1521988743,900914286,-0.0066980457065,-0.00315973984719
894,1521988743,904247341,-0.00599255958072,-0.00280845673654
895,1521988743,907580924,-0.00599170239869,-0.00245704813544
896,1521988743,910914733,-0.00563884602317,-0.00245687241863
897,1521988743,914247350,-0.00493575518309,-0.00245775125409
898,1521988743,917581094,-0.00493399027028,-0.00210589064454
899,1521988743,920913898,-0.00423034465674,-0.00175541102622
900,1521988743,924247360,-0.00387726120879,-0.00175515991242
901,1521988743,927580671,-0.00387726120879,-0.00140412792993
902,1521988743,930914089,-0.00352453082276,-0.00105302062947
903,1521988743,934247847,-0.00317207774048,-0.00105302062947
904,1521988743,937580956,-0.00281982633367,-0.00105309594745
905,1521988743,940913657,-0.0028204315332,-0.000702214644026
906,1521988743,944246574,-0.00211517232837,-0.000702164410487
907,1521988743,947579965,-0.00176239145854,-0.000702063964966
908,1521988743,950914935,-0.00176150950686,-0.000701712631841
909,1521988743,954247213,-0.00105773749654,-0.000351132442377
910,1521988743,957579780,-0.00105766182495,-0.000351107322013
911,1521988743,960914746,-0.00105690570411,-0.000350856315921
912,1521988743,964248245,-0.00105743487513,-0.000351031982483
913,1521988743,967580533,-0.000705158331026,-0.000351132442377
914,1521988743,970915125,-0.000704704561187,-0.000350906488424
915,1521988743,974247376,-0.000705158331026,0.0
916,1521988743,977583437,-0.000352201186133,0.0
917,1521988743,980914669,-0.000352705338991,0.0
918,1521988743,984248075,-0.000352453082276,0.0
919,1521988743,987581059,0.0,0.0
920,1521988743,990915246,0.0,0.0
921,1521988743,994247590,0.0,0.0
922,1521988743,997580523,0.0,0.0
923,1521988744,914203,0.0,0.0
924,1521988744,4246660,0.0,0.0
925,1521988744,7581272,0.0,0.0
926,1521988744,10915243,0.0,0.0
927,1521988744,14247395,0.0,0.0
928,1521988744,17580811,0.0,0.0
929,1521988744,20914083,0.0,0.0
930,1521988744,24247365,0.0,0.0
931,1521988744,27581919,0.0,0.0
932,1521988744,30914559,0.0,0.0
933,1521988744,34247530,0.0,0.0
934,1521988744,37580875,0.0,0.0
935,1521988744,40912927,0.0,0.0
936,1521988744,44247340,0.0,0.0
937,1521988744,47581134,0.0,0.0
938,1521988744,50914673,0.0,0.0
939,1521988744,54247271,0.0,0.0
940,1521988744,57581024,0.0,0.0
941,1521988744,60914264,0.0,0.0
942,1521988744,64247422,0.0,0.0
943,1521988744,67581886,0.0,0.0
944,1521988744,70914736,0.0,0.0
945,1521988744,74247117,0.0,0.0
946,1521988744,77581280,0.0,0.0
947,1521988744,80913820,0.0,0.0
948,1521988744,84247719,0.0,0.0
949,1521988744,87580757,0.0,0.0
950,1521988744,90914222,0.0,0.0
951,1521988744,94247450,0.0,0.0
952,1521988744,97581024,0.0,0.0
953,1521988744,100914143,0.0,0.0
954,1521988744,104247254,0.0,0.0
955,1521988744,107581956,0.0,0.0
956,1521988744,110913904,0.0,0.0
957,1521988744,114246838,0.0,0.0
958,1521988744,117580117,0.0,0.0
959,1521988744,120914623,0.0,0.0
960,1521988744,124257474,0.0,0.0
961,1521988744,127581068,0.0,0.0
962,1521988744,130914802,0.0,0.0
963,1521988744,134247473,0.0,0.0
964,1521988744,137580659,0.0,0.0
965,1521988744,140914734,0.0,0.0
966,1521988744,144247175,0.0,0.0
967,1521988744,147581932,0.0,0.0
968,1521988744,150914395,0.0,0.0
969,1521988744,154247523,0.0,0.0
970,1521988744,157580570,0.0,0.0
971,1521988744,160913624,0.0,0.0
972,1521988744,164247453,0.0,0.0
973,1521988744,167581590,0.0,0.0
974,1521988744,170914935,0.0,0.0
975,1521988744,174246830,0.0,0.0
976,1521988744,177581114,0.0,0.0
977,1521988744,180913907,0.0,0.0
978,1521988744,184247703,0.0,0.0
979,1521988744,187581328,0.0,0.0
980,1521988744,190914733,0.0,0.0
981,1521988744,194247365,0.0,0.0
982,1521988744,197580892,0.0,0.0
983,1521988744,200914732,0.0,0.0
984,1521988744,204247199,0.0,0.0
985,1521988744,207580731,0.0,0.0
986,1521988744,210914717,0.0,0.0
987,1521988744,214247248,0.0,0.0
988,1521988744,217580524,0.0,0.0
989,1521988744,220914141,0.0,0.0
990,1521988744,224246908,0.0,0.0
991,1521988744,227581655,0.0,0.0
992,1521988744,230914198,0.0,0.0
993,1521988744,234246470,0.0,0.0
994,1521988744,237580636,0.0,0.0
995,1521988744,240913263,0.0,0.0
996,1521988744,244246959,0.0,0.0
997,1521988744,247580907,0.0,0.0
998,1521988744,250915007,0.0,0.0
999,1521988744,254247035,0.0,0.0
1000,1521988744,257580529,0.0,0.0
1001,1521988744,260915162,0.0,0.0
1002,1521988744,264248054,0.0,0.0
1003,1521988744,267582595,0.0,0.0
1004,1521988744,270915317,0.0,0.0
1005,1521988744,274247540,0.0,0.0
1006,1521988744,277580958,0.0,0.0
1007,1521988744,280914699,0.0,0.0
1008,1521988744,284247493,0.0,0.0
1009,1521988744,287580758,0.0,0.0
1010,1521988744,290915016,0.0,0.0
1011,1521988744,294247412,0.0,0.0
1012,1521988744,297580996,0.0,0.0
1013,1521988744,300913844,0.0,0.0
1014,1521988744,304247445,0.0,0.0
1015,1521988744,307580749,0.0,0.0
1016,1521988744,310914471,0.0,0.0
1017,1521988744,314247251,0.0,0.0
1018,1521988744,317580573,0.0,0.0
1019,1521988744,320913972,0.0,0.0
1020,1521988744,324247432,0.0,0.0
1021,1521988744,327581649,0.0,0.0
1022,1521988744,330914343,0.0,0.0
1023,1521988744,334248359,0.0,0.0
1024,1521988744,337580336,0.0,0.0
1025,1521988744,340914477,0.0,0.0
1026,1521988744,344247212,0.0,0.0
1027,1521988744,347581124,0.0,0.0
1028,1521988744,350913600,0.0,0.0
1029,1521988744,354246829,0.0,0.0
1030,1521988744,357580742,0.0,0.0
1031,1521988744,360915492,0.0,0.0
1032,1521988744,364249296,0.0,0.0
1033,1521988744,367581782,0.0,0.0
1034,1521988744,370918030,0.0,0.0
1035,1521988744,374247941,0.0,0.0
1036,1521988744,377580835,0.0,0.0
1037,1521988744,380913868,0.0,0.0
1038,1521988744,384247684,0.0,0.0
1039,1521988744,387580191,0.0,0.0
1040,1521988744,390914857,0.0,0.0
1041,1521988744,394247228,0.0,0.0
1042,1521988744,397580991,0.0,0.0
1043,1521988744,400913783,0.0,0.0
1044,1521988744,404257777,0.0,0.0
1045,1521988744,407580605,0.0,0.0
1046,1521988744,410915149,0.0,0.0
1047,1521988744,414246885,0.0,0.0
1048,1521988744,417580729,0.0,0.0
1049,1521988744,420913859,0.0,0.0
1050,1521988744,424246872,0.0,0.0
1051,1521988744,427581867,0.0,0.0
1052,1521988744,430914841,0.0,0.0
1053,1521988744,434247968,0.0,0.0
1054,1521988744,437581138,0.0,0.0
1055,1521988744,440914428,0.0,0.0
1056,1521988744,444246998,0.0,0.0
1057,1521988744,447580734,0.0,0.0
1058,1521988744,450914666,0.0,0.0
1059,1521988744,454247335,0.0,0.0
1060,1521988744,457581350,0.0,0.0
1061,1521988744,460915098,0.0,0.0
1062,1521988744,464258056,0.0,0.0
1063,1521988744,467582422,0.0,0.0
1064,1521988744,470915819,0.0,0.0
1065,1521988744,474247551,0.0,0.0
1066,1521988744,477580682,0.0,0.0
1067,1521988744,480914412,0.0,0.0
1068,1521988744,484247055,0.0,0.0
1069,1521988744,487581337,0.0,0.0
1070,1521988744,490914297,0.0,0.0
1071,1521988744,494247944,0.0,0.0
1072,1521988744,497581666,0.0,0.0
1073,1521988744,500913677,0.0,0.0
1074,1521988744,504247786,0.0,0.0
1075,1521988744,507581458,0.0,0.0
1076,1521988744,510914759,0.0,0.0
1077,1521988744,514247333,0.0,0.0
1078,1521988744,517580648,0.0,0.0
1079,1521988744,520913690,0.0,0.0
1080,1521988744,524247380,0.0,0.0
1081,1521988744,527581218,0.0,0.0
1082,1521988744,530914053,0.0,0.0
1083,1521988744,534248023,0.0,0.0
1084,1521988744,537581239,0.0,0.0
1085,1521988744,540913978,0.0,0.0
1086,1521988744,544246923,0.0,0.0
1087,1521988744,547579876,0.0,0.0
1088,1521988744,550915095,0.0,0.0
1089,1521988744,554248765,0.0,0.0
1090,1521988744,557581112,0.0,0.0
1091,1521988744,560915248,0.0,0.0
1092,1521988744,564247528,0.0,0.0
1093,1521988744,567581940,0.0,0.0
1094,1521988744,570914472,0.0,0.0
1095,1521988744,574247656,0.0,0.0
1096,1521988744,577581027,0.0,0.0
1097,1521988744,580913955,0.0,0.0
1098,1521988744,584247246,0.0,0.0
1099,1521988744,587581277,0.0,0.0
1100,1521988744,590914967,0.0,0.0
1101,1521988744,594248240,0.0,0.0
1102,1521988744,597580689,0.0,0.0
1103,1521988744,600913689,0.0,0.0
1104,1521988744,604247484,0.0,0.0
1105,1521988744,607581325,0.0,0.0
1106,1521988744,610913498,0.0,0.0
1107,1521988744,614246124,0.0,0.0
1108,1521988744,617579978,0.0,0.0
1109,1521988744,620924046,0.0,0.0
1110,1521988744,624246721,0.0,0.0
1111,1521988744,627581552,0.0,0.0
1112,1521988744,630914578,0.0,0.0
1113,1521988744,634247196,0.0,0.0
1114,1521988744,637580762,0.0,0.0
1115,1521988744,640914328,0.0,0.0
1116,1521988744,644246934,0.0,0.0
1117,1521988744,647580497,0.0,0.0
1118,1521988744,650915049,0.0,0.0
1119,1521988744,654247256,0.0,0.0
1120,1521988744,657581032,0.0,0.0
1121,1521988744,660914014,0.0,0.0
1122,1521988744,664247055,0.0,0.0
1123,1521988744,667580439,0.0,0.0
1124,1521988744,670914958,0.0,0.0
1125,1521988744,674247765,0.0,0.0
1126,1521988744,677580635,0.0,0.0
1127,1521988744,680913849,0.0,0.0
1128,1521988744,684247645,0.0,0.0
1129,1521988744,687581402,0.0,0.0
1130,1521988744,690914484,0.0,0.0
1131,1521988744,694246995,0.0,0.0
1132,1521988744,697580955,0.0,0.0
1133,1521988744,700914133,0.0,0.0
1134,1521988744,704247168,0.0,0.0
1135,1521988744,707581018,0.0,0.0
1136,1521988744,710914844,0.0,0.0
1137,1521988744,714246537,0.0,0.0
1138,1521988744,717580018,0.0,0.0
1139,1521988744,720913849,0.0,0.0
1140,1521988744,724248645,0.0,0.0
1141,1521988744,727580017,0.0,0.0
1142,1521988744,730924960,0.0,0.0
1143,1521988744,734246982,0.0,0.0
1144,1521988744,737580100,0.0,0.0
1145,1521988744,740912720,0.0,0.0
1146,1521988744,744247613,0.0,0.0
1147,1521988744,747580193,0.0,0.0
1148,1521988744,750915190,0.0,0.0
1149,1521988744,754247146,0.0,0.0
1150,1521988744,757580883,0.0,0.0
1151,1521988744,760914385,0.0,0.0
1152,1521988744,764246914,0.0,0.0
1153,1521988744,767581016,0.0,0.0
1154,1521988744,770915131,0.0,0.0
1155,1521988744,774247562,0.0,0.0
1156,1521988744,777580554,0.0,0.0
1157,1521988744,780924400,0.0,0.0
1158,1521988744,784248983,0.0,0.0
1159,1521988744,787581546,0.0,0.0
1160,1521988744,790914819,0.0,0.0
1161,1521988744,794247568,0.0,0.0
1162,1521988744,797556078,0.0,0.0
1163,1521988744,800914052,0.0,0.0
1164,1521988744,804261260,0.0,0.0
1165,1521988744,807581245,0.0,0.0
1166,1521988744,810913200,0.0,0.0
1167,1521988744,814246934,0.0,0.0
1168,1521988744,817579995,0.0,0.0
1169,1521988744,820913925,0.0,0.0
1170,1521988744,824247077,0.0,0.0
1171,1521988744,827579807,0.0,0.0
1172,1521988744,830915025,0.0,0.0
1173,1521988744,834248307,0.0,0.0
1174,1521988744,837580528,0.0,0.0
1175,1521988744,840914716,0.0,0.0
1176,1521988744,844247758,0.0,0.0
1177,1521988744,847590654,0.0,0.0
1178,1521988744,850914915,0.0,0.0
1179,1521988744,854247682,0.0,0.0
1180,1521988744,857581181,0.0,0.0
1181,1521988744,860914133,0.0,0.0
1182,1521988744,864247511,0.0,0.0
1183,1521988744,867581021,0.0,0.0
1184,1521988744,870913928,0.0,0.0
1185,1521988744,874257729,0.0,-0.000349930705675
1186,1521988744,877579932,0.0,-0.000352216028929
1187,1521988744,880913761,0.0,-0.00035098177409
1188,1521988744,884247270,0.0,-0.000351006876491
1189,1521988744,887581547,0.0,-0.000701863160114
1190,1521988744,890915187,0.0,-0.000702013752982
1191,1521988744,894248503,0.0,-0.000702063964966
1192,1521988744,897581167,0.0,-0.000702214644026
1193,1521988744,900914227,0.0,-0.0010531712762
1194,1521988744,904247948,0.0,-0.00105294532227
1195,1521988744,907580551,0.0,-0.00140442928805
1196,1521988744,910913748,0.0,-0.00175528546034
1197,1521988744,914248017,0.0,-0.00175465790029
1198,1521988744,917580187,0.0,-0.00175578783168
1199,1521988744,920914149,0.0,-0.00175478337639
1200,1521988744,924247112,0.0,-0.00175541102622
1201,1521988744,927581059,0.0,-0.00175478337639
1202,1521988744,930924406,0.0,-0.00174990306892
1203,1521988744,934247235,0.0,-0.00176070106447
1204,1521988744,937580797,-0.000352453082276,-0.00175503438246
1205,1521988744,940914335,-0.000352453082276,-0.00140402750596
1206,1521988744,944247191,-0.000352528721395,-0.00140432882097
1207,1521988744,947581144,-0.000352427876448,-0.00140392709636
1208,1521988744,950913890,-0.000352528721395,-0.00140432882097
1209,1521988744,954247797,0.0,-0.00105294532227
1210,1521988744,957581361,0.0,-0.00105302062947
1211,1521988744,960914315,0.0,-0.0010531712762
1212,1521988744,964246919,0.0,-0.00105332196604
1213,1521988744,967580822,0.0,-0.00070196354818
1214,1521988744,970913897,0.0,-0.000351057092067
1215,1521988744,974247509,-0.000352453082276,-0.000351006876491
1216,1521988744,977581039,-0.000352453082276,-0.000351006876491
1217,1521988744,980914040,-0.000352503504748,0.0
1218,1521988744,984247372,-0.000352478291709,0.0
1219,1521988744,987581244,-0.000352427876448,0.0
1220,1521988744,990916216,-0.000352301901371,0.0
1221,1521988744,994247208,-0.000705461169047,0.0
1222,1521988744,997580849,-0.000704906164551,0.0
1223,1521988745,913454,-0.000705107883299,0.0
1224,1521988745,4247100,-0.000704855752897,0.0
1225,1521988745,7581728,-0.000704704561187,0.0
1226,1521988745,10913858,-0.000705208785973,0.0
1227,1521988745,14246619,-0.00070505744279,0.0
1228,1521988745,24006354,-0.000361157859757,0.0
1229,1521988745,27398420,-0.00103915069861,0.0
1230,1521988745,30726198,-0.00105917731689,0.0
1231,1521988745,34045731,-0.00106183990441,0.0
1232,1521988745,37397078,-0.00105171779107,0.0
1233,1521988745,40727848,-0.00105826750101,0.0
1234,1521988745,44062575,-0.00105698126754,0.0
1235,1521988745,47393837,-0.000705410677981,0.0
1236,1521988745,50726512,-0.000705107883299,0.0
1237,1521988745,54062037,-0.000704452719088,0.0
1238,1521988745,57393647,-0.000352680097071,0.0
1239,1521988745,60727262,-0.000352427876448,0.0
1240,1521988745,64059806,0.0,0.0
1241,1521988745,67393804,0.0,0.0
1242,1521988745,70727380,0.0,0.0
1243,1521988745,74059730,0.0,0.000351132442377
1244,1521988745,77393285,0.0,0.000351006876491
1245,1521988745,80726566,0.0,0.000351031982483
1246,1521988745,84059812,0.0,0.000351057092067
1247,1521988745,87393033,0.0,0.000351031982483
1248,1521988745,90727558,0.0,0.000350906488424
1249,1521988745,94060477,0.0,0.0
1250,1521988745,97393329,0.0,0.0
1251,1521988745,100726913,0.0,0.0
1252,1521988745,104059545,0.0,0.0
1253,1521988745,107393673,0.0,0.0
1254,1521988745,110727138,0.0,0.0
1255,1521988745,114059416,0.0,0.0
1256,1521988745,117394044,0.0,0.0
1257,1521988745,120727780,0.0,0.0
1258,1521988745,124061068,0.0,0.0
1259,1521988745,127403539,0.0,0.0
1260,1521988745,130726759,0.0,0.0
1261,1521988745,134060746,0.0,0.0
1262,1521988745,137394342,0.0,0.0
1263,1521988745,140727829,0.0,0.0
1264,1521988745,144059765,0.0,0.0
1265,1521988745,147393626,0.0,0.0
1266,1521988745,150726689,0.0,0.0
1267,1521988745,154059999,0.0,0.0
1268,1521988745,157393747,0.0,0.0
1269,1521988745,160726680,0.0,0.0
1270,1521988745,164060251,0.0,0.0
1271,1521988745,167393682,0.0,0.0
1272,1521988745,170727430,0.0,0.0
1273,1521988745,174060299,0.0,0.0
1274,1521988745,177393940,0.0,0.0
1275,1521988745,180726022,0.0,0.0
1276,1521988745,184059898,0.0,0.0
1277,1521988745,187393824,0.0,0.0
1278,1521988745,190727549,0.0,0.0
1279,1521988745,194059951,0.0,0.0
1280,1521988745,197392967,0.0,0.0
1281,1521988745,200726597,0.0,0.0
1282,1521988745,204059066,0.0,0.0
1283,1521988745,207394218,0.0,0.0
1284,1521988745,210725659,0.0,0.0
1285,1521988745,214059599,0.0,0.0
1286,1521988745,217393195,0.0,0.0
1287,1521988745,220736116,0.0,0.0
1288,1521988745,224059599,0.0,0.0
1289,1521988745,227392178,0.0,0.0
1290,1521988745,230726496,0.0,0.0
1291,1521988745,234059120,0.0,0.0
1292,1521988745,237393515,0.0,0.0
1293,1521988745,240726166,0.0,0.0
1294,1521988745,244059740,0.0,0.0
1295,1521988745,247392741,0.0,0.0
1296,1521988745,250727740,0.0,0.0
1297,1521988745,254059508,0.0,0.0
1298,1521988745,257393083,0.0,0.0
1299,1521988745,260726525,0.0,0.0
1300,1521988745,264059778,0.0,0.0
1301,1521988745,267394203,0.0,0.0
1302,1521988745,270726507,0.0,0.0
1303,1521988745,274059792,0.0,0.0
1304,1521988745,277392572,0.0,0.0
1305,1521988745,280726090,0.0,0.0
1306,1521988745,284060774,0.0,0.0
1307,1521988745,287394262,0.0,0.0
1308,1521988745,290727459,0.0,0.0
1309,1521988745,294054632,0.0,0.0
1310,1521988745,297392922,0.0,0.0
1311,1521988745,300726485,0.0,0.0
1312,1521988745,304059992,0.0,0.0
1313,1521988745,307395124,0.0,0.0
1314,1521988745,310727767,0.0,0.0
1315,1521988745,314060125,0.0,0.0
1316,1521988745,317393107,0.0,0.0
1317,1521988745,320725967,0.0,0.0
1318,1521988745,324070246,0.0,0.0
1319,1521988745,327393486,0.0,0.0
1320,1521988745,330727477,0.0,0.0
1321,1521988745,334059357,0.0,0.0
1322,1521988745,337393406,0.0,0.0
1323,1521988745,340726418,0.0,0.0
1324,1521988745,344060083,0.0,0.0
1325,1521988745,347393483,0.0,0.0
1326,1521988745,350726912,0.0,0.0
1327,1521988745,354059752,0.0,0.0
1328,1521988745,357393610,0.0,0.0
1329,1521988745,360726641,0.0,0.0
1330,1521988745,364059777,0.0,0.0
1331,1521988745,367392832,0.0,0.0
1332,1521988745,370727195,0.0,0.0
1333,1521988745,374059658,0.0,0.0
1334,1521988745,377393475,0.0,0.0
1335,1521988745,380726302,0.0,0.0
1336,1521988745,384060180,0.0,0.0
1337,1521988745,387393032,0.0,-0.000351082205243
1338,1521988745,390727211,0.0,-0.000350931580057
1339,1521988745,394061157,0.0,-0.00035098177409
1340,1521988745,397393029,0.0,-0.000351182693889
1341,1521988745,400726385,0.0,-0.000351031982483
1342,1521988745,404060086,0.0,-0.00035098177409
1343,1521988745,407394006,0.0,-0.00035098177409
1344,1521988745,410727394,-0.000352453082276,-0.000351006876491
1345,1521988745,414060091,-0.00035255394165,0.0
1346,1521988745,417393239,-0.000705007009496,0.0
1347,1521988745,420725825,-0.00105766182495,0.0
1348,1521988745,424062405,-0.00105637706246,0.0
1349,1521988745,427395485,-0.00105751051424,0.0
1350,1521988745,430732092,-0.00105645255032,0.0
1351,1521988745,434075750,-0.00105411743238,0.0
1352,1521988745,437397472,-0.000707435974214,0.0
1353,1521988745,440730273,-0.000352528721395,0.0
1354,1521988745,444063135,-0.000352528721395,0.0
1355,1521988745,447397015,0.0,0.0
1356,1521988745,450728541,0.0,0.0
1357,1521988745,454062446,0.0,0.0
1358,1521988745,457396041,0.0,0.0
1359,1521988745,460729295,0.0,0.0
1360,1521988745,464062171,0.0,0.0
1361,1521988745,467396932,0.0,0.0
1362,1521988745,470730002,0.0,0.0
1363,1521988745,474062848,0.0,0.0
1364,1521988745,477395442,0.0,0.0
1365,1521988745,480730197,0.0,0.0
1366,1521988745,484062216,0.0,0.0
1367,1521988745,487396359,0.0,0.0
1368,1521988745,490729524,0.0,0.0
1369,1521988745,494061577,0.0,0.0
1370,1521988745,497395232,0.0,0.0
1371,1521988745,500728269,0.0,0.0
1372,1521988745,504061820,0.0,0.0
1373,1521988745,507395868,0.0,0.0
1374,1521988745,510729115,0.0,0.0
1375,1521988745,514060299,0.0,0.0
1376,1521988745,517394761,0.0,0.0
1377,1521988745,520728183,0.0,0.0
1378,1521988745,524060411,0.0,0.0
1379,1521988745,527392128,0.0,0.0
1380,1521988745,530727121,0.0,0.0
1381,1521988745,534060541,-0.000352478291709,0.0
1382,1521988745,537394190,0.0,0.0
1383,1521988745,540726322,-0.000352604392986,0.0
1384,1521988745,544059973,0.0,0.0
1385,1521988745,547393696,0.0,0.0
1386,1521988745,550726425,0.0,0.0
1387,1521988745,554059852,0.0,0.0
1388,1521988745,557393577,0.0,0.0
1389,1521988745,560726393,0.0,0.0
1390,1521988745,564059368,0.0,0.0
1391,1521988745,567394420,0.0,0.0
1392,1521988745,570725574,0.0,0.0
1393,1521988745,574060062,0.0,0.0
1394,1521988745,577393100,0.0,0.0
1395,1521988745,580726705,0.0,0.0
1396,1521988745,584059546,0.0,0.0
1397,1521988745,587394140,0.0,0.0
1398,1521988745,590726407,0.0,0.0
1399,1521988745,594059841,0.0,0.0
1400,1521988745,597393358,0.0,0.0
1401,1521988745,600726444,0.0,0.0
1402,1521988745,604059721,0.0,0.0
1403,1521988745,607392844,0.0,0.0
1404,1521988745,610726286,0.0,0.0
1405,1521988745,614031589,0.0,0.0
1406,1521988745,617393439,0.0,0.0
1407,1521988745,620725684,0.0,0.0
1408,1521988745,624059454,0.0,0.0
1409,1521988745,627392262,0.0,0.0
1410,1521988745,630727413,0.0,0.0
1411,1521988745,634059130,0.0,0.0
1412,1521988745,637393464,0.0,0.0
