1,1521989321,568375764,0.0,0.0
2,1521989321,571711177,0.0,0.0
3,1521989321,575043137,0.0,0.0
4,1521989321,578376571,0.0,0.0
5,1521989321,581709922,0.0,0.0
6,1521989321,585055146,0.0,0.0
7,1521989321,588376087,0.0,0.0
8,1521989321,591710431,0.0,0.0
9,1521989321,595042916,0.0,0.0
10,1521989321,598376690,0.0,0.0
11,1521989321,601710261,0.0,0.0
12,1521989321,605043679,0.0,0.0
13,1521989321,608376589,0.0,0.0
14,1521989321,611711311,0.0,0.0
15,1521989321,615042833,0.0,0.0
16,1521989321,618375651,0.0,0.0
17,1521989321,621710576,0.0,0.0
18,1521989321,625043022,0.0,0.0
19,1521989321,628376379,0.0,0.0
20,1521989321,631709867,0.0,0.0
21,1521989321,635043095,0.0,0.0
22,1521989321,638376493,0.0,0.0
23,1521989321,641710645,0.0,0.0
24,1521989321,645043958,0.0,0.0
25,1521989321,648376414,0.0,0.0
26,1521989321,651709715,0.0,0.0
27,1521989321,655042530,0.0,0.0
28,1521989321,658376271,0.0,0.0
29,1521989321,661710025,0.0,0.0
30,1521989321,665042955,0.0,0.0
31,1521989321,668376121,0.0,0.0
32,1521989321,671709649,0.0,0.0
33,1521989321,675044140,0.0,0.0
34,1521989321,678377042,0.0,0.0
35,1521989321,681710065,0.0,0.0
36,1521989321,685043287,0.0,0.0
37,1521989321,688376038,0.0,0.0
38,1521989321,691709211,0.0,0.0
39,1521989321,695043797,0.0,0.0
40,1521989321,698376656,0.0,0.0
41,1521989321,701709790,0.0,0.0
42,1521989321,705042849,0.0,0.0
43,1521989321,708376312,0.0,0.0
44,1521989321,711709965,0.0,0.0
45,1521989321,715043654,0.0,0.0
46,1521989321,718376944,0.0,0.0
47,1521989321,721710150,0.0,0.0
48,1521989321,725043565,0.0,0.0
49,1521989321,728376729,0.0,0.0
50,1521989321,731710699,0.0,0.0
51,1521989321,735044148,0.0,0.0
52,1521989321,738376463,0.0,0.0
53,1521989321,741710012,0.0,0.0
54,1521989321,745043119,0.0,0.0
55,1521989321,748377387,0.0,0.0
56,1521989321,751711250,0.0,0.0
57,1521989321,755070050,0.0,0.0
58,1521989321,758376242,0.0,0.0
59,1521989321,761709315,0.0,0.0
60,1521989321,765042928,0.0,0.0
61,1521989321,768375644,0.0,0.0
62,1521989321,771708797,0.0,0.0
63,1521989321,775043572,0.0,0.0
64,1521989321,778376746,0.0,0.0
65,1521989321,781709960,0.0,0.0
66,1521989321,785052510,0.0,0.0
67,1521989321,788375857,0.0,0.0
68,1521989321,791710978,0.0,0.0
69,1521989321,795043868,0.0,0.0
70,1521989321,798376158,0.0,0.0
71,1521989321,801709912,0.0,0.0
72,1521989321,805042824,0.0,0.0
73,1521989321,808376485,0.0,0.0
74,1521989321,811709203,0.0,0.0
75,1521989321,815043028,0.0,0.0
76,1521989321,818376239,0.0,0.0
77,1521989321,821711747,0.0,0.0
78,1521989321,825053912,0.0,0.0
79,1521989321,828376390,0.0,0.0
80,1521989321,831710203,0.0,0.0
81,1521989321,835071423,0.0,0.0
82,1521989321,838376084,0.0,0.0
83,1521989321,841709359,0.0,0.0
84,1521989321,845043546,0.0,0.0
85,1521989321,848376576,0.0,0.0
86,1521989321,851709481,0.0,0.0
87,1521989321,855047330,0.0,0.0
88,1521989321,858376739,0.0,0.0
89,1521989321,861709772,0.0,0.0
90,1521989321,865043324,0.0,0.0
91,1521989321,868375964,0.0,0.0
92,1521989321,871710084,0.0,0.0
93,1521989321,875042732,0.0,0.0
94,1521989321,878376673,0.0,0.0
95,1521989321,881710715,0.0,0.0
96,1521989321,885043132,0.0,0.0
97,1521989321,888376498,0.0,0.0
98,1521989321,891709858,0.0,0.0
99,1521989321,895043474,0.0,0.0
100,1521989321,898376507,0.0,0.0
101,1521989321,901710296,0.0,0.0
102,1521989321,905043313,0.0,0.0
103,1521989321,908375977,0.0,0.0
104,1521989321,911708981,0.0,0.0
105,1521989321,915043355,0.0,0.0
106,1521989321,918376966,0.0,0.0
107,1521989321,921710369,0.0,0.0
108,1521989321,925042273,0.0,0.0
109,1521989321,928376369,0.0,0.0
110,1521989321,931710228,0.0,0.0
111,1521989321,935043840,0.0,0.0
112,1521989321,938375734,0.0,0.0
113,1521989321,941710252,0.0,0.0
114,1521989321,945042580,0.0,0.0
115,1521989321,948375985,0.0,0.0
116,1521989321,951709236,0.0,0.0
117,1521989321,955042347,0.0,0.0
118,1521989321,958376701,0.0,0.0
119,1521989321,961709268,0.0,0.0
120,1521989321,965042635,0.0,0.0
121,1521989321,968376285,0.0,0.0
122,1521989321,971710083,0.0,0.0
123,1521989321,975044635,0.0,0.0
124,1521989321,978376550,0.0,0.0
125,1521989321,981709829,0.0,0.0
126,1521989321,984997546,0.0,0.0
127,1521989321,988376026,0.0,0.0
128,1521989321,991710829,0.0,0.0
129,1521989321,995043083,0.0,0.0
130,1521989321,998376268,0.0,0.0
131,1521989322,1709987,0.0,0.0
132,1521989322,5055585,0.0,0.0
133,1521989322,8398845,0.0,0.0
134,1521989322,11719413,0.0,0.0
135,1521989322,15055701,0.0,0.0
136,1521989322,18375950,0.0,0.0
137,1521989322,21709609,0.0,0.0
138,1521989322,25043166,0.0,0.0
139,1521989322,28376073,0.0,0.0
140,1521989322,31709163,0.0,0.0
141,1521989322,35043804,0.0,0.0
142,1521989322,38376297,0.0,0.0
143,1521989322,41709742,0.0,0.0
144,1521989322,45042609,0.0,0.0
145,1521989322,48376005,0.0,0.0
146,1521989322,51711079,0.0,0.0
147,1521989322,55043158,0.0,0.0
148,1521989322,58376274,0.0,0.0
149,1521989322,61708826,0.0,0.0
150,1521989322,65042882,0.0,0.0
151,1521989322,68375706,0.0,0.0
152,1521989322,71708837,0.0,0.0
153,1521989322,75043583,0.0,0.0
154,1521989322,78376722,0.0,0.0
155,1521989322,81710112,0.0,0.0
156,1521989322,85044009,0.0,0.0
157,1521989322,88375939,0.0,0.0
158,1521989322,91710108,0.0,0.0
159,1521989322,95043011,0.0,0.0
160,1521989322,98376103,0.0,0.0
161,1521989322,101709940,0.0,0.0
162,1521989322,105043322,0.0,0.0
163,1521989322,108376459,0.0,0.0
164,1521989322,111710178,0.0,0.0
165,1521989322,115043631,0.0,0.0
166,1521989322,118376339,0.0,0.0
167,1521989322,121710084,0.0,0.0
168,1521989322,125043143,0.0,0.0
169,1521989322,128376670,0.0,0.0
170,1521989322,131710375,0.0,0.0
171,1521989322,135043667,0.0,0.0
172,1521989322,138376671,0.0,0.0
173,1521989322,141709494,0.0,0.0
174,1521989322,145042356,0.0,0.0
175,1521989322,148376601,0.0,0.0
176,1521989322,151710198,0.0,0.0
177,1521989322,155044902,0.0,0.0
178,1521989322,158376507,0.0,0.0
179,1521989322,161710002,0.0,0.0
180,1521989322,165042425,0.0,0.0
181,1521989322,168375573,0.0,0.0
182,1521989322,171708539,0.0,0.0
183,1521989322,175043399,0.0,0.0
184,1521989322,178376599,0.0,0.0
185,1521989322,181709997,0.0,0.0
186,1521989322,185042782,0.0,0.0
187,1521989322,188376972,0.0,0.0
188,1521989322,191709583,0.0,0.0
189,1521989322,195044042,0.0,0.0
190,1521989322,198376476,0.0,0.0
191,1521989322,201709899,0.0,0.0
192,1521989322,205043208,0.0,0.0
193,1521989322,208376061,0.0,0.0
194,1521989322,211710391,0.0,0.0
195,1521989322,215043940,0.0,0.0
196,1521989322,218376480,0.0,0.0
197,1521989322,221710458,0.0,0.0
198,1521989322,225042663,0.0,0.0
199,1521989322,228376329,0.0,0.0
200,1521989322,231710492,0.0,0.0
201,1521989322,235042621,0.0,0.0
202,1521989322,238376187,0.0,0.0
203,1521989322,241709564,0.0,0.0
204,1521989322,245042468,0.0,0.0
205,1521989322,248377018,0.0,0.0
206,1521989322,251710957,0.0,0.0
207,1521989322,255043900,0.0,0.0
208,1521989322,258376760,0.0,0.0
209,1521989322,261709576,0.0,0.0
210,1521989322,265053549,0.0,0.0
211,1521989322,268376323,0.0,0.0
212,1521989322,271708271,0.0,0.0
213,1521989322,275043567,0.0,0.0
214,1521989322,278376481,0.0,0.0
215,1521989322,281709053,0.0,0.0
216,1521989322,285043177,0.0,0.0
217,1521989322,288375748,0.0,0.0
218,1521989322,291710417,0.0,0.0
219,1521989322,295043926,0.0,0.0
220,1521989322,298376484,0.0,0.0
221,1521989322,301710259,0.0,0.0
222,1521989322,305043144,0.0,0.0
223,1521989322,308376016,0.0,0.0
224,1521989322,311710762,0.0,0.0
225,1521989322,315053503,0.0,0.0
226,1521989322,318376164,0.0,0.0
227,1521989322,321709580,0.0,0.0
228,1521989322,325043622,0.0,0.0
229,1521989322,328376424,0.0,0.0
230,1521989322,331709649,0.0,0.0
231,1521989322,335043066,0.0,0.0
232,1521989322,338376928,0.0,0.0
233,1521989322,341709825,0.0,0.0
234,1521989322,345042481,0.0,0.0
235,1521989322,348376258,0.0,0.0
236,1521989322,351709915,0.0,0.0
237,1521989322,355044395,0.0,0.0
238,1521989322,358376687,0.0,0.0
239,1521989322,361709792,0.0,0.0
240,1521989322,365042642,0.0,0.0
241,1521989322,368376543,0.0,0.0
242,1521989322,371709880,0.0,0.0
243,1521989322,375053387,0.0,0.0
244,1521989322,378375949,0.0,0.0
245,1521989322,381710391,0.0,0.0
246,1521989322,385053291,0.0,0.0
247,1521989322,388377038,0.0,0.0
248,1521989322,391719061,0.0,0.0
249,1521989322,395043258,0.0,0.0
250,1521989322,398376308,0.0,0.0
251,1521989322,401709736,0.0,0.0
252,1521989322,405053551,0.0,0.0
253,1521989322,408376099,0.0,0.0
254,1521989322,411709979,0.0,0.0
255,1521989322,415042260,0.0,0.0
256,1521989322,418376326,0.0,0.0
257,1521989322,421712414,0.0,0.0
258,1521989322,425043336,0.0,0.0
259,1521989322,428376794,0.0,0.0
260,1521989322,431709763,0.0,0.0
261,1521989322,435044467,0.0,0.0
262,1521989322,438376598,0.0,0.0
263,1521989322,441709197,0.0,0.0
264,1521989322,445042495,0.0,0.0
265,1521989322,448376248,0.0,0.0
266,1521989322,451709866,0.0,0.0
267,1521989322,455042791,0.0,0.0
268,1521989322,458376249,0.0,0.0
269,1521989322,461709250,0.0,0.0
270,1521989322,465054551,0.0,0.0
271,1521989322,469073054,0.0,0.0
272,1521989322,471710574,0.0,0.0
273,1521989322,475042621,0.0,0.0
274,1521989322,478376369,0.0,0.0
275,1521989322,481710821,0.0,0.0
276,1521989322,485042618,0.0,0.0
277,1521989322,488381191,0.0,0.0
278,1521989322,491712078,0.0,0.0
279,1521989322,495044832,0.0,0.0
280,1521989322,498377259,0.0,0.0
281,1521989322,501709916,0.0,0.0
282,1521989322,505043116,0.0,0.0
283,1521989322,508375909,0.0,0.0
284,1521989322,511710354,0.0,0.0
285,1521989322,515042642,0.0,0.0
286,1521989322,518376139,0.0,0.0
287,1521989322,521709369,0.0,0.0
288,1521989322,525043299,0.0,-0.00035098177409
289,1521989322,528376175,0.0,-0.000351082205243
290,1521989322,531709396,0.0,-0.000351031982483
291,1521989322,535043419,0.0,0.0
292,1521989322,538376607,0.0,-0.000351057092067
293,1521989322,541709402,0.0,0.0
294,1521989322,545043061,0.0,0.0
295,1521989322,548376754,0.0,0.0
296,1521989322,551710339,0.0,0.0
297,1521989322,555043653,0.0,0.0
298,1521989322,558376176,0.0,0.0
299,1521989322,561710004,0.0,0.0
300,1521989322,565043205,0.0,0.0
301,1521989322,568376076,0.0,0.0
302,1521989322,571731543,0.0,0.0
303,1521989322,575046069,0.0,0.0
304,1521989322,578380212,0.0,0.0
305,1521989322,581710353,0.0,0.0
306,1521989322,585043517,0.0,0.0
307,1521989322,588376283,0.0,0.0
308,1521989322,591711975,0.0,0.0
309,1521989322,595045650,0.0,0.0
310,1521989322,598376248,0.0,0.0
311,1521989322,601710553,0.0,0.0
312,1521989322,605043355,0.0,0.0
313,1521989322,608376852,0.0,0.0
314,1521989322,611712154,0.0,0.0
315,1521989322,615043404,0.0,0.0
316,1521989322,618376426,0.0,0.0
317,1521989322,621709563,0.0,0.0
318,1521989322,625042558,0.0,0.0
319,1521989322,628376972,0.0,0.0
320,1521989322,631708932,0.0,0.0
321,1521989322,635043187,0.0,0.0
322,1521989322,638376415,0.0,0.0
323,1521989322,641709700,0.0,0.0
324,1521989322,645042275,0.0,0.0
325,1521989322,648376784,0.0,0.0
326,1521989322,651710127,0.0,-0.000351031982483
327,1521989322,655043313,0.0,-0.000351031982483
328,1521989322,658376575,0.0,-0.000351031982483
329,1521989322,661710683,0.0,-0.000350956675279
330,1521989322,665045284,0.0,-0.000350906488424
331,1521989322,668377193,0.0,-0.00105354808167
332,1521989322,671710863,0.0,-0.00105294532227
333,1521989322,675043193,0.0,-0.00105347269901
334,1521989322,678376300,0.0,-0.00140422836827
335,1521989322,681709936,0.0,-0.00175490887045
336,1521989322,685043560,-0.000352453082276,-0.00175503438246
337,1521989322,688376804,-0.000352478291709,-0.0021061918949
338,1521989322,691709645,-0.000352528721395,-0.00210649323146
339,1521989322,695043154,-0.000704956583417,-0.0021061918949
340,1521989322,698376462,-0.00105743487513,-0.0021061918949
341,1521989322,701710568,-0.00105720802268,-0.00210574005167
342,1521989322,705042621,-0.00105781317896,-0.00245810296435
343,1521989322,708376986,-0.00176188737804,-0.0024565210604
344,1521989322,711709291,-0.00176289582757,-0.00245792709664
345,1521989322,715044524,-0.00211366030297,-0.00280664988039
346,1521989322,718376783,-0.00211547499308,-0.00280905953901
347,1521989322,721710005,-0.00211502102849,-0.00280845673654
348,1521989322,725043417,-0.00246717157593,-0.00280805501193
349,1521989322,728376121,-0.00246787759155,-0.00315996589812
350,1521989322,731709013,-0.00246770104976,-0.00280865764195
351,1521989322,735042193,-0.00282002803798,-0.00280845673654
352,1521989322,738386199,-0.0028107794076,-0.00244934029871
353,1521989322,741710398,-0.00318095036702,-0.00246392075089
354,1521989322,745042893,-0.00317321248962,-0.00210679465426
355,1521989322,748376813,-0.00317162406803,-0.00105287002584
356,1521989322,751710576,-0.00281942301159,-0.00035098177409
357,1521989322,755043302,-0.0021153236499,0.0
358,1521989322,758376779,-0.0014098123291,0.0
359,1521989322,761708931,0.0,0.000351157566335
360,1521989322,765043205,0.0,0.0
361,1521989322,768376177,0.0,0.0
362,1521989322,771710139,0.000352402674226,0.0
363,1521989322,775044292,0.000352402674226,0.000350956675279
364,1521989322,778376628,0.000705158331026,0.000351132442377
365,1521989322,781710087,0.000704906164551,0.00140402750596
366,1521989322,785043654,0.000704906164551,0.00175503438246
367,1521989322,788376393,0.00176276970825,0.00245775125409
368,1521989322,791709293,0.00211517232837,0.00280865764195
369,1521989322,795042621,0.00317230462538,0.00280825585987
370,1521989322,798376099,0.00352453082276,0.00351006876491
371,1521989322,801709545,0.00422943698731,0.00421208251789
372,1521989322,805044321,0.00458025215936,0.0049123396053
373,1521989322,808376549,0.00564167028778,0.00561852106136
374,1521989322,811709850,0.00669708754246,0.00702063964966
375,1521989322,815043330,0.00881195729271,0.00772270361463
376,1521989322,818377002,0.00986798054056,0.00877454435225
377,1521989322,821710133,0.0109276086472,0.00912748439374
378,1521989322,825043101,0.0116326156567,0.00982959857788
379,1521989322,828375849,0.0126919418994,0.0105332196604
380,1521989322,831710658,0.0133884293889,0.0112282048121
381,1521989322,835043866,0.0148040882518,0.0119350874044
382,1521989322,838376474,0.0158649273742,0.0126398635925
383,1521989322,841710532,0.0169153283629,0.0140382670112
384,1521989322,845042940,0.0172763791101,0.0154498274646
385,1521989322,848376418,0.0172702010315,0.0168483300716
386,1521989322,851710218,0.0176213938224,0.0186020340268
387,1521989322,855042768,0.0176289582757,0.0193122843307
388,1521989322,858375926,0.0183288711688,0.0214129509315
389,1521989322,861708877,0.0193890796767,0.0224692611356
390,1521989322,865042513,0.0200898256897,0.0231664538484
391,1521989322,868375492,0.0215027137896,0.0245739964447
392,1521989322,871710464,0.0225473216877,0.0252616547463
393,1521989322,875043410,0.0239719530548,0.0270333298037
394,1521989322,878375888,0.0239736680322,0.027386371117
395,1521989322,881709740,0.0246699513514,0.0284295237013
396,1521989322,885043385,0.0253766219238,0.0287825638723
397,1521989322,888377371,0.026430200567,0.0294803607234
398,1521989322,891710269,0.0274972402688,0.0308952340614
399,1521989322,895043665,0.0281982633367,0.0322949423885
400,1521989322,898376160,0.0292619771569,0.0333551955912
401,1521989322,901709613,0.0299606547952,0.0340501023009
402,1521989322,905043133,0.0310158712403,0.0354516945256
403,1521989322,908377226,0.0317162406803,0.0361485375537
404,1521989322,911710135,0.0331376998111,0.0372147137558
405,1521989322,915043756,0.0348903597684,0.0379060316017
406,1521989322,918376323,0.0363156540479,0.0382734362191
407,1521989322,921709685,0.0373600267212,0.038610756414
408,1521989322,925043493,0.0394719221622,0.0386079951499
409,1521989322,928376472,0.0398357455176,0.038970124782
410,1521989322,931710344,0.0419389172974,0.0393099586981
411,1521989322,935043178,0.0430085040102,0.0393212069873
412,1521989322,938376537,0.044764743047,0.0400176460031
413,1521989322,941709821,0.0465271345055,0.0424748698805
414,1521989322,945042990,0.0468796127972,0.042825901863
415,1521989322,948376030,0.0468863199455,0.0452896044764
416,1521989322,951709442,0.0475811661072,0.0477369352028
417,1521989322,955042741,0.0479370476724,0.0494955095301
418,1521989322,958376396,0.0479336191895,0.0501939833382
419,1521989322,961708825,0.0479507665098,0.0505630717022
420,1521989322,965043114,0.0479233366827,0.0519378738484
421,1521989322,968376469,0.0482895259641,0.053005829355
422,1521989322,971710642,0.0500376015363,0.0547453264889
423,1521989322,975043585,0.051821722045,0.0558220706337
424,1521989322,978376318,0.0549944805376,0.0582796460704
425,1521989322,981709654,0.0585113964236,0.0593244050397
426,1521989322,985043174,0.0606219301514,0.059320162127
427,1521989322,988377452,0.0644850780363,0.0593074370296
428,1521989322,991710241,0.0687480186217,0.0593371374202
429,1521989322,995043345,0.0743782395018,0.0593286485593
430,1521989322,998376396,0.0771982675398,0.0596797056514
431,1521989323,1709637,0.0796600939261,0.061781628917
432,1521989323,5042809,0.0817808131016,0.0656476762165
433,1521989323,8376572,0.081763267336,0.0698453730439
434,1521989323,11710566,0.0817574204205,0.0744028151591
435,1521989323,15042790,0.078630779636,0.0772546645937
436,1521989323,18375529,0.0772037899855,0.0786424139745
437,1521989323,21709708,0.0771761856555,0.0803690786388
438,1521989323,25043335,0.0771872250184,0.0803805747165
439,1521989323,28376263,0.0796657920731,0.0803920740834
440,1521989323,31709631,0.0803650505096,0.0793332280412
441,1521989323,35043502,0.0824681230889,0.0793218809443
442,1521989323,38377273,0.0824681230889,0.0793218809443
443,1521989323,41709641,0.0825035247301,0.0821649915161
444,1521989323,45043129,0.0824740212525,0.0863476916168
445,1521989323,48376842,0.0824740212525,0.0902087672582
446,1521989323,51709538,0.0824917208064,0.095143277621
447,1521989323,55043193,0.0845887397462,0.097930918541
448,1521989323,58376927,0.0877545412357,0.0989768602933
449,1521989323,61708854,0.0923889615063,0.0990335196767
450,1521989323,65043000,0.0983203461091,0.0989697824286
451,1521989323,68375780,0.100823214319,0.0997073462891
452,1521989323,71710201,0.103951355304,0.100366431896
453,1521989323,75042760,0.104355966728,0.100416694096
454,1521989323,78375917,0.104341037405,0.10531712762
455,1521989323,81709643,0.104671079305,0.110208277064
456,1521989323,85043409,0.105023507182,0.11582398545
457,1521989323,88376569,0.10539854792,0.119710468395
458,1521989323,91709369,0.107168731304,0.120070114193
459,1521989323,95043614,0.111351282292,0.12001860038
460,1521989323,98376538,0.113866777011,0.120070114193
461,1521989323,101709576,0.114563639043,0.120412582579
462,1521989323,105043117,0.114899704822,0.123554420525
463,1521989323,108376248,0.115268646053,0.12567843896
464,1521989323,111711397,0.115546763229,0.127000907088
465,1521989323,115042643,0.117803583223,0.127506689622
466,1521989323,118376489,0.122644901004,0.128459329317
467,1521989323,121710217,0.125464324016,0.128459329317
468,1521989323,125042873,0.129034742644,0.132367460399
469,1521989323,128376331,0.129359533057,0.136200409203
470,1521989323,131709891,0.129702734277,0.138647716214
471,1521989323,135042324,0.130797512352,0.142198465415
472,1521989323,138376630,0.132141553353,0.142127289923
473,1521989323,141709146,0.135742978723,0.142559771605
474,1521989323,145042319,0.139933881808,0.144625176783
475,1521989323,148376623,0.140246235292,0.146338468884
476,1521989323,151710053,0.140991316683,0.148135496608
477,1521989323,155042978,0.142069074722,0.151667512665
478,1521989323,158376417,0.143800857568,0.152687991274
479,1521989323,161709843,0.148393360809,0.153752008328
480,1521989323,165042850,0.154749038584,0.15797569143
481,1521989323,168378125,0.157819969289,0.162084030593
482,1521989323,171709900,0.158330701207,0.167514144985
483,1521989323,175042498,0.161481257805,0.168894704783
484,1521989323,178376108,0.162821678919,0.168822233337
485,1521989323,181709930,0.163174106796,0.17163008753
486,1521989323,185043118,0.16779166826,0.174124317665
487,1521989323,188376288,0.168849178774,0.175177488941
488,1521989323,191710699,0.168776742404,0.175102337724
489,1521989323,195043210,0.1709886617,0.176958090295
490,1521989323,198376763,0.173419319521,0.177973215119
491,1521989323,201709944,0.175886667563,0.181483534944
492,1521989323,205043133,0.177309262888,0.18676237298
493,1521989323,208376423,0.178001537313,0.190259334506
494,1521989323,211710074,0.177988806549,0.192000761441
495,1521989323,215042977,0.182596815459,0.197996199926
496,1521989323,218376451,0.184698624855,0.200439261998
497,1521989323,221709485,0.186121850507,0.201857827939
498,1521989323,225043043,0.189267305182,0.202881974612
499,1521989323,228375873,0.194243325489,0.205383090067
500,1521989323,231709497,0.196316366828,0.2060410365
501,1521989323,235042561,0.200574494202,0.212740597793
502,1521989323,238376718,0.200517121635,0.215487398621
503,1521989323,241709570,0.20481918713,0.218373131661
504,1521989323,245043255,0.206170307722,0.219012627032
505,1521989323,248376353,0.207977067801,0.21905962545
506,1521989323,251710135,0.208284874981,0.221118517677
507,1521989323,255043029,0.211164704115,0.221532871509
508,1521989323,258375989,0.213279876444,0.224341529151
509,1521989323,261709423,0.215701286353,0.226750442213
510,1521989323,265042667,0.219593975734,0.230979044474
511,1521989323,268375854,0.221019697477,0.233452966225
512,1521989323,271709181,0.225586106694,0.238350716106
513,1521989323,275042063,0.2273810253,0.239086981771
514,1521989323,278376794,0.230069589235,0.24105552206
515,1521989323,281709735,0.231258841235,0.243299968234
516,1521989323,285042958,0.237570368612,0.25168993144
517,1521989323,288376247,0.241800108112,0.254849219283
518,1521989323,291710979,0.244162672803,0.257897829278
519,1521989323,295043534,0.245395099197,0.259135742474
520,1521989323,298376622,0.249219977857,0.25978224813
521,1521989323,301709268,0.250313298571,0.261223847578
522,1521989323,305043379,0.251245140109,0.261093095562
523,1521989323,308376181,0.252781176163,0.261926062222
524,1521989323,311709659,0.256585843897,0.266765226133
525,1521989323,315042916,0.256604196364,0.2685394666
526,1521989323,318376264,0.256604196364,0.2685394666
527,1521989323,321709835,0.262225093213,0.276593418675
528,1521989323,325043020,0.262967614542,0.278037216917
529,1521989323,328376214,0.265768631948,0.282580745899
530,1521989323,331710400,0.272054864503,0.287082560378
531,1521989323,335044166,0.272779176371,0.287805054754
532,1521989323,338376507,0.27818496159,0.291791059615
533,1521989323,341708965,0.278890119921,0.2924933245
534,1521989323,345042195,0.279515285325,0.291707577444
535,1521989323,348375780,0.280552653491,0.292388728117
536,1521989323,351708902,0.281297796789,0.292430557692
537,1521989323,355042283,0.283392546534,0.294164801321
538,1521989323,358375770,0.283724731232,0.295196783129
539,1521989323,361708698,0.284490678166,0.296664463431
540,1521989323,365043077,0.291395336051,0.303885018975
541,1521989323,368376446,0.292556982118,0.309961240533
542,1521989323,371711162,0.295954754912,0.31474061614
543,1521989323,375043203,0.303614106324,0.322736895684
544,1521989323,378376030,0.304937344007,0.32475103985
545,1521989323,381709586,0.30663418158,0.325032367631
546,1521989323,385044143,0.306898836397,0.326343034234
547,1521989323,388375130,0.307933800289,0.327395979751
548,1521989323,391708815,0.306964680387,0.328869922322
549,1521989323,395043535,0.309343184301,0.330881160557
550,1521989323,398376331,0.31201023836,0.333551955912
551,1521989323,401709486,0.311943288162,0.333831415342
552,1521989323,405043116,0.314740602472,0.339774656443
553,1521989323,408375965,0.319391021584,0.344762725549
554,1521989323,411704025,0.324791108007,0.349124127808
555,1521989323,415043488,0.331418223359,0.351081152523
556,1521989323,418376229,0.334221136684,0.351809536657
557,1521989323,421708924,0.336336460334,0.352160643979
558,1521989323,425043009,0.338987131535,0.351984374797
559,1521989323,428376425,0.339436594915,0.353138174378
560,1521989323,431710398,0.340068580628,0.353413372006
561,1521989323,435042860,0.343059528044,0.356399429012
562,1521989323,438376153,0.342961377832,0.36050984601
563,1521989323,441709227,0.34298591012,0.36509937575
564,1521989323,445053092,0.345750517821,0.37057661731
565,1521989323,448376259,0.353212153636,0.375354534711
566,1521989323,451710397,0.355901250364,0.377251448561
567,1521989323,455052649,0.35646960924,0.378113882071
568,1521989323,458375983,0.358489919099,0.38377775883
569,1521989323,461708577,0.359957574424,0.383058088316
570,1521989323,465042759,0.362596422401,0.390235917023
571,1521989323,468376635,0.364057996371,0.390993696336
572,1521989323,471710695,0.365793975847,0.392369562962
573,1521989323,475043100,0.371618440451,0.39888645454
574,1521989323,478376480,0.375741858961,0.399123364083
575,1521989323,481709498,0.379998778118,0.39915191368
576,1521989323,485043520,0.386585733626,0.400090609818
577,1521989323,488375668,0.389275249857,0.401724255887
578,1521989323,491710518,0.389321433545,0.402811847635
579,1521989323,495043424,0.394451421813,0.405119884245
580,1521989323,498376137,0.394860414648,0.409040030145
581,1521989323,501709398,0.396538078172,0.412462579418
582,1521989323,505042746,0.401120295964,0.420887346997
583,1521989323,508376188,0.405350035465,0.421589410962
584,1521989323,511708785,0.407199802605,0.423435430348
585,1521989323,515042016,0.411694644716,0.432822434402
586,1521989323,518375716,0.411665200098,0.434897519972
587,1521989323,521709486,0.41375032695,0.434866418097
588,1521989323,525042454,0.413839114574,0.441980878912
589,1521989323,528376472,0.415130350238,0.443609237552
590,1521989323,531709291,0.416366205088,0.443799655024
591,1521989323,535042449,0.4166293408,0.446161649736
592,1521989323,538376198,0.422238792566,0.448586788156
593,1521989323,541709083,0.424061716212,0.446193564017
594,1521989323,545043997,0.429486721712,0.445970259881
595,1521989323,548376153,0.435819029731,0.450886315174
596,1521989323,551709532,0.435663168552,0.452129193438
597,1521989323,555053742,0.436342393491,0.450646485597
598,1521989323,558376411,0.443081425263,0.4571107947
599,1521989323,561709637,0.442712734386,0.457043641193
600,1521989323,565042754,0.448031954535,0.463044304437
601,1521989323,568376439,0.45146010973,0.467507723088
602,1521989323,571709760,0.452934604846,0.471435952475
603,1521989323,575052519,0.453432147313,0.473275039578
604,1521989323,578376267,0.456001628673,0.477717161295
605,1521989323,581709741,0.454696996304,0.47915865609
606,1521989323,585042647,0.458254556172,0.481650330316
607,1521989323,588376616,0.4623853739,0.486811720663
608,1521989323,591710571,0.463409516607,0.481512558482
609,1521989323,595043085,0.466076310861,0.486985855632
610,1521989323,598376544,0.47655065039,0.491093743494
611,1521989323,601709401,0.476618831326,0.491164005136
612,1521989323,605042966,0.47863128573,0.492813654593
613,1521989323,608375913,0.479404766457,0.49428838563
614,1521989323,611709503,0.479336191895,0.494568688976
615,1521989323,615043358,0.483883474364,0.497692155659
616,1521989323,618376304,0.490719980182,0.503451882319
617,1521989323,621709484,0.490649782058,0.508294310636
618,1521989323,625043194,0.490614690528,0.509310977789
619,1521989323,628376562,0.490649782058,0.515314950285
620,1521989323,631709301,0.488252279132,0.515388677297
621,1521989323,635042727,0.488182434016,0.513910822355
622,1521989323,638375250,0.490049978893,0.514021119427
623,1521989323,641709175,0.489874748263,0.513837317268
624,1521989323,645042408,0.492764651809,0.513910822355
625,1521989323,648376305,0.495513594286,0.515592226138
626,1521989323,651720187,0.497859302571,0.518910237569
627,1521989323,655043956,0.500930744467,0.524575999941
628,1521989323,658376487,0.499921489259,0.523852124443
629,1521989323,661710887,0.501397295284,0.526008826148
630,1521989323,665042942,0.501791955052,0.52642285814
631,1521989323,668376357,0.507179985395,0.532828438513
632,1521989323,671709629,0.509367564361,0.534659951218
633,1521989323,675043154,0.512819234711,0.542656631055
634,1521989323,678375741,0.5129659851,0.542811919832
635,1521989323,681708859,0.512892599408,0.54519166398
636,1521989323,685042564,0.518421406256,0.546478622258
637,1521989323,688376862,0.520813908949,0.550260717529
638,1521989323,691709687,0.521037450222,0.550496897822
639,1521989323,695041982,0.527143567515,0.554126639677
640,1521989323,698376659,0.527785979593,0.554392612598
641,1521989323,701709959,0.529422394146,0.555332596288
642,1521989323,705042597,0.537292207074,0.565633895763
643,1521989323,708375551,0.542189173505,0.568402090289
644,1521989323,711709303,0.545205924866,0.568239492251
645,1521989323,715042959,0.553311766024,0.575961091281
646,1521989323,718376389,0.553390917983,0.577447611185
647,1521989323,721709492,0.553783005959,0.580648430279
648,1521989323,725043173,0.553703792255,0.580565373716
649,1521989323,728376569,0.553703792255,0.580916380593
650,1521989323,731710791,0.558558238648,0.583289994313
651,1521989323,735044833,0.559615446671,0.583640950989
652,1521989323,738377562,0.560520667018,0.58384970732
653,1521989323,741709509,0.561033731895,0.585772733407
654,1521989323,745042594,0.561185579559,0.588020629212
655,1521989323,748376591,0.564901486784,0.594520607922
656,1521989323,751708974,0.565184402318,0.596574019598
657,1521989323,755042121,0.56717813914,0.597148113606
658,1521989323,758375945,0.569171020464,0.601933742564
659,1521989323,761708801,0.572506643545,0.602808146403
660,1521989323,765042886,0.580054801776,0.606453134882
661,1521989323,768375401,0.58136144978,0.607766774405
662,1521989323,771709907,0.58173361526,0.610577289858
663,1521989323,775042375,0.585633993917,0.61167271462
664,1521989323,778376849,0.586314194907,0.61443726123
665,1521989323,781709848,0.586918335406,0.614700968209
666,1521989323,785042709,0.586960321122,0.622117667691
667,1521989323,788376495,0.590316693051,0.622641667235
668,1521989323,791710735,0.595165556302,0.624307280922
669,1521989323,795042802,0.599822990543,0.627212291286
670,1521989323,798376210,0.605161942267,0.633918418943
671,1521989323,801710006,0.605866848432,0.633918418943
672,1521989323,805043762,0.607938086873,0.639488792392
673,1521989323,808377412,0.610757509885,0.64019075594
674,1521989323,811709254,0.611150870239,0.640954280697
675,1521989323,815042752,0.608334020008,0.640587549596
676,1521989323,818376206,0.608334020008,0.640938556473
677,1521989323,821709793,0.608334020008,0.640938556473
678,1521989323,825043353,0.60551439535,0.64023654272
679,1521989323,828376037,0.605687671754,0.640419755352
680,1521989323,831710873,0.60670724757,0.642463844094
681,1521989323,835043185,0.607141323014,0.649946150839
682,1521989323,838377338,0.608951821063,0.652428459343
683,1521989323,841709536,0.612077431331,0.654159740148
684,1521989323,845043380,0.613576932897,0.653879045129
685,1521989323,848376845,0.614369662448,0.655727743279
686,1521989323,851710255,0.614325722406,0.661296955309
687,1521989323,855042256,0.614633434754,0.661628195287
688,1521989323,858376556,0.613489185034,0.655540191547
689,1521989323,861709980,0.612563456995,0.654627824656
690,1521989323,865042510,0.611372273,0.653106342821
691,1521989323,868376085,0.611153644666,0.646905673373
692,1521989323,871709180,0.612651091252,0.644891878127
693,1521989323,875052511,0.615340957189,0.641864445681
694,1521989323,878376889,0.618827183208,0.64338916042
695,1521989323,881710011,0.617586140319,0.642785535575
696,1521989323,885043130,0.620758671861,0.642785535575
697,1521989323,888375991,0.621155607098,0.643884764416
698,1521989323,891709120,0.620758671861,0.645593992311
699,1521989323,895073272,0.615039421164,0.639645925763
700,1521989323,898376879,0.626268761826,0.651324530022
701,1521989323,901709681,0.607054458242,0.636512038106
702,1521989323,905044695,0.606663874161,0.635049931816
703,1521989323,908376452,0.607271666793,0.635686163321
704,1521989323,911710507,0.607542210366,0.635933495605
705,1521989323,915042869,0.611019693834,0.636251985586
706,1521989323,918375769,0.610932274177,0.636160955901
707,1521989323,921710068,0.612784430082,0.636238954643
708,1521989323,925043393,0.610844879531,0.644143687857
709,1521989323,928376489,0.613356098262,0.649455620324
710,1521989323,931709705,0.613312227573,0.649409167594
711,1521989323,935044002,0.610670165229,0.649223423106
712,1521989323,938377307,0.608377531489,0.647654007682
713,1521989323,941709213,0.608638731145,0.646878522143
714,1521989323,945044236,0.605606968457,0.641014489187
715,1521989323,948376219,0.606170323776,0.640908416347
716,1521989323,951710329,0.601903767578,0.639443062358
717,1521989323,955043975,0.605823519615,0.637382901747
718,1521989323,958376319,0.607493902179,0.637305382914
719,1521989323,961709833,0.607320096614,0.637123048207
720,1521989323,965042806,0.602780993119,0.631551708629
721,1521989323,968376221,0.605205226864,0.636772016225
722,1521989323,971709194,0.602780993119,0.634360165365
723,1521989323,975044359,0.60137934564,0.633997362869
724,1521989323,978376556,0.601852635531,0.636251985586
725,1521989323,981709500,0.6014139987,0.636160955901
726,1521989323,985043743,0.599394086009,0.634133365163
727,1521989323,988377602,0.590316693051,0.624045594332
728,1521989323,991710388,0.588017907287,0.621766585486
729,1521989323,995044253,0.586792414287,0.621588721913
730,1521989323,998376695,0.587044310579,0.621855555449
731,1521989324,1709663,0.586213328396,0.618913653314
732,1521989324,5043866,0.577194305046,0.61307747036
733,1521989324,8376229,0.576508182533,0.609960692724
734,1521989324,11710203,0.57617837236,0.609611744959
735,1521989324,15043573,0.573129702318,0.608689457626
736,1521989324,18376635,0.565768125121,0.599254456159
737,1521989324,21709656,0.563300600587,0.59609494233
738,1521989324,25042719,0.563300600587,0.591882257225
739,1521989324,28385851,0.560207559565,0.584509307207
740,1521989324,31710120,0.563381653893,0.588173082106
741,1521989324,35043385,0.557268179191,0.586574442729
742,1521989324,38376068,0.555977565981,0.586700335084
743,1521989324,41709703,0.552293979926,0.588287524999
744,1521989324,45044287,0.550374262287,0.599348282228
745,1521989324,48376443,0.548260602373,0.607107992869
746,1521989324,51711142,0.547907796323,0.615139074207
747,1521989324,55044459,0.548103743607,0.618869385118
748,1521989324,58376317,0.553981139414,0.619135089326
749,1521989324,61709661,0.555153309441,0.618869385118
750,1521989324,65043284,0.561810213147,0.611453978847
751,1521989324,68377382,0.566622980778,0.606760701919
752,1521989324,71709318,0.567028435505,0.601575954632
753,1521989324,75042193,0.566866184003,0.59859515994
754,1521989324,78376470,0.558165921363,0.585353875535
755,1521989324,81709910,0.555153309441,0.580606899027
756,1521989324,85043511,0.553703792255,0.577757318704
757,1521989324,88376781,0.553038439691,0.577096579202
758,1521989324,91710265,0.539605668964,0.577055304951
759,1521989324,95043684,0.534709568522,0.574990387308
760,1521989324,98376072,0.533452277421,0.575154940613
761,1521989324,101709575,0.533261513483,0.574949263692
762,1521989324,105043194,0.52973698266,0.571439194927
763,1521989324,108376615,0.527307524396,0.571480067483
764,1521989324,111710168,0.523392827179,0.571439194927
765,1521989324,115042721,0.518254294225,0.562473929865
766,1521989324,118386032,0.514131250924,0.5585690596
767,1521989324,121709449,0.517229538109,0.557710064209
768,1521989324,125042648,0.508273696644,0.549716084569
769,1521989324,128375520,0.500590784381,0.54839040459
770,1521989324,131709719,0.495090353229,0.537276249067
771,1521989324,135043019,0.494914920666,0.531851494482
772,1521989324,138376265,0.484657651099,0.530409325532
773,1521989324,141709707,0.482860722718,0.529318369749
774,1521989324,145042485,0.481236130352,0.52841651963
775,1521989324,148376025,0.478278832648,0.528265349119
776,1521989324,151709610,0.471582224085,0.524053266601
777,1521989324,155042956,0.465976301639,0.522686621918
778,1521989324,158375697,0.455114579321,0.516793006118
779,1521989324,161709845,0.444379772199,0.506781439103
780,1521989324,165042379,0.44033987312,0.505243436377
781,1521989324,168375406,0.433226807335,0.494639442723
782,1521989324,171709665,0.428491010339,0.486742101539
783,1521989324,175043194,0.426498732967,0.485828263757
784,1521989324,178375978,0.426207224166,0.482386950004
785,1521989324,181709871,0.42573287475,0.481196012277
786,1521989324,185042885,0.421946695183,0.472873903014
787,1521989324,188376020,0.421241688174,0.47041650337
788,1521989324,191709963,0.4211211957,0.463613768043
789,1521989324,195043884,0.420798884479,0.462242996476
790,1521989324,198376291,0.420626944457,0.458227837301
791,1521989324,201709419,0.415924384216,0.454235385333
792,1521989324,205042938,0.415571905924,0.448618873614
793,1521989324,208376046,0.407494051489,0.440225593452
794,1521989324,211709694,0.400005639769,0.42995267326
795,1521989324,215043368,0.391222921326,0.422612279295
796,1521989324,218376022,0.387104227931,0.415711069263
797,1521989324,221709471,0.380296875775,0.412082073001
798,1521989324,225042691,0.379646274614,0.410034683534
799,1521989324,228375642,0.375416232557,0.40933256935
800,1521989324,231708646,0.369071169471,0.403715655877
801,1521989324,235042907,0.368965599915,0.403249219895
802,1521989324,238376949,0.359450727711,0.392720519637
803,1521989324,241708764,0.350161216701,0.384896232502
804,1521989324,245042911,0.343945010045,0.382893732729
805,1521989324,248376208,0.337674203457,0.382975892889
806,1521989324,251709690,0.336240240491,0.378385412857
807,1521989324,255043822,0.330906111098,0.376927469249
808,1521989324,258376569,0.318685964141,0.361965753606
809,1521989324,261709796,0.315138133245,0.360184576461
810,1521989324,265043084,0.314058157912,0.354893334291
811,1521989324,268375392,0.309564507321,0.343056396202
812,1521989324,271709569,0.301282741645,0.332332206314
813,1521989324,275043707,0.295313441001,0.328495448061
814,1521989324,278376247,0.288389124269,0.32442316554
815,1521989324,281709848,0.281610012738,0.323628340125
816,1521989324,285043319,0.279867763617,0.321545295955
817,1521989324,288376521,0.279867763617,0.321194263972
818,1521989324,291710808,0.279435338157,0.320049601012
819,1521989324,295043742,0.279202747345,0.319133724566
820,1521989324,298376661,0.278850218623,0.31070775164
821,1521989324,301709863,0.275285545824,0.304695760795
822,1521989324,305042845,0.27285723036,0.299473121073
823,1521989324,308375908,0.265082635571,0.287164701311
824,1521989324,311709714,0.262558767954,0.286401127657
825,1521989324,315043483,0.256567494054,0.285348182335
826,1521989324,318376086,0.250313298571,0.283343608865
827,1521989324,321709621,0.246717157593,0.280805501193
828,1521989324,325042667,0.238997376219,0.280494616562
829,1521989324,328378247,0.234951774881,0.279241701579
830,1521989324,331890480,0.223118064797,0.265177260731
831,1521989324,335079354,0.243544473765,0.290246916961
832,1521989324,338378534,0.233988244607,0.277009086716
833,1521989324,341709484,0.222572998834,0.248357250734
834,1521989324,345042615,0.221356367193,0.243967227826
835,1521989324,348377110,0.21986782309,0.24037094457
836,1521989324,351710420,0.219962186963,0.240474108066
837,1521989324,355043032,0.210122149223,0.235593013071
838,1521989324,358386077,0.20911135379,0.23345371731
839,1521989324,361709847,0.209265863701,0.234458090952
840,1521989324,365043487,0.202308069226,0.23306856599
841,1521989324,368376162,0.198826198867,0.232065337666
842,1521989324,371708971,0.193904667907,0.229624188597
843,1521989324,375042615,0.193130476294,0.226734226062
844,1521989324,378346577,0.187404782154,0.221696429505
845,1521989324,381709648,0.182725521099,0.215378565973
846,1521989324,385042660,0.183301822469,0.211336369424
847,1521989324,388376441,0.182910067877,0.203218447198
848,1521989324,391709200,0.182270387833,0.196268993005
849,1521989324,395042555,0.181865790454,0.195510830206
850,1521989324,398375614,0.178027004304,0.190988719652
851,1521989324,401709437,0.173746943089,0.184967394945
852,1521989324,405042930,0.172702010315,0.184980623911
853,1521989324,408376143,0.169542058312,0.184642822786
854,1521989324,411709535,0.164607362228,0.183940758821
855,1521989324,415043275,0.162116823166,0.183914449623
856,1521989324,418375465,0.158319372451,0.178036886132
857,1521989324,421709987,0.157501469425,0.176856870166
858,1521989324,425043360,0.150155752268,0.172356703399
859,1521989324,428379343,0.149685504107,0.171168934804
860,1521989324,431710862,0.143177872658,0.165418885593
861,1521989324,435043644,0.139963914835,0.16045604616
862,1521989324,438376067,0.134332662061,0.153444877319
863,1521989324,441710069,0.132503405509,0.151964240396
864,1521989324,445044037,0.131446197486,0.151262327045
865,1521989324,448377169,0.127958772224,0.146741864484
866,1521989324,451710069,0.126910339702,0.141486128713
867,1521989324,455043209,0.124424836973,0.135849377221
868,1521989324,458376472,0.120556198624,0.130593238249
869,1521989324,461709792,0.120547575764,0.130232865501
870,1521989324,465043031,0.120195097473,0.130232865501
871,1521989324,468376230,0.118088674091,0.12743372442
872,1521989324,471708912,0.114571834453,0.12322985404
873,1521989324,475043564,0.111343320667,0.119659112553
874,1521989324,478376074,0.10682384432,0.115865416264
875,1521989324,481709503,0.101866226304,0.115840554219
876,1521989324,485042426,0.0994130994333,0.114452798909
877,1521989324,488375972,0.0986868630372,0.114428241736
878,1521989324,491709435,0.0972770507081,0.114428241736
879,1521989324,495042635,0.0969384638057,0.111285098185
880,1521989324,498376172,0.093400066803,0.105302062947
881,1521989324,501710027,0.0898691084943,0.0982748967452
882,1521989324,505043289,0.0874146163437,0.0961827632004
883,1521989324,508376144,0.0810816059208,0.0937389488
884,1521989324,511710725,0.0796316154141,0.0933411259208
885,1521989324,515042954,0.0793303122405,0.0926989647874
886,1521989324,518376002,0.0789607850636,0.0926790723057
887,1521989324,521709900,0.0789438443244,0.0912552612634
888,1521989324,525043090,0.0789607850636,0.0863600446485
889,1521989324,528375624,0.0789720829295,0.082159113351
890,1521989324,531710110,0.0757557403276,0.0768485209649
891,1521989324,535042217,0.0733417137412,0.0737430889304
892,1521989324,538376218,0.0697757294968,0.0726480317827
893,1521989324,541709869,0.065203820221,0.0726584234337
894,1521989324,545042893,0.0623931203404,0.0726688180579
895,1521989324,548376337,0.0599213095905,0.0730146523565
896,1521989324,551710658,0.0584946609509,0.0729937686519
897,1521989324,555043798,0.0578105747787,0.07301987515
898,1521989324,558376116,0.0578229831442,0.0702264884753
899,1521989324,561709505,0.0585113964236,0.0659940127068
900,1521989324,565042833,0.0578064398402,0.0614305969346
901,1521989324,568375261,0.0578188464305,0.0561771715221
902,1521989324,571710774,0.0574170004582,0.0519193113489
903,1521989324,575041953,0.0553747382215,0.0488248756403
904,1521989324,578376557,0.0539098989308,0.0484250954025
905,1521989324,581709279,0.0500590784381,0.0484493443236
906,1521989324,585042604,0.0479370476724,0.0484424135827
907,1521989324,588375865,0.044767945103,0.0494990499815
908,1521989324,591709031,0.042297395005,0.0508996374601
909,1521989324,595041886,0.0405408029604,0.0516090841708
910,1521989324,598375783,0.0387670664093,0.0515943207912
911,1521989324,601709620,0.03770978278,0.0515943207912
912,1521989324,605043109,0.0370075736389,0.0491409627087
913,1521989324,608376336,0.0348978469701,0.0435310794163
914,1521989324,611710485,0.0348853700852,0.0407080632866
915,1521989324,615043419,0.0345478146967,0.0372147137558
916,1521989324,618376369,0.0331376998111,0.0319484806772
917,1521989324,621708874,0.0331400705151,0.0284396930831
918,1521989324,625042789,0.0327757925097,0.0270255966049
919,1521989324,628376096,0.0324280028372,0.0252743027388
920,1521989324,631710741,0.0324140922047,0.0252634608273
921,1521989324,635043303,0.0317298547485,0.0252797271849
922,1521989324,638385630,0.0312877664915,0.0255576975844
923,1521989324,641709561,0.0303979281085,0.0256970165499
924,1521989324,645043045,0.0292536058289,0.0256235019838
925,1521989324,648376541,0.0267883501699,0.0242212067913
926,1521989324,651709675,0.0250277488371,0.0235208251685
927,1521989324,655042998,0.0225586106694,0.0224660468789
928,1521989324,658376167,0.0204437409191,0.0207108869665
929,1521989324,661709947,0.0183262495753,0.019654979349
930,1521989324,665042551,0.0169225891992,0.0182575807447
931,1521989324,668375821,0.0148051471994,0.0168507404192
932,1521989324,671709067,0.0144516099601,0.0161474711942
933,1521989324,675042694,0.014098123291,0.0154443025656
934,1521989324,678375991,0.0137466533766,0.0143923112818
935,1521989324,681709929,0.0133913016206,0.0140382670112
936,1521989324,685042626,0.0133970497827,0.0133420782365
937,1521989324,688375924,0.0130416967932,0.0126371513694
938,1521989324,691709439,0.0123358578796,0.0119342338007
939,1521989324,695044141,0.0119799775402,0.0112290076296
940,1521989324,698376013,0.0109315183462,0.0101842981228
941,1521989324,701709903,0.00986727487833,0.0101777435831
942,1521989324,705042748,0.00881321803487,0.00912813733633
943,1521989324,708376587,0.00775341328186,0.00877454435225
944,1521989324,711667132,0.00678443452874,0.00853464789003
945,1521989324,715046661,0.00521481375278,0.00796323791064
946,1521989324,718379879,0.0042297395005,0.00772270361463
947,1521989324,721990562,0.00357950270471,0.00680555606769
948,1521989324,725462872,0.00270694808919,0.00673960195976
949,1521989324,728375795,0.00282337477285,0.00763200071983
950,1521989324,731710404,0.00211411368356,0.00631631679163
951,1521989324,735042475,0.00141041757195,0.00491620592869
952,1521989324,738375950,0.00105743487513,0.00456341577228
953,1521989324,741709351,0.000352478291709,0.0042123837898
954,1521989324,745043279,0.000352402674226,0.00315861007751
955,1521989324,748376673,0.0,0.00280825585987
956,1521989324,751710112,0.0,0.00210604125895
957,1521989324,755043254,0.0,0.00175528546034
958,1521989324,758376561,0.0,0.00105309594745
959,1521989324,761709737,0.0,0.000702114184134
960,1521989324,765043044,0.0,0.0
961,1521989324,768376241,-0.000352478291709,0.0
962,1521989324,771710382,-0.000352402674226,0.0
963,1521989324,775062969,-0.000350447944558,0.0
964,1521989324,778376124,-0.000354634354949,0.0
965,1521989324,781709563,0.0,0.0
966,1521989324,785042411,0.0,0.0
967,1521989324,788376468,0.0,0.0
968,1521989324,791709970,0.0,0.0
969,1521989324,795044168,0.0,0.0
970,1521989324,798376441,0.0,0.0
971,1521989324,801709889,0.0,0.0
972,1521989324,805043006,0.0,0.0
973,1521989324,808375660,0.0,0.0
974,1521989324,811709931,0.0,0.0
975,1521989324,815043670,0.0,0.0
976,1521989324,818376570,0.0,0.0
977,1521989324,821710434,0.0,0.0
978,1521989324,825044079,0.0,0.0
979,1521989324,828377009,0.0,0.0
980,1521989324,831709939,0.0,0.0
981,1521989324,835043677,0.0,0.0
982,1521989324,838376442,0.0,0.0
983,1521989324,841710226,0.0,0.0
984,1521989324,845043532,0.0,0.0
985,1521989324,848376377,0.0,0.0
986,1521989324,851710950,0.0,0.0
987,1521989324,855043905,0.0,0.0
988,1521989324,858376387,0.0,0.0
989,1521989324,861709828,0.0,0.0
990,1521989324,865042626,0.0,0.0
991,1521989324,868376327,0.0,0.0
992,1521989324,871710785,0.0,0.0
993,1521989324,875042908,0.0,0.0
994,1521989324,878375439,0.0,0.0
995,1521989324,881709451,0.0,0.0
996,1521989324,885042823,0.0,0.0
997,1521989324,888375815,0.0,0.0
998,1521989324,891710441,0.0,0.0
999,1521989324,895043342,0.0,0.0
1000,1521989324,898374939,0.0,0.0
1001,1521989324,901709445,0.0,0.0
1002,1521989324,905042485,0.0,0.0
1003,1521989324,908375898,0.0,0.0
1004,1521989324,911708670,-0.00035255394165,0.0
1005,1521989324,915042863,0.0,0.0
1006,1521989324,918375485,0.0,0.0
1007,1521989324,921710067,0.0,0.0
1008,1521989324,925042897,0.0,-0.000702164410487
1009,1521989324,928377782,0.0,-0.00385941947513
1010,1521989324,931710049,0.0,-0.0059696786277
1011,1521989324,935043391,0.0,-0.010179927492
1012,1521989324,938375832,0.0,-0.0133420782365
1013,1521989324,941709762,0.0,-0.0164961433822
1014,1521989324,945042825,-0.000705007009496,-0.0182549687875
1015,1521989324,948376613,-0.00176213938224,-0.0182510522527
1016,1521989324,951709909,-0.00281982633367,-0.0182536630891
1017,1521989324,955043614,-0.00563924931641,-0.0182523575775
1018,1521989324,958376443,-0.00810816059208,-0.0168519458517
1019,1521989324,961709484,-0.0102226016377,-0.015446512051
1020,1521989324,965042868,-0.0123367402098,-0.0140412792993
1021,1521989324,968376094,-0.0133941750849,-0.0122861193869
1022,1521989324,971709295,-0.0133951331804,-0.0112338269461
1023,1521989324,975042996,-0.013392259305,-0.0112314167709
1024,1521989324,978375887,-0.0130435626916,-0.0112346305678
1025,1521989324,981709417,-0.0119834047974,-0.0112322200477
1026,1521989324,985043239,-0.0112776920463,-0.0122843620931
1027,1521989324,988376258,-0.0105758616418,-0.0126389593888
1028,1521989324,991708698,-0.00951895642454,-0.0133420782365
1029,1521989324,995043622,-0.00916050431871,-0.0136843746148
1030,1521989324,998375931,-0.00846189997232,-0.0136941652527
1031,1521989325,1709417,-0.00810642089234,-0.0136892681832
1032,1521989325,5043019,-0.00740151472779,-0.0133382613067
1033,1521989325,8376133,-0.00705007009496,-0.0133401694985
1034,1521989325,11709436,-0.00634460925075,-0.0122861193869
1035,1521989325,15043940,-0.00598998877009,-0.0119308206064
1036,1521989325,18376244,-0.00599384581372,-0.0115873705984
1037,1521989325,21710085,-0.00599127389962,-0.0112314167709
1038,1521989325,25042884,-0.00599341700804,-0.0105332196604
1039,1521989325,28376103,-0.00599213095905,-0.00982889550953
1040,1521989325,31709468,-0.00599213095905,-0.00947786352705
1041,1521989325,35043727,-0.00634279456094,-0.00877328950143
1042,1521989325,38376195,-0.00634642497924,-0.00807604617466
1043,1521989325,41709405,-0.00634460925075,-0.00807373559711
1044,1521989325,45042573,-0.00599255958072,-0.00737219893341
1045,1521989325,48375578,-0.00564005607597,-0.00737219893341
1046,1521989325,51710557,-0.00528452852057,-0.00736798263433
1047,1521989325,55043971,-0.00458221779221,-0.00666960766718
1048,1521989325,58376220,-0.00387837082065,-0.00667151640516
1049,1521989325,61709381,-0.00352503504748,-0.00631902765721
1050,1521989325,65042990,-0.00317207774048,-0.00596711690035
1051,1521989325,68376217,-0.00281982633367,-0.00561651171973
1052,1521989325,71710460,-0.00246681871958,-0.0049133934539
1053,1521989325,75042108,-0.00246858401135,-0.00491690955055
1054,1521989325,78376619,-0.00246646596415,-0.00456178434951
1055,1521989325,81709404,-0.00246770104976,-0.00351082205243
1056,1521989325,85002848,-0.00249717626861,-0.00319748105718
1057,1521989325,88376692,-0.00243770708605,-0.00312133441622
1058,1521989325,91710673,-0.00246699513514,-0.00210589064454
1059,1521989325,95043926,-0.00211486975025,-0.0021061918949
1060,1521989325,98376521,-0.0021153236499,-0.00175553661007
1061,1521989325,101709557,-0.00211502102849,-0.00140422836827
1062,1521989325,105042958,-0.00140991316683,-0.00140412792993
1063,1521989325,108376119,-0.00141001401899,-0.00140422836827
1064,1521989325,111710201,-0.00105713242682,-0.00105279474017
1065,1521989325,115043551,-0.00105743487513,-0.00105309594745
1066,1521989325,118375425,-0.00070525924814,-0.000702365387778
1067,1521989325,121709679,-0.000352402674226,-0.000350956675279
1068,1521989325,125042806,-0.000352478291709,-0.000351031982483
1069,1521989325,128375297,-0.000352579165513,-0.000351132442377
1070,1521989325,131710513,-0.000352276717162,0.0
1071,1521989325,135069586,0.0,0.0
1072,1521989325,138375878,0.0,0.0
1073,1521989325,141709418,0.0,0.0
1074,1521989325,145043045,0.0,0.0
1075,1521989325,148375910,0.0,0.0
1076,1521989325,151709648,0.0,0.0
1077,1521989325,155042495,0.0,0.0
1078,1521989325,158375829,0.0,0.0
1079,1521989325,161709426,0.0,0.0
1080,1521989325,165042802,0.0,0.0
1081,1521989325,168376044,0.0,0.0
1082,1521989325,171709499,0.0,0.0
1083,1521989325,175039114,0.0,0.0
1084,1521989325,178375840,0.0,0.0
1085,1521989325,181709507,0.0,0.0
1086,1521989325,185042791,0.0,0.0
1087,1521989325,188376135,0.0,0.0
1088,1521989325,191709742,0.0,0.0
1089,1521989325,195042576,0.0,0.0
1090,1521989325,198376179,0.0,0.0
1091,1521989325,201709294,0.0,0.0
1092,1521989325,205042959,0.0,0.0
1093,1521989325,208375520,0.0,0.0
1094,1521989325,211709487,0.0,0.0
1095,1521989325,215072648,0.0,0.0
1096,1521989325,218376145,0.0,0.0
1097,1521989325,221709996,0.0,0.0
1098,1521989325,225042278,0.0,0.0
1099,1521989325,228376154,0.0,0.0
1100,1521989325,231709709,0.0,0.0
1101,1521989325,235043737,0.0,0.0
1102,1521989325,238376093,0.0,0.0
1103,1521989325,241709541,0.0,0.0
1104,1521989325,245042558,0.0,0.0
1105,1521989325,248375966,0.0,0.0
1106,1521989325,251709420,0.0,0.0
1107,1521989325,255043518,0.0,0.0
1108,1521989325,258376025,0.0,0.0
1109,1521989325,261709314,0.0,0.0
1110,1521989325,265042882,0.0,0.0
1111,1521989325,268376224,0.0,0.0
1112,1521989325,271709442,0.0,0.0
1113,1521989325,275043211,0.0,0.0
1114,1521989325,278376624,0.0,0.0
1115,1521989325,281710170,0.0,0.0
1116,1521989325,285042850,0.0,0.0
1117,1521989325,288376093,0.0,0.0
1118,1521989325,291710377,0.0,0.0
1119,1521989325,295043909,0.0,0.0
1120,1521989325,298376475,0.0,0.0
1121,1521989325,301709848,0.0,0.0
1122,1521989325,305042789,0.0,0.0
1123,1521989325,308376200,0.0,0.0
1124,1521989325,311710555,0.0,0.0
1125,1521989325,315043612,0.0,0.0
1126,1521989325,318375082,0.0,0.0
1127,1521989325,321709557,0.0,0.0
1128,1521989325,325042712,0.0,0.0
1129,1521989325,328375346,0.0,0.0
1130,1521989325,331710295,0.0,0.0
1131,1521989325,335043271,0.0,0.0
1132,1521989325,338376311,0.0,0.0
1133,1521989325,341709488,0.0,0.0
1134,1521989325,345069405,0.0,0.0
1135,1521989325,348375841,0.0,0.0
1136,1521989325,351710644,0.0,0.0
1137,1521989325,355043858,0.0,0.0
1138,1521989325,358376536,0.0,0.0
1139,1521989325,361709589,0.0,0.0
1140,1521989325,365042310,0.0,0.0
1141,1521989325,368376190,0.0,0.0
1142,1521989325,371709836,0.0,0.0
1143,1521989325,375043277,0.0,0.0
1144,1521989325,378376318,0.0,0.0
1145,1521989325,381709189,0.0,0.0
1146,1521989325,385043480,0.0,0.0
1147,1521989325,388375735,0.0,0.0
1148,1521989325,391709604,0.0,0.0
1149,1521989325,395042630,0.0,0.0
1150,1521989325,398376525,0.0,0.0
1151,1521989325,401709689,0.0,0.0
1152,1521989325,405042975,0.0,0.0
1153,1521989325,408376622,0.0,0.0
1154,1521989325,411709684,0.0,0.0
1155,1521989325,415044080,0.0,0.0
1156,1521989325,418376360,0.0,0.0
1157,1521989325,421709650,0.0,0.0
1158,1521989325,425043100,0.0,0.0
1159,1521989325,428376159,0.0,0.0
1160,1521989325,431710237,0.0,0.0
1161,1521989325,435070524,0.0,0.0
1162,1521989325,438376597,0.0,0.0
1163,1521989325,441709411,0.0,0.0
1164,1521989325,445042792,0.0,0.0
1165,1521989325,448376604,0.0,0.0
1166,1521989325,451709227,0.0,0.0
1167,1521989325,455042929,0.0,0.0
1168,1521989325,458376386,0.0,0.0
1169,1521989325,461709029,0.0,0.0
1170,1521989325,465042630,0.0,0.0
1171,1521989325,468375868,0.0,0.0
1172,1521989325,471708995,0.0,0.0
1173,1521989325,475042442,0.0,0.0
1174,1521989325,478376281,0.0,0.0
1175,1521989325,481709601,0.0,0.0
1176,1521989325,485043023,0.0,0.0
1177,1521989325,488375952,0.0,0.0
1178,1521989325,491709446,0.0,0.0
1179,1521989325,495055352,0.0,0.0
1180,1521989325,498376295,0.0,0.0
1181,1521989325,501709728,0.0,0.0
1182,1521989325,505042655,0.0,0.0
1183,1521989325,508386657,0.0,0.0
1184,1521989325,511709645,0.0,0.0
1185,1521989325,515043598,0.0,0.0
1186,1521989325,518375651,0.0,0.0
1187,1521989325,521709098,0.0,0.0
1188,1521989325,525042694,0.0,0.0
1189,1521989325,528376014,0.0,0.0
1190,1521989325,531722927,0.0,0.0
1191,1521989325,535043149,0.0,0.0
1192,1521989325,538376017,0.0,0.0
1193,1521989325,541709506,0.0,0.0
1194,1521989325,545042647,0.0,0.0
1195,1521989325,548376556,0.0,0.0
1196,1521989325,551708746,0.0,0.0
1197,1521989325,555043683,0.0,0.0
1198,1521989325,558376188,0.0,0.0
1199,1521989325,561708966,0.0,0.0
1200,1521989325,565043226,0.0,0.0
1201,1521989325,568376043,0.0,0.0
1202,1521989325,571709934,0.0,0.0
1203,1521989325,575042166,0.0,0.0
1204,1521989325,578376166,0.0,0.0
1205,1521989325,581709379,0.0,0.0
1206,1521989325,585042961,0.0,0.0
1207,1521989325,588376187,0.0,0.0
1208,1521989325,591709129,0.0,0.0
1209,1521989325,595044295,0.0,0.0
1210,1521989325,598375483,0.0,0.0
1211,1521989325,601709699,0.0,0.0
1212,1521989325,605043114,0.0,0.0
1213,1521989325,608376325,0.0,0.0
1214,1521989325,611710454,0.0,0.0
1215,1521989325,615043865,0.0,0.0
1216,1521989325,618376653,0.0,0.0
1217,1521989325,621709280,0.0,0.0
1218,1521989325,625021380,0.0,0.0
1219,1521989325,628375940,0.0,0.0
1220,1521989325,631710112,0.0,0.0
1221,1521989325,635043305,0.0,0.0
1222,1521989325,638375579,0.0,0.0
1223,1521989325,641709407,0.0,0.0
1224,1521989325,645042644,0.0,0.0
1225,1521989325,648375970,0.0,0.0
1226,1521989325,651708992,0.0,0.0
1227,1521989325,655042739,0.0,0.0
1228,1521989325,658375652,0.0,0.0
1229,1521989325,661709108,0.0,0.0
1230,1521989325,665042745,0.0,0.0
1231,1521989325,668376486,0.0,0.0
1232,1521989325,671709811,0.0,0.0
1233,1521989325,675042650,0.0,0.0
1234,1521989325,678376094,0.0,0.0
1235,1521989325,681709665,0.0,0.0
1236,1521989325,685042573,0.0,0.0
1237,1521989325,688376066,0.0,0.0
1238,1521989325,691710546,0.0,0.0
1239,1521989325,695043301,0.0,0.0
1240,1521989325,698375870,0.0,0.0
1241,1521989325,701709452,0.0,0.0
