262,1521989112,172712091,0.0,0.0,0.0,0.0,0.0,0.0
263,1521989112,182710570,0.0,0.0,0.0,0.0,0.0,0.0
264,1521989112,192709774,0.0,0.0,0.0,0.0,0.0,0.0
265,1521989112,202711811,0.0,0.0,0.0,0.0,0.0,0.0
266,1521989112,212709100,0.0,0.0,0.0,0.0,0.0,0.0
267,1521989112,222710847,0.0,0.0,0.0,0.0,0.0,0.0
268,1521989112,232708673,0.0,0.0,0.0,0.0,0.0,0.0
269,1521989112,242710230,0.0,0.0,0.0,0.0,0.0,0.0
270,1521989112,252709893,0.0,0.0,0.0,0.0,0.0,0.0
271,1521989112,262712221,0.0,0.0,0.0,0.0,0.0,0.0
272,1521989112,272711561,0.0,0.0,0.0,0.0,0.0,0.0
273,1521989112,282711213,0.0,0.0,0.0,0.0,0.0,0.0
274,1521989112,292710759,0.0,0.0,0.0,0.0,0.0,0.0
275,1521989112,302710484,0.0,0.0,0.0,0.0,0.0,0.0
276,1521989112,312709550,0.0,0.0,0.0,0.0,0.0,0.0
277,1521989112,322712148,0.0,0.0,0.0,0.0,0.0,0.0
278,1521989112,332709076,0.0,0.0,0.0,0.0,0.0,0.0
279,1521989112,342710694,0.0,0.0,0.0,0.0,0.0,0.0
280,1521989112,352710273,0.0,0.0,0.0,0.0,0.0,0.0
281,1521989112,362710149,0.0,0.0,0.0,0.0,0.0,0.0
282,1521989112,372712265,0.0,0.0,0.0,0.0,0.0,0.0
283,1521989112,382712060,0.0,0.0,0.0,0.0,0.0,0.0
284,1521989112,392711592,0.0,0.0,0.0,0.0,0.0,0.0
285,1521989112,402710163,0.0,0.0,0.0,0.0,0.0,0.0
286,1521989112,412710293,0.0,0.0,0.0,0.0,0.0,0.0
287,1521989112,422705018,0.0,0.0,0.0,0.0,0.0,0.0
288,1521989112,432709477,0.0,0.0,0.0,0.0,0.0,0.0
289,1521989112,442711460,0.0,0.0,0.0,0.0,0.0,0.0
290,1521989112,452709854,0.0,0.0,0.0,0.0,0.0,0.0
291,1521989112,462710905,0.0,0.0,0.0,0.0,0.0,0.0
292,1521989112,472710236,0.0,0.0,0.0,0.0,0.0,0.0
293,1521989112,482710188,0.0,0.0,0.0,0.0,0.0,0.0
294,1521989112,492712058,0.0,0.0,0.0,0.0,0.0,0.0
295,1521989112,502712048,0.0,0.0,0.0,0.0,0.0,0.0
296,1521989112,512711760,0.0,0.0,0.0,0.0,0.0,0.0
297,1521989112,522713143,0.0,0.0,0.0,0.0,0.0,0.0
298,1521989112,532712513,0.0,0.0,0.0,0.0,0.0,0.0
299,1521989112,542709888,0.0,0.0,0.0,0.0,0.0,0.0
300,1521989112,552709453,0.0,0.0,0.0,0.0,0.0,0.0
301,1521989112,562710911,0.0,0.0,0.0,0.0,0.0,0.0
302,1521989112,572711398,0.0,0.0,0.0,0.0,0.0,0.0
303,1521989112,582710778,0.0,0.0,0.0,0.0,0.0,0.0
304,1521989112,592710811,0.0,0.0,0.0,0.0,0.0,0.0
305,1521989112,602712510,0.0,0.0,0.0,0.0,0.0,0.0
306,1521989112,612711721,0.0,0.0,0.0,0.0,0.0,0.0
307,1521989112,622711200,0.0,0.0,0.0,0.0,0.0,0.0
308,1521989112,632710664,0.0,0.0,0.0,0.0,0.0,0.0
309,1521989112,642710521,0.0,0.0,0.0,0.0,0.0,0.0
310,1521989112,652709921,0.0,0.0,0.0,0.0,0.0,0.0
311,1521989112,662709584,0.0,0.0,0.0,0.0,0.0,0.0
312,1521989112,672711620,0.0,0.0,0.0,0.0,0.0,0.0
313,1521989112,682711117,0.0,0.0,0.0,0.0,0.0,0.0
314,1521989112,692710570,0.0,0.0,0.0,0.0,0.0,0.0
315,1521989112,702713102,0.0,0.0,0.0,0.0,0.0,0.0
316,1521989112,712712562,0.0,0.0,0.0,0.0,0.0,0.0
317,1521989112,722712394,0.0,0.0,0.0,0.0,0.0,0.0
318,1521989112,732711217,0.0,0.0,0.0,0.0,0.0,0.0
319,1521989112,742710922,0.0,0.0,0.0,0.0,0.0,0.0
320,1521989112,752716243,0.0,0.0,0.0,0.0,0.0,0.0
321,1521989112,762713740,0.0,0.0,0.0,0.0,0.0,0.0
322,1521989112,772712050,0.0,0.0,0.0,0.0,0.0,0.0
323,1521989112,782711407,0.0,0.0,0.0,0.0,0.0,0.0
324,1521989112,792708634,0.0,0.0,0.0,0.0,0.0,0.0
325,1521989112,802710748,0.0,0.0,0.0,0.0,0.0,0.0
326,1521989112,812710573,0.0,0.0,0.0,0.0,0.0,0.0
327,1521989112,822710145,0.0,0.0,0.0,0.0,0.0,0.0
328,1521989112,832709593,0.0,0.0,0.0,0.0,0.0,0.0
329,1521989112,842704384,0.0,0.0,0.0,0.0,0.0,0.0
330,1521989112,852711272,0.0,0.0,0.0,0.0,0.0,0.0
331,1521989112,862710667,0.0,0.0,0.0,0.0,0.0,0.0
332,1521989112,872710179,0.0,0.0,0.0,0.0,0.0,0.0
333,1521989112,882712454,0.0,0.0,0.0,0.0,0.0,0.0
334,1521989112,892709761,0.0,0.0,0.0,0.0,0.0,0.0
335,1521989112,902711065,0.0,0.0,0.0,0.0,0.0,0.0
336,1521989112,912710802,0.0,0.0,0.0,0.0,0.0,0.0
337,1521989112,922713145,0.0,0.0,0.0,0.0,0.0,0.0
338,1521989112,932710534,0.0,0.0,0.0,0.0,0.0,0.0
339,1521989112,942709933,0.0,0.0,0.0,0.0,0.0,0.0
340,1521989112,952705257,0.0,0.0,0.0,0.0,0.0,0.0
341,1521989112,962712277,0.0,0.0,0.0,0.0,0.0,0.0
342,1521989112,972711791,0.0,0.0,0.0,0.0,0.0,0.0
343,1521989112,982710527,0.0,0.0,0.0,0.0,0.0,0.0
344,1521989112,992710467,0.0,0.0,0.0,0.0,0.0,0.0
345,1521989113,2715816,0.0,0.0,0.0,0.0,0.0,0.0
346,1521989113,12711750,0.0,0.0,0.0,0.0,0.0,0.0
347,1521989113,22711086,0.0,0.0,0.0,0.0,0.0,0.0
348,1521989113,32711067,0.0,0.0,0.0,0.0,0.0,0.0
349,1521989113,42710757,0.0,0.0,0.0,0.0,0.0,0.0
350,1521989113,52716524,109.0,72.0,0.0,0.0,0.0,0.0
351,1521989113,62716103,109.0,72.0,0.0,0.0,0.0,0.0
352,1521989113,72721876,203.0,97.0,0.0,0.0,0.0,0.0
353,1521989113,82721818,203.0,97.0,0.0,0.0,0.0,0.0
354,1521989113,92710522,330.0,141.0,0.0,0.0,0.0,0.0
355,1521989113,102714889,330.0,141.0,0.0,0.0,0.0,0.0
356,1521989113,112709747,483.0,199.0,0.0,0.0,0.0,0.0
357,1521989113,122711301,483.0,199.0,0.0,0.0,0.0,0.0
358,1521989113,132708416,500.0,189.0,0.0,0.0,0.0,0.0
359,1521989113,142708912,500.0,189.0,0.0,0.0,0.0,0.0
360,1521989113,152707676,500.0,155.0,0.0,0.0,0.0,0.0
361,1521989113,162709537,500.0,155.0,0.0,0.0,0.0,0.0
362,1521989113,172707407,500.0,141.0,0.0,0.0,0.0,0.0
363,1521989113,182709133,500.0,141.0,0.0,0.0,0.0,0.0
364,1521989113,192708275,500.0,139.0,0.0,0.0,0.0,0.0
365,1521989113,202708644,500.0,139.0,0.0,0.0,0.0,0.0
366,1521989113,212708124,500.0,139.0,0.0,0.0,0.0,0.0
367,1521989113,222708645,500.0,139.0,0.0,0.0,0.0,0.0
368,1521989113,232710800,500.0,141.0,0.0,0.0,0.0,0.0
369,1521989113,242710200,500.0,141.0,0.0,0.0,0.0,0.0
370,1521989113,252709397,500.0,152.0,0.0,0.0,0.0,0.0
371,1521989113,262709554,500.0,152.0,0.0,0.0,0.0,0.0
372,1521989113,272709026,500.0,161.0,0.0,0.0,0.0,0.0
373,1521989113,282729210,500.0,161.0,0.0,0.0,0.0,0.0
374,1521989113,292729747,500.0,168.0,0.0,0.0,0.0,0.0
375,1521989113,302711151,500.0,168.0,0.0,0.0,0.0,0.0
376,1521989113,312710304,500.0,170.0,0.0,0.0,0.0,0.0
377,1521989113,322709693,500.0,170.0,0.0,0.0,0.0,0.0
378,1521989113,332709958,500.0,173.0,0.0,0.0,0.0,0.0
379,1521989113,342709180,500.0,173.0,0.0,0.0,0.0,0.0
380,1521989113,352708673,500.0,174.0,0.0,0.0,0.0,0.0
381,1521989113,362710707,500.0,174.0,0.0,0.0,0.0,0.0
382,1521989113,372710792,500.0,175.0,0.0,0.0,0.0,0.0
383,1521989113,382709755,500.0,175.0,0.0,0.0,0.0,0.0
384,1521989113,392709172,500.0,176.0,0.0,0.0,0.0,0.0
385,1521989113,402711068,500.0,176.0,0.0,0.0,0.0,0.0
386,1521989113,412708794,500.0,176.0,0.0,0.0,0.0,0.0
387,1521989113,422710152,500.0,176.0,0.0,0.0,0.0,0.0
388,1521989113,432710468,500.0,176.0,0.0,0.0,0.0,0.0
389,1521989113,442709733,500.0,176.0,0.0,0.0,0.0,0.0
390,1521989113,452708951,500.0,176.0,0.0,0.0,0.0,0.0
391,1521989113,462711568,500.0,176.0,0.0,0.0,0.0,0.0
392,1521989113,472708499,500.0,177.0,0.0,0.0,0.0,0.0
393,1521989113,482728423,500.0,177.0,0.0,0.0,0.0,0.0
394,1521989113,492731639,500.0,179.0,0.0,0.0,0.0,0.0
395,1521989113,502730939,500.0,179.0,0.0,0.0,0.0,0.0
396,1521989113,512729381,500.0,180.0,0.0,0.0,0.0,0.0
397,1521989113,522811312,500.0,180.0,0.0,0.0,0.0,0.0
398,1521989113,532819268,500.0,182.0,0.0,0.0,0.0,0.0
399,1521989113,542908326,500.0,182.0,0.0,0.0,0.0,0.0
400,1521989113,552763491,500.0,182.0,0.0,0.0,0.0,0.0
401,1521989113,562760448,500.0,182.0,0.0,0.0,0.0,0.0
402,1521989113,572758456,500.0,183.0,0.0,0.0,0.0,0.0
403,1521989113,582739247,500.0,183.0,0.0,0.0,0.0,0.0
404,1521989113,592754408,500.0,183.0,0.0,0.0,0.0,0.0
405,1521989113,602748590,500.0,183.0,0.0,0.0,0.0,0.0
406,1521989113,612741855,500.0,184.0,0.0,0.0,0.0,0.0
407,1521989113,622750324,500.0,184.0,0.0,0.0,0.0,0.0
408,1521989113,632743710,500.0,185.0,0.0,0.0,0.0,0.0
409,1521989113,642744084,500.0,185.0,0.0,0.0,0.0,0.0
410,1521989113,652733925,500.0,185.0,0.0,0.0,0.0,0.0
411,1521989113,662718450,500.0,185.0,0.0,0.0,0.0,0.0
412,1521989113,672712750,500.0,186.0,0.0,0.0,0.0,0.0
413,1521989113,682713677,500.0,186.0,0.0,0.0,0.0,0.0
414,1521989113,692713586,500.0,187.0,0.0,0.0,0.0,0.0
415,1521989113,702710906,500.0,187.0,0.0,0.0,0.0,0.0
416,1521989113,712716303,500.0,187.0,0.0,0.0,0.0,0.0
417,1521989113,722713821,500.0,187.0,0.0,0.0,0.0,0.0
418,1521989113,732710200,500.0,187.0,0.0,0.0,0.0,0.0
419,1521989113,742716806,500.0,187.0,0.0,0.0,0.0,0.0
420,1521989113,752713026,500.0,187.0,0.0,0.0,0.0,0.0
421,1521989113,762712405,500.0,187.0,0.0,0.0,0.0,0.0
422,1521989113,772714835,500.0,187.0,0.0,0.0,0.0,0.0
423,1521989113,782713142,500.0,187.0,0.0,0.0,0.0,0.0
424,1521989113,792714078,500.0,187.0,0.0,0.0,0.0,0.0
425,1521989113,802710619,500.0,187.0,0.0,0.0,0.0,0.0
426,1521989113,812715670,500.0,187.0,0.0,0.0,0.0,0.0
427,1521989113,822714730,500.0,187.0,0.0,0.0,0.0,0.0
428,1521989113,832710875,500.0,187.0,0.0,0.0,0.0,0.0
429,1521989113,842720338,500.0,187.0,0.0,0.0,0.0,0.0
430,1521989113,852722668,500.0,187.0,0.0,0.0,0.0,0.0
431,1521989113,862726715,500.0,187.0,0.0,0.0,0.0,0.0
432,1521989113,872715047,500.0,188.0,0.0,0.0,0.0,0.0
433,1521989113,882721895,500.0,188.0,0.0,0.0,0.0,0.0
434,1521989113,892716501,500.0,188.0,0.0,0.0,0.0,0.0
435,1521989113,902715294,500.0,188.0,0.0,0.0,0.0,0.0
436,1521989113,912725802,500.0,188.0,0.0,0.0,0.0,0.0
437,1521989113,922722743,500.0,188.0,0.0,0.0,0.0,0.0
438,1521989113,932716419,500.0,188.0,0.0,0.0,0.0,0.0
439,1521989113,942723975,500.0,188.0,0.0,0.0,0.0,0.0
440,1521989113,952722918,500.0,188.0,0.0,0.0,0.0,0.0
441,1521989113,962715587,500.0,188.0,0.0,0.0,0.0,0.0
442,1521989113,972721495,500.0,188.0,0.0,0.0,0.0,0.0
443,1521989113,982713547,500.0,188.0,0.0,0.0,0.0,0.0
444,1521989113,992722537,500.0,189.0,0.0,0.0,0.0,0.0
445,1521989114,2722527,500.0,189.0,0.0,0.0,0.0,0.0
446,1521989114,12717639,500.0,199.0,0.0,0.0,0.0,0.0
447,1521989114,22719440,500.0,199.0,0.0,0.0,0.0,0.0
448,1521989114,32715782,500.0,216.0,0.0,0.0,0.0,0.0
449,1521989114,42719449,500.0,216.0,0.0,0.0,0.0,0.0
450,1521989114,52715813,500.0,246.0,0.0,0.0,0.0,0.0
451,1521989114,62715880,500.0,246.0,0.0,0.0,0.0,0.0
452,1521989114,72716009,486.0,271.0,0.0,0.0,0.0,0.0
453,1521989114,82718714,486.0,271.0,0.0,0.0,0.0,0.0
454,1521989114,92717376,335.0,209.0,0.0,0.0,0.0,0.0
455,1521989114,102717093,335.0,209.0,0.0,0.0,0.0,0.0
456,1521989114,112716110,180.0,146.0,0.0,0.0,0.0,0.0
457,1521989114,122714848,180.0,146.0,0.0,0.0,0.0,0.0
458,1521989114,132719053,0.0,0.0,0.0,0.0,0.0,0.0
459,1521989114,142719255,0.0,0.0,0.0,0.0,0.0,0.0
460,1521989114,152714893,0.0,0.0,0.0,0.0,0.0,0.0
461,1521989114,162716582,0.0,0.0,0.0,0.0,0.0,0.0
462,1521989114,172717217,0.0,0.0,0.0,0.0,0.0,0.0
463,1521989114,182708599,0.0,0.0,0.0,0.0,0.0,0.0
464,1521989114,192710832,0.0,0.0,0.0,0.0,0.0,0.0
465,1521989114,202716056,0.0,0.0,0.0,0.0,0.0,0.0
466,1521989114,212710901,0.0,0.0,0.0,0.0,0.0,0.0
467,1521989114,222711938,0.0,0.0,0.0,0.0,0.0,0.0
468,1521989114,232710799,0.0,0.0,0.0,0.0,0.0,0.0
469,1521989114,242711810,0.0,0.0,0.0,0.0,0.0,0.0
470,1521989114,252705425,0.0,0.0,0.0,0.0,0.0,0.0
471,1521989114,262721686,0.0,0.0,0.0,0.0,0.0,0.0
472,1521989114,272712026,0.0,0.0,0.0,0.0,0.0,0.0
473,1521989114,282711700,0.0,0.0,0.0,0.0,0.0,0.0
474,1521989114,292711258,0.0,0.0,0.0,0.0,0.0,0.0
475,1521989114,302710563,0.0,0.0,0.0,0.0,0.0,0.0
476,1521989114,312710837,0.0,0.0,0.0,0.0,0.0,0.0
477,1521989114,322709958,0.0,0.0,0.0,0.0,0.0,0.0
478,1521989114,332709762,0.0,0.0,0.0,0.0,0.0,0.0
479,1521989114,342715126,0.0,0.0,0.0,0.0,0.0,0.0
480,1521989114,352709214,0.0,0.0,0.0,0.0,0.0,0.0
481,1521989114,362715538,0.0,0.0,0.0,0.0,0.0,0.0
482,1521989114,372715540,0.0,0.0,0.0,0.0,0.0,0.0
483,1521989114,382716832,0.0,0.0,0.0,0.0,0.0,0.0
484,1521989114,392739939,0.0,0.0,0.0,0.0,0.0,0.0
485,1521989114,402727952,0.0,0.0,0.0,0.0,0.0,0.0
486,1521989114,412715160,0.0,0.0,0.0,0.0,0.0,0.0
487,1521989114,422705962,0.0,0.0,0.0,0.0,0.0,0.0
488,1521989114,432705226,0.0,0.0,0.0,0.0,0.0,0.0
489,1521989114,442713030,0.0,0.0,0.0,0.0,0.0,0.0
490,1521989114,452726079,0.0,0.0,0.0,0.0,0.0,0.0
491,1521989114,462723592,0.0,0.0,0.0,0.0,0.0,0.0
492,1521989114,472712165,0.0,0.0,0.0,0.0,0.0,0.0
493,1521989114,482714300,0.0,0.0,0.0,0.0,0.0,0.0
494,1521989114,492713378,0.0,0.0,0.0,0.0,0.0,0.0
495,1521989114,502712965,0.0,0.0,0.0,0.0,0.0,0.0
496,1521989114,512712056,0.0,0.0,0.0,0.0,0.0,0.0
497,1521989114,522710667,0.0,0.0,0.0,0.0,0.0,0.0
498,1521989114,532711153,0.0,0.0,0.0,0.0,0.0,0.0
499,1521989114,542723585,0.0,0.0,0.0,0.0,0.0,0.0
500,1521989114,552712372,0.0,0.0,0.0,0.0,0.0,0.0
501,1521989114,562709397,0.0,0.0,0.0,0.0,0.0,0.0
502,1521989114,572710015,0.0,0.0,0.0,0.0,0.0,0.0
503,1521989114,582711502,0.0,0.0,0.0,0.0,0.0,0.0
504,1521989114,592713568,0.0,0.0,0.0,0.0,0.0,0.0
505,1521989114,602703638,0.0,0.0,0.0,0.0,0.0,0.0
506,1521989114,612712644,0.0,0.0,0.0,0.0,0.0,0.0
507,1521989114,622711971,0.0,0.0,0.0,0.0,0.0,0.0
508,1521989114,632711216,0.0,0.0,0.0,0.0,0.0,0.0
509,1521989114,642713801,0.0,0.0,0.0,0.0,0.0,0.0
510,1521989114,652713096,0.0,0.0,0.0,0.0,0.0,0.0
511,1521989114,662708707,0.0,0.0,0.0,0.0,0.0,0.0
512,1521989114,672710429,0.0,0.0,0.0,0.0,0.0,0.0
513,1521989114,682733893,0.0,0.0,0.0,0.0,0.0,0.0
514,1521989114,692737310,0.0,0.0,0.0,0.0,0.0,0.0
515,1521989114,702716185,0.0,0.0,0.0,0.0,0.0,0.0
516,1521989114,712710701,0.0,0.0,0.0,0.0,0.0,0.0
517,1521989114,722709932,0.0,0.0,0.0,0.0,0.0,0.0
518,1521989114,732711932,0.0,0.0,0.0,0.0,0.0,0.0
519,1521989114,742706106,0.0,0.0,0.0,0.0,0.0,0.0
520,1521989114,752712110,0.0,0.0,0.0,0.0,0.0,0.0
521,1521989114,762710992,0.0,0.0,0.0,0.0,0.0,0.0
522,1521989114,772713560,0.0,0.0,0.0,0.0,0.0,0.0
523,1521989114,782710354,0.0,0.0,0.0,0.0,0.0,0.0
524,1521989114,792711730,0.0,0.0,0.0,0.0,0.0,0.0
525,1521989114,802714038,0.0,0.0,0.0,0.0,0.0,0.0
526,1521989114,812709870,0.0,0.0,0.0,0.0,0.0,0.0
527,1521989114,822710765,0.0,0.0,0.0,0.0,0.0,0.0
528,1521989114,832712206,0.0,0.0,0.0,0.0,0.0,0.0
529,1521989114,842707581,0.0,0.0,0.0,0.0,0.0,0.0
530,1521989114,852715274,0.0,0.0,0.0,0.0,0.0,0.0
531,1521989114,862710213,0.0,0.0,0.0,0.0,0.0,0.0
532,1521989114,872717074,0.0,0.0,0.0,0.0,0.0,0.0
533,1521989114,882737373,0.0,0.0,0.0,0.0,0.0,0.0
534,1521989114,892730952,0.0,0.0,0.0,0.0,0.0,0.0
535,1521989114,902724364,0.0,0.0,0.0,0.0,0.0,0.0
536,1521989114,912717731,0.0,0.0,0.0,0.0,0.0,0.0
537,1521989114,922717781,0.0,0.0,0.0,0.0,0.0,0.0
538,1521989114,932716759,0.0,0.0,0.0,0.0,0.0,0.0
539,1521989114,942716017,0.0,0.0,0.0,0.0,0.0,0.0
540,1521989114,952719777,0.0,0.0,0.0,0.0,0.0,0.0
541,1521989114,962735036,0.0,0.0,0.0,0.0,0.0,0.0
542,1521989114,972714793,0.0,0.0,0.0,0.0,0.0,0.0
543,1521989114,982712908,0.0,0.0,0.0,0.0,0.0,0.0
544,1521989114,992713325,0.0,0.0,0.0,0.0,0.0,0.0
545,1521989115,2724587,0.0,0.0,0.0,0.0,0.0,0.0
546,1521989115,12713443,0.0,0.0,0.0,0.0,0.0,0.0
547,1521989115,22723925,0.0,0.0,0.0,0.0,0.0,0.0
548,1521989115,32716658,0.0,0.0,0.0,0.0,0.0,0.0
549,1521989115,42716445,0.0,0.0,0.0,0.0,0.0,0.0
550,1521989115,52713866,0.0,0.0,0.0,0.0,0.0,0.0
551,1521989115,62715163,0.0,0.0,0.0,0.0,0.0,0.0
552,1521989115,72713138,0.0,0.0,0.0,0.0,0.0,0.0
553,1521989115,82715600,0.0,0.0,0.0,0.0,0.0,0.0
554,1521989115,92734933,0.0,0.0,0.0,0.0,0.0,0.0
555,1521989115,102724741,0.0,0.0,0.0,0.0,0.0,0.0
556,1521989115,112710516,0.0,0.0,0.0,0.0,0.0,0.0
557,1521989115,122710161,0.0,0.0,0.0,0.0,0.0,0.0
558,1521989115,132711206,0.0,0.0,0.0,0.0,0.0,0.0
559,1521989115,142712116,0.0,0.0,0.0,0.0,0.0,0.0
560,1521989115,152710899,0.0,0.0,0.0,0.0,0.0,0.0
561,1521989115,162711080,0.0,0.0,0.0,0.0,0.0,0.0
562,1521989115,172710481,0.0,0.0,0.0,0.0,0.0,0.0
563,1521989115,182709059,0.0,0.0,0.0,0.0,0.0,0.0
564,1521989115,192733809,0.0,0.0,0.0,0.0,0.0,0.0
565,1521989115,202710470,0.0,0.0,0.0,0.0,0.0,0.0
566,1521989115,212705980,0.0,0.0,0.0,0.0,0.0,0.0
567,1521989115,222711445,0.0,0.0,0.0,0.0,0.0,0.0
568,1521989115,232712146,0.0,0.0,0.0,0.0,0.0,0.0
569,1521989115,242715567,0.0,0.0,0.0,0.0,0.0,0.0
570,1521989115,252714456,0.0,0.0,0.0,0.0,0.0,0.0
571,1521989115,262714681,0.0,0.0,0.0,0.0,0.0,0.0
572,1521989115,272721848,0.0,0.0,0.0,0.0,0.0,0.0
573,1521989115,282716859,0.0,0.0,0.0,0.0,0.0,0.0
574,1521989115,292716916,0.0,0.0,0.0,0.0,0.0,0.0
575,1521989115,302722863,0.0,0.0,0.0,0.0,0.0,0.0
576,1521989115,312723853,0.0,0.0,0.0,0.0,0.0,0.0
577,1521989115,322709431,0.0,0.0,0.0,0.0,0.0,0.0
578,1521989115,332717918,0.0,0.0,0.0,0.0,0.0,0.0
579,1521989115,342711575,0.0,0.0,0.0,0.0,0.0,0.0
580,1521989115,352711739,0.0,0.0,0.0,0.0,0.0,0.0
581,1521989115,362710870,0.0,0.0,0.0,0.0,0.0,0.0
582,1521989115,372711911,0.0,0.0,0.0,0.0,0.0,0.0
583,1521989115,382709464,0.0,0.0,0.0,0.0,0.0,0.0
584,1521989115,392709568,0.0,0.0,0.0,0.0,0.0,0.0
585,1521989115,402712053,0.0,0.0,0.0,0.0,0.0,0.0
586,1521989115,412710335,0.0,0.0,0.0,0.0,0.0,0.0
587,1521989115,422710545,0.0,0.0,0.0,0.0,0.0,0.0
588,1521989115,432709771,0.0,0.0,0.0,0.0,0.0,0.0
589,1521989115,442712433,0.0,0.0,0.0,0.0,0.0,0.0
590,1521989115,452709867,0.0,0.0,0.0,0.0,0.0,0.0
591,1521989115,462711934,0.0,0.0,0.0,0.0,0.0,0.0
592,1521989115,472710408,0.0,0.0,0.0,0.0,0.0,0.0
593,1521989115,482707930,0.0,0.0,0.0,0.0,0.0,0.0
594,1521989115,492712355,0.0,0.0,0.0,0.0,0.0,0.0
595,1521989115,502711641,0.0,0.0,0.0,0.0,0.0,0.0
596,1521989115,512709213,0.0,0.0,0.0,0.0,0.0,0.0
597,1521989115,522710772,0.0,0.0,0.0,0.0,0.0,0.0
598,1521989115,532710645,0.0,0.0,0.0,0.0,0.0,0.0
599,1521989115,542710412,0.0,0.0,0.0,0.0,0.0,0.0
600,1521989115,552709548,0.0,0.0,0.0,0.0,0.0,0.0
601,1521989115,562709270,0.0,0.0,0.0,0.0,0.0,0.0
602,1521989115,572711256,0.0,0.0,0.0,0.0,0.0,0.0
603,1521989115,582708980,0.0,0.0,0.0,0.0,0.0,0.0
604,1521989115,592710162,0.0,0.0,0.0,0.0,0.0,0.0
605,1521989115,602709995,0.0,0.0,0.0,0.0,0.0,0.0
606,1521989115,612712068,0.0,0.0,0.0,0.0,0.0,0.0
607,1521989115,622709085,0.0,0.0,0.0,0.0,0.0,0.0
608,1521989115,632720114,0.0,0.0,0.0,0.0,0.0,0.0
609,1521989115,642708377,0.0,0.0,0.0,0.0,0.0,0.0
610,1521989115,652710262,0.0,0.0,0.0,0.0,0.0,0.0
611,1521989115,662710516,0.0,0.0,0.0,0.0,0.0,0.0
612,1521989115,672709195,0.0,0.0,0.0,0.0,0.0,0.0
613,1521989115,682711732,0.0,0.0,0.0,0.0,0.0,0.0
614,1521989115,692711507,0.0,0.0,0.0,0.0,0.0,0.0
615,1521989115,702711003,0.0,0.0,0.0,0.0,0.0,0.0
616,1521989115,712710485,0.0,0.0,0.0,0.0,0.0,0.0
617,1521989115,722709704,0.0,0.0,0.0,0.0,0.0,0.0
618,1521989115,732709348,0.0,0.0,0.0,0.0,0.0,0.0
619,1521989115,742711617,0.0,0.0,0.0,0.0,0.0,0.0
620,1521989115,752711239,0.0,0.0,0.0,0.0,0.0,0.0
621,1521989115,762710473,0.0,0.0,0.0,0.0,0.0,0.0
622,1521989115,772712593,0.0,0.0,0.0,0.0,0.0,0.0
623,1521989115,782709641,0.0,0.0,0.0,0.0,0.0,0.0
624,1521989115,792709433,0.0,0.0,0.0,0.0,0.0,0.0
625,1521989115,802711814,0.0,0.0,0.0,0.0,0.0,0.0
626,1521989115,812711459,0.0,0.0,0.0,0.0,0.0,0.0
627,1521989115,822710328,0.0,0.0,0.0,0.0,0.0,0.0
628,1521989115,832710289,0.0,0.0,0.0,0.0,0.0,0.0
629,1521989115,842712321,0.0,0.0,0.0,0.0,0.0,0.0
630,1521989115,852711724,0.0,0.0,0.0,0.0,0.0,0.0
631,1521989115,862710743,0.0,0.0,0.0,0.0,0.0,0.0
632,1521989115,872709972,0.0,0.0,0.0,0.0,0.0,0.0
633,1521989115,882710058,0.0,0.0,0.0,0.0,0.0,0.0
634,1521989115,892712228,0.0,0.0,0.0,0.0,0.0,0.0
635,1521989115,902714674,0.0,0.0,0.0,0.0,0.0,0.0
636,1521989115,912714295,0.0,0.0,0.0,0.0,0.0,0.0
637,1521989115,922706653,0.0,0.0,0.0,0.0,0.0,0.0
638,1521989115,932713961,0.0,0.0,0.0,0.0,0.0,0.0
639,1521989115,942712041,0.0,0.0,0.0,0.0,0.0,0.0
640,1521989115,952712498,0.0,0.0,0.0,0.0,0.0,0.0
641,1521989115,962707083,0.0,0.0,0.0,0.0,0.0,0.0
642,1521989115,972713710,0.0,0.0,0.0,0.0,0.0,0.0
643,1521989115,982721679,0.0,0.0,0.0,0.0,0.0,0.0
644,1521989115,992721947,0.0,0.0,0.0,0.0,0.0,0.0
645,1521989116,2713073,0.0,0.0,0.0,0.0,0.0,0.0
646,1521989116,12712221,0.0,0.0,0.0,0.0,0.0,0.0
647,1521989116,22711876,0.0,0.0,0.0,0.0,0.0,0.0
648,1521989116,32716219,0.0,0.0,0.0,0.0,0.0,0.0
649,1521989116,42710640,0.0,0.0,0.0,0.0,0.0,0.0
650,1521989116,52710223,0.0,0.0,0.0,0.0,0.0,0.0
651,1521989116,62712230,0.0,0.0,0.0,0.0,0.0,0.0
652,1521989116,72715044,0.0,0.0,0.0,0.0,0.0,0.0
653,1521989116,82711670,0.0,0.0,0.0,0.0,0.0,0.0
654,1521989116,92711134,0.0,0.0,0.0,0.0,0.0,0.0
655,1521989116,102710266,0.0,0.0,0.0,0.0,0.0,0.0
656,1521989116,112710761,0.0,0.0,0.0,0.0,0.0,0.0
657,1521989116,122712274,0.0,0.0,0.0,0.0,0.0,0.0
658,1521989116,132711598,0.0,0.0,0.0,0.0,0.0,0.0
659,1521989116,142711213,0.0,0.0,0.0,0.0,0.0,0.0
660,1521989116,152710941,0.0,0.0,0.0,0.0,0.0,0.0
661,1521989116,162709984,0.0,0.0,0.0,0.0,0.0,0.0
662,1521989116,172712125,0.0,0.0,0.0,0.0,0.0,0.0
663,1521989116,182706019,0.0,0.0,0.0,0.0,0.0,0.0
664,1521989116,192712076,0.0,0.0,0.0,0.0,0.0,0.0
665,1521989116,202711309,0.0,0.0,0.0,0.0,0.0,0.0
666,1521989116,212711499,0.0,0.0,0.0,0.0,0.0,0.0
667,1521989116,222710287,0.0,0.0,0.0,0.0,0.0,0.0
668,1521989116,232714654,0.0,0.0,0.0,0.0,0.0,0.0
669,1521989116,242711793,0.0,0.0,0.0,0.0,0.0,0.0
670,1521989116,252712007,0.0,0.0,0.0,0.0,0.0,0.0
671,1521989116,262710926,0.0,0.0,0.0,0.0,0.0,0.0
672,1521989116,272710729,0.0,0.0,0.0,0.0,0.0,0.0
673,1521989116,282709799,0.0,0.0,0.0,0.0,0.0,0.0
674,1521989116,292712160,0.0,0.0,0.0,0.0,0.0,0.0
675,1521989116,302704435,0.0,0.0,0.0,0.0,0.0,0.0
676,1521989116,312708841,0.0,0.0,0.0,0.0,0.0,0.0
677,1521989116,322710525,0.0,0.0,0.0,0.0,0.0,0.0
678,1521989116,332713672,0.0,0.0,0.0,0.0,0.0,0.0
679,1521989116,342712644,0.0,0.0,0.0,0.0,0.0,0.0
680,1521989116,352710611,0.0,0.0,0.0,0.0,0.0,0.0
681,1521989116,362711415,0.0,0.0,0.0,0.0,0.0,0.0
682,1521989116,372710885,0.0,0.0,0.0,0.0,0.0,0.0
683,1521989116,382710569,0.0,0.0,0.0,0.0,0.0,0.0
684,1521989116,392696307,0.0,0.0,0.0,0.0,0.0,0.0
685,1521989116,402712842,0.0,0.0,0.0,0.0,0.0,0.0
686,1521989116,412712042,0.0,0.0,0.0,0.0,0.0,0.0
687,1521989116,422711604,0.0,0.0,0.0,0.0,0.0,0.0
688,1521989116,432683062,0.0,0.0,0.0,0.0,0.0,0.0
689,1521989116,442710434,0.0,0.0,0.0,0.0,0.0,0.0
690,1521989116,452712893,0.0,0.0,0.0,0.0,0.0,0.0
691,1521989116,462712685,0.0,0.0,0.0,0.0,0.0,0.0
692,1521989116,472711307,0.0,0.0,0.0,0.0,0.0,0.0
693,1521989116,482711357,0.0,0.0,0.0,0.0,0.0,0.0
694,1521989116,492711304,0.0,0.0,0.0,0.0,0.0,0.0
695,1521989116,502713663,0.0,0.0,0.0,0.0,0.0,0.0
696,1521989116,512710196,0.0,0.0,0.0,0.0,0.0,0.0
697,1521989116,522712639,0.0,0.0,0.0,0.0,0.0,0.0
698,1521989116,532714791,0.0,0.0,0.0,0.0,0.0,0.0
699,1521989116,542711605,0.0,0.0,0.0,0.0,0.0,0.0
700,1521989116,552710746,0.0,0.0,0.0,0.0,0.0,0.0
701,1521989116,562719288,0.0,0.0,0.0,0.0,0.0,0.0
702,1521989116,572710589,0.0,0.0,0.0,0.0,0.0,0.0
703,1521989116,582712322,0.0,0.0,0.0,0.0,0.0,0.0
704,1521989116,592711889,0.0,0.0,0.0,0.0,0.0,0.0
705,1521989116,602714518,0.0,0.0,0.0,0.0,0.0,0.0
706,1521989116,612710658,0.0,0.0,0.0,0.0,0.0,0.0
707,1521989116,622709864,0.0,0.0,0.0,0.0,0.0,0.0
708,1521989116,632710068,0.0,0.0,0.0,0.0,0.0,0.0
709,1521989116,642711684,0.0,0.0,0.0,0.0,0.0,0.0
710,1521989116,652704324,0.0,0.0,0.0,0.0,0.0,0.0
711,1521989116,662711036,0.0,0.0,0.0,0.0,0.0,0.0
712,1521989116,672710336,0.0,0.0,0.0,0.0,0.0,0.0
713,1521989116,682709576,0.0,0.0,0.0,0.0,0.0,0.0
714,1521989116,692713597,0.0,0.0,0.0,0.0,0.0,0.0
715,1521989116,702710148,0.0,0.0,0.0,0.0,0.0,0.0
716,1521989116,712711021,0.0,0.0,0.0,0.0,0.0,0.0
717,1521989116,722708137,0.0,0.0,0.0,0.0,0.0,0.0
718,1521989116,732710156,0.0,0.0,0.0,0.0,0.0,0.0
719,1521989116,742709566,0.0,0.0,0.0,0.0,0.0,0.0
720,1521989116,752709213,0.0,0.0,0.0,0.0,0.0,0.0
721,1521989116,762709367,0.0,0.0,0.0,0.0,0.0,0.0
722,1521989116,772708723,0.0,0.0,0.0,0.0,0.0,0.0
723,1521989116,782708248,0.0,0.0,0.0,0.0,0.0,0.0
724,1521989116,792709633,0.0,0.0,0.0,0.0,0.0,0.0
725,1521989116,802712328,0.0,0.0,0.0,0.0,0.0,0.0
726,1521989116,812709625,0.0,0.0,0.0,0.0,0.0,0.0
727,1521989116,822711388,0.0,0.0,0.0,0.0,0.0,0.0
728,1521989116,832711387,0.0,0.0,0.0,0.0,0.0,0.0
729,1521989116,842710859,0.0,0.0,0.0,0.0,0.0,0.0
730,1521989116,852712648,0.0,0.0,0.0,0.0,0.0,0.0
731,1521989116,862709574,0.0,0.0,0.0,0.0,0.0,0.0
732,1521989116,872711983,0.0,0.0,0.0,0.0,0.0,0.0
733,1521989116,882711682,0.0,0.0,0.0,0.0,0.0,0.0
734,1521989116,892711239,0.0,0.0,0.0,0.0,0.0,0.0
735,1521989116,902721587,0.0,0.0,0.0,0.0,0.0,0.0
736,1521989116,912710172,0.0,0.0,0.0,0.0,0.0,0.0
737,1521989116,922715435,0.0,0.0,0.0,0.0,0.0,0.0
738,1521989116,932711418,0.0,0.0,0.0,0.0,0.0,0.0
739,1521989116,942711420,0.0,0.0,0.0,0.0,0.0,0.0
740,1521989116,952711778,0.0,0.0,0.0,0.0,0.0,0.0
741,1521989116,962712969,0.0,0.0,0.0,0.0,0.0,0.0
742,1521989116,972712270,0.0,0.0,0.0,0.0,0.0,0.0
743,1521989116,982711849,0.0,0.0,0.0,0.0,0.0,0.0
744,1521989116,992714925,0.0,0.0,0.0,0.0,0.0,0.0
745,1521989117,2713387,0.0,0.0,0.0,0.0,0.0,0.0
746,1521989117,12710597,0.0,0.0,0.0,0.0,0.0,0.0
747,1521989117,22714096,0.0,0.0,0.0,0.0,0.0,0.0
748,1521989117,32712794,0.0,0.0,0.0,0.0,0.0,0.0
749,1521989117,42712677,0.0,0.0,0.0,0.0,0.0,0.0
750,1521989117,52713919,0.0,0.0,0.0,0.0,0.0,0.0
751,1521989117,62714027,0.0,0.0,0.0,0.0,0.0,0.0
752,1521989117,72722192,0.0,0.0,0.0,0.0,0.0,0.0
753,1521989117,82711618,0.0,0.0,0.0,0.0,0.0,0.0
754,1521989117,92712005,0.0,0.0,0.0,0.0,0.0,0.0
755,1521989117,102718020,0.0,0.0,0.0,0.0,0.0,0.0
756,1521989117,112719263,0.0,0.0,0.0,0.0,0.0,0.0
757,1521989117,122728149,0.0,0.0,0.0,0.0,0.0,0.0
758,1521989117,132704334,0.0,0.0,0.0,0.0,0.0,0.0
759,1521989117,142716329,0.0,0.0,0.0,0.0,0.0,0.0
760,1521989117,152712416,0.0,0.0,0.0,0.0,0.0,0.0
761,1521989117,162724351,0.0,0.0,0.0,0.0,0.0,0.0
762,1521989117,172710546,0.0,0.0,0.0,0.0,0.0,0.0
763,1521989117,182712233,0.0,0.0,0.0,0.0,0.0,0.0
764,1521989117,192714660,0.0,0.0,0.0,0.0,0.0,0.0
765,1521989117,202716569,0.0,0.0,0.0,0.0,0.0,0.0
766,1521989117,212749525,0.0,0.0,0.0,0.0,0.0,0.0
767,1521989117,222713528,0.0,0.0,0.0,0.0,0.0,0.0
768,1521989117,232713629,0.0,0.0,0.0,0.0,0.0,0.0
769,1521989117,242710569,0.0,0.0,0.0,0.0,0.0,0.0
770,1521989117,252710389,0.0,0.0,0.0,0.0,0.0,0.0
771,1521989117,262707551,0.0,0.0,0.0,0.0,0.0,0.0
772,1521989117,272712172,0.0,0.0,0.0,0.0,0.0,0.0
773,1521989117,282710580,0.0,0.0,0.0,0.0,0.0,0.0
774,1521989117,292709970,0.0,0.0,0.0,0.0,0.0,0.0
775,1521989117,302710013,0.0,0.0,0.0,0.0,0.0,0.0
776,1521989117,312709027,0.0,0.0,0.0,0.0,0.0,0.0
777,1521989117,322710419,0.0,0.0,0.0,0.0,0.0,0.0
778,1521989117,332707682,0.0,0.0,0.0,0.0,0.0,0.0
779,1521989117,342734231,0.0,0.0,0.0,0.0,0.0,0.0
780,1521989117,352710628,0.0,0.0,0.0,0.0,0.0,0.0
781,1521989117,362709835,0.0,0.0,0.0,0.0,0.0,0.0
782,1521989117,372709574,0.0,0.0,0.0,0.0,0.0,0.0
783,1521989117,382706702,0.0,0.0,0.0,0.0,0.0,0.0
784,1521989117,392710641,0.0,0.0,0.0,0.0,0.0,0.0
785,1521989117,402710141,0.0,0.0,0.0,0.0,0.0,0.0
786,1521989117,412710236,0.0,0.0,0.0,0.0,0.0,0.0
787,1521989117,422709504,0.0,0.0,0.0,0.0,0.0,0.0
788,1521989117,432709497,0.0,0.0,0.0,0.0,0.0,0.0
789,1521989117,442704630,0.0,0.0,0.0,0.0,0.0,0.0
790,1521989117,452710884,0.0,0.0,0.0,0.0,0.0,0.0
791,1521989117,462710638,0.0,0.0,0.0,0.0,0.0,0.0
792,1521989117,472710271,0.0,0.0,0.0,0.0,0.0,0.0
793,1521989117,482708662,0.0,0.0,0.0,0.0,0.0,0.0
794,1521989117,492709016,0.0,0.0,0.0,0.0,0.0,0.0
795,1521989117,502711168,0.0,0.0,0.0,0.0,0.0,0.0
796,1521989117,512710220,0.0,0.0,0.0,0.0,0.0,0.0
797,1521989117,522710455,0.0,0.0,0.0,0.0,0.0,0.0
798,1521989117,532710157,0.0,0.0,0.0,0.0,0.0,0.0
799,1521989117,542709555,0.0,0.0,0.0,0.0,0.0,0.0
800,1521989117,552709356,0.0,0.0,0.0,0.0,0.0,0.0
801,1521989117,562710877,0.0,0.0,0.0,0.0,0.0,0.0
802,1521989117,572710188,0.0,0.0,0.0,0.0,0.0,0.0
803,1521989117,582709871,0.0,0.0,0.0,0.0,0.0,0.0
804,1521989117,592710184,0.0,0.0,0.0,0.0,0.0,0.0
805,1521989117,602712967,0.0,0.0,0.0,0.0,0.0,0.0
806,1521989117,612703914,0.0,0.0,0.0,0.0,0.0,0.0
807,1521989117,622712422,0.0,0.0,0.0,0.0,0.0,0.0
808,1521989117,632710845,0.0,0.0,0.0,0.0,0.0,0.0
809,1521989117,642710449,0.0,0.0,0.0,0.0,0.0,0.0
810,1521989117,652709692,0.0,0.0,0.0,0.0,0.0,0.0
811,1521989117,662707438,0.0,0.0,0.0,0.0,0.0,0.0
812,1521989117,672708961,0.0,0.0,0.0,0.0,0.0,0.0
813,1521989117,682708362,0.0,0.0,0.0,0.0,0.0,0.0
814,1521989117,692710676,0.0,0.0,0.0,0.0,0.0,0.0
815,1521989117,702709798,0.0,0.0,0.0,0.0,0.0,0.0
816,1521989117,712709173,0.0,0.0,0.0,0.0,0.0,0.0
817,1521989117,722715918,0.0,0.0,0.0,0.0,0.0,0.0
818,1521989117,732711860,0.0,0.0,0.0,0.0,0.0,0.0
819,1521989117,742726790,0.0,0.0,0.0,0.0,0.0,0.0
820,1521989117,752709830,0.0,0.0,0.0,0.0,0.0,0.0
821,1521989117,762708625,0.0,0.0,0.0,0.0,0.0,0.0
822,1521989117,772709593,0.0,0.0,0.0,0.0,0.0,0.0
823,1521989117,782708997,0.0,0.0,0.0,0.0,0.0,0.0
824,1521989117,792708450,0.0,0.0,0.0,0.0,0.0,0.0
825,1521989117,802711125,0.0,0.0,0.0,0.0,0.0,0.0
826,1521989117,812710093,0.0,0.0,0.0,0.0,0.0,0.0
827,1521989117,822709852,0.0,0.0,0.0,0.0,0.0,0.0
828,1521989117,832709188,0.0,0.0,0.0,0.0,0.0,0.0
829,1521989117,842709258,0.0,0.0,0.0,0.0,0.0,0.0
830,1521989117,852709040,0.0,0.0,0.0,0.0,0.0,0.0
831,1521989117,862709825,0.0,0.0,0.0,0.0,0.0,0.0
832,1521989117,872709074,0.0,0.0,0.0,0.0,0.0,0.0
