241,1521989152,714987189,0.0,0.0,0.0,0.0,0.0,0.0
242,1521989152,724902917,0.0,0.0,0.0,0.0,0.0,0.0
243,1521989152,734902155,0.0,0.0,0.0,0.0,0.0,0.0
244,1521989152,744901519,0.0,0.0,0.0,0.0,0.0,0.0
245,1521989152,754901770,0.0,0.0,0.0,0.0,0.0,0.0
246,1521989152,764896762,0.0,0.0,0.0,0.0,0.0,0.0
247,1521989152,774902599,0.0,0.0,0.0,0.0,0.0,0.0
248,1521989152,784899761,0.0,0.0,0.0,0.0,0.0,0.0
249,1521989152,794902474,0.0,0.0,0.0,0.0,0.0,0.0
250,1521989152,804894764,0.0,0.0,0.0,0.0,0.0,0.0
251,1521989152,814926934,0.0,0.0,0.0,0.0,0.0,0.0
252,1521989152,824925209,0.0,0.0,0.0,0.0,0.0,0.0
253,1521989152,834921082,0.0,0.0,0.0,0.0,0.0,0.0
254,1521989152,844921630,0.0,0.0,0.0,0.0,0.0,0.0
255,1521989152,854905019,0.0,0.0,0.0,0.0,0.0,0.0
256,1521989152,864901443,0.0,0.0,0.0,0.0,0.0,0.0
257,1521989152,874896861,0.0,0.0,0.0,0.0,0.0,0.0
258,1521989152,884897013,0.0,0.0,0.0,0.0,0.0,0.0
259,1521989152,894895612,0.0,0.0,0.0,0.0,0.0,0.0
260,1521989152,904900301,0.0,0.0,0.0,0.0,0.0,0.0
261,1521989152,914899767,0.0,0.0,0.0,0.0,0.0,0.0
262,1521989152,924901891,0.0,0.0,0.0,0.0,0.0,0.0
263,1521989152,934903905,0.0,0.0,0.0,0.0,0.0,0.0
264,1521989152,944903141,0.0,0.0,0.0,0.0,0.0,0.0
265,1521989152,954902692,0.0,0.0,0.0,0.0,0.0,0.0
266,1521989152,964901933,0.0,0.0,0.0,0.0,0.0,0.0
267,1521989152,974901903,0.0,0.0,0.0,0.0,0.0,0.0
268,1521989152,984901078,0.0,0.0,0.0,0.0,0.0,0.0
269,1521989152,994902653,0.0,0.0,0.0,0.0,0.0,0.0
270,1521989153,4899886,0.0,0.0,0.0,0.0,0.0,0.0
271,1521989153,14895736,0.0,0.0,0.0,0.0,0.0,0.0
272,1521989153,24902117,0.0,0.0,0.0,0.0,0.0,0.0
273,1521989153,34896844,0.0,0.0,0.0,0.0,0.0,0.0
274,1521989153,44896029,0.0,0.0,0.0,0.0,0.0,0.0
275,1521989153,54897127,0.0,0.0,0.0,0.0,0.0,0.0
276,1521989153,64896428,0.0,0.0,0.0,0.0,0.0,0.0
277,1521989153,74901776,0.0,0.0,0.0,0.0,0.0,0.0
278,1521989153,84901346,0.0,0.0,0.0,0.0,0.0,0.0
279,1521989153,94897596,0.0,0.0,0.0,0.0,0.0,0.0
280,1521989153,104901011,0.0,0.0,0.0,0.0,0.0,0.0
281,1521989153,114902230,0.0,0.0,0.0,0.0,0.0,0.0
282,1521989153,124903040,0.0,0.0,0.0,0.0,0.0,0.0
283,1521989153,134902554,0.0,0.0,0.0,0.0,0.0,0.0
284,1521989153,144897160,0.0,0.0,0.0,0.0,0.0,0.0
285,1521989153,154896497,0.0,0.0,0.0,0.0,0.0,0.0
286,1521989153,164900332,0.0,0.0,0.0,0.0,0.0,0.0
287,1521989153,174900463,0.0,0.0,0.0,0.0,0.0,0.0
288,1521989153,184900184,0.0,0.0,0.0,0.0,0.0,0.0
289,1521989153,194901510,0.0,0.0,0.0,0.0,0.0,0.0
290,1521989153,204901408,0.0,0.0,0.0,0.0,0.0,0.0
291,1521989153,214896834,0.0,0.0,0.0,0.0,0.0,0.0
292,1521989153,224896583,0.0,0.0,0.0,0.0,0.0,0.0
293,1521989153,234898191,0.0,0.0,0.0,0.0,0.0,0.0
294,1521989153,244901839,0.0,0.0,0.0,0.0,0.0,0.0
295,1521989153,254902298,0.0,0.0,0.0,0.0,0.0,0.0
296,1521989153,264904778,0.0,0.0,0.0,0.0,0.0,0.0
297,1521989153,274900669,0.0,0.0,0.0,0.0,0.0,0.0
298,1521989153,284903314,0.0,0.0,0.0,0.0,0.0,0.0
299,1521989153,294899611,0.0,0.0,0.0,0.0,0.0,0.0
300,1521989153,304901275,0.0,0.0,0.0,0.0,0.0,0.0
301,1521989153,314897933,0.0,0.0,0.0,0.0,0.0,0.0
302,1521989153,324901673,0.0,0.0,0.0,0.0,0.0,0.0
303,1521989153,334899266,0.0,0.0,0.0,0.0,0.0,0.0
304,1521989153,344898278,0.0,0.0,0.0,0.0,0.0,0.0
305,1521989153,354905263,0.0,0.0,0.0,0.0,0.0,0.0
306,1521989153,364901838,0.0,0.0,0.0,0.0,0.0,0.0
307,1521989153,374897321,0.0,0.0,0.0,0.0,0.0,0.0
308,1521989153,384897940,0.0,0.0,0.0,0.0,0.0,0.0
309,1521989153,394903922,0.0,0.0,0.0,0.0,0.0,0.0
310,1521989153,404897212,0.0,0.0,0.0,0.0,0.0,0.0
311,1521989153,414899852,0.0,0.0,0.0,0.0,0.0,0.0
312,1521989153,424897055,0.0,0.0,0.0,0.0,0.0,0.0
313,1521989153,434901448,0.0,0.0,0.0,0.0,0.0,0.0
314,1521989153,444897721,0.0,0.0,0.0,0.0,0.0,0.0
315,1521989153,454897380,0.0,0.0,0.0,0.0,0.0,0.0
316,1521989153,464903368,0.0,0.0,0.0,0.0,0.0,0.0
317,1521989153,474902982,0.0,0.0,0.0,0.0,0.0,0.0
318,1521989153,484903165,83.0,83.0,0.0,0.0,0.0,0.0
319,1521989153,494903705,83.0,83.0,0.0,0.0,0.0,0.0
320,1521989153,504904596,141.0,141.0,0.0,0.0,0.0,0.0
321,1521989153,514904951,141.0,141.0,0.0,0.0,0.0,0.0
322,1521989153,524902668,225.0,225.0,0.0,0.0,0.0,0.0
323,1521989153,534908592,225.0,225.0,0.0,0.0,0.0,0.0
324,1521989153,544904531,340.0,340.0,0.0,0.0,0.0,0.0
325,1521989153,554904183,340.0,340.0,0.0,0.0,0.0,0.0
326,1521989153,564907004,458.0,458.0,0.0,0.0,0.0,0.0
327,1521989153,574899539,458.0,458.0,0.0,0.0,0.0,0.0
328,1521989153,584907566,475.0,500.0,0.0,0.0,0.0,0.0
329,1521989153,594912669,475.0,500.0,0.0,0.0,0.0,0.0
330,1521989153,604903049,450.0,500.0,0.0,0.0,0.0,0.0
331,1521989153,614864584,450.0,500.0,0.0,0.0,0.0,0.0
332,1521989153,624899580,433.0,500.0,0.0,0.0,0.0,0.0
333,1521989153,634902915,433.0,500.0,0.0,0.0,0.0,0.0
334,1521989153,644900688,422.0,500.0,0.0,0.0,0.0,0.0
335,1521989153,654902989,422.0,500.0,0.0,0.0,0.0,0.0
336,1521989153,664907203,418.0,500.0,0.0,0.0,0.0,0.0
337,1521989153,674903906,418.0,500.0,0.0,0.0,0.0,0.0
338,1521989153,684902832,407.0,500.0,0.0,0.0,0.0,0.0
339,1521989153,694903807,407.0,500.0,0.0,0.0,0.0,0.0
340,1521989153,704904523,406.0,500.0,0.0,0.0,0.0,0.0
341,1521989153,714903105,406.0,500.0,0.0,0.0,0.0,0.0
342,1521989153,724901853,401.0,500.0,0.0,0.0,0.0,0.0
343,1521989153,734905502,401.0,500.0,0.0,0.0,0.0,0.0
344,1521989153,744903333,386.0,500.0,0.0,0.0,0.0,0.0
345,1521989153,754903125,386.0,500.0,0.0,0.0,0.0,0.0
346,1521989153,764905679,381.0,500.0,0.0,0.0,0.0,0.0
347,1521989153,774901794,381.0,500.0,0.0,0.0,0.0,0.0
348,1521989153,784901707,368.0,500.0,0.0,0.0,0.0,0.0
349,1521989153,794901194,368.0,500.0,0.0,0.0,0.0,0.0
350,1521989153,804901326,367.0,500.0,0.0,0.0,0.0,0.0
351,1521989153,814900284,367.0,500.0,0.0,0.0,0.0,0.0
352,1521989153,824902083,366.0,500.0,0.0,0.0,0.0,0.0
353,1521989153,834901645,366.0,500.0,0.0,0.0,0.0,0.0
354,1521989153,844901799,366.0,500.0,0.0,0.0,0.0,0.0
355,1521989153,854903209,366.0,500.0,0.0,0.0,0.0,0.0
356,1521989153,864902064,366.0,500.0,0.0,0.0,0.0,0.0
357,1521989153,874902990,366.0,500.0,0.0,0.0,0.0,0.0
358,1521989153,884902982,366.0,500.0,0.0,0.0,0.0,0.0
359,1521989153,894902446,366.0,500.0,0.0,0.0,0.0,0.0
360,1521989153,904902063,366.0,500.0,0.0,0.0,0.0,0.0
361,1521989153,914901284,366.0,500.0,0.0,0.0,0.0,0.0
362,1521989153,924901427,366.0,500.0,0.0,0.0,0.0,0.0
363,1521989153,934898997,366.0,500.0,0.0,0.0,0.0,0.0
364,1521989153,944903085,366.0,500.0,0.0,0.0,0.0,0.0
365,1521989153,954902776,366.0,500.0,0.0,0.0,0.0,0.0
366,1521989153,964916294,366.0,500.0,0.0,0.0,0.0,0.0
367,1521989153,974910113,366.0,500.0,0.0,0.0,0.0,0.0
368,1521989153,984918380,366.0,500.0,0.0,0.0,0.0,0.0
369,1521989153,994908916,366.0,500.0,0.0,0.0,0.0,0.0
370,1521989154,4907201,366.0,500.0,0.0,0.0,0.0,0.0
371,1521989154,14904252,366.0,500.0,0.0,0.0,0.0,0.0
372,1521989154,24902229,366.0,500.0,0.0,0.0,0.0,0.0
373,1521989154,34906997,366.0,500.0,0.0,0.0,0.0,0.0
374,1521989154,44903553,366.0,500.0,0.0,0.0,0.0,0.0
375,1521989154,54910335,366.0,500.0,0.0,0.0,0.0,0.0
376,1521989154,64910257,366.0,500.0,0.0,0.0,0.0,0.0
377,1521989154,74905941,366.0,500.0,0.0,0.0,0.0,0.0
378,1521989154,84908489,366.0,500.0,0.0,0.0,0.0,0.0
379,1521989154,94904334,366.0,500.0,0.0,0.0,0.0,0.0
380,1521989154,104907200,366.0,500.0,0.0,0.0,0.0,0.0
381,1521989154,114903961,366.0,500.0,0.0,0.0,0.0,0.0
382,1521989154,124902777,366.0,500.0,0.0,0.0,0.0,0.0
383,1521989154,134912977,366.0,500.0,0.0,0.0,0.0,0.0
384,1521989154,144904784,367.0,500.0,0.0,0.0,0.0,0.0
385,1521989154,154903099,367.0,500.0,0.0,0.0,0.0,0.0
386,1521989154,164902925,368.0,500.0,0.0,0.0,0.0,0.0
387,1521989154,174905736,368.0,500.0,0.0,0.0,0.0,0.0
388,1521989154,184903991,371.0,500.0,0.0,0.0,0.0,0.0
389,1521989154,194902644,371.0,500.0,0.0,0.0,0.0,0.0
390,1521989154,204905273,372.0,500.0,0.0,0.0,0.0,0.0
391,1521989154,214903611,372.0,500.0,0.0,0.0,0.0,0.0
392,1521989154,224902927,375.0,500.0,0.0,0.0,0.0,0.0
393,1521989154,234905276,375.0,500.0,0.0,0.0,0.0,0.0
394,1521989154,244904553,378.0,500.0,0.0,0.0,0.0,0.0
395,1521989154,254902474,378.0,500.0,0.0,0.0,0.0,0.0
396,1521989154,264904620,382.0,500.0,0.0,0.0,0.0,0.0
397,1521989154,274903391,382.0,500.0,0.0,0.0,0.0,0.0
398,1521989154,284903316,394.0,500.0,0.0,0.0,0.0,0.0
399,1521989154,294902565,394.0,500.0,0.0,0.0,0.0,0.0
400,1521989154,304906523,398.0,500.0,0.0,0.0,0.0,0.0
401,1521989154,314901457,398.0,500.0,0.0,0.0,0.0,0.0
402,1521989154,324902187,415.0,500.0,0.0,0.0,0.0,0.0
403,1521989154,334904223,415.0,500.0,0.0,0.0,0.0,0.0
404,1521989154,344903017,427.0,500.0,0.0,0.0,0.0,0.0
405,1521989154,354902696,427.0,500.0,0.0,0.0,0.0,0.0
406,1521989154,364904982,438.0,500.0,0.0,0.0,0.0,0.0
407,1521989154,374903616,438.0,500.0,0.0,0.0,0.0,0.0
408,1521989154,384904514,443.0,500.0,0.0,0.0,0.0,0.0
409,1521989154,394902765,443.0,500.0,0.0,0.0,0.0,0.0
410,1521989154,404902949,456.0,500.0,0.0,0.0,0.0,0.0
411,1521989154,414901823,456.0,500.0,0.0,0.0,0.0,0.0
412,1521989154,424901231,459.0,500.0,0.0,0.0,0.0,0.0
413,1521989154,434903305,459.0,500.0,0.0,0.0,0.0,0.0
414,1521989154,444889555,463.0,500.0,0.0,0.0,0.0,0.0
415,1521989154,454902638,463.0,500.0,0.0,0.0,0.0,0.0
416,1521989154,464904279,467.0,500.0,0.0,0.0,0.0,0.0
417,1521989154,474901340,467.0,500.0,0.0,0.0,0.0,0.0
418,1521989154,484904707,470.0,500.0,0.0,0.0,0.0,0.0
419,1521989154,494903154,470.0,500.0,0.0,0.0,0.0,0.0
420,1521989154,504903163,460.0,486.0,0.0,0.0,0.0,0.0
421,1521989154,514902075,460.0,486.0,0.0,0.0,0.0,0.0
422,1521989154,524901512,404.0,427.0,0.0,0.0,0.0,0.0
423,1521989154,534903583,404.0,427.0,0.0,0.0,0.0,0.0
424,1521989154,544900871,334.0,352.0,0.0,0.0,0.0,0.0
425,1521989154,554902779,334.0,352.0,0.0,0.0,0.0,0.0
426,1521989154,564902543,261.0,264.0,0.0,0.0,0.0,0.0
427,1521989154,574901880,261.0,264.0,0.0,0.0,0.0,0.0
428,1521989154,584901940,172.0,172.0,0.0,0.0,0.0,0.0
429,1521989154,594901244,172.0,172.0,0.0,0.0,0.0,0.0
430,1521989154,604907109,92.0,92.0,0.0,0.0,0.0,0.0
431,1521989154,614905963,92.0,92.0,0.0,0.0,0.0,0.0
432,1521989154,624902997,0.0,0.0,0.0,0.0,0.0,0.0
433,1521989154,634875837,0.0,0.0,0.0,0.0,0.0,0.0
434,1521989154,644901382,0.0,0.0,0.0,0.0,0.0,0.0
435,1521989154,654901058,0.0,0.0,0.0,0.0,0.0,0.0
436,1521989154,664896988,0.0,0.0,0.0,0.0,0.0,0.0
437,1521989154,674902309,0.0,0.0,0.0,0.0,0.0,0.0
438,1521989154,684901538,0.0,0.0,0.0,0.0,0.0,0.0
439,1521989154,694900716,0.0,0.0,0.0,0.0,0.0,0.0
440,1521989154,704900049,0.0,0.0,0.0,0.0,0.0,0.0
441,1521989154,714899759,0.0,0.0,0.0,0.0,0.0,0.0
442,1521989154,724900745,0.0,0.0,0.0,0.0,0.0,0.0
443,1521989154,734900664,0.0,0.0,0.0,0.0,0.0,0.0
444,1521989154,744901673,0.0,0.0,0.0,0.0,0.0,0.0
445,1521989154,754901343,0.0,0.0,0.0,0.0,0.0,0.0
446,1521989154,764902040,0.0,0.0,0.0,0.0,0.0,0.0
447,1521989154,774901318,0.0,0.0,0.0,0.0,0.0,0.0
448,1521989154,784896305,0.0,0.0,0.0,0.0,0.0,0.0
449,1521989154,794903387,0.0,0.0,0.0,0.0,0.0,0.0
450,1521989154,804898500,0.0,0.0,0.0,0.0,0.0,0.0
451,1521989154,814902322,0.0,0.0,0.0,0.0,0.0,0.0
452,1521989154,824897024,0.0,0.0,0.0,0.0,0.0,0.0
453,1521989154,834898016,0.0,0.0,0.0,0.0,0.0,0.0
454,1521989154,844897449,0.0,0.0,0.0,0.0,0.0,0.0
455,1521989154,854903436,0.0,0.0,0.0,0.0,0.0,0.0
456,1521989154,864902867,0.0,0.0,0.0,0.0,0.0,0.0
457,1521989154,874902422,0.0,0.0,0.0,0.0,0.0,0.0
458,1521989154,884897179,0.0,0.0,0.0,0.0,0.0,0.0
459,1521989154,894896644,0.0,0.0,0.0,0.0,0.0,0.0
460,1521989154,904903102,0.0,0.0,0.0,0.0,0.0,0.0
461,1521989154,914902853,0.0,0.0,0.0,0.0,0.0,0.0
462,1521989154,924902600,0.0,0.0,0.0,0.0,0.0,0.0
463,1521989154,934903536,0.0,0.0,0.0,0.0,0.0,0.0
464,1521989154,944903307,0.0,0.0,0.0,0.0,0.0,0.0
465,1521989154,954901809,0.0,0.0,0.0,0.0,0.0,0.0
466,1521989154,964901395,0.0,0.0,0.0,0.0,0.0,0.0
467,1521989154,974900342,0.0,0.0,0.0,0.0,0.0,0.0
468,1521989154,984902449,0.0,0.0,0.0,0.0,0.0,0.0
469,1521989154,994902565,0.0,0.0,0.0,0.0,0.0,0.0
470,1521989155,4902519,0.0,0.0,0.0,0.0,0.0,0.0
471,1521989155,14901612,0.0,0.0,0.0,0.0,0.0,0.0
472,1521989155,24897443,0.0,0.0,0.0,0.0,0.0,0.0
473,1521989155,34896690,0.0,0.0,0.0,0.0,0.0,0.0
474,1521989155,44903124,0.0,0.0,0.0,0.0,0.0,0.0
475,1521989155,54902613,0.0,0.0,0.0,0.0,0.0,0.0
476,1521989155,64898930,0.0,0.0,0.0,0.0,0.0,0.0
477,1521989155,74901153,0.0,0.0,0.0,0.0,0.0,0.0
478,1521989155,84901091,0.0,0.0,0.0,0.0,0.0,0.0
479,1521989155,94903649,0.0,0.0,0.0,0.0,0.0,0.0
480,1521989155,104899588,0.0,0.0,0.0,0.0,0.0,0.0
481,1521989155,114897929,0.0,0.0,0.0,0.0,0.0,0.0
482,1521989155,124906114,0.0,0.0,0.0,0.0,0.0,0.0
483,1521989155,134897052,0.0,0.0,0.0,0.0,0.0,0.0
484,1521989155,144897261,0.0,0.0,0.0,0.0,0.0,0.0
485,1521989155,154902486,0.0,0.0,0.0,0.0,0.0,0.0
486,1521989155,164898771,0.0,0.0,0.0,0.0,0.0,0.0
487,1521989155,174902296,0.0,0.0,0.0,0.0,0.0,0.0
488,1521989155,184904941,0.0,0.0,0.0,0.0,0.0,0.0
489,1521989155,194904842,0.0,0.0,0.0,0.0,0.0,0.0
490,1521989155,204900697,0.0,0.0,0.0,0.0,0.0,0.0
491,1521989155,214903500,0.0,0.0,0.0,0.0,0.0,0.0
492,1521989155,224898358,0.0,0.0,0.0,0.0,0.0,0.0
493,1521989155,234905003,0.0,0.0,0.0,0.0,0.0,0.0
494,1521989155,244897478,0.0,0.0,0.0,0.0,0.0,0.0
495,1521989155,254897199,0.0,0.0,0.0,0.0,0.0,0.0
496,1521989155,264896920,0.0,0.0,0.0,0.0,0.0,0.0
497,1521989155,274902594,0.0,0.0,0.0,0.0,0.0,0.0
498,1521989155,284902666,0.0,0.0,0.0,0.0,0.0,0.0
499,1521989155,295028948,0.0,0.0,0.0,0.0,0.0,0.0
500,1521989155,304897306,0.0,0.0,0.0,0.0,0.0,0.0
501,1521989155,314903012,0.0,0.0,0.0,0.0,0.0,0.0
502,1521989155,324901158,0.0,0.0,0.0,0.0,0.0,0.0
503,1521989155,334902814,0.0,0.0,0.0,0.0,0.0,0.0
504,1521989155,344902438,0.0,0.0,0.0,0.0,0.0,0.0
505,1521989155,354896982,0.0,0.0,0.0,0.0,0.0,0.0
506,1521989155,364901582,0.0,0.0,0.0,0.0,0.0,0.0
507,1521989155,374897144,0.0,0.0,0.0,0.0,0.0,0.0
508,1521989155,384896233,0.0,0.0,0.0,0.0,0.0,0.0
509,1521989155,394903367,0.0,0.0,0.0,0.0,0.0,0.0
510,1521989155,404902565,0.0,0.0,0.0,0.0,0.0,0.0
511,1521989155,414901791,0.0,0.0,0.0,0.0,0.0,0.0
512,1521989155,424908674,0.0,0.0,0.0,0.0,0.0,0.0
513,1521989155,434910160,0.0,0.0,0.0,0.0,0.0,0.0
514,1521989155,444913081,0.0,0.0,0.0,0.0,0.0,0.0
515,1521989155,454917938,0.0,0.0,0.0,0.0,0.0,0.0
516,1521989155,464909460,0.0,0.0,0.0,0.0,0.0,0.0
517,1521989155,474905013,0.0,0.0,0.0,0.0,0.0,0.0
518,1521989155,484903524,0.0,0.0,0.0,0.0,0.0,0.0
519,1521989155,494909674,0.0,0.0,0.0,0.0,0.0,0.0
520,1521989155,504909340,0.0,0.0,0.0,0.0,0.0,0.0
521,1521989155,514906929,0.0,0.0,0.0,0.0,0.0,0.0
522,1521989155,524909128,0.0,0.0,0.0,0.0,0.0,0.0
523,1521989155,534911311,0.0,0.0,0.0,0.0,0.0,0.0
524,1521989155,544910620,0.0,0.0,0.0,0.0,0.0,0.0
525,1521989155,554905656,0.0,0.0,0.0,0.0,0.0,0.0
526,1521989155,564905525,0.0,0.0,0.0,0.0,0.0,0.0
527,1521989155,574915547,0.0,0.0,0.0,0.0,0.0,0.0
528,1521989155,584906125,0.0,0.0,0.0,0.0,0.0,0.0
529,1521989155,594906048,0.0,0.0,0.0,0.0,0.0,0.0
530,1521989155,604907753,0.0,0.0,0.0,0.0,0.0,0.0
531,1521989155,614905271,0.0,0.0,0.0,0.0,0.0,0.0
532,1521989155,624900117,0.0,0.0,0.0,0.0,0.0,0.0
533,1521989155,634910347,0.0,0.0,0.0,0.0,0.0,0.0
534,1521989155,644899954,0.0,0.0,0.0,0.0,0.0,0.0
535,1521989155,654899367,0.0,0.0,0.0,0.0,0.0,0.0
536,1521989155,664901700,0.0,0.0,0.0,0.0,0.0,0.0
537,1521989155,674904986,0.0,0.0,0.0,0.0,0.0,0.0
538,1521989155,684913014,0.0,0.0,0.0,0.0,0.0,0.0
539,1521989155,694904248,0.0,0.0,0.0,0.0,0.0,0.0
540,1521989155,704899066,0.0,0.0,0.0,0.0,0.0,0.0
541,1521989155,714910038,0.0,0.0,0.0,0.0,0.0,0.0
542,1521989155,724909339,0.0,0.0,0.0,0.0,0.0,0.0
543,1521989155,734906622,0.0,0.0,0.0,0.0,0.0,0.0
544,1521989155,744908759,0.0,0.0,0.0,0.0,0.0,0.0
545,1521989155,754903513,0.0,0.0,0.0,0.0,0.0,0.0
546,1521989155,764903601,0.0,0.0,0.0,0.0,0.0,0.0
547,1521989155,774901849,0.0,0.0,0.0,0.0,0.0,0.0
548,1521989155,784899495,0.0,0.0,0.0,0.0,0.0,0.0
549,1521989155,794882434,0.0,0.0,0.0,0.0,0.0,0.0
550,1521989155,804902977,0.0,0.0,0.0,0.0,0.0,0.0
551,1521989155,814896528,0.0,0.0,0.0,0.0,0.0,0.0
552,1521989155,824897781,0.0,0.0,0.0,0.0,0.0,0.0
553,1521989155,834901821,0.0,0.0,0.0,0.0,0.0,0.0
554,1521989155,844902208,0.0,0.0,0.0,0.0,0.0,0.0
555,1521989155,854895603,0.0,0.0,0.0,0.0,0.0,0.0
556,1521989155,864902336,0.0,0.0,0.0,0.0,0.0,0.0
557,1521989155,874902714,0.0,0.0,0.0,0.0,0.0,0.0
558,1521989155,884902007,0.0,0.0,0.0,0.0,0.0,0.0
559,1521989155,894860912,0.0,0.0,0.0,0.0,0.0,0.0
560,1521989155,904896225,0.0,0.0,0.0,0.0,0.0,0.0
561,1521989155,914894160,0.0,0.0,0.0,0.0,0.0,0.0
562,1521989155,924900777,0.0,0.0,0.0,0.0,0.0,0.0
563,1521989155,934894035,0.0,0.0,0.0,0.0,0.0,0.0
564,1521989155,944894638,0.0,0.0,0.0,0.0,0.0,0.0
565,1521989155,954900007,0.0,0.0,0.0,0.0,0.0,0.0
566,1521989155,964900336,0.0,0.0,0.0,0.0,0.0,0.0
567,1521989155,974901026,0.0,0.0,0.0,0.0,0.0,0.0
568,1521989155,984900456,0.0,0.0,0.0,0.0,0.0,0.0
569,1521989155,994896566,0.0,0.0,0.0,0.0,0.0,0.0
570,1521989156,4897438,0.0,0.0,0.0,0.0,0.0,0.0
571,1521989156,14911627,0.0,0.0,0.0,0.0,0.0,0.0
572,1521989156,24911865,0.0,0.0,0.0,0.0,0.0,0.0
573,1521989156,34909935,0.0,0.0,0.0,0.0,0.0,0.0
574,1521989156,44900913,0.0,0.0,0.0,0.0,0.0,0.0
575,1521989156,54902526,0.0,0.0,0.0,0.0,0.0,0.0
576,1521989156,64908383,0.0,0.0,0.0,0.0,0.0,0.0
577,1521989156,74908677,0.0,0.0,0.0,0.0,0.0,0.0
578,1521989156,84904138,0.0,0.0,0.0,0.0,0.0,0.0
579,1521989156,94905120,0.0,0.0,0.0,0.0,0.0,0.0
580,1521989156,104902730,0.0,0.0,0.0,0.0,0.0,0.0
581,1521989156,114905444,0.0,0.0,0.0,0.0,0.0,0.0
582,1521989156,124901392,0.0,0.0,0.0,0.0,0.0,0.0
583,1521989156,134904733,0.0,0.0,0.0,0.0,0.0,0.0
584,1521989156,144901473,0.0,0.0,0.0,0.0,0.0,0.0
585,1521989156,154901395,0.0,0.0,0.0,0.0,0.0,0.0
586,1521989156,164900882,0.0,0.0,0.0,0.0,0.0,0.0
587,1521989156,174900352,0.0,0.0,0.0,0.0,0.0,0.0
588,1521989156,184895289,0.0,0.0,0.0,0.0,0.0,0.0
589,1521989156,194899412,0.0,0.0,0.0,0.0,0.0,0.0
590,1521989156,204899373,0.0,0.0,0.0,0.0,0.0,0.0
591,1521989156,214894160,0.0,0.0,0.0,0.0,0.0,0.0
592,1521989156,224901078,0.0,0.0,0.0,0.0,0.0,0.0
593,1521989156,234923282,0.0,0.0,0.0,0.0,0.0,0.0
594,1521989156,244927558,0.0,0.0,0.0,0.0,0.0,0.0
595,1521989156,254921317,0.0,0.0,0.0,0.0,0.0,0.0
596,1521989156,264920350,0.0,0.0,0.0,0.0,0.0,0.0
597,1521989156,274900220,0.0,0.0,0.0,0.0,0.0,0.0
598,1521989156,284900690,0.0,0.0,0.0,0.0,0.0,0.0
599,1521989156,294895508,0.0,0.0,0.0,0.0,0.0,0.0
600,1521989156,304899818,0.0,0.0,0.0,0.0,0.0,0.0
601,1521989156,314903262,0.0,0.0,0.0,0.0,0.0,0.0
602,1521989156,324909315,0.0,0.0,0.0,0.0,0.0,0.0
603,1521989156,334902648,0.0,0.0,0.0,0.0,0.0,0.0
604,1521989156,344903739,0.0,0.0,0.0,0.0,0.0,0.0
605,1521989156,354895417,0.0,0.0,0.0,0.0,0.0,0.0
606,1521989156,364895460,0.0,0.0,0.0,0.0,0.0,0.0
607,1521989156,374895001,0.0,0.0,0.0,0.0,0.0,0.0
608,1521989156,384895353,0.0,0.0,0.0,0.0,0.0,0.0
609,1521989156,394893693,0.0,0.0,0.0,0.0,0.0,0.0
610,1521989156,404899246,0.0,0.0,0.0,0.0,0.0,0.0
611,1521989156,414900266,0.0,0.0,0.0,0.0,0.0,0.0
612,1521989156,424899602,0.0,0.0,0.0,0.0,0.0,0.0
613,1521989156,434935342,0.0,0.0,0.0,0.0,0.0,0.0
614,1521989156,444937097,0.0,0.0,0.0,0.0,0.0,0.0
615,1521989156,454936731,0.0,0.0,0.0,0.0,0.0,0.0
616,1521989156,464906386,0.0,0.0,0.0,0.0,0.0,0.0
617,1521989156,474905103,0.0,0.0,0.0,0.0,0.0,0.0
618,1521989156,484898041,0.0,0.0,0.0,0.0,0.0,0.0
619,1521989156,494894833,0.0,0.0,0.0,0.0,0.0,0.0
620,1521989156,504894578,0.0,0.0,0.0,0.0,0.0,0.0
621,1521989156,514900506,0.0,0.0,0.0,0.0,0.0,0.0
622,1521989156,524895950,0.0,0.0,0.0,0.0,0.0,0.0
623,1521989156,534895568,0.0,0.0,0.0,0.0,0.0,0.0
624,1521989156,544894452,0.0,0.0,0.0,0.0,0.0,0.0
625,1521989156,554897820,0.0,0.0,0.0,0.0,0.0,0.0
626,1521989156,564901979,0.0,0.0,0.0,0.0,0.0,0.0
627,1521989156,574896591,0.0,0.0,0.0,0.0,0.0,0.0
628,1521989156,584901784,0.0,0.0,0.0,0.0,0.0,0.0
629,1521989156,594917913,0.0,0.0,0.0,0.0,0.0,0.0
