642,1529961731,837572491,0.0,0.0,0.0,0.0,0.0,0.0
643,1529961731,847584548,0.0,0.0,0.0,0.0,0.0,0.0
644,1529961731,857577435,0.0,0.0,0.0,0.0,0.0,0.0
645,1529961731,867622261,0.0,0.0,0.0,0.0,0.0,0.0
646,1529961731,877582825,0.0,0.0,0.0,0.0,0.0,0.0
647,1529961731,890241551,0.0,0.0,0.0,0.0,0.0,0.0
648,1529961731,897559952,0.0,0.0,0.0,0.0,0.0,0.0
649,1529961731,907576829,0.0,0.0,0.0,0.0,0.0,0.0
650,1529961731,917576071,0.0,0.0,0.0,0.0,0.0,0.0
651,1529961731,927543419,0.0,0.0,0.0,0.0,0.0,0.0
652,1529961731,937579547,0.0,0.0,0.0,0.0,0.0,0.0
653,1529961731,947583727,0.0,0.0,0.0,0.0,0.0,0.0
654,1529961731,957579032,0.0,0.0,0.0,0.0,0.0,0.0
655,1529961731,967558810,0.0,0.0,0.0,0.0,0.0,0.0
656,1529961731,979008781,0.0,0.0,0.0,0.0,0.0,0.0
657,1529961731,987589126,0.0,0.0,0.0,0.0,0.0,0.0
658,1529961731,997571719,0.0,0.0,0.0,0.0,0.0,0.0
659,1529961732,7591436,0.0,0.0,0.0,0.0,0.0,0.0
660,1529961732,17575834,0.0,0.0,0.0,0.0,0.0,0.0
661,1529961732,27577042,0.0,0.0,0.0,0.0,0.0,0.0
662,1529961732,37575849,0.0,0.0,0.0,0.0,0.0,0.0
663,1529961732,47572833,0.0,0.0,0.0,0.0,0.0,0.0
664,1529961732,57575092,0.0,0.0,0.0,0.0,0.0,0.0
665,1529961732,67565865,0.0,0.0,0.0,0.0,0.0,0.0
666,1529961732,77570202,0.0,0.0,0.0,0.0,0.0,0.0
667,1529961732,87574386,0.0,0.0,0.0,0.0,0.0,0.0
668,1529961732,97575200,0.0,0.0,0.0,0.0,0.0,0.0
669,1529961732,107570532,0.0,0.0,0.0,0.0,0.0,0.0
670,1529961732,117581567,0.0,0.0,0.0,0.0,0.0,0.0
671,1529961732,127564718,0.0,0.0,0.0,0.0,0.0,0.0
672,1529961732,137585296,0.0,0.0,0.0,0.0,0.0,0.0
673,1529961732,147574185,0.0,0.0,0.0,0.0,0.0,0.0
674,1529961732,157577086,0.0,0.0,0.0,0.0,0.0,0.0
675,1529961732,167575311,0.0,0.0,0.0,0.0,0.0,0.0
676,1529961732,177576075,0.0,0.0,0.0,0.0,0.0,0.0
677,1529961732,187572843,0.0,0.0,0.0,0.0,0.0,0.0
678,1529961732,197586596,0.0,0.0,0.0,0.0,0.0,0.0
679,1529961732,207582330,0.0,0.0,0.0,0.0,0.0,0.0
680,1529961732,217575271,0.0,0.0,0.0,0.0,0.0,0.0
681,1529961732,227574968,0.0,0.0,0.0,0.0,0.0,0.0
682,1529961732,237576875,0.0,0.0,0.0,0.0,0.0,0.0
683,1529961732,247577786,0.0,0.0,0.0,0.0,0.0,0.0
684,1529961732,257569808,0.0,0.0,0.0,0.0,0.0,0.0
685,1529961732,267584652,0.0,0.0,0.0,0.0,0.0,0.0
686,1529961732,277558464,0.0,0.0,0.0,0.0,0.0,0.0
687,1529961732,287592194,0.0,0.0,0.0,0.0,0.0,0.0
688,1529961732,297578598,0.0,0.0,0.0,0.0,0.0,0.0
689,1529961732,307558599,0.0,0.0,0.0,0.0,0.0,0.0
690,1529961732,317573599,0.0,0.0,0.0,0.0,0.0,0.0
691,1529961732,327578556,0.0,0.0,0.0,0.0,0.0,0.0
692,1529961732,337580460,0.0,0.0,0.0,0.0,0.0,0.0
693,1529961732,347576894,0.0,0.0,0.0,0.0,0.0,0.0
694,1529961732,357577119,0.0,0.0,0.0,0.0,0.0,0.0
695,1529961732,367570039,0.0,0.0,0.0,0.0,0.0,0.0
696,1529961732,377596378,0.0,0.0,0.0,0.0,0.0,0.0
697,1529961732,387588049,0.0,0.0,0.0,0.0,0.0,0.0
698,1529961732,397588489,0.0,0.0,0.0,0.0,0.0,0.0
699,1529961732,407558342,0.0,0.0,0.0,0.0,0.0,0.0
700,1529961732,417584024,0.0,0.0,0.0,0.0,0.0,0.0
701,1529961732,427578433,0.0,0.0,0.0,0.0,0.0,0.0
702,1529961732,437576404,0.0,0.0,0.0,0.0,0.0,0.0
703,1529961732,447575906,0.0,0.0,0.0,0.0,0.0,0.0
704,1529961732,457577598,0.0,0.0,0.0,0.0,0.0,0.0
705,1529961732,467576917,0.0,0.0,0.0,0.0,0.0,0.0
706,1529961732,477573296,0.0,0.0,0.0,0.0,0.0,0.0
707,1529961732,487577127,0.0,0.0,0.0,0.0,0.0,0.0
708,1529961732,497571100,0.0,0.0,0.0,0.0,0.0,0.0
709,1529961732,507564742,0.0,0.0,0.0,0.0,0.0,0.0
710,1529961732,517561646,0.0,0.0,0.0,0.0,0.0,0.0
711,1529961732,527558814,0.0,0.0,0.0,0.0,0.0,0.0
712,1529961732,537572966,0.0,0.0,0.0,0.0,0.0,0.0
713,1529961732,547584240,0.0,0.0,0.0,0.0,0.0,0.0
714,1529961732,557577364,0.0,0.0,0.0,0.0,0.0,0.0
715,1529961732,567574920,0.0,0.0,0.0,0.0,0.0,0.0
716,1529961732,577575177,0.0,0.0,0.0,0.0,0.0,0.0
717,1529961732,587575018,0.0,0.0,0.0,0.0,0.0,0.0
718,1529961732,597579448,0.0,0.0,0.0,0.0,0.0,0.0
719,1529961732,607575806,0.0,0.0,0.0,0.0,0.0,0.0
720,1529961732,617575149,0.0,0.0,0.0,0.0,0.0,0.0
721,1529961732,627567964,0.0,0.0,0.0,0.0,0.0,0.0
722,1529961732,637580318,0.0,0.0,0.0,0.0,0.0,0.0
723,1529961732,647574818,0.0,0.0,0.0,0.0,0.0,0.0
724,1529961732,657577990,0.0,0.0,0.0,0.0,0.0,0.0
725,1529961732,667574260,0.0,0.0,0.0,0.0,0.0,0.0
726,1529961732,677578990,0.0,0.0,0.0,0.0,0.0,0.0
727,1529961732,687590902,0.0,0.0,0.0,0.0,0.0,0.0
728,1529961732,697571196,0.0,0.0,0.0,0.0,0.0,0.0
729,1529961732,707584478,0.0,0.0,0.0,0.0,0.0,0.0
730,1529961732,717577454,0.0,0.0,0.0,0.0,0.0,0.0
731,1529961732,727577833,0.0,0.0,0.0,0.0,0.0,0.0
732,1529961732,737581132,0.0,0.0,0.0,0.0,0.0,0.0
733,1529961732,747577876,0.0,0.0,0.0,0.0,0.0,0.0
734,1529961732,757575348,0.0,0.0,0.0,0.0,0.0,0.0
735,1529961732,767587230,0.0,0.0,0.0,0.0,0.0,0.0
736,1529961732,777559882,0.0,0.0,0.0,0.0,0.0,0.0
737,1529961732,787576326,0.0,0.0,0.0,0.0,0.0,0.0
738,1529961732,797575196,0.0,0.0,0.0,0.0,0.0,0.0
739,1529961732,807579613,0.0,0.0,0.0,0.0,0.0,0.0
740,1529961732,817577637,0.0,0.0,0.0,0.0,0.0,0.0
741,1529961732,827557881,0.0,0.0,0.0,0.0,0.0,0.0
742,1529961732,837576223,0.0,0.0,0.0,0.0,0.0,0.0
743,1529961732,847576873,0.0,0.0,0.0,0.0,0.0,0.0
744,1529961732,857586401,0.0,0.0,0.0,0.0,0.0,0.0
745,1529961732,867581023,0.0,0.0,0.0,0.0,0.0,0.0
746,1529961732,877570782,0.0,0.0,0.0,0.0,0.0,0.0
747,1529961732,887576798,0.0,0.0,0.0,0.0,0.0,0.0
748,1529961732,897582905,0.0,0.0,0.0,0.0,0.0,0.0
749,1529961732,907577718,0.0,0.0,0.0,0.0,0.0,0.0
750,1529961732,917558399,0.0,0.0,0.0,0.0,0.0,0.0
751,1529961732,927577489,0.0,0.0,0.0,0.0,0.0,0.0
752,1529961732,937576420,0.0,0.0,0.0,0.0,0.0,0.0
753,1529961732,947575457,0.0,0.0,0.0,0.0,0.0,0.0
754,1529961732,957573841,0.0,0.0,0.0,0.0,0.0,0.0
755,1529961732,967575306,0.0,0.0,0.0,0.0,0.0,0.0
756,1529961732,977591639,0.0,0.0,0.0,0.0,0.0,0.0
757,1529961732,987582921,0.0,0.0,0.0,0.0,0.0,0.0
758,1529961732,997591775,0.0,0.0,0.0,0.0,0.0,0.0
759,1529961733,7587615,0.0,0.0,0.0,0.0,0.0,0.0
760,1529961733,17588784,0.0,0.0,0.0,0.0,0.0,0.0
761,1529961733,27585513,0.0,0.0,0.0,0.0,0.0,0.0
762,1529961733,37578120,0.0,0.0,0.0,0.0,0.0,0.0
763,1529961733,47577476,0.0,0.0,0.0,0.0,0.0,0.0
764,1529961733,57560946,0.0,0.0,0.0,0.0,0.0,0.0
765,1529961733,67577620,0.0,0.0,0.0,0.0,0.0,0.0
766,1529961733,77579364,0.0,0.0,0.0,0.0,0.0,0.0
767,1529961733,87575914,0.0,0.0,0.0,0.0,0.0,0.0
768,1529961733,97575255,0.0,0.0,0.0,0.0,0.0,0.0
769,1529961733,107579887,0.0,0.0,0.0,0.0,0.0,0.0
770,1529961733,117580339,0.0,0.0,0.0,0.0,0.0,0.0
771,1529961733,127579874,0.0,0.0,0.0,0.0,0.0,0.0
772,1529961733,137576740,0.0,0.0,0.0,0.0,0.0,0.0
773,1529961733,147575522,0.0,0.0,0.0,0.0,0.0,0.0
774,1529961733,157589023,0.0,0.0,0.0,0.0,0.0,0.0
775,1529961733,167577262,0.0,0.0,0.0,0.0,0.0,0.0
776,1529961733,177575853,0.0,0.0,0.0,0.0,0.0,0.0
777,1529961733,187576101,0.0,0.0,0.0,0.0,0.0,0.0
778,1529961733,197574580,0.0,0.0,0.0,0.0,0.0,0.0
779,1529961733,207575583,0.0,0.0,0.0,0.0,0.0,0.0
780,1529961733,217575466,0.0,0.0,0.0,0.0,0.0,0.0
781,1529961733,227559977,0.0,0.0,0.0,0.0,0.0,0.0
782,1529961733,237574396,0.0,0.0,0.0,0.0,0.0,0.0
783,1529961733,247581388,0.0,0.0,0.0,0.0,0.0,0.0
784,1529961733,257577878,0.0,0.0,0.0,0.0,0.0,0.0
785,1529961733,267574206,0.0,0.0,0.0,0.0,0.0,0.0
786,1529961733,277573873,0.0,0.0,0.0,0.0,0.0,0.0
787,1529961733,287565700,0.0,0.0,0.0,0.0,0.0,0.0
788,1529961733,297575956,0.0,0.0,0.0,0.0,0.0,0.0
789,1529961733,307579062,104.0,104.0,0.0,0.0,0.0,0.0
790,1529961733,317582164,104.0,104.0,0.0,0.0,0.0,0.0
791,1529961733,327580993,129.0,129.0,0.0,0.0,0.0,0.0
792,1529961733,337591361,129.0,129.0,0.0,0.0,0.0,0.0
793,1529961733,347582585,151.0,145.0,0.0,0.0,0.0,0.0
794,1529961733,357565280,151.0,145.0,0.0,0.0,0.0,0.0
795,1529961733,367589616,172.0,161.0,0.0,0.0,0.0,0.0
796,1529961733,377583637,172.0,161.0,0.0,0.0,0.0,0.0
797,1529961733,387587456,190.0,174.0,0.0,0.0,0.0,0.0
798,1529961733,397577716,190.0,174.0,0.0,0.0,0.0,0.0
799,1529961733,407580335,208.0,184.0,0.0,0.0,0.0,0.0
800,1529961733,417562068,208.0,184.0,0.0,0.0,0.0,0.0
801,1529961733,427580766,218.0,170.0,0.0,0.0,0.0,0.0
802,1529961733,437579393,218.0,170.0,0.0,0.0,0.0,0.0
803,1529961733,447576439,235.0,178.0,0.0,0.0,0.0,0.0
804,1529961733,457578431,235.0,178.0,0.0,0.0,0.0,0.0
805,1529961733,467581220,242.0,162.0,0.0,0.0,0.0,0.0
806,1529961733,477563670,242.0,162.0,0.0,0.0,0.0,0.0
807,1529961733,487555499,245.0,163.0,0.0,0.0,0.0,0.0
808,1529961733,497578587,245.0,163.0,0.0,0.0,0.0,0.0
809,1529961733,507583994,248.0,161.0,0.0,0.0,0.0,0.0
810,1529961733,517592050,248.0,161.0,0.0,0.0,0.0,0.0
811,1529961733,527579268,250.0,160.0,0.0,0.0,0.0,0.0
812,1529961733,537563187,250.0,160.0,0.0,0.0,0.0,0.0
813,1529961733,547579515,253.0,158.0,0.0,0.0,0.0,0.0
814,1529961733,557584179,253.0,158.0,0.0,0.0,0.0,0.0
815,1529961733,567580920,256.0,155.0,0.0,0.0,0.0,0.0
816,1529961733,577582549,256.0,155.0,0.0,0.0,0.0,0.0
817,1529961733,587581049,256.0,154.0,0.0,0.0,0.0,0.0
818,1529961733,597585463,256.0,154.0,0.0,0.0,0.0,0.0
819,1529961733,607566614,257.0,152.0,0.0,0.0,0.0,0.0
820,1529961733,617580964,257.0,152.0,0.0,0.0,0.0,0.0
821,1529961733,627580694,258.0,151.0,0.0,0.0,0.0,0.0
822,1529961733,637567363,258.0,151.0,0.0,0.0,0.0,0.0
823,1529961733,647592890,259.0,146.0,0.0,0.0,0.0,0.0
824,1529961733,657583015,259.0,146.0,0.0,0.0,0.0,0.0
825,1529961733,667581256,259.0,141.0,0.0,0.0,0.0,0.0
826,1529961733,677585478,259.0,141.0,0.0,0.0,0.0,0.0
827,1529961733,687587569,258.0,133.0,0.0,0.0,0.0,0.0
828,1529961733,697577176,258.0,133.0,0.0,0.0,0.0,0.0
829,1529961733,707594983,257.0,125.0,0.0,0.0,0.0,0.0
830,1529961733,717585160,257.0,125.0,0.0,0.0,0.0,0.0
831,1529961733,727581985,256.0,117.0,0.0,0.0,0.0,0.0
832,1529961733,737582830,256.0,117.0,0.0,0.0,0.0,0.0
833,1529961733,747576873,256.0,114.0,0.0,0.0,0.0,0.0
834,1529961733,757590746,256.0,114.0,0.0,0.0,0.0,0.0
835,1529961733,767600078,255.0,111.0,0.0,0.0,0.0,0.0
836,1529961733,777581586,255.0,111.0,0.0,0.0,0.0,0.0
837,1529961733,787579118,254.0,110.0,0.0,0.0,0.0,0.0
838,1529961733,797580342,254.0,110.0,0.0,0.0,0.0,0.0
839,1529961733,807579781,253.0,109.0,0.0,0.0,0.0,0.0
840,1529961733,817591155,253.0,109.0,0.0,0.0,0.0,0.0
841,1529961733,827580859,253.0,108.0,0.0,0.0,0.0,0.0
842,1529961733,837582225,253.0,108.0,0.0,0.0,0.0,0.0
843,1529961733,847578398,241.0,121.0,0.0,0.0,0.0,0.0
844,1529961733,857581241,241.0,121.0,0.0,0.0,0.0,0.0
845,1529961733,867580666,226.0,139.0,0.0,0.0,0.0,0.0
846,1529961733,877579666,226.0,139.0,0.0,0.0,0.0,0.0
847,1529961733,887580375,210.0,164.0,0.0,0.0,0.0,0.0
848,1529961733,897578755,210.0,164.0,0.0,0.0,0.0,0.0
849,1529961733,907581994,200.0,194.0,0.0,0.0,0.0,0.0
850,1529961733,917578775,200.0,194.0,0.0,0.0,0.0,0.0
851,1529961733,927558974,195.0,195.0,0.0,0.0,0.0,0.0
852,1529961733,937581723,195.0,195.0,0.0,0.0,0.0,0.0
853,1529961733,947588026,190.0,190.0,0.0,0.0,0.0,0.0
854,1529961733,957581653,190.0,190.0,0.0,0.0,0.0,0.0
855,1529961733,967576576,185.0,185.0,0.0,0.0,0.0,0.0
856,1529961733,977586235,185.0,185.0,0.0,0.0,0.0,0.0
857,1529961733,987581021,182.0,182.0,0.0,0.0,0.0,0.0
858,1529961733,997581352,182.0,182.0,0.0,0.0,0.0,0.0
859,1529961734,7579715,181.0,181.0,0.0,0.0,0.0,0.0
860,1529961734,17578579,181.0,181.0,0.0,0.0,0.0,0.0
861,1529961734,27581881,180.0,180.0,0.0,0.0,0.0,0.0
862,1529961734,37587561,180.0,180.0,0.0,0.0,0.0,0.0
863,1529961734,47564117,180.0,180.0,0.0,0.0,0.0,0.0
864,1529961734,57578319,180.0,180.0,0.0,0.0,0.0,0.0
865,1529961734,67578065,179.0,179.0,0.0,0.0,0.0,0.0
866,1529961734,77583727,179.0,179.0,0.0,0.0,0.0,0.0
867,1529961734,87583353,177.0,177.0,0.0,0.0,0.0,0.0
868,1529961734,97579024,177.0,177.0,0.0,0.0,0.0,0.0
869,1529961734,107577289,176.0,176.0,0.0,0.0,0.0,0.0
870,1529961734,117580035,176.0,176.0,0.0,0.0,0.0,0.0
871,1529961734,127585145,174.0,174.0,0.0,0.0,0.0,0.0
872,1529961734,137580060,174.0,174.0,0.0,0.0,0.0,0.0
873,1529961734,147580935,174.0,174.0,0.0,0.0,0.0,0.0
874,1529961734,157575323,174.0,174.0,0.0,0.0,0.0,0.0
875,1529961734,167599703,174.0,174.0,0.0,0.0,0.0,0.0
876,1529961734,177586103,174.0,174.0,0.0,0.0,0.0,0.0
877,1529961734,187576991,173.0,173.0,0.0,0.0,0.0,0.0
878,1529961734,197578445,173.0,173.0,0.0,0.0,0.0,0.0
879,1529961734,207588222,172.0,172.0,0.0,0.0,0.0,0.0
880,1529961734,217581526,172.0,172.0,0.0,0.0,0.0,0.0
881,1529961734,227577213,170.0,170.0,0.0,0.0,0.0,0.0
882,1529961734,237578041,170.0,170.0,0.0,0.0,0.0,0.0
883,1529961734,247586743,169.0,169.0,0.0,0.0,0.0,0.0
884,1529961734,257582625,169.0,169.0,0.0,0.0,0.0,0.0
885,1529961734,267579020,168.0,168.0,0.0,0.0,0.0,0.0
886,1529961734,277577664,168.0,168.0,0.0,0.0,0.0,0.0
887,1529961734,287579100,166.0,166.0,0.0,0.0,0.0,0.0
888,1529961734,297596580,166.0,166.0,0.0,0.0,0.0,0.0
889,1529961734,307580014,165.0,165.0,0.0,0.0,0.0,0.0
890,1529961734,317579929,165.0,165.0,0.0,0.0,0.0,0.0
891,1529961734,327544511,165.0,165.0,0.0,0.0,0.0,0.0
892,1529961734,337579662,165.0,165.0,0.0,0.0,0.0,0.0
893,1529961734,347578117,164.0,164.0,0.0,0.0,0.0,0.0
894,1529961734,357576872,164.0,164.0,0.0,0.0,0.0,0.0
895,1529961734,367592070,164.0,164.0,0.0,0.0,0.0,0.0
896,1529961734,377579394,164.0,164.0,0.0,0.0,0.0,0.0
897,1529961734,387584026,164.0,164.0,0.0,0.0,0.0,0.0
898,1529961734,397579023,164.0,164.0,0.0,0.0,0.0,0.0
899,1529961734,407582531,164.0,164.0,0.0,0.0,0.0,0.0
900,1529961734,417577963,164.0,164.0,0.0,0.0,0.0,0.0
901,1529961734,427583011,164.0,164.0,0.0,0.0,0.0,0.0
902,1529961734,437578755,164.0,164.0,0.0,0.0,0.0,0.0
903,1529961734,447552943,163.0,164.0,0.0,0.0,0.0,0.0
904,1529961734,457576876,163.0,164.0,0.0,0.0,0.0,0.0
905,1529961734,467578152,156.0,163.0,0.0,0.0,0.0,0.0
906,1529961734,477577978,156.0,163.0,0.0,0.0,0.0,0.0
907,1529961734,487558729,151.0,164.0,0.0,0.0,0.0,0.0
908,1529961734,497588766,151.0,164.0,0.0,0.0,0.0,0.0
909,1529961734,507603795,146.0,165.0,0.0,0.0,0.0,0.0
910,1529961734,517583283,146.0,165.0,0.0,0.0,0.0,0.0
911,1529961734,527580962,142.0,165.0,0.0,0.0,0.0,0.0
912,1529961734,537577972,142.0,165.0,0.0,0.0,0.0,0.0
913,1529961734,547578775,140.0,165.0,0.0,0.0,0.0,0.0
914,1529961734,557578235,140.0,165.0,0.0,0.0,0.0,0.0
915,1529961734,567587148,135.0,165.0,0.0,0.0,0.0,0.0
916,1529961734,577573241,135.0,165.0,0.0,0.0,0.0,0.0
917,1529961734,587579078,129.0,166.0,0.0,0.0,0.0,0.0
918,1529961734,597583989,129.0,166.0,0.0,0.0,0.0,0.0
919,1529961734,607582994,126.0,167.0,0.0,0.0,0.0,0.0
920,1529961734,617580133,126.0,167.0,0.0,0.0,0.0,0.0
921,1529961734,627581678,124.0,168.0,0.0,0.0,0.0,0.0
922,1529961734,637577758,124.0,168.0,0.0,0.0,0.0,0.0
923,1529961734,647583754,121.0,170.0,0.0,0.0,0.0,0.0
924,1529961734,657583712,121.0,170.0,0.0,0.0,0.0,0.0
925,1529961734,667583936,118.0,172.0,0.0,0.0,0.0,0.0
926,1529961734,677588729,118.0,172.0,0.0,0.0,0.0,0.0
927,1529961734,687557956,113.0,173.0,0.0,0.0,0.0,0.0
928,1529961734,697581651,113.0,173.0,0.0,0.0,0.0,0.0
929,1529961734,707580740,110.0,175.0,0.0,0.0,0.0,0.0
930,1529961734,717579431,110.0,175.0,0.0,0.0,0.0,0.0
931,1529961734,727562015,109.0,176.0,0.0,0.0,0.0,0.0
932,1529961734,737582457,109.0,176.0,0.0,0.0,0.0,0.0
933,1529961734,747581990,107.0,177.0,0.0,0.0,0.0,0.0
934,1529961734,757577445,107.0,177.0,0.0,0.0,0.0,0.0
935,1529961734,767580974,107.0,177.0,0.0,0.0,0.0,0.0
936,1529961734,777580480,107.0,177.0,0.0,0.0,0.0,0.0
937,1529961734,787587916,105.0,178.0,0.0,0.0,0.0,0.0
938,1529961734,797589003,105.0,178.0,0.0,0.0,0.0,0.0
939,1529961734,807587326,105.0,178.0,0.0,0.0,0.0,0.0
940,1529961734,817587400,105.0,178.0,0.0,0.0,0.0,0.0
941,1529961734,827585660,105.0,179.0,0.0,0.0,0.0,0.0
942,1529961734,837580556,105.0,179.0,0.0,0.0,0.0,0.0
943,1529961734,847553840,104.0,179.0,0.0,0.0,0.0,0.0
944,1529961734,857581388,104.0,179.0,0.0,0.0,0.0,0.0
945,1529961734,867582098,101.0,181.0,0.0,0.0,0.0,0.0
946,1529961734,877596577,101.0,181.0,0.0,0.0,0.0,0.0
947,1529961734,887579092,97.0,184.0,0.0,0.0,0.0,0.0
948,1529961734,897576578,97.0,184.0,0.0,0.0,0.0,0.0
949,1529961734,907577449,93.0,187.0,0.0,0.0,0.0,0.0
950,1529961734,917585998,93.0,187.0,0.0,0.0,0.0,0.0
951,1529961734,927578726,89.0,191.0,0.0,0.0,0.0,0.0
952,1529961734,937585711,89.0,191.0,0.0,0.0,0.0,0.0
953,1529961734,947574309,85.0,194.0,0.0,0.0,0.0,0.0
954,1529961734,957600009,85.0,194.0,0.0,0.0,0.0,0.0
955,1529961734,967571360,81.0,197.0,0.0,0.0,0.0,0.0
956,1529961734,977578489,81.0,197.0,0.0,0.0,0.0,0.0
957,1529961734,987574424,78.0,200.0,0.0,0.0,0.0,0.0
958,1529961734,997579551,78.0,200.0,0.0,0.0,0.0,0.0
959,1529961735,7569377,74.0,204.0,0.0,0.0,0.0,0.0
960,1529961735,17573825,74.0,204.0,0.0,0.0,0.0,0.0
961,1529961735,27576358,69.0,208.0,0.0,0.0,0.0,0.0
962,1529961735,37575645,69.0,208.0,0.0,0.0,0.0,0.0
963,1529961735,47582926,65.0,212.0,0.0,0.0,0.0,0.0
964,1529961735,57578948,65.0,212.0,0.0,0.0,0.0,0.0
965,1529961735,67577636,61.0,215.0,0.0,0.0,0.0,0.0
966,1529961735,77577260,61.0,215.0,0.0,0.0,0.0,0.0
967,1529961735,87595612,60.0,216.0,0.0,0.0,0.0,0.0
968,1529961735,97583973,60.0,216.0,0.0,0.0,0.0,0.0
969,1529961735,107574432,60.0,218.0,0.0,0.0,0.0,0.0
970,1529961735,117583927,60.0,218.0,0.0,0.0,0.0,0.0
971,1529961735,127589045,59.0,219.0,0.0,0.0,0.0,0.0
972,1529961735,137580716,59.0,219.0,0.0,0.0,0.0,0.0
973,1529961735,147576837,60.0,219.0,0.0,0.0,0.0,0.0
974,1529961735,157577895,60.0,219.0,0.0,0.0,0.0,0.0
975,1529961735,167575690,61.0,219.0,0.0,0.0,0.0,0.0
976,1529961735,177637415,61.0,219.0,0.0,0.0,0.0,0.0
977,1529961735,187581090,61.0,219.0,0.0,0.0,0.0,0.0
978,1529961735,197577204,61.0,219.0,0.0,0.0,0.0,0.0
979,1529961735,207575624,61.0,219.0,0.0,0.0,0.0,0.0
980,1529961735,217582564,61.0,219.0,0.0,0.0,0.0,0.0
981,1529961735,227583566,61.0,220.0,0.0,0.0,0.0,0.0
982,1529961735,237580339,61.0,220.0,0.0,0.0,0.0,0.0
983,1529961735,247577641,63.0,219.0,0.0,0.0,0.0,0.0
984,1529961735,257578346,63.0,219.0,0.0,0.0,0.0,0.0
985,1529961735,267584749,65.0,218.0,0.0,0.0,0.0,0.0
986,1529961735,277580945,65.0,218.0,0.0,0.0,0.0,0.0
987,1529961735,287577815,72.0,214.0,0.0,0.0,0.0,0.0
988,1529961735,297584639,72.0,214.0,0.0,0.0,0.0,0.0
989,1529961735,307580728,89.0,204.0,0.0,0.0,0.0,0.0
990,1529961735,317586712,89.0,204.0,0.0,0.0,0.0,0.0
991,1529961735,327568641,96.0,201.0,0.0,0.0,0.0,0.0
992,1529961735,337575454,96.0,201.0,0.0,0.0,0.0,0.0
993,1529961735,347578944,114.0,190.0,0.0,0.0,0.0,0.0
994,1529961735,357579601,114.0,190.0,0.0,0.0,0.0,0.0
995,1529961735,367580343,123.0,188.0,0.0,0.0,0.0,0.0
996,1529961735,377578424,123.0,188.0,0.0,0.0,0.0,0.0
997,1529961735,387580027,145.0,184.0,0.0,0.0,0.0,0.0
998,1529961735,397584228,145.0,184.0,0.0,0.0,0.0,0.0
999,1529961735,407578476,155.0,185.0,0.0,0.0,0.0,0.0
1000,1529961735,417577790,155.0,185.0,0.0,0.0,0.0,0.0
1001,1529961735,427575134,177.0,186.0,0.0,0.0,0.0,0.0
1002,1529961735,437588183,177.0,186.0,0.0,0.0,0.0,0.0
1003,1529961735,447579971,187.0,189.0,0.0,0.0,0.0,0.0
1004,1529961735,457578984,187.0,189.0,0.0,0.0,0.0,0.0
1005,1529961735,467578316,193.0,193.0,0.0,0.0,0.0,0.0
1006,1529961735,477587136,193.0,193.0,0.0,0.0,0.0,0.0
1007,1529961735,487584049,197.0,197.0,0.0,0.0,0.0,0.0
1008,1529961735,497577217,197.0,197.0,0.0,0.0,0.0,0.0
1009,1529961735,507583527,202.0,202.0,0.0,0.0,0.0,0.0
1010,1529961735,517579306,202.0,202.0,0.0,0.0,0.0,0.0
1011,1529961735,527660069,207.0,207.0,0.0,0.0,0.0,0.0
1012,1529961735,537581853,207.0,207.0,0.0,0.0,0.0,0.0
1013,1529961735,547578077,212.0,212.0,0.0,0.0,0.0,0.0
1014,1529961735,557579907,212.0,212.0,0.0,0.0,0.0,0.0
1015,1529961735,567581813,217.0,217.0,0.0,0.0,0.0,0.0
1016,1529961735,577581573,217.0,217.0,0.0,0.0,0.0,0.0
1017,1529961735,587578165,221.0,221.0,0.0,0.0,0.0,0.0
1018,1529961735,597582377,221.0,221.0,0.0,0.0,0.0,0.0
1019,1529961735,607582759,225.0,225.0,0.0,0.0,0.0,0.0
1020,1529961735,617586657,225.0,225.0,0.0,0.0,0.0,0.0
1021,1529961735,627581909,229.0,229.0,0.0,0.0,0.0,0.0
1022,1529961735,637580140,229.0,229.0,0.0,0.0,0.0,0.0
1023,1529961735,647579295,230.0,230.0,0.0,0.0,0.0,0.0
1024,1529961735,657594878,230.0,230.0,0.0,0.0,0.0,0.0
1025,1529961735,667585586,231.0,231.0,0.0,0.0,0.0,0.0
1026,1529961735,677584307,231.0,231.0,0.0,0.0,0.0,0.0
1027,1529961735,687580750,232.0,232.0,0.0,0.0,0.0,0.0
1028,1529961735,697576426,232.0,232.0,0.0,0.0,0.0,0.0
1029,1529961735,707582512,232.0,232.0,0.0,0.0,0.0,0.0
1030,1529961735,717581437,232.0,232.0,0.0,0.0,0.0,0.0
1031,1529961735,727580639,232.0,232.0,0.0,0.0,0.0,0.0
1032,1529961735,737577432,232.0,232.0,0.0,0.0,0.0,0.0
1033,1529961735,747581399,233.0,233.0,0.0,0.0,0.0,0.0
1034,1529961735,757579416,233.0,233.0,0.0,0.0,0.0,0.0
1035,1529961735,767578325,233.0,233.0,0.0,0.0,0.0,0.0
1036,1529961735,777580100,233.0,233.0,0.0,0.0,0.0,0.0
1037,1529961735,787583755,233.0,233.0,0.0,0.0,0.0,0.0
1038,1529961735,797579896,233.0,233.0,0.0,0.0,0.0,0.0
1039,1529961735,807578534,233.0,233.0,0.0,0.0,0.0,0.0
1040,1529961735,817579027,233.0,233.0,0.0,0.0,0.0,0.0
1041,1529961735,827577603,233.0,233.0,0.0,0.0,0.0,0.0
1042,1529961735,837579861,233.0,233.0,0.0,0.0,0.0,0.0
1043,1529961735,847575797,233.0,233.0,0.0,0.0,0.0,0.0
1044,1529961735,857579702,233.0,233.0,0.0,0.0,0.0,0.0
1045,1529961735,867578679,233.0,233.0,0.0,0.0,0.0,0.0
1046,1529961735,877584281,233.0,233.0,0.0,0.0,0.0,0.0
1047,1529961735,887580999,233.0,233.0,0.0,0.0,0.0,0.0
1048,1529961735,897580133,233.0,233.0,0.0,0.0,0.0,0.0
1049,1529961735,907576898,233.0,233.0,0.0,0.0,0.0,0.0
1050,1529961735,917582997,233.0,233.0,0.0,0.0,0.0,0.0
1051,1529961735,927581041,233.0,233.0,0.0,0.0,0.0,0.0
1052,1529961735,937580836,233.0,233.0,0.0,0.0,0.0,0.0
1053,1529961735,947576785,233.0,233.0,0.0,0.0,0.0,0.0
1054,1529961735,957589180,233.0,233.0,0.0,0.0,0.0,0.0
1055,1529961735,967560340,233.0,233.0,0.0,0.0,0.0,0.0
1056,1529961735,977580795,233.0,233.0,0.0,0.0,0.0,0.0
1057,1529961735,987577773,234.0,234.0,0.0,0.0,0.0,0.0
1058,1529961735,997578224,234.0,234.0,0.0,0.0,0.0,0.0
1059,1529961736,7584851,234.0,234.0,0.0,0.0,0.0,0.0
1060,1529961736,17580825,234.0,234.0,0.0,0.0,0.0,0.0
1061,1529961736,27579350,235.0,235.0,0.0,0.0,0.0,0.0
1062,1529961736,37577406,235.0,235.0,0.0,0.0,0.0,0.0
1063,1529961736,47586786,235.0,235.0,0.0,0.0,0.0,0.0
1064,1529961736,57591168,235.0,235.0,0.0,0.0,0.0,0.0
1065,1529961736,67578277,235.0,235.0,0.0,0.0,0.0,0.0
1066,1529961736,77576147,235.0,235.0,0.0,0.0,0.0,0.0
1067,1529961736,87589822,235.0,235.0,0.0,0.0,0.0,0.0
1068,1529961736,97582676,235.0,235.0,0.0,0.0,0.0,0.0
1069,1529961736,107578700,235.0,235.0,0.0,0.0,0.0,0.0
1070,1529961736,117579259,235.0,235.0,0.0,0.0,0.0,0.0
1071,1529961736,127577581,235.0,235.0,0.0,0.0,0.0,0.0
1072,1529961736,137585412,235.0,235.0,0.0,0.0,0.0,0.0
1073,1529961736,147579773,235.0,235.0,0.0,0.0,0.0,0.0
1074,1529961736,157573810,235.0,235.0,0.0,0.0,0.0,0.0
1075,1529961736,167584285,235.0,235.0,0.0,0.0,0.0,0.0
1076,1529961736,177578074,235.0,235.0,0.0,0.0,0.0,0.0
1077,1529961736,187580205,235.0,235.0,0.0,0.0,0.0,0.0
1078,1529961736,197590013,235.0,235.0,0.0,0.0,0.0,0.0
1079,1529961736,207578031,235.0,235.0,0.0,0.0,0.0,0.0
1080,1529961736,217577918,235.0,235.0,0.0,0.0,0.0,0.0
1081,1529961736,227588573,235.0,235.0,0.0,0.0,0.0,0.0
1082,1529961736,237578483,235.0,235.0,0.0,0.0,0.0,0.0
1083,1529961736,247577625,235.0,235.0,0.0,0.0,0.0,0.0
1084,1529961736,257578802,235.0,235.0,0.0,0.0,0.0,0.0
1085,1529961736,267585268,235.0,235.0,0.0,0.0,0.0,0.0
1086,1529961736,277583316,235.0,235.0,0.0,0.0,0.0,0.0
1087,1529961736,287602198,235.0,235.0,0.0,0.0,0.0,0.0
1088,1529961736,297576379,235.0,235.0,0.0,0.0,0.0,0.0
1089,1529961736,307580991,235.0,235.0,0.0,0.0,0.0,0.0
1090,1529961736,317581349,235.0,235.0,0.0,0.0,0.0,0.0
1091,1529961736,327577177,235.0,235.0,0.0,0.0,0.0,0.0
1092,1529961736,337578730,235.0,235.0,0.0,0.0,0.0,0.0
1093,1529961736,347578662,235.0,235.0,0.0,0.0,0.0,0.0
1094,1529961736,357588330,235.0,235.0,0.0,0.0,0.0,0.0
1095,1529961736,367581425,235.0,235.0,0.0,0.0,0.0,0.0
1096,1529961736,377561287,235.0,235.0,0.0,0.0,0.0,0.0
1097,1529961736,387586798,235.0,235.0,0.0,0.0,0.0,0.0
1098,1529961736,397583010,235.0,235.0,0.0,0.0,0.0,0.0
1099,1529961736,407578129,235.0,235.0,0.0,0.0,0.0,0.0
1100,1529961736,417573592,235.0,235.0,0.0,0.0,0.0,0.0
1101,1529961736,427590750,235.0,235.0,0.0,0.0,0.0,0.0
1102,1529961736,437580722,235.0,235.0,0.0,0.0,0.0,0.0
1103,1529961736,447595094,235.0,235.0,0.0,0.0,0.0,0.0
1104,1529961736,457578386,235.0,235.0,0.0,0.0,0.0,0.0
1105,1529961736,467578565,235.0,235.0,0.0,0.0,0.0,0.0
1106,1529961736,477576933,235.0,235.0,0.0,0.0,0.0,0.0
1107,1529961736,487615804,235.0,235.0,0.0,0.0,0.0,0.0
1108,1529961736,497577979,235.0,235.0,0.0,0.0,0.0,0.0
1109,1529961736,507577772,235.0,235.0,0.0,0.0,0.0,0.0
1110,1529961736,517580796,235.0,235.0,0.0,0.0,0.0,0.0
1111,1529961736,527582873,235.0,235.0,0.0,0.0,0.0,0.0
1112,1529961736,537580904,235.0,235.0,0.0,0.0,0.0,0.0
1113,1529961736,547579111,235.0,235.0,0.0,0.0,0.0,0.0
1114,1529961736,557579124,235.0,235.0,0.0,0.0,0.0,0.0
1115,1529961736,567575662,235.0,235.0,0.0,0.0,0.0,0.0
1116,1529961736,577596712,235.0,235.0,0.0,0.0,0.0,0.0
1117,1529961736,587587134,235.0,235.0,0.0,0.0,0.0,0.0
1118,1529961736,597588327,235.0,235.0,0.0,0.0,0.0,0.0
1119,1529961736,607579731,234.0,234.0,0.0,0.0,0.0,0.0
1120,1529961736,617578075,234.0,234.0,0.0,0.0,0.0,0.0
1121,1529961736,627577251,233.0,233.0,0.0,0.0,0.0,0.0
1122,1529961736,637577976,233.0,233.0,0.0,0.0,0.0,0.0
1123,1529961736,647583166,233.0,233.0,0.0,0.0,0.0,0.0
1124,1529961736,657577438,233.0,233.0,0.0,0.0,0.0,0.0
1125,1529961736,667579202,231.0,231.0,0.0,0.0,0.0,0.0
1126,1529961736,677584202,231.0,231.0,0.0,0.0,0.0,0.0
1127,1529961736,687594120,230.0,230.0,0.0,0.0,0.0,0.0
1128,1529961736,697579557,230.0,230.0,0.0,0.0,0.0,0.0
1129,1529961736,707575257,229.0,229.0,0.0,0.0,0.0,0.0
1130,1529961736,717576577,229.0,229.0,0.0,0.0,0.0,0.0
1131,1529961736,727577084,227.0,227.0,0.0,0.0,0.0,0.0
1132,1529961736,737576786,227.0,227.0,0.0,0.0,0.0,0.0
1133,1529961736,747578381,226.0,226.0,0.0,0.0,0.0,0.0
1134,1529961736,757574028,226.0,226.0,0.0,0.0,0.0,0.0
1135,1529961736,767577815,224.0,224.0,0.0,0.0,0.0,0.0
1136,1529961736,777575896,224.0,224.0,0.0,0.0,0.0,0.0
1137,1529961736,787576747,224.0,224.0,0.0,0.0,0.0,0.0
1138,1529961736,797578702,224.0,224.0,0.0,0.0,0.0,0.0
1139,1529961736,807576402,223.0,223.0,0.0,0.0,0.0,0.0
1140,1529961736,817578685,223.0,223.0,0.0,0.0,0.0,0.0
1141,1529961736,827578587,222.0,222.0,0.0,0.0,0.0,0.0
1142,1529961736,837576058,222.0,222.0,0.0,0.0,0.0,0.0
1143,1529961736,847575299,221.0,221.0,0.0,0.0,0.0,0.0
1144,1529961736,857575637,221.0,221.0,0.0,0.0,0.0,0.0
1145,1529961736,867574992,220.0,220.0,0.0,0.0,0.0,0.0
1146,1529961736,877576167,220.0,220.0,0.0,0.0,0.0,0.0
1147,1529961736,887577420,220.0,220.0,0.0,0.0,0.0,0.0
1148,1529961736,897578785,220.0,220.0,0.0,0.0,0.0,0.0
1149,1529961736,907589388,219.0,219.0,0.0,0.0,0.0,0.0
1150,1529961736,917578549,219.0,219.0,0.0,0.0,0.0,0.0
1151,1529961736,927579072,218.0,218.0,0.0,0.0,0.0,0.0
1152,1529961736,937575288,218.0,218.0,0.0,0.0,0.0,0.0
1153,1529961736,947576606,218.0,218.0,0.0,0.0,0.0,0.0
1154,1529961736,957577670,218.0,218.0,0.0,0.0,0.0,0.0
1155,1529961736,967575550,218.0,218.0,0.0,0.0,0.0,0.0
1156,1529961736,977572844,218.0,218.0,0.0,0.0,0.0,0.0
1157,1529961736,987586455,217.0,217.0,0.0,0.0,0.0,0.0
1158,1529961736,997577737,217.0,217.0,0.0,0.0,0.0,0.0
1159,1529961737,7578803,217.0,217.0,0.0,0.0,0.0,0.0
1160,1529961737,17577591,217.0,217.0,0.0,0.0,0.0,0.0
1161,1529961737,27577822,217.0,217.0,0.0,0.0,0.0,0.0
1162,1529961737,37575902,217.0,217.0,0.0,0.0,0.0,0.0
1163,1529961737,47575179,217.0,217.0,0.0,0.0,0.0,0.0
1164,1529961737,57593182,217.0,217.0,0.0,0.0,0.0,0.0
1165,1529961737,67580283,217.0,217.0,0.0,0.0,0.0,0.0
1166,1529961737,77577860,217.0,217.0,0.0,0.0,0.0,0.0
1167,1529961737,87577608,217.0,217.0,0.0,0.0,0.0,0.0
1168,1529961737,97537599,217.0,217.0,0.0,0.0,0.0,0.0
1169,1529961737,107574812,217.0,217.0,0.0,0.0,0.0,0.0
1170,1529961737,117576814,217.0,217.0,0.0,0.0,0.0,0.0
1171,1529961737,127584106,217.0,217.0,0.0,0.0,0.0,0.0
1172,1529961737,137578241,217.0,217.0,0.0,0.0,0.0,0.0
1173,1529961737,147578511,217.0,217.0,0.0,0.0,0.0,0.0
1174,1529961737,157577277,217.0,217.0,0.0,0.0,0.0,0.0
1175,1529961737,167578286,217.0,217.0,0.0,0.0,0.0,0.0
1176,1529961737,177598222,217.0,217.0,0.0,0.0,0.0,0.0
1177,1529961737,187638269,217.0,217.0,0.0,0.0,0.0,0.0
1178,1529961737,197576583,217.0,217.0,0.0,0.0,0.0,0.0
1179,1529961737,207556614,217.0,217.0,0.0,0.0,0.0,0.0
1180,1529961737,217597068,217.0,217.0,0.0,0.0,0.0,0.0
1181,1529961737,227598164,216.0,216.0,0.0,0.0,0.0,0.0
1182,1529961737,237594191,216.0,216.0,0.0,0.0,0.0,0.0
1183,1529961737,247583260,216.0,216.0,0.0,0.0,0.0,0.0
1184,1529961737,257599710,216.0,216.0,0.0,0.0,0.0,0.0
1185,1529961737,267579885,216.0,216.0,0.0,0.0,0.0,0.0
1186,1529961737,277584152,216.0,216.0,0.0,0.0,0.0,0.0
1187,1529961737,287592055,216.0,216.0,0.0,0.0,0.0,0.0
1188,1529961737,297591531,216.0,216.0,0.0,0.0,0.0,0.0
1189,1529961737,307583600,215.0,215.0,0.0,0.0,0.0,0.0
1190,1529961737,317583271,215.0,215.0,0.0,0.0,0.0,0.0
1191,1529961737,327587730,214.0,214.0,0.0,0.0,0.0,0.0
1192,1529961737,337579864,214.0,214.0,0.0,0.0,0.0,0.0
1193,1529961737,347581089,213.0,213.0,0.0,0.0,0.0,0.0
1194,1529961737,357580031,213.0,213.0,0.0,0.0,0.0,0.0
1195,1529961737,367586844,212.0,212.0,0.0,0.0,0.0,0.0
1196,1529961737,377576974,212.0,212.0,0.0,0.0,0.0,0.0
1197,1529961737,387585768,211.0,211.0,0.0,0.0,0.0,0.0
1198,1529961737,397580785,211.0,211.0,0.0,0.0,0.0,0.0
1199,1529961737,407564953,209.0,209.0,0.0,0.0,0.0,0.0
1200,1529961737,417579315,209.0,209.0,0.0,0.0,0.0,0.0
1201,1529961737,427581203,208.0,208.0,0.0,0.0,0.0,0.0
1202,1529961737,437584354,208.0,208.0,0.0,0.0,0.0,0.0
1203,1529961737,447590040,207.0,207.0,0.0,0.0,0.0,0.0
1204,1529961737,457584489,207.0,207.0,0.0,0.0,0.0,0.0
1205,1529961737,467579789,205.0,205.0,0.0,0.0,0.0,0.0
1206,1529961737,477585142,205.0,205.0,0.0,0.0,0.0,0.0
1207,1529961737,487585933,204.0,204.0,0.0,0.0,0.0,0.0
1208,1529961737,497576611,204.0,204.0,0.0,0.0,0.0,0.0
1209,1529961737,507576924,202.0,202.0,0.0,0.0,0.0,0.0
1210,1529961737,517575374,202.0,202.0,0.0,0.0,0.0,0.0
1211,1529961737,527588740,201.0,201.0,0.0,0.0,0.0,0.0
1212,1529961737,537578793,201.0,201.0,0.0,0.0,0.0,0.0
1213,1529961737,547578482,199.0,199.0,0.0,0.0,0.0,0.0
1214,1529961737,557579412,199.0,199.0,0.0,0.0,0.0,0.0
1215,1529961737,567662075,198.0,198.0,0.0,0.0,0.0,0.0
1216,1529961737,577580803,198.0,198.0,0.0,0.0,0.0,0.0
1217,1529961737,587579313,197.0,197.0,0.0,0.0,0.0,0.0
1218,1529961737,597576150,197.0,197.0,0.0,0.0,0.0,0.0
1219,1529961737,607578296,196.0,196.0,0.0,0.0,0.0,0.0
1220,1529961737,617578979,196.0,196.0,0.0,0.0,0.0,0.0
1221,1529961737,627574089,196.0,196.0,0.0,0.0,0.0,0.0
1222,1529961737,637578142,196.0,196.0,0.0,0.0,0.0,0.0
1223,1529961737,647598051,195.0,195.0,0.0,0.0,0.0,0.0
1224,1529961737,657579902,195.0,195.0,0.0,0.0,0.0,0.0
1225,1529961737,667578089,194.0,194.0,0.0,0.0,0.0,0.0
1226,1529961737,677577487,194.0,194.0,0.0,0.0,0.0,0.0
1227,1529961737,687577096,193.0,193.0,0.0,0.0,0.0,0.0
1228,1529961737,697581302,193.0,193.0,0.0,0.0,0.0,0.0
1229,1529961737,707580336,193.0,193.0,0.0,0.0,0.0,0.0
1230,1529961737,717577525,193.0,193.0,0.0,0.0,0.0,0.0
1231,1529961737,727575617,192.0,192.0,0.0,0.0,0.0,0.0
1232,1529961737,737581752,192.0,192.0,0.0,0.0,0.0,0.0
1233,1529961737,747585553,192.0,192.0,0.0,0.0,0.0,0.0
1234,1529961737,757559903,192.0,192.0,0.0,0.0,0.0,0.0
1235,1529961737,767574457,192.0,192.0,0.0,0.0,0.0,0.0
1236,1529961737,777579606,192.0,192.0,0.0,0.0,0.0,0.0
1237,1529961737,787579630,191.0,191.0,0.0,0.0,0.0,0.0
1238,1529961737,797578260,191.0,191.0,0.0,0.0,0.0,0.0
1239,1529961737,807577078,190.0,190.0,0.0,0.0,0.0,0.0
1240,1529961737,817580445,190.0,190.0,0.0,0.0,0.0,0.0
1241,1529961737,827575471,190.0,190.0,0.0,0.0,0.0,0.0
1242,1529961737,837586429,190.0,190.0,0.0,0.0,0.0,0.0
1243,1529961737,847574298,190.0,190.0,0.0,0.0,0.0,0.0
1244,1529961737,857576284,190.0,190.0,0.0,0.0,0.0,0.0
1245,1529961737,867576492,190.0,190.0,0.0,0.0,0.0,0.0
1246,1529961737,877579386,190.0,190.0,0.0,0.0,0.0,0.0
1247,1529961737,887577481,190.0,190.0,0.0,0.0,0.0,0.0
1248,1529961737,897596264,190.0,190.0,0.0,0.0,0.0,0.0
1249,1529961737,907578831,190.0,190.0,0.0,0.0,0.0,0.0
1250,1529961737,917580283,190.0,190.0,0.0,0.0,0.0,0.0
1251,1529961737,927583129,190.0,190.0,0.0,0.0,0.0,0.0
1252,1529961737,937574087,190.0,190.0,0.0,0.0,0.0,0.0
1253,1529961737,947574880,190.0,190.0,0.0,0.0,0.0,0.0
1254,1529961737,957575157,190.0,190.0,0.0,0.0,0.0,0.0
1255,1529961737,967579084,190.0,190.0,0.0,0.0,0.0,0.0
1256,1529961737,977579094,190.0,190.0,0.0,0.0,0.0,0.0
1257,1529961737,987581292,190.0,190.0,0.0,0.0,0.0,0.0
1258,1529961737,997625246,190.0,190.0,0.0,0.0,0.0,0.0
1259,1529961738,7589733,190.0,190.0,0.0,0.0,0.0,0.0
1260,1529961738,17577174,190.0,190.0,0.0,0.0,0.0,0.0
1261,1529961738,27584650,190.0,190.0,0.0,0.0,0.0,0.0
1262,1529961738,37577125,190.0,190.0,0.0,0.0,0.0,0.0
1263,1529961738,47585739,190.0,190.0,0.0,0.0,0.0,0.0
1264,1529961738,57582240,190.0,190.0,0.0,0.0,0.0,0.0
1265,1529961738,67578469,189.0,189.0,0.0,0.0,0.0,0.0
1266,1529961738,77576518,189.0,189.0,0.0,0.0,0.0,0.0
1267,1529961738,87580302,189.0,189.0,0.0,0.0,0.0,0.0
1268,1529961738,97585715,189.0,189.0,0.0,0.0,0.0,0.0
1269,1529961738,107578759,188.0,188.0,0.0,0.0,0.0,0.0
1270,1529961738,117578165,188.0,188.0,0.0,0.0,0.0,0.0
1271,1529961738,127587890,187.0,187.0,0.0,0.0,0.0,0.0
1272,1529961738,137582309,187.0,187.0,0.0,0.0,0.0,0.0
1273,1529961738,147602630,186.0,186.0,0.0,0.0,0.0,0.0
1274,1529961738,157591034,186.0,186.0,0.0,0.0,0.0,0.0
1275,1529961738,167581294,185.0,185.0,0.0,0.0,0.0,0.0
1276,1529961738,177589416,185.0,185.0,0.0,0.0,0.0,0.0
1277,1529961738,187582408,179.0,183.0,0.0,0.0,0.0,0.0
1278,1529961738,197577451,179.0,183.0,0.0,0.0,0.0,0.0
1279,1529961738,207588291,176.0,181.0,0.0,0.0,0.0,0.0
1280,1529961738,217579791,176.0,181.0,0.0,0.0,0.0,0.0
1281,1529961738,227584409,169.0,180.0,0.0,0.0,0.0,0.0
1282,1529961738,237580641,169.0,180.0,0.0,0.0,0.0,0.0
1283,1529961738,247562809,167.0,179.0,0.0,0.0,0.0,0.0
1284,1529961738,257589934,167.0,179.0,0.0,0.0,0.0,0.0
1285,1529961738,267583459,164.0,178.0,0.0,0.0,0.0,0.0
1286,1529961738,277581423,164.0,178.0,0.0,0.0,0.0,0.0
1287,1529961738,287563614,162.0,178.0,0.0,0.0,0.0,0.0
1288,1529961738,297593341,162.0,178.0,0.0,0.0,0.0,0.0
1289,1529961738,307586530,160.0,177.0,0.0,0.0,0.0,0.0
1290,1529961738,317588881,160.0,177.0,0.0,0.0,0.0,0.0
1291,1529961738,327570542,158.0,176.0,0.0,0.0,0.0,0.0
1292,1529961738,337578029,158.0,176.0,0.0,0.0,0.0,0.0
1293,1529961738,347576702,156.0,176.0,0.0,0.0,0.0,0.0
1294,1529961738,357591325,156.0,176.0,0.0,0.0,0.0,0.0
1295,1529961738,367581885,155.0,175.0,0.0,0.0,0.0,0.0
1296,1529961738,377579278,155.0,175.0,0.0,0.0,0.0,0.0
1297,1529961738,387576199,155.0,175.0,0.0,0.0,0.0,0.0
1298,1529961738,397579815,155.0,175.0,0.0,0.0,0.0,0.0
1299,1529961738,407581086,155.0,175.0,0.0,0.0,0.0,0.0
1300,1529961738,417575628,155.0,175.0,0.0,0.0,0.0,0.0
1301,1529961738,427577409,154.0,175.0,0.0,0.0,0.0,0.0
1302,1529961738,437575859,154.0,175.0,0.0,0.0,0.0,0.0
1303,1529961738,447563712,154.0,175.0,0.0,0.0,0.0,0.0
1304,1529961738,457579054,154.0,175.0,0.0,0.0,0.0,0.0
1305,1529961738,467586887,153.0,175.0,0.0,0.0,0.0,0.0
1306,1529961738,477575863,153.0,175.0,0.0,0.0,0.0,0.0
1307,1529961738,487581564,153.0,175.0,0.0,0.0,0.0,0.0
1308,1529961738,497575452,153.0,175.0,0.0,0.0,0.0,0.0
1309,1529961738,507576465,153.0,175.0,0.0,0.0,0.0,0.0
1310,1529961738,517574611,153.0,175.0,0.0,0.0,0.0,0.0
1311,1529961738,527579656,153.0,175.0,0.0,0.0,0.0,0.0
1312,1529961738,537589055,153.0,175.0,0.0,0.0,0.0,0.0
1313,1529961738,547577743,153.0,175.0,0.0,0.0,0.0,0.0
1314,1529961738,557588831,153.0,175.0,0.0,0.0,0.0,0.0
1315,1529961738,567586608,153.0,175.0,0.0,0.0,0.0,0.0
1316,1529961738,577581273,153.0,175.0,0.0,0.0,0.0,0.0
1317,1529961738,587600034,152.0,176.0,0.0,0.0,0.0,0.0
1318,1529961738,597584422,152.0,176.0,0.0,0.0,0.0,0.0
1319,1529961738,607593243,152.0,176.0,0.0,0.0,0.0,0.0
1320,1529961738,617586546,152.0,176.0,0.0,0.0,0.0,0.0
1321,1529961738,627601509,151.0,176.0,0.0,0.0,0.0,0.0
1322,1529961738,637597343,151.0,176.0,0.0,0.0,0.0,0.0
1323,1529961738,647557582,150.0,176.0,0.0,0.0,0.0,0.0
1324,1529961738,657577585,150.0,176.0,0.0,0.0,0.0,0.0
1325,1529961738,667577837,148.0,176.0,0.0,0.0,0.0,0.0
1326,1529961738,677581091,148.0,176.0,0.0,0.0,0.0,0.0
1327,1529961738,687581361,145.0,175.0,0.0,0.0,0.0,0.0
1328,1529961738,697577109,145.0,175.0,0.0,0.0,0.0,0.0
1329,1529961738,707575905,140.0,175.0,0.0,0.0,0.0,0.0
1330,1529961738,717582020,140.0,175.0,0.0,0.0,0.0,0.0
1331,1529961738,727559804,136.0,175.0,0.0,0.0,0.0,0.0
1332,1529961738,737575983,136.0,175.0,0.0,0.0,0.0,0.0
1333,1529961738,747575385,134.0,175.0,0.0,0.0,0.0,0.0
1334,1529961738,757581427,134.0,175.0,0.0,0.0,0.0,0.0
1335,1529961738,767558482,129.0,176.0,0.0,0.0,0.0,0.0
1336,1529961738,777576884,129.0,176.0,0.0,0.0,0.0,0.0
1337,1529961738,787574520,126.0,177.0,0.0,0.0,0.0,0.0
1338,1529961738,797588597,126.0,177.0,0.0,0.0,0.0,0.0
1339,1529961738,807581577,122.0,177.0,0.0,0.0,0.0,0.0
1340,1529961738,817575903,122.0,177.0,0.0,0.0,0.0,0.0
1341,1529961738,827575970,119.0,177.0,0.0,0.0,0.0,0.0
1342,1529961738,837580123,119.0,177.0,0.0,0.0,0.0,0.0
1343,1529961738,847589701,115.0,178.0,0.0,0.0,0.0,0.0
1344,1529961738,857583866,115.0,178.0,0.0,0.0,0.0,0.0
1345,1529961738,867575040,114.0,177.0,0.0,0.0,0.0,0.0
1346,1529961738,877580015,114.0,177.0,0.0,0.0,0.0,0.0
1347,1529961738,887606540,113.0,177.0,0.0,0.0,0.0,0.0
1348,1529961738,897591735,113.0,177.0,0.0,0.0,0.0,0.0
1349,1529961738,907582571,113.0,177.0,0.0,0.0,0.0,0.0
1350,1529961738,917584603,113.0,177.0,0.0,0.0,0.0,0.0
1351,1529961738,927587668,113.0,177.0,0.0,0.0,0.0,0.0
1352,1529961738,937589885,113.0,177.0,0.0,0.0,0.0,0.0
1353,1529961738,947591824,113.0,177.0,0.0,0.0,0.0,0.0
1354,1529961738,957588623,113.0,177.0,0.0,0.0,0.0,0.0
1355,1529961738,967575585,113.0,177.0,0.0,0.0,0.0,0.0
1356,1529961738,977582199,113.0,177.0,0.0,0.0,0.0,0.0
1357,1529961738,987578820,113.0,177.0,0.0,0.0,0.0,0.0
1358,1529961738,997577817,113.0,177.0,0.0,0.0,0.0,0.0
1359,1529961739,7578533,113.0,177.0,0.0,0.0,0.0,0.0
1360,1529961739,17584324,113.0,177.0,0.0,0.0,0.0,0.0
1361,1529961739,27581793,113.0,177.0,0.0,0.0,0.0,0.0
1362,1529961739,37579769,113.0,177.0,0.0,0.0,0.0,0.0
1363,1529961739,47586258,113.0,177.0,0.0,0.0,0.0,0.0
1364,1529961739,57585141,113.0,177.0,0.0,0.0,0.0,0.0
1365,1529961739,67578878,113.0,177.0,0.0,0.0,0.0,0.0
1366,1529961739,77577814,113.0,177.0,0.0,0.0,0.0,0.0
1367,1529961739,87579473,113.0,177.0,0.0,0.0,0.0,0.0
1368,1529961739,97579576,113.0,177.0,0.0,0.0,0.0,0.0
1369,1529961739,107582743,113.0,177.0,0.0,0.0,0.0,0.0
1370,1529961739,117578622,113.0,177.0,0.0,0.0,0.0,0.0
1371,1529961739,127579128,113.0,177.0,0.0,0.0,0.0,0.0
1372,1529961739,137583448,113.0,177.0,0.0,0.0,0.0,0.0
1373,1529961739,148115582,115.0,177.0,0.0,0.0,0.0,0.0
1374,1529961739,157581308,115.0,177.0,0.0,0.0,0.0,0.0
1375,1529961739,167581637,117.0,177.0,0.0,0.0,0.0,0.0
1376,1529961739,177585691,117.0,177.0,0.0,0.0,0.0,0.0
1377,1529961739,187589522,119.0,177.0,0.0,0.0,0.0,0.0
1378,1529961739,197582070,119.0,177.0,0.0,0.0,0.0,0.0
1379,1529961739,207557716,122.0,177.0,0.0,0.0,0.0,0.0
1380,1529961739,217579870,122.0,177.0,0.0,0.0,0.0,0.0
1381,1529961739,227580145,124.0,178.0,0.0,0.0,0.0,0.0
1382,1529961739,237588598,124.0,178.0,0.0,0.0,0.0,0.0
1383,1529961739,247560886,127.0,179.0,0.0,0.0,0.0,0.0
1384,1529961739,257577517,127.0,179.0,0.0,0.0,0.0,0.0
1385,1529961739,267588259,129.0,179.0,0.0,0.0,0.0,0.0
1386,1529961739,277587437,129.0,179.0,0.0,0.0,0.0,0.0
1387,1529961739,287601661,132.0,179.0,0.0,0.0,0.0,0.0
1388,1529961739,297585370,132.0,179.0,0.0,0.0,0.0,0.0
1389,1529961739,307593278,133.0,179.0,0.0,0.0,0.0,0.0
1390,1529961739,317578212,133.0,179.0,0.0,0.0,0.0,0.0
1391,1529961739,327583796,135.0,179.0,0.0,0.0,0.0,0.0
1392,1529961739,337580299,135.0,179.0,0.0,0.0,0.0,0.0
1393,1529961739,347577699,137.0,179.0,0.0,0.0,0.0,0.0
1394,1529961739,357578012,137.0,179.0,0.0,0.0,0.0,0.0
1395,1529961739,367582228,140.0,180.0,0.0,0.0,0.0,0.0
1396,1529961739,377580276,140.0,180.0,0.0,0.0,0.0,0.0
1397,1529961739,387579818,144.0,179.0,0.0,0.0,0.0,0.0
1398,1529961739,397578317,144.0,179.0,0.0,0.0,0.0,0.0
1399,1529961739,407584884,149.0,180.0,0.0,0.0,0.0,0.0
1400,1529961739,417583082,149.0,180.0,0.0,0.0,0.0,0.0
1401,1529961739,427576348,157.0,182.0,0.0,0.0,0.0,0.0
1402,1529961739,437577021,157.0,182.0,0.0,0.0,0.0,0.0
1403,1529961739,447575390,163.0,183.0,0.0,0.0,0.0,0.0
1404,1529961739,457582528,163.0,183.0,0.0,0.0,0.0,0.0
1405,1529961739,467580072,174.0,185.0,0.0,0.0,0.0,0.0
1406,1529961739,477577410,174.0,185.0,0.0,0.0,0.0,0.0
1407,1529961739,487575491,189.0,189.0,0.0,0.0,0.0,0.0
1408,1529961739,497594091,189.0,189.0,0.0,0.0,0.0,0.0
1409,1529961739,507580698,190.0,190.0,0.0,0.0,0.0,0.0
1410,1529961739,517579498,190.0,190.0,0.0,0.0,0.0,0.0
1411,1529961739,527574018,193.0,193.0,0.0,0.0,0.0,0.0
1412,1529961739,537607993,193.0,193.0,0.0,0.0,0.0,0.0
1413,1529961739,547581093,194.0,194.0,0.0,0.0,0.0,0.0
1414,1529961739,557580675,194.0,194.0,0.0,0.0,0.0,0.0
1415,1529961739,567578324,194.0,194.0,0.0,0.0,0.0,0.0
1416,1529961739,577579045,194.0,194.0,0.0,0.0,0.0,0.0
1417,1529961739,587582215,194.0,194.0,0.0,0.0,0.0,0.0
1418,1529961739,597576568,194.0,194.0,0.0,0.0,0.0,0.0
1419,1529961739,607578002,194.0,194.0,0.0,0.0,0.0,0.0
1420,1529961739,617577239,194.0,194.0,0.0,0.0,0.0,0.0
1421,1529961739,627594881,194.0,194.0,0.0,0.0,0.0,0.0
1422,1529961739,637603913,194.0,194.0,0.0,0.0,0.0,0.0
1423,1529961739,647585724,194.0,194.0,0.0,0.0,0.0,0.0
1424,1529961739,657599753,194.0,194.0,0.0,0.0,0.0,0.0
1425,1529961739,667584804,195.0,195.0,0.0,0.0,0.0,0.0
1426,1529961739,677591209,195.0,195.0,0.0,0.0,0.0,0.0
1427,1529961739,687593533,195.0,195.0,0.0,0.0,0.0,0.0
1428,1529961739,697584390,195.0,195.0,0.0,0.0,0.0,0.0
1429,1529961739,707583864,196.0,196.0,0.0,0.0,0.0,0.0
1430,1529961739,717582001,196.0,196.0,0.0,0.0,0.0,0.0
1431,1529961739,727575085,196.0,196.0,0.0,0.0,0.0,0.0
1432,1529961739,737578943,196.0,196.0,0.0,0.0,0.0,0.0
1433,1529961739,747576967,196.0,196.0,0.0,0.0,0.0,0.0
1434,1529961739,757598722,196.0,196.0,0.0,0.0,0.0,0.0
1435,1529961739,767582430,196.0,196.0,0.0,0.0,0.0,0.0
1436,1529961739,777581048,196.0,196.0,0.0,0.0,0.0,0.0
1437,1529961739,787578094,196.0,196.0,0.0,0.0,0.0,0.0
1438,1529961739,797581131,196.0,196.0,0.0,0.0,0.0,0.0
1439,1529961739,807581345,196.0,196.0,0.0,0.0,0.0,0.0
1440,1529961739,817578800,196.0,196.0,0.0,0.0,0.0,0.0
1441,1529961739,827576161,196.0,196.0,0.0,0.0,0.0,0.0
1442,1529961739,837585608,196.0,196.0,0.0,0.0,0.0,0.0
1443,1529961739,847584084,196.0,196.0,0.0,0.0,0.0,0.0
1444,1529961739,857580869,196.0,196.0,0.0,0.0,0.0,0.0
1445,1529961739,867579948,196.0,196.0,0.0,0.0,0.0,0.0
1446,1529961739,877576625,196.0,196.0,0.0,0.0,0.0,0.0
1447,1529961739,887582123,196.0,196.0,0.0,0.0,0.0,0.0
1448,1529961739,897583198,196.0,196.0,0.0,0.0,0.0,0.0
1449,1529961739,907579216,196.0,196.0,0.0,0.0,0.0,0.0
1450,1529961739,917578334,196.0,196.0,0.0,0.0,0.0,0.0
1451,1529961739,927579447,196.0,196.0,0.0,0.0,0.0,0.0
1452,1529961739,937584939,196.0,196.0,0.0,0.0,0.0,0.0
1453,1529961739,947589205,196.0,196.0,0.0,0.0,0.0,0.0
1454,1529961739,957584253,196.0,196.0,0.0,0.0,0.0,0.0
1455,1529961739,967587869,196.0,196.0,0.0,0.0,0.0,0.0
1456,1529961739,977608091,196.0,196.0,0.0,0.0,0.0,0.0
1457,1529961739,987585890,196.0,196.0,0.0,0.0,0.0,0.0
1458,1529961739,997590892,196.0,196.0,0.0,0.0,0.0,0.0
1459,1529961740,7582570,196.0,196.0,0.0,0.0,0.0,0.0
1460,1529961740,17563551,196.0,196.0,0.0,0.0,0.0,0.0
1461,1529961740,27584059,196.0,196.0,0.0,0.0,0.0,0.0
1462,1529961740,37577632,196.0,196.0,0.0,0.0,0.0,0.0
1463,1529961740,47580636,196.0,196.0,0.0,0.0,0.0,0.0
1464,1529961740,57577225,196.0,196.0,0.0,0.0,0.0,0.0
1465,1529961740,67579227,196.0,196.0,0.0,0.0,0.0,0.0
1466,1529961740,77579202,196.0,196.0,0.0,0.0,0.0,0.0
1467,1529961740,87579211,196.0,196.0,0.0,0.0,0.0,0.0
1468,1529961740,97578219,196.0,196.0,0.0,0.0,0.0,0.0
1469,1529961740,107592792,196.0,196.0,0.0,0.0,0.0,0.0
1470,1529961740,117575900,196.0,196.0,0.0,0.0,0.0,0.0
1471,1529961740,127579755,196.0,196.0,0.0,0.0,0.0,0.0
1472,1529961740,137589004,196.0,196.0,0.0,0.0,0.0,0.0
1473,1529961740,147586704,196.0,196.0,0.0,0.0,0.0,0.0
1474,1529961740,157583149,196.0,196.0,0.0,0.0,0.0,0.0
1475,1529961740,167592061,196.0,196.0,0.0,0.0,0.0,0.0
1476,1529961740,177576256,196.0,196.0,0.0,0.0,0.0,0.0
1477,1529961740,187579708,197.0,197.0,0.0,0.0,0.0,0.0
1478,1529961740,197584165,197.0,197.0,0.0,0.0,0.0,0.0
1479,1529961740,207589846,197.0,197.0,0.0,0.0,0.0,0.0
1480,1529961740,217580244,197.0,197.0,0.0,0.0,0.0,0.0
1481,1529961740,227581318,198.0,198.0,0.0,0.0,0.0,0.0
1482,1529961740,237596645,198.0,198.0,0.0,0.0,0.0,0.0
1483,1529961740,247589867,198.0,198.0,0.0,0.0,0.0,0.0
1484,1529961740,257577053,198.0,198.0,0.0,0.0,0.0,0.0
1485,1529961740,267577605,198.0,198.0,0.0,0.0,0.0,0.0
1486,1529961740,277580595,198.0,198.0,0.0,0.0,0.0,0.0
1487,1529961740,287579321,198.0,198.0,0.0,0.0,0.0,0.0
1488,1529961740,297579019,198.0,198.0,0.0,0.0,0.0,0.0
1489,1529961740,307579550,198.0,198.0,0.0,0.0,0.0,0.0
1490,1529961740,317579171,198.0,198.0,0.0,0.0,0.0,0.0
1491,1529961740,327581381,198.0,198.0,0.0,0.0,0.0,0.0
1492,1529961740,337580088,198.0,198.0,0.0,0.0,0.0,0.0
1493,1529961740,347578739,198.0,198.0,0.0,0.0,0.0,0.0
1494,1529961740,357577882,198.0,198.0,0.0,0.0,0.0,0.0
1495,1529961740,367586904,198.0,198.0,0.0,0.0,0.0,0.0
1496,1529961740,377580411,198.0,198.0,0.0,0.0,0.0,0.0
1497,1529961740,387579256,198.0,198.0,0.0,0.0,0.0,0.0
1498,1529961740,397578398,198.0,198.0,0.0,0.0,0.0,0.0
1499,1529961740,407593740,198.0,198.0,0.0,0.0,0.0,0.0
1500,1529961740,417588368,198.0,198.0,0.0,0.0,0.0,0.0
1501,1529961740,427578466,198.0,198.0,0.0,0.0,0.0,0.0
1502,1529961740,437577295,198.0,198.0,0.0,0.0,0.0,0.0
1503,1529961740,447576526,198.0,198.0,0.0,0.0,0.0,0.0
1504,1529961740,457583582,198.0,198.0,0.0,0.0,0.0,0.0
1505,1529961740,467579274,198.0,198.0,0.0,0.0,0.0,0.0
1506,1529961740,477578881,198.0,198.0,0.0,0.0,0.0,0.0
1507,1529961740,487577969,198.0,198.0,0.0,0.0,0.0,0.0
1508,1529961740,497590713,198.0,198.0,0.0,0.0,0.0,0.0
1509,1529961740,507582051,198.0,198.0,0.0,0.0,0.0,0.0
1510,1529961740,517579098,198.0,198.0,0.0,0.0,0.0,0.0
1511,1529961740,527577282,198.0,198.0,0.0,0.0,0.0,0.0
1512,1529961740,537583729,198.0,198.0,0.0,0.0,0.0,0.0
1513,1529961740,547575906,198.0,198.0,0.0,0.0,0.0,0.0
1514,1529961740,557588617,198.0,198.0,0.0,0.0,0.0,0.0
1515,1529961740,567586176,198.0,198.0,0.0,0.0,0.0,0.0
1516,1529961740,577577849,198.0,198.0,0.0,0.0,0.0,0.0
1517,1529961740,587580081,198.0,198.0,0.0,0.0,0.0,0.0
1518,1529961740,597586413,198.0,198.0,0.0,0.0,0.0,0.0
1519,1529961740,607582234,198.0,198.0,0.0,0.0,0.0,0.0
1520,1529961740,617593095,198.0,198.0,0.0,0.0,0.0,0.0
1521,1529961740,627577648,198.0,198.0,0.0,0.0,0.0,0.0
1522,1529961740,637579533,198.0,198.0,0.0,0.0,0.0,0.0
1523,1529961740,647579577,198.0,198.0,0.0,0.0,0.0,0.0
1524,1529961740,657586219,198.0,198.0,0.0,0.0,0.0,0.0
1525,1529961740,667576968,198.0,198.0,0.0,0.0,0.0,0.0
1526,1529961740,677586557,198.0,198.0,0.0,0.0,0.0,0.0
1527,1529961740,687580180,198.0,198.0,0.0,0.0,0.0,0.0
1528,1529961740,697578521,198.0,198.0,0.0,0.0,0.0,0.0
1529,1529961740,707577896,198.0,198.0,0.0,0.0,0.0,0.0
1530,1529961740,717583207,198.0,198.0,0.0,0.0,0.0,0.0
1531,1529961740,727580918,199.0,199.0,0.0,0.0,0.0,0.0
1532,1529961740,737578083,199.0,199.0,0.0,0.0,0.0,0.0
1533,1529961740,747578261,199.0,199.0,0.0,0.0,0.0,0.0
1534,1529961740,757578268,199.0,199.0,0.0,0.0,0.0,0.0
1535,1529961740,767585672,199.0,199.0,0.0,0.0,0.0,0.0
1536,1529961740,777584216,199.0,199.0,0.0,0.0,0.0,0.0
1537,1529961740,787609653,199.0,199.0,0.0,0.0,0.0,0.0
1538,1529961740,797579799,199.0,199.0,0.0,0.0,0.0,0.0
1539,1529961740,807590697,199.0,199.0,0.0,0.0,0.0,0.0
1540,1529961740,817577515,199.0,199.0,0.0,0.0,0.0,0.0
1541,1529961740,827580458,200.0,200.0,0.0,0.0,0.0,0.0
1542,1529961740,837584190,200.0,200.0,0.0,0.0,0.0,0.0
1543,1529961740,847583595,201.0,201.0,0.0,0.0,0.0,0.0
1544,1529961740,857578780,201.0,201.0,0.0,0.0,0.0,0.0
1545,1529961740,867589363,201.0,201.0,0.0,0.0,0.0,0.0
1546,1529961740,877575658,201.0,201.0,0.0,0.0,0.0,0.0
1547,1529961740,887579027,201.0,201.0,0.0,0.0,0.0,0.0
1548,1529961740,897580831,201.0,201.0,0.0,0.0,0.0,0.0
1549,1529961740,907577848,201.0,201.0,0.0,0.0,0.0,0.0
1550,1529961740,917582905,201.0,201.0,0.0,0.0,0.0,0.0
1551,1529961740,927582314,202.0,202.0,0.0,0.0,0.0,0.0
1552,1529961740,937598174,202.0,202.0,0.0,0.0,0.0,0.0
1553,1529961740,947577904,202.0,202.0,0.0,0.0,0.0,0.0
1554,1529961740,957577035,202.0,202.0,0.0,0.0,0.0,0.0
1555,1529961740,967574783,203.0,203.0,0.0,0.0,0.0,0.0
1556,1529961740,977579799,203.0,203.0,0.0,0.0,0.0,0.0
1557,1529961740,987586238,203.0,203.0,0.0,0.0,0.0,0.0
1558,1529961740,997576760,203.0,203.0,0.0,0.0,0.0,0.0
1559,1529961741,7584868,204.0,204.0,0.0,0.0,0.0,0.0
1560,1529961741,17577492,204.0,204.0,0.0,0.0,0.0,0.0
1561,1529961741,27565119,204.0,204.0,0.0,0.0,0.0,0.0
1562,1529961741,37578484,204.0,204.0,0.0,0.0,0.0,0.0
1563,1529961741,47575075,205.0,205.0,0.0,0.0,0.0,0.0
1564,1529961741,57576613,205.0,205.0,0.0,0.0,0.0,0.0
1565,1529961741,67601394,205.0,205.0,0.0,0.0,0.0,0.0
1566,1529961741,77579916,205.0,205.0,0.0,0.0,0.0,0.0
1567,1529961741,87576883,205.0,205.0,0.0,0.0,0.0,0.0
1568,1529961741,97585960,205.0,205.0,0.0,0.0,0.0,0.0
1569,1529961741,107584016,206.0,206.0,0.0,0.0,0.0,0.0
1570,1529961741,117581815,206.0,206.0,0.0,0.0,0.0,0.0
1571,1529961741,127576107,207.0,207.0,0.0,0.0,0.0,0.0
1572,1529961741,137574077,207.0,207.0,0.0,0.0,0.0,0.0
1573,1529961741,147577653,208.0,208.0,0.0,0.0,0.0,0.0
1574,1529961741,157582053,208.0,208.0,0.0,0.0,0.0,0.0
1575,1529961741,167578860,208.0,208.0,0.0,0.0,0.0,0.0
1576,1529961741,177579102,208.0,208.0,0.0,0.0,0.0,0.0
1577,1529961741,187575889,209.0,209.0,0.0,0.0,0.0,0.0
1578,1529961741,197581078,209.0,209.0,0.0,0.0,0.0,0.0
1579,1529961741,207583211,209.0,209.0,0.0,0.0,0.0,0.0
1580,1529961741,217580404,209.0,209.0,0.0,0.0,0.0,0.0
1581,1529961741,227581966,210.0,210.0,0.0,0.0,0.0,0.0
1582,1529961741,237585030,210.0,210.0,0.0,0.0,0.0,0.0
1583,1529961741,247582723,211.0,211.0,0.0,0.0,0.0,0.0
1584,1529961741,257582062,211.0,211.0,0.0,0.0,0.0,0.0
1585,1529961741,267586167,211.0,211.0,0.0,0.0,0.0,0.0
1586,1529961741,277577562,211.0,211.0,0.0,0.0,0.0,0.0
1587,1529961741,287615134,211.0,211.0,0.0,0.0,0.0,0.0
1588,1529961741,297601953,211.0,211.0,0.0,0.0,0.0,0.0
1589,1529961741,307579269,211.0,211.0,0.0,0.0,0.0,0.0
1590,1529961741,317584953,211.0,211.0,0.0,0.0,0.0,0.0
1591,1529961741,327587297,211.0,211.0,0.0,0.0,0.0,0.0
1592,1529961741,337591743,211.0,211.0,0.0,0.0,0.0,0.0
1593,1529961741,347573097,211.0,211.0,0.0,0.0,0.0,0.0
1594,1529961741,357585152,211.0,211.0,0.0,0.0,0.0,0.0
1595,1529961741,367593489,211.0,211.0,0.0,0.0,0.0,0.0
1596,1529961741,377582511,211.0,211.0,0.0,0.0,0.0,0.0
1597,1529961741,387579132,211.0,211.0,0.0,0.0,0.0,0.0
1598,1529961741,397578126,211.0,211.0,0.0,0.0,0.0,0.0
1599,1529961741,407579601,211.0,211.0,0.0,0.0,0.0,0.0
1600,1529961741,417621474,211.0,211.0,0.0,0.0,0.0,0.0
1601,1529961741,427595084,211.0,211.0,0.0,0.0,0.0,0.0
1602,1529961741,437578631,211.0,211.0,0.0,0.0,0.0,0.0
1603,1529961741,447598742,211.0,211.0,0.0,0.0,0.0,0.0
1604,1529961741,457581406,211.0,211.0,0.0,0.0,0.0,0.0
1605,1529961741,467622384,211.0,211.0,0.0,0.0,0.0,0.0
1606,1529961741,477579079,211.0,211.0,0.0,0.0,0.0,0.0
1607,1529961741,487578680,211.0,211.0,0.0,0.0,0.0,0.0
1608,1529961741,497581001,211.0,211.0,0.0,0.0,0.0,0.0
1609,1529961741,507588473,211.0,211.0,0.0,0.0,0.0,0.0
1610,1529961741,517592800,211.0,211.0,0.0,0.0,0.0,0.0
1611,1529961741,527557499,211.0,211.0,0.0,0.0,0.0,0.0
1612,1529961741,537585168,211.0,211.0,0.0,0.0,0.0,0.0
1613,1529961741,547606620,209.0,209.0,0.0,0.0,0.0,0.0
1614,1529961741,557579287,209.0,209.0,0.0,0.0,0.0,0.0
1615,1529961741,567579473,208.0,208.0,0.0,0.0,0.0,0.0
1616,1529961741,577613251,208.0,208.0,0.0,0.0,0.0,0.0
1617,1529961741,587578315,207.0,207.0,0.0,0.0,0.0,0.0
1618,1529961741,597582596,207.0,207.0,0.0,0.0,0.0,0.0
1619,1529961741,607584204,205.0,205.0,0.0,0.0,0.0,0.0
1620,1529961741,617579418,205.0,205.0,0.0,0.0,0.0,0.0
1621,1529961741,627583873,203.0,203.0,0.0,0.0,0.0,0.0
1622,1529961741,637587606,203.0,203.0,0.0,0.0,0.0,0.0
1623,1529961741,647577766,200.0,200.0,0.0,0.0,0.0,0.0
1624,1529961741,657578051,200.0,200.0,0.0,0.0,0.0,0.0
1625,1529961741,667578590,198.0,198.0,0.0,0.0,0.0,0.0
1626,1529961741,677580999,198.0,198.0,0.0,0.0,0.0,0.0
1627,1529961741,687630459,194.0,194.0,0.0,0.0,0.0,0.0
1628,1529961741,697580887,194.0,194.0,0.0,0.0,0.0,0.0
1629,1529961741,707579973,190.0,190.0,0.0,0.0,0.0,0.0
1630,1529961741,717593971,190.0,190.0,0.0,0.0,0.0,0.0
1631,1529961741,727587816,185.0,185.0,0.0,0.0,0.0,0.0
1632,1529961741,737578535,185.0,185.0,0.0,0.0,0.0,0.0
1633,1529961741,747578123,180.0,180.0,0.0,0.0,0.0,0.0
1634,1529961741,757577158,180.0,180.0,0.0,0.0,0.0,0.0
1635,1529961741,767585176,166.0,166.0,0.0,0.0,0.0,0.0
1636,1529961741,777579048,166.0,166.0,0.0,0.0,0.0,0.0
1637,1529961741,787577968,162.0,162.0,0.0,0.0,0.0,0.0
1638,1529961741,797577361,162.0,162.0,0.0,0.0,0.0,0.0
1639,1529961741,807591392,155.0,155.0,0.0,0.0,0.0,0.0
1640,1529961741,817582463,155.0,155.0,0.0,0.0,0.0,0.0
1641,1529961741,827586902,141.0,141.0,0.0,0.0,0.0,0.0
1642,1529961741,837582316,141.0,141.0,0.0,0.0,0.0,0.0
1643,1529961741,847583828,137.0,137.0,0.0,0.0,0.0,0.0
1644,1529961741,857584867,137.0,137.0,0.0,0.0,0.0,0.0
1645,1529961741,867580488,133.0,133.0,0.0,0.0,0.0,0.0
1646,1529961741,877580622,133.0,133.0,0.0,0.0,0.0,0.0
1647,1529961741,887580790,127.0,127.0,0.0,0.0,0.0,0.0
1648,1529961741,897601058,127.0,127.0,0.0,0.0,0.0,0.0
1649,1529961741,907581503,110.0,110.0,0.0,0.0,0.0,0.0
1650,1529961741,917579885,110.0,110.0,0.0,0.0,0.0,0.0
1651,1529961741,927566366,96.0,96.0,0.0,0.0,0.0,0.0
1652,1529961741,937582964,96.0,96.0,0.0,0.0,0.0,0.0
1653,1529961741,947580511,0.0,0.0,0.0,0.0,0.0,0.0
1654,1529961741,957578023,0.0,0.0,0.0,0.0,0.0,0.0
1655,1529961741,967575194,0.0,0.0,0.0,0.0,0.0,0.0
1656,1529961741,977576646,0.0,0.0,0.0,0.0,0.0,0.0
1657,1529961741,987591969,0.0,0.0,0.0,0.0,0.0,0.0
1658,1529961741,997577196,0.0,0.0,0.0,0.0,0.0,0.0
1659,1529961742,7578435,0.0,0.0,0.0,0.0,0.0,0.0
1660,1529961742,17577826,0.0,0.0,0.0,0.0,0.0,0.0
1661,1529961742,27590587,0.0,0.0,0.0,0.0,0.0,0.0
1662,1529961742,37603225,0.0,0.0,0.0,0.0,0.0,0.0
1663,1529961742,47529270,0.0,0.0,0.0,0.0,0.0,0.0
1664,1529961742,57572373,0.0,0.0,0.0,0.0,0.0,0.0
1665,1529961742,67577136,0.0,0.0,0.0,0.0,0.0,0.0
1666,1529961742,77580008,0.0,0.0,0.0,0.0,0.0,0.0
1667,1529961742,87571835,0.0,0.0,0.0,0.0,0.0,0.0
1668,1529961742,97576063,0.0,0.0,0.0,0.0,0.0,0.0
1669,1529961742,107575687,0.0,0.0,0.0,0.0,0.0,0.0
1670,1529961742,117583716,0.0,0.0,0.0,0.0,0.0,0.0
1671,1529961742,127574084,0.0,0.0,0.0,0.0,0.0,0.0
1672,1529961742,137575214,0.0,0.0,0.0,0.0,0.0,0.0
1673,1529961742,147572151,0.0,0.0,0.0,0.0,0.0,0.0
1674,1529961742,157556741,0.0,0.0,0.0,0.0,0.0,0.0
1675,1529961742,167618104,0.0,0.0,0.0,0.0,0.0,0.0
1676,1529961742,177576300,0.0,0.0,0.0,0.0,0.0,0.0
1677,1529961742,187573832,0.0,0.0,0.0,0.0,0.0,0.0
1678,1529961742,197576767,0.0,0.0,0.0,0.0,0.0,0.0
1679,1529961742,207588463,0.0,0.0,0.0,0.0,0.0,0.0
1680,1529961742,217576217,0.0,0.0,0.0,0.0,0.0,0.0
1681,1529961742,227575379,0.0,0.0,0.0,0.0,0.0,0.0
1682,1529961742,237575736,0.0,0.0,0.0,0.0,0.0,0.0
1683,1529961742,247577171,0.0,0.0,0.0,0.0,0.0,0.0
1684,1529961742,257572273,0.0,0.0,0.0,0.0,0.0,0.0
1685,1529961742,267575903,0.0,0.0,0.0,0.0,0.0,0.0
1686,1529961742,277574634,0.0,0.0,0.0,0.0,0.0,0.0
1687,1529961742,287591530,0.0,0.0,0.0,0.0,0.0,0.0
1688,1529961742,297596957,0.0,0.0,0.0,0.0,0.0,0.0
1689,1529961742,307585185,0.0,0.0,0.0,0.0,0.0,0.0
1690,1529961742,317584075,0.0,0.0,0.0,0.0,0.0,0.0
1691,1529961742,327587596,0.0,0.0,0.0,0.0,0.0,0.0
1692,1529961742,337594711,0.0,0.0,0.0,0.0,0.0,0.0
1693,1529961742,347582508,0.0,0.0,0.0,0.0,0.0,0.0
1694,1529961742,357586256,0.0,0.0,0.0,0.0,0.0,0.0
1695,1529961742,367583257,0.0,0.0,0.0,0.0,0.0,0.0
1696,1529961742,377577701,0.0,0.0,0.0,0.0,0.0,0.0
1697,1529961742,387585199,0.0,0.0,0.0,0.0,0.0,0.0
1698,1529961742,397581415,0.0,0.0,0.0,0.0,0.0,0.0
1699,1529961742,407583028,0.0,0.0,0.0,0.0,0.0,0.0
1700,1529961742,417580339,0.0,0.0,0.0,0.0,0.0,0.0
1701,1529961742,427537637,0.0,0.0,0.0,0.0,0.0,0.0
1702,1529961742,437575811,0.0,0.0,0.0,0.0,0.0,0.0
1703,1529961742,447573976,0.0,0.0,0.0,0.0,0.0,0.0
1704,1529961742,457576517,0.0,0.0,0.0,0.0,0.0,0.0
1705,1529961742,467592006,0.0,0.0,0.0,0.0,0.0,0.0
1706,1529961742,477575586,0.0,0.0,0.0,0.0,0.0,0.0
1707,1529961742,487573411,0.0,0.0,0.0,0.0,0.0,0.0
1708,1529961742,497572155,0.0,0.0,0.0,0.0,0.0,0.0
1709,1529961742,507578383,0.0,0.0,0.0,0.0,0.0,0.0
1710,1529961742,517575136,0.0,0.0,0.0,0.0,0.0,0.0
1711,1529961742,527578463,0.0,0.0,0.0,0.0,0.0,0.0
1712,1529961742,537577283,0.0,0.0,0.0,0.0,0.0,0.0
1713,1529961742,547588460,0.0,0.0,0.0,0.0,0.0,0.0
1714,1529961742,557576347,0.0,0.0,0.0,0.0,0.0,0.0
1715,1529961742,567577819,0.0,0.0,0.0,0.0,0.0,0.0
1716,1529961742,577573760,0.0,0.0,0.0,0.0,0.0,0.0
1717,1529961742,587579219,0.0,0.0,0.0,0.0,0.0,0.0
1718,1529961742,597577076,0.0,0.0,0.0,0.0,0.0,0.0
1719,1529961742,607575931,0.0,0.0,0.0,0.0,0.0,0.0
1720,1529961742,617574318,0.0,0.0,0.0,0.0,0.0,0.0
