1408,1529963962,114363386,0.0,0.0
1409,1529963962,114363386,0.0,0.0
1410,1529963962,114363386,0.0,0.0
1411,1529963962,114363386,0.0,0.0
1412,1529963962,114363386,0.0,0.0
1413,1529963962,114363386,0.0,0.0
1414,1529963962,114363386,0.0,0.0
1415,1529963962,114363386,0.0,0.0
1416,1529963962,114363386,0.0,0.0
1417,1529963962,114363386,0.0,0.0
1418,1529963962,114363386,0.0,0.0
1419,1529963962,114363386,0.0,0.0
1420,1529963962,114363386,0.0,0.0
1421,1529963962,114363386,0.0,0.0
1422,1529963962,114363386,0.0,0.0
1423,1529963962,114363386,0.0,0.0
1424,1529963962,114363386,0.0,0.0
1425,1529963962,114363386,0.0,0.0
1426,1529963962,114363386,0.0,0.0
1427,1529963962,114363386,0.0,0.0
1428,1529963962,114363386,0.0,0.0
1429,1529963962,114363386,0.0,0.0
1430,1529963962,114363386,0.0,0.0
1431,1529963962,114363386,0.0,0.0
1432,1529963962,114363386,0.0,0.0
1433,1529963962,114363386,0.0,0.0
1434,1529963962,114363386,0.0,0.0
1435,1529963962,114363386,0.0,0.0
1436,1529963962,114363386,0.0,0.0
1437,1529963962,114363386,0.0,0.0
1438,1529963962,114363386,0.0,0.0
1439,1529963962,114363386,0.0,0.0
1440,1529963962,114363386,0.0,0.0
1441,1529963962,114363386,0.0,0.0
1442,1529963962,114363386,0.0,0.0
1443,1529963962,114363386,0.0,0.0
1444,1529963962,114363386,0.0,0.0
1445,1529963962,114363386,0.0,0.0
1446,1529963962,114363386,0.0,0.0
1447,1529963962,114363386,0.0,0.0
1448,1529963962,114363386,0.0,0.0
1449,1529963962,114363386,0.0,0.0
1450,1529963962,114363386,0.0,0.0
1451,1529963962,114363386,0.0,0.0
1452,1529963962,114363386,0.0,0.0
1453,1529963962,114363386,0.0,0.0
1454,1529963962,114363386,0.0,0.0
1455,1529963962,114363386,0.0,0.0
1456,1529963962,114363386,0.0,0.0
1457,1529963962,114363386,0.0,0.0
1458,1529963962,114363386,0.0,0.0
1459,1529963962,114363386,0.0,0.0
1460,1529963962,114363386,0.0,0.0
1461,1529963962,114363386,0.0,0.0
1462,1529963962,114363386,0.0,0.0
1463,1529963962,114363386,0.0,0.0
1464,1529963962,114363386,0.0,0.0
1465,1529963962,114363386,0.0,0.0
1466,1529963962,114363386,0.0,0.0
1467,1529963962,114363386,0.0,0.0
1468,1529963962,114363386,0.0,0.0
1469,1529963962,114363386,0.0,0.0
1470,1529963962,114363386,0.0,0.0
1471,1529963962,114363386,0.0,0.0
1472,1529963962,114363386,0.0,0.0
1473,1529963962,114363386,0.0,0.0
1474,1529963962,114363386,0.0,0.0
1475,1529963962,114363386,0.0,0.0
1476,1529963962,114363386,0.0,0.0
1477,1529963962,114363386,0.0,0.0
1478,1529963962,114363386,0.0,0.0
1479,1529963962,114363386,0.0,0.0
1480,1529963962,114363386,0.0,0.0
1481,1529963962,114363386,0.0,0.0
1482,1529963962,114363386,0.0,0.0
1483,1529963962,114363386,0.0,0.0
1484,1529963962,114363386,0.0,0.0
1485,1529963962,114363386,0.0,0.0
1486,1529963962,114363386,0.0,0.0
1487,1529963962,114363386,0.0,0.0
1488,1529963962,114363386,0.0,0.0
1489,1529963962,114363386,0.0,0.0
1490,1529963962,114363386,0.0,0.0
1491,1529963962,114363386,0.0,0.0
1492,1529963962,114363386,0.0,0.0
1493,1529963962,114363386,0.0,0.0
1494,1529963962,114363386,0.0,0.0
1495,1529963962,114363386,0.0,0.0
1496,1529963962,114363386,0.0,0.0
1497,1529963962,114363386,0.0,0.0
1498,1529963962,114363386,0.0,0.0
1499,1529963962,114363386,0.0,0.0
1500,1529963962,114363386,0.0,0.0
1501,1529963962,114363386,0.0,0.0
1502,1529963962,114363386,0.0,0.0
1503,1529963962,114363386,0.0,0.0
1504,1529963962,114363386,0.0,0.0
1505,1529963962,114363386,0.0,0.0
1506,1529963962,114363386,0.0,0.0
1507,1529963962,114363386,0.0,0.0
1508,1529963962,114363386,0.0,0.0
1509,1529963962,114363386,0.0,0.0
1510,1529963962,114363386,0.0,0.0
1511,1529963962,114363386,0.0,0.0
1512,1529963962,114363386,0.0,0.0
1513,1529963962,114363386,0.0,0.0
1514,1529963962,114363386,0.0,0.0
1515,1529963962,114363386,0.0,0.0
1516,1529963962,114363386,0.0,0.0
1517,1529963962,114363386,0.0,0.0
1518,1529963962,114363386,0.0,0.0
1519,1529963962,114363386,0.0,0.0
1520,1529963962,114363386,0.0,0.0
1521,1529963962,114363386,0.0,0.0
1522,1529963962,114363386,0.0,0.0
1523,1529963962,114363386,0.0,0.0
1524,1529963962,114363386,0.0,0.0
1525,1529963962,114363386,0.0,0.0
1526,1529963962,114363386,0.0,0.0
1527,1529963962,114363386,0.0,0.0
1528,1529963962,114363386,0.0,0.0
1529,1529963962,114363386,0.0,0.0
1530,1529963962,114363386,0.0,0.0
1531,1529963962,114363386,0.0,0.0
1532,1529963962,114363386,0.0,0.0
1533,1529963962,114363386,0.0,0.0
1534,1529963962,114363386,0.0,0.0
1535,1529963962,114363386,0.0,0.0
1536,1529963962,114363386,0.0,0.0
1537,1529963962,114363386,0.0,0.0
1538,1529963962,114363386,0.0,0.0
1539,1529963962,114363386,0.0,0.0
1540,1529963962,114363386,0.0,0.0
1541,1529963962,114363386,0.0,0.0
1542,1529963962,114363386,0.0,0.0
1543,1529963962,114363386,0.0,0.0
1544,1529963962,114363386,0.0,0.0
1545,1529963962,114363386,0.0,0.0
1546,1529963962,114363386,0.0,0.0
1547,1529963962,114363386,0.0,0.0
1548,1529963962,114363386,0.0,0.0
1549,1529963962,114363386,0.0,0.0
1550,1529963962,114363386,0.0,0.0
1551,1529963962,114363386,0.0,0.0
1552,1529963962,114363386,0.0,0.0
1553,1529963962,114363386,0.0,0.0
1554,1529963962,114363386,0.0,0.0
1555,1529963962,114363386,0.0,0.0
1556,1529963962,114363386,0.0,0.0
1557,1529963962,114363386,0.0,0.0
1558,1529963962,114363386,0.0,0.0
1559,1529963968,464472873,-0.00454725790769,0.0
1560,1529963968,464472873,-0.00454725790769,0.0
1561,1529963968,464472873,-0.00454725790769,0.0
1562,1529963968,464472873,-0.00454725790769,0.0
1563,1529963968,464472873,-0.00454725790769,0.0
1564,1529963968,464472873,-0.00454725790769,0.0
1565,1529963968,488472922,-0.00650044251233,0.0
1566,1529963968,488472922,-0.00650044251233,0.0
1567,1529963968,488472922,-0.00650044251233,0.0
1568,1529963968,488472922,-0.00650044251233,0.0
1569,1529963968,504472173,-0.0116885891184,0.0
1570,1529963968,504472173,-0.0116885891184,0.0
1571,1529963968,504472173,-0.0116885891184,0.0
1572,1529963968,504472173,-0.0116885891184,0.0
1573,1529963968,504472173,-0.0116885891184,0.0
1574,1529963968,504472173,-0.0116885891184,0.0
1575,1529963968,528470294,-0.0195013284683,0.0
1576,1529963968,528470294,-0.0195013284683,0.0
1577,1529963968,528470294,-0.0195013284683,0.0
1578,1529963968,528470294,-0.0195013284683,0.0
1579,1529963968,544478591,-0.0396740622818,0.0
1580,1529963968,544478591,-0.0396740622818,0.0
1581,1529963968,544478591,-0.0396740622818,0.0
1582,1529963968,544478591,-0.0396740622818,0.0
1583,1529963968,544478591,-0.0396740622818,0.0
1584,1529963968,544478591,-0.0396740622818,0.0
1585,1529963968,568471805,-0.0487685799599,0.0
1586,1529963968,568471805,-0.0487685799599,0.0
1587,1529963968,568471805,-0.0487685799599,0.0
1588,1529963968,568471805,-0.0487685799599,0.0
1589,1529963968,584476939,-0.0813013091683,0.0
1590,1529963968,584476939,-0.0813013091683,0.0
1591,1529963968,584476939,-0.0813013091683,0.0
1592,1529963968,584476939,-0.0813013091683,0.0
1593,1529963968,584476939,-0.0813013091683,0.0
1594,1529963968,584476939,-0.0813013091683,0.0
1595,1529963968,608471535,-0.108645893633,0.0
1596,1529963968,608471535,-0.108645893633,0.0
1597,1529963968,608471535,-0.108645893633,0.0
1598,1529963968,608471535,-0.108645893633,0.0
1599,1529963968,624473466,-0.136631369591,0.0
1600,1529963968,624473466,-0.136631369591,0.0
1601,1529963968,624473466,-0.136631369591,0.0
1602,1529963968,624473466,-0.136631369591,0.0
1603,1529963968,624473466,-0.136631369591,0.0
1604,1529963968,624473466,-0.136631369591,0.0
1605,1529963968,648475936,-0.165898621082,0.0
1606,1529963968,648475936,-0.165898621082,0.0
1607,1529963968,648475936,-0.165898621082,0.0
1608,1529963968,648475936,-0.165898621082,0.0
1609,1529963968,664478362,-0.190618604422,0.036439102143
1610,1529963968,664478362,-0.190618604422,0.036439102143
1611,1529963968,664478362,-0.190618604422,0.036439102143
1612,1529963968,664478362,-0.190618604422,0.036439102143
1613,1529963968,664478362,-0.190618604422,0.036439102143
1614,1529963968,664478362,-0.190618604422,0.036439102143
1615,1529963968,688477232,-0.214056819677,0.0709250196815
1616,1529963968,688477232,-0.214056819677,0.0709250196815
1617,1529963968,688477232,-0.214056819677,0.0709250196815
1618,1529963968,688477232,-0.214056819677,0.0709250196815
1619,1529963968,704478316,-0.237464517355,0.104770042002
1620,1529963968,704478316,-0.237464517355,0.104770042002
1621,1529963968,704478316,-0.237464517355,0.104770042002
1622,1529963968,704478316,-0.237464517355,0.104770042002
1623,1529963968,704478316,-0.237464517355,0.104770042002
1624,1529963968,704478316,-0.237464517355,0.104770042002
1625,1529963968,728480919,-0.260902732611,0.138615071774
1626,1529963968,728480919,-0.260902732611,0.138615071774
1627,1529963968,728480919,-0.260902732611,0.138615071774
1628,1529963968,728480919,-0.260902732611,0.138615071774
1629,1529963968,744473732,-0.286904513836,0.176976829767
1630,1529963968,744473732,-0.286904513836,0.176976829767
1631,1529963968,744473732,-0.286904513836,0.176976829767
1632,1529963968,744473732,-0.286904513836,0.176976829767
1633,1529963968,744473732,-0.286904513836,0.176976829767
1634,1529963968,744473732,-0.286904513836,0.176976829767
1635,1529963968,768477202,-0.312295913696,0.217322304845
1636,1529963968,768477202,-0.312295913696,0.217322304845
1637,1529963968,768477202,-0.312295913696,0.217322304845
1638,1529963968,768477202,-0.312295913696,0.217322304845
1639,1529963968,784475804,-0.334421813488,0.254402309656
1640,1529963968,784475804,-0.334421813488,0.254402309656
1641,1529963968,784475804,-0.334421813488,0.254402309656
1642,1529963968,784475804,-0.334421813488,0.254402309656
1643,1529963968,784475804,-0.334421813488,0.254402309656
1644,1529963968,784475804,-0.334421813488,0.254402309656
1645,1529963968,808478309,-0.342234551907,0.281746894121
1646,1529963968,808478309,-0.342234551907,0.281746894121
1647,1529963968,808478309,-0.342234551907,0.281746894121
1648,1529963968,808478309,-0.342234551907,0.281746894121
1649,1529963968,824475909,-0.350016772747,0.28955963254
1650,1529963968,824475909,-0.350016772747,0.28955963254
1651,1529963968,824475909,-0.350016772747,0.28955963254
1652,1529963968,824475909,-0.350016772747,0.28955963254
1653,1529963968,824475909,-0.350016772747,0.28955963254
1654,1529963968,824475909,-0.350016772747,0.28955963254
1655,1529963968,848493155,-0.356547743082,0.296060055494
1656,1529963968,848493155,-0.356547743082,0.296060055494
1657,1529963968,848493155,-0.356547743082,0.296060055494
1658,1529963968,848493155,-0.356547743082,0.296060055494
1659,1529963968,864476797,-0.358470410109,0.297341823578
1660,1529963968,864476797,-0.358470410109,0.297341823578
1661,1529963968,864476797,-0.358470410109,0.297341823578
1662,1529963968,864476797,-0.358470410109,0.297341823578
1663,1529963968,864476797,-0.358470410109,0.297341823578
1664,1529963968,864476797,-0.358470410109,0.297341823578
1665,1529963968,864476797,-0.358470410109,0.297341823578
1666,1529963968,864476797,-0.358470410109,0.297341823578
1667,1529963968,864476797,-0.358470410109,0.297341823578
1668,1529963968,904512032,-0.35978269577,0.296700954437
1669,1529963968,904512032,-0.35978269577,0.296700954437
1670,1529963968,904512032,-0.35978269577,0.296700954437
1671,1529963968,904512032,-0.35978269577,0.296700954437
1672,1529963968,904512032,-0.35978269577,0.296700954437
1673,1529963968,904512032,-0.35978269577,0.296700954437
1674,1529963968,928502458,-0.35978269577,0.290841400623
1675,1529963968,928502458,-0.35978269577,0.290841400623
1676,1529963968,928502458,-0.35978269577,0.290841400623
1677,1529963968,928502458,-0.35978269577,0.290841400623
1678,1529963968,944506542,-0.35978269577,0.271340072155
1679,1529963968,944506542,-0.35978269577,0.271340072155
1680,1529963968,944506542,-0.35978269577,0.271340072155
1681,1529963968,944506542,-0.35978269577,0.271340072155
1682,1529963968,944506542,-0.35978269577,0.271340072155
1683,1529963968,944506542,-0.35978269577,0.271340072155
1684,1529963968,968482659,-0.35978269577,0.264168232679
1685,1529963968,968482659,-0.35978269577,0.264168232679
1686,1529963968,968482659,-0.35978269577,0.264168232679
1687,1529963968,968482659,-0.35978269577,0.264168232679
1688,1529963968,984476778,-0.357188642025,0.242713704705
1689,1529963968,984476778,-0.357188642025,0.242713704705
1690,1529963968,984476778,-0.357188642025,0.242713704705
1691,1529963968,984476778,-0.357188642025,0.242713704705
1692,1529963968,984476778,-0.357188642025,0.242713704705
1693,1529963968,984476778,-0.357188642025,0.242713704705
1694,1529963969,8509442,-0.350688189268,0.235541850328
1695,1529963969,8509442,-0.350688189268,0.235541850328
1696,1529963969,8509442,-0.350688189268,0.235541850328
1697,1529963969,8509442,-0.350688189268,0.235541850328
1698,1529963969,24512381,-0.344157218933,0.210821866989
1699,1529963969,24512381,-0.344157218933,0.210821866989
1700,1529963969,24512381,-0.344157218933,0.210821866989
1701,1529963969,24512381,-0.344157218933,0.210821866989
1702,1529963969,24512381,-0.344157218933,0.210821866989
1703,1529963969,24512381,-0.344157218933,0.210821866989
1704,1529963969,48501098,-0.337656795979,0.184789568186
1705,1529963969,48501098,-0.337656795979,0.184789568186
1706,1529963969,48501098,-0.337656795979,0.184789568186
1707,1529963969,48501098,-0.337656795979,0.184789568186
1708,1529963969,64483981,-0.330515444279,0.149662777781
1709,1529963969,64483981,-0.330515444279,0.149662777781
1710,1529963969,64483981,-0.330515444279,0.149662777781
1711,1529963969,64483981,-0.330515444279,0.149662777781
1712,1529963969,64483981,-0.330515444279,0.149662777781
1713,1529963969,64483981,-0.330515444279,0.149662777781
1714,1529963969,88485630,-0.32206183672,0.104770042002
1715,1529963969,88485630,-0.32206183672,0.104770042002
1716,1529963969,88485630,-0.32206183672,0.104770042002
1717,1529963969,88485630,-0.32206183672,0.104770042002
1718,1529963969,104509184,-0.302529990673,0.0559709481895
1719,1529963969,104509184,-0.302529990673,0.0559709481895
1720,1529963969,104509184,-0.302529990673,0.0559709481895
1721,1529963969,104509184,-0.302529990673,0.0559709481895
1722,1529963969,104509184,-0.302529990673,0.0559709481895
1723,1529963969,128515661,-0.296670436859,0.0104373302311
1724,1529963969,128515661,-0.296670436859,0.0104373302311
1725,1529963969,128515661,-0.296670436859,0.0104373302311
1726,1529963969,128515661,-0.296670436859,0.0104373302311
1727,1529963969,144505994,-0.288216799498,-0.0
1728,1529963969,144505994,-0.288216799498,-0.0
1729,1529963969,144505994,-0.288216799498,-0.0
1730,1529963969,144505994,-0.288216799498,-0.0
1731,1529963969,144505994,-0.288216799498,-0.0
1732,1529963969,144505994,-0.288216799498,-0.0
1733,1529963969,168472982,-0.279763162136,-0.0
1734,1529963969,168472982,-0.279763162136,-0.0
1735,1529963969,168472982,-0.279763162136,-0.0
1736,1529963969,168472982,-0.279763162136,-0.0
1737,1529963969,184503299,-0.271950423717,-0.0
1738,1529963969,184503299,-0.271950423717,-0.0
1739,1529963969,184503299,-0.271950423717,-0.0
1740,1529963969,184503299,-0.271950423717,-0.0
1741,1529963969,184503299,-0.271950423717,-0.0
1742,1529963969,184503299,-0.271950423717,-0.0
1743,1529963969,208513584,-0.265450000763,-0.0
1744,1529963969,208513584,-0.265450000763,-0.0
1745,1529963969,208513584,-0.265450000763,-0.0
1746,1529963969,208513584,-0.265450000763,-0.0
1747,1529963969,224501016,-0.259590446949,-0.0
1748,1529963969,224501016,-0.259590446949,-0.0
1749,1529963969,224501016,-0.259590446949,-0.0
1750,1529963969,224501016,-0.259590446949,-0.0
1751,1529963969,224501016,-0.259590446949,-0.0
1752,1529963969,224501016,-0.259590446949,-0.0
1753,1529963969,248507247,-0.254371762276,-0.0
1754,1529963969,248507247,-0.254371762276,-0.0
1755,1529963969,248507247,-0.254371762276,-0.0
1756,1529963969,248507247,-0.254371762276,-0.0
1757,1529963969,264510518,-0.25177770853,-0.0
1758,1529963969,264510518,-0.25177770853,-0.0
1759,1529963969,264510518,-0.25177770853,-0.0
1760,1529963969,264510518,-0.25177770853,-0.0
1761,1529963969,264510518,-0.25177770853,-0.0
1762,1529963969,264510518,-0.25177770853,-0.0
1763,1529963969,288487050,-0.246589556336,-0.0
1764,1529963969,288487050,-0.246589556336,-0.0
1765,1529963969,288487050,-0.246589556336,-0.0
1766,1529963969,288487050,-0.246589556336,-0.0
1767,1529963969,304505992,-0.243964970112,-0.0
1768,1529963969,304505992,-0.243964970112,-0.0
1769,1529963969,304505992,-0.243964970112,-0.0
1770,1529963969,304505992,-0.243964970112,-0.0
1771,1529963969,304505992,-0.243964970112,-0.0
1772,1529963969,304505992,-0.243964970112,-0.0
1773,1529963969,328484220,-0.238776817918,-0.0
1774,1529963969,328484220,-0.238776817918,-0.0
1775,1529963969,328484220,-0.238776817918,-0.0
1776,1529963969,344504017,-0.232917264104,-0.0
1777,1529963969,344504017,-0.232917264104,-0.0
1778,1529963969,344504017,-0.232917264104,-0.0
1779,1529963969,344504017,-0.232917264104,-0.0
1780,1529963969,344504017,-0.232917264104,-0.0
1781,1529963969,344504017,-0.232917264104,-0.0
1782,1529963969,368492774,-0.22705771029,-0.0
1783,1529963969,368492774,-0.22705771029,-0.0
1784,1529963969,368492774,-0.22705771029,-0.0
1785,1529963969,368492774,-0.22705771029,-0.0
1786,1529963969,384501236,-0.221839040518,-0.0
1787,1529963969,384501236,-0.221839040518,-0.0
1788,1529963969,384501236,-0.221839040518,-0.0
1789,1529963969,384501236,-0.221839040518,-0.0
1790,1529963969,384501236,-0.221839040518,-0.0
1791,1529963969,384501236,-0.221839040518,-0.0
1792,1529963969,408498545,-0.219885855913,-0.0
1793,1529963969,408498545,-0.219885855913,-0.0
1794,1529963969,408498545,-0.219885855913,-0.0
1795,1529963969,408498545,-0.219885855913,-0.0
1796,1529963969,424480171,-0.21469771862,-0.0
1797,1529963969,424480171,-0.21469771862,-0.0
1798,1529963969,424480171,-0.21469771862,-0.0
1799,1529963969,424480171,-0.21469771862,-0.0
1800,1529963969,424480171,-0.21469771862,-0.0
1801,1529963969,424480171,-0.21469771862,-0.0
1802,1529963969,448482229,-0.212744534016,-0.0
1803,1529963969,448482229,-0.212744534016,-0.0
1804,1529963969,448482229,-0.212744534016,-0.0
1805,1529963969,448482229,-0.212744534016,-0.0
1806,1529963969,464491203,-0.210791349411,-0.0
1807,1529963969,464491203,-0.210791349411,-0.0
1808,1529963969,464491203,-0.210791349411,-0.0
1809,1529963969,464491203,-0.210791349411,-0.0
1810,1529963969,464491203,-0.210791349411,-0.0
1811,1529963969,464491203,-0.210791349411,-0.0
1812,1529963969,488492881,-0.208838164806,-0.0
1813,1529963969,488492881,-0.208838164806,-0.0
1814,1529963969,488492881,-0.208838164806,-0.0
1815,1529963969,488492881,-0.208838164806,-0.0
1816,1529963969,504503540,-0.206884980202,-0.0
1817,1529963969,504503540,-0.206884980202,-0.0
1818,1529963969,504503540,-0.206884980202,-0.0
1819,1529963969,504503540,-0.206884980202,-0.0
1820,1529963969,504503540,-0.206884980202,-0.0
1821,1529963969,504503540,-0.206884980202,-0.0
1822,1529963969,504503540,-0.206884980202,-0.0
1823,1529963969,504503540,-0.206884980202,-0.0
1824,1529963969,504503540,-0.206884980202,-0.0
1825,1529963969,504503540,-0.206884980202,-0.0
1826,1529963969,544473889,-0.206884980202,-0.0116885891184
1827,1529963969,544473889,-0.206884980202,-0.0116885891184
1828,1529963969,544473889,-0.206884980202,-0.0116885891184
1829,1529963969,544473889,-0.206884980202,-0.0116885891184
1830,1529963969,544473889,-0.206884980202,-0.0116885891184
1831,1529963969,544473889,-0.206884980202,-0.0116885891184
1832,1529963969,568473631,-0.206884980202,-0.0175481438637
1833,1529963969,568473631,-0.206884980202,-0.0175481438637
1834,1529963969,568473631,-0.206884980202,-0.0175481438637
1835,1529963969,568473631,-0.206884980202,-0.0175481438637
1836,1529963969,584477730,-0.206884980202,-0.0370799899101
1837,1529963969,584477730,-0.206884980202,-0.0370799899101
1838,1529963969,584477730,-0.206884980202,-0.0370799899101
1839,1529963969,584477730,-0.206884980202,-0.0370799899101
1840,1529963969,584477730,-0.206884980202,-0.0370799899101
1841,1529963969,584477730,-0.206884980202,-0.0370799899101
1842,1529963969,608517066,-0.208838164806,-0.0448927283287
1843,1529963969,608517066,-0.208838164806,-0.0448927283287
1844,1529963969,608517066,-0.208838164806,-0.0448927283287
1845,1529963969,608517066,-0.208838164806,-0.0448927283287
1846,1529963969,624483219,-0.21469771862,-0.0696127191186
1847,1529963969,624483219,-0.21469771862,-0.0696127191186
1848,1529963969,624483219,-0.21469771862,-0.0696127191186
1849,1529963969,624483219,-0.21469771862,-0.0696127191186
1850,1529963969,624483219,-0.21469771862,-0.0696127191186
1851,1529963969,624483219,-0.21469771862,-0.0696127191186
1852,1529963969,648499265,-0.221198156476,-0.0774254575372
1853,1529963969,648499265,-0.221198156476,-0.0774254575372
1854,1529963969,648499265,-0.221198156476,-0.0774254575372
1855,1529963969,648499265,-0.221198156476,-0.0774254575372
1856,1529963969,664510463,-0.22705771029,-0.0982390791178
1857,1529963969,664510463,-0.22705771029,-0.0982390791178
1858,1529963969,664510463,-0.22705771029,-0.0982390791178
1859,1529963969,664510463,-0.22705771029,-0.0982390791178
1860,1529963969,664510463,-0.22705771029,-0.0982390791178
1861,1529963969,664510463,-0.22705771029,-0.0982390791178
1862,1529963969,688519119,-0.233558148146,-0.104098632932
1863,1529963969,688519119,-0.233558148146,-0.104098632932
1864,1529963969,688519119,-0.233558148146,-0.104098632932
1865,1529963969,688519119,-0.233558148146,-0.104098632932
1866,1529963969,704506211,-0.240730002522,-0.111880853772
1867,1529963969,704506211,-0.240730002522,-0.111880853772
1868,1529963969,704506211,-0.240730002522,-0.111880853772
1869,1529963969,704506211,-0.240730002522,-0.111880853772
1870,1529963969,704506211,-0.240730002522,-0.111880853772
1871,1529963969,704506211,-0.240730002522,-0.111880853772
1872,1529963969,728484958,-0.247871339321,-0.120365001261
1873,1529963969,728484958,-0.247871339321,-0.120365001261
1874,1529963969,728484958,-0.247871339321,-0.120365001261
1875,1529963969,728484958,-0.247871339321,-0.120365001261
1876,1529963969,744498105,-0.254371762276,-0.128147214651
1877,1529963969,744498105,-0.254371762276,-0.128147214651
1878,1529963969,744498105,-0.254371762276,-0.128147214651
1879,1529963969,744498105,-0.254371762276,-0.128147214651
1880,1529963969,744498105,-0.254371762276,-0.128147214651
1881,1529963969,744498105,-0.254371762276,-0.128147214651
1882,1529963969,768508054,-0.259590446949,-0.134006768465
1883,1529963969,768508054,-0.259590446949,-0.134006768465
1884,1529963969,768508054,-0.259590446949,-0.134006768465
1885,1529963969,768508054,-0.259590446949,-0.134006768465
1886,1529963969,784504124,-0.264137685299,-0.13595995307
1887,1529963969,784504124,-0.264137685299,-0.13595995307
1888,1529963969,784504124,-0.264137685299,-0.13595995307
1889,1529963969,784504124,-0.264137685299,-0.13595995307
1890,1529963969,784504124,-0.264137685299,-0.13595995307
1891,1529963969,784504124,-0.264137685299,-0.13595995307
1892,1529963969,808509095,-0.265450000763,-0.13595995307
1893,1529963969,808509095,-0.265450000763,-0.13595995307
1894,1529963969,808509095,-0.265450000763,-0.13595995307
1895,1529963969,808509095,-0.265450000763,-0.13595995307
1896,1529963969,824495106,-0.269997239113,-0.137913137674
1897,1529963969,824495106,-0.269997239113,-0.137913137674
1898,1529963969,824495106,-0.269997239113,-0.137913137674
1899,1529963969,824495106,-0.269997239113,-0.137913137674
1900,1529963969,824495106,-0.269997239113,-0.137913137674
1901,1529963969,824495106,-0.269997239113,-0.137913137674
1902,1529963969,848515344,-0.271309554577,-0.137913137674
1903,1529963969,848515344,-0.271309554577,-0.137913137674
1904,1529963969,848515344,-0.271309554577,-0.137913137674
1905,1529963969,848515344,-0.271309554577,-0.137913137674
1906,1529963969,864514498,-0.273262739182,-0.139225438237
1907,1529963969,864514498,-0.273262739182,-0.139225438237
1908,1529963969,864514498,-0.273262739182,-0.139225438237
1909,1529963969,864514498,-0.273262739182,-0.139225438237
1910,1529963969,864514498,-0.273262739182,-0.139225438237
1911,1529963969,864514498,-0.273262739182,-0.139225438237
1912,1529963969,888508611,-0.274544507265,-0.140507221222
1913,1529963969,888508611,-0.274544507265,-0.140507221222
1914,1529963969,888508611,-0.274544507265,-0.140507221222
1915,1529963969,888508611,-0.274544507265,-0.140507221222
1916,1529963969,904496191,-0.274544507265,-0.142460405827
1917,1529963969,904496191,-0.274544507265,-0.142460405827
1918,1529963969,904496191,-0.274544507265,-0.142460405827
1919,1529963969,904496191,-0.274544507265,-0.142460405827
1920,1529963969,904496191,-0.274544507265,-0.142460405827
1921,1529963969,904496191,-0.274544507265,-0.142460405827
1922,1529963969,928517886,-0.275856792927,-0.143772691488
1923,1529963969,928517886,-0.275856792927,-0.143772691488
1924,1529963969,928517886,-0.275856792927,-0.143772691488
1925,1529963969,928517886,-0.275856792927,-0.143772691488
1926,1529963969,944502699,-0.277169108391,-0.145084992051
1927,1529963969,944502699,-0.277169108391,-0.145084992051
1928,1529963969,944502699,-0.277169108391,-0.145084992051
1929,1529963969,944502699,-0.277169108391,-0.145084992051
1930,1529963969,944502699,-0.277169108391,-0.145084992051
1931,1529963969,944502699,-0.277169108391,-0.145084992051
1932,1529963969,968502676,-0.278450876474,-0.147038176656
1933,1529963969,968502676,-0.278450876474,-0.147038176656
1934,1529963969,968502676,-0.278450876474,-0.147038176656
1935,1529963969,968502676,-0.278450876474,-0.147038176656
1936,1529963969,984502218,-0.280404061079,-0.147038176656
1937,1529963969,984502218,-0.280404061079,-0.147038176656
1938,1529963969,984502218,-0.280404061079,-0.147038176656
1939,1529963969,984502218,-0.280404061079,-0.147038176656
1940,1529963969,984502218,-0.280404061079,-0.147038176656
1941,1529963969,984502218,-0.280404061079,-0.147038176656
1942,1529963970,8481376,-0.281716346741,-0.147038176656
1943,1529963970,8481376,-0.281716346741,-0.147038176656
1944,1529963970,8481376,-0.281716346741,-0.147038176656
1945,1529963970,8481376,-0.281716346741,-0.147038176656
1946,1529963970,8481376,-0.281716346741,-0.147038176656
1947,1529963970,8481376,-0.281716346741,-0.147038176656
1948,1529963970,8481376,-0.281716346741,-0.147038176656
1949,1529963970,8481376,-0.281716346741,-0.147038176656
1950,1529963970,8481376,-0.281716346741,-0.147038176656
1951,1529963970,8481376,-0.281716346741,-0.147038176656
1952,1529963970,48489972,-0.282998144627,-0.147038176656
1953,1529963970,48489972,-0.282998144627,-0.147038176656
1954,1529963970,48489972,-0.282998144627,-0.147038176656
1955,1529963970,48489972,-0.282998144627,-0.147038176656
1956,1529963970,64518433,-0.284310430288,-0.147038176656
1957,1529963970,64518433,-0.284310430288,-0.147038176656
1958,1529963970,64518433,-0.284310430288,-0.147038176656
1959,1529963970,64518433,-0.284310430288,-0.147038176656
1960,1529963970,64518433,-0.284310430288,-0.147038176656
1961,1529963970,64518433,-0.284310430288,-0.147038176656
1962,1529963970,88502571,-0.28562271595,-0.145725876093
1963,1529963970,88502571,-0.28562271595,-0.145725876093
1964,1529963970,88502571,-0.28562271595,-0.145725876093
1965,1529963970,88502571,-0.28562271595,-0.145725876093
1966,1529963970,104473956,-0.287575900555,-0.143131807446
1967,1529963970,104473956,-0.287575900555,-0.143131807446
1968,1529963970,104473956,-0.287575900555,-0.143131807446
1969,1529963970,104473956,-0.287575900555,-0.143131807446
1970,1529963970,104473956,-0.287575900555,-0.143131807446
1971,1529963970,104473956,-0.287575900555,-0.143131807446
1972,1529963970,128558618,-0.293435454369,-0.136631369591
1973,1529963970,128558618,-0.293435454369,-0.136631369591
1974,1529963970,128558618,-0.293435454369,-0.136631369591
1975,1529963970,128558618,-0.293435454369,-0.136631369591
1976,1529963970,144504684,-0.299264490604,-0.130100399256
1977,1529963970,144504684,-0.299264490604,-0.130100399256
1978,1529963970,144504684,-0.299264490604,-0.130100399256
1979,1529963970,144504684,-0.299264490604,-0.130100399256
1980,1529963970,144504684,-0.299264490604,-0.130100399256
1981,1529963970,144504684,-0.299264490604,-0.130100399256
1982,1529963970,168505587,-0.303842276335,-0.122318185866
1983,1529963970,168505587,-0.303842276335,-0.122318185866
1984,1529963970,168505587,-0.303842276335,-0.122318185866
1985,1529963970,168505587,-0.303842276335,-0.122318185866
1986,1529963970,184507524,-0.309030413628,-0.113834038377
1987,1529963970,184507524,-0.309030413628,-0.113834038377
1988,1529963970,184507524,-0.309030413628,-0.113834038377
1989,1529963970,184507524,-0.309030413628,-0.113834038377
1990,1529963970,184507524,-0.309030413628,-0.113834038377
1991,1529963970,184507524,-0.309030413628,-0.113834038377
1992,1529963970,208505779,-0.314249098301,-0.106051817536
1993,1529963970,208505779,-0.314249098301,-0.106051817536
1994,1529963970,208505779,-0.314249098301,-0.106051817536
1995,1529963970,208505779,-0.314249098301,-0.106051817536
1996,1529963970,224507707,-0.320108652115,-0.0975676774979
1997,1529963970,224507707,-0.320108652115,-0.0975676774979
1998,1529963970,224507707,-0.320108652115,-0.0975676774979
1999,1529963970,224507707,-0.320108652115,-0.0975676774979
2000,1529963970,224507707,-0.320108652115,-0.0975676774979
2001,1529963970,224507707,-0.320108652115,-0.0975676774979
2002,1529963970,248499582,-0.325968205929,-0.0884731560946
2003,1529963970,248499582,-0.325968205929,-0.0884731560946
2004,1529963970,248499582,-0.325968205929,-0.0884731560946
2005,1529963970,248499582,-0.325968205929,-0.0884731560946
2006,1529963970,264503443,-0.331797242165,-0.0800195336342
2007,1529963970,264503443,-0.331797242165,-0.0800195336342
2008,1529963970,264503443,-0.331797242165,-0.0800195336342
2009,1529963970,264503443,-0.331797242165,-0.0800195336342
2010,1529963970,264503443,-0.331797242165,-0.0800195336342
2011,1529963970,264503443,-0.331797242165,-0.0800195336342
2012,1529963970,288493084,-0.337015897036,-0.0728476792574
2013,1529963970,288493084,-0.337015897036,-0.0728476792574
2014,1529963970,288493084,-0.337015897036,-0.0728476792574
2015,1529963970,288493084,-0.337015897036,-0.0728476792574
2016,1529963970,304500270,-0.342234551907,-0.0657063499093
2017,1529963970,304500270,-0.342234551907,-0.0657063499093
2018,1529963970,304500270,-0.342234551907,-0.0657063499093
2019,1529963970,304500270,-0.342234551907,-0.0657063499093
2020,1529963970,304500270,-0.342234551907,-0.0657063499093
2021,1529963970,304500270,-0.342234551907,-0.0657063499093
2022,1529963970,328504292,-0.344157218933,-0.0585345029831
2023,1529963970,328504292,-0.344157218933,-0.0585345029831
2024,1529963970,328504292,-0.344157218933,-0.0585345029831
2025,1529963970,328504292,-0.344157218933,-0.0585345029831
2026,1529963970,344510234,-0.346110403538,-0.0507217645645
2027,1529963970,344510234,-0.346110403538,-0.0507217645645
2028,1529963970,344510234,-0.346110403538,-0.0507217645645
2029,1529963970,344510234,-0.346110403538,-0.0507217645645
2030,1529963970,344510234,-0.346110403538,-0.0507217645645
2031,1529963970,344510234,-0.346110403538,-0.0507217645645
2032,1529963970,368519987,-0.348063588142,-0.0416272468865
2033,1529963970,368519987,-0.348063588142,-0.0416272468865
2034,1529963970,368519987,-0.348063588142,-0.0416272468865
2035,1529963970,368519987,-0.348063588142,-0.0416272468865
2036,1529963970,384513651,-0.350016772747,-0.021454513073
2037,1529963970,384513651,-0.350016772747,-0.021454513073
2038,1529963970,384513651,-0.350016772747,-0.021454513073
2039,1529963970,384513651,-0.350016772747,-0.021454513073
2040,1529963970,384513651,-0.350016772747,-0.021454513073
2041,1529963970,384513651,-0.350016772747,-0.021454513073
2042,1529963970,408484989,-0.350016772747,-0.0162358470261
2043,1529963970,408484989,-0.350016772747,-0.0162358470261
2044,1529963970,408484989,-0.350016772747,-0.0162358470261
2045,1529963970,408484989,-0.350016772747,-0.0162358470261
2046,1529963970,424505715,-0.350688189268,-0.00714133121073
2047,1529963970,424505715,-0.350688189268,-0.00714133121073
2048,1529963970,424505715,-0.350688189268,-0.00714133121073
2049,1529963970,424505715,-0.350688189268,-0.00714133121073
2050,1529963970,424505715,-0.350688189268,-0.00714133121073
2051,1529963970,424505715,-0.350688189268,-0.00714133121073
2052,1529963970,448508019,-0.350688189268,-0.0
2053,1529963970,448508019,-0.350688189268,-0.0
2054,1529963970,448508019,-0.350688189268,-0.0
2055,1529963970,448508019,-0.350688189268,-0.0
2056,1529963970,448508019,-0.350688189268,-0.0
2057,1529963970,448508019,-0.350688189268,-0.0
2058,1529963970,448508019,-0.350688189268,-0.0
2059,1529963970,448508019,-0.350688189268,-0.0
2060,1529963970,448508019,-0.350688189268,-0.0
2061,1529963970,448508019,-0.350688189268,-0.0
2062,1529963970,448508019,-0.350688189268,-0.0
2063,1529963970,448508019,-0.350688189268,-0.0
2064,1529963970,448508019,-0.350688189268,-0.0
2065,1529963970,448508019,-0.350688189268,-0.0
2066,1529963970,504482182,-0.348735004663,-0.0
2067,1529963970,504482182,-0.348735004663,-0.0
2068,1529963970,504482182,-0.348735004663,-0.0
2069,1529963970,504482182,-0.348735004663,-0.0
2070,1529963970,504482182,-0.348735004663,-0.0
2071,1529963970,504482182,-0.348735004663,-0.0
2072,1529963970,528502903,-0.343516349792,-0.0
2073,1529963970,528502903,-0.343516349792,-0.0
2074,1529963970,528502903,-0.343516349792,-0.0
2075,1529963970,528502903,-0.343516349792,-0.0
2076,1529963970,544498475,-0.337656795979,-0.0
2077,1529963970,544498475,-0.337656795979,-0.0
2078,1529963970,544498475,-0.337656795979,-0.0
2079,1529963970,544498475,-0.337656795979,-0.0
2080,1529963970,544498475,-0.337656795979,-0.0
2081,1529963970,544498475,-0.337656795979,-0.0
2082,1529963970,568503675,-0.331797242165,-0.0
2083,1529963970,568503675,-0.331797242165,-0.0
2084,1529963970,568503675,-0.331797242165,-0.0
2085,1529963970,568503675,-0.331797242165,-0.0
2086,1529963970,584515349,-0.326609075069,-0.0
2087,1529963970,584515349,-0.326609075069,-0.0
2088,1529963970,584515349,-0.326609075069,-0.0
2089,1529963970,584515349,-0.326609075069,-0.0
2090,1529963970,584515349,-0.326609075069,-0.0
2091,1529963970,584515349,-0.326609075069,-0.0
2092,1529963970,608505298,-0.324655890465,-0.0
2093,1529963970,608505298,-0.324655890465,-0.0
2094,1529963970,608505298,-0.324655890465,-0.0
2095,1529963970,608505298,-0.324655890465,-0.0
2096,1529963970,624515461,-0.32206183672,-0.0
2097,1529963970,624515461,-0.32206183672,-0.0
2098,1529963970,624515461,-0.32206183672,-0.0
2099,1529963970,624515461,-0.32206183672,-0.0
2100,1529963970,624515461,-0.32206183672,-0.0
2101,1529963970,624515461,-0.32206183672,-0.0
2102,1529963970,648509083,-0.316843152046,-0.0
2103,1529963970,648509083,-0.316843152046,-0.0
2104,1529963970,648509083,-0.316843152046,-0.0
2105,1529963970,648509083,-0.316843152046,-0.0
2106,1529963970,664501465,-0.314889967442,-0.0
2107,1529963970,664501465,-0.314889967442,-0.0
2108,1529963970,664501465,-0.314889967442,-0.0
2109,1529963970,664501465,-0.314889967442,-0.0
2110,1529963970,664501465,-0.314889967442,-0.0
2111,1529963970,664501465,-0.314889967442,-0.0
2112,1529963970,688492250,-0.312936782837,-0.0
2113,1529963970,688492250,-0.312936782837,-0.0
2114,1529963970,688492250,-0.312936782837,-0.0
2115,1529963970,688492250,-0.312936782837,-0.0
2116,1529963970,704478079,-0.310983598232,-0.0
2117,1529963970,704478079,-0.310983598232,-0.0
2118,1529963970,704478079,-0.310983598232,-0.0
2119,1529963970,704478079,-0.310983598232,-0.0
2120,1529963970,704478079,-0.310983598232,-0.0
2121,1529963970,704478079,-0.310983598232,-0.0
2122,1529963970,704478079,-0.310983598232,-0.0
2123,1529963970,704478079,-0.310983598232,-0.0
2124,1529963970,704478079,-0.310983598232,-0.0
2125,1529963970,704478079,-0.310983598232,-0.0
2126,1529963970,744514094,-0.309030413628,-0.0
2127,1529963970,744514094,-0.309030413628,-0.0
2128,1529963970,744514094,-0.309030413628,-0.0
2129,1529963970,744514094,-0.309030413628,-0.0
2130,1529963970,744514094,-0.309030413628,-0.0
2131,1529963970,744514094,-0.309030413628,-0.0
2132,1529963970,768500727,-0.307077229023,-0.0
2133,1529963970,768500727,-0.307077229023,-0.0
2134,1529963970,768500727,-0.307077229023,-0.0
2135,1529963970,768500727,-0.307077229023,-0.0
2136,1529963970,784506256,-0.30188909173,-0.0
2137,1529963970,784506256,-0.30188909173,-0.0
2138,1529963970,784506256,-0.30188909173,-0.0
2139,1529963970,784506256,-0.30188909173,-0.0
2140,1529963970,784506256,-0.30188909173,-0.0
2141,1529963970,784506256,-0.30188909173,-0.0
2142,1529963970,808502372,-0.299264490604,-0.0
2143,1529963970,808502372,-0.299264490604,-0.0
2144,1529963970,808502372,-0.299264490604,-0.0
2145,1529963970,808502372,-0.299264490604,-0.0
2146,1529963970,824508408,-0.294076353312,-0.0
2147,1529963970,824508408,-0.294076353312,-0.0
2148,1529963970,824508408,-0.294076353312,-0.0
2149,1529963970,824508408,-0.294076353312,-0.0
2150,1529963970,824508408,-0.294076353312,-0.0
2151,1529963970,824508408,-0.294076353312,-0.0
2152,1529963970,848513822,-0.292123168707,-0.0
2153,1529963970,848513822,-0.292123168707,-0.0
2154,1529963970,848513822,-0.292123168707,-0.0
2155,1529963970,848513822,-0.292123168707,-0.0
2156,1529963970,864506385,-0.289529085159,-0.0
2157,1529963970,864506385,-0.289529085159,-0.0
2158,1529963970,864506385,-0.289529085159,-0.0
2159,1529963970,864506385,-0.289529085159,-0.0
2160,1529963970,864506385,-0.289529085159,-0.0
2161,1529963970,864506385,-0.289529085159,-0.0
2162,1529963970,888484094,-0.283669531345,-0.0
2163,1529963970,888484094,-0.283669531345,-0.0
2164,1529963970,888484094,-0.283669531345,-0.0
2165,1529963970,888484094,-0.283669531345,-0.0
2166,1529963970,904504988,-0.278450876474,-0.0
2167,1529963970,904504988,-0.278450876474,-0.0
2168,1529963970,904504988,-0.278450876474,-0.0
2169,1529963970,904504988,-0.278450876474,-0.0
2170,1529963970,904504988,-0.278450876474,-0.0
2171,1529963970,904504988,-0.278450876474,-0.0
2172,1529963970,928512046,-0.273262739182,-0.0
2173,1529963970,928512046,-0.273262739182,-0.0
2174,1529963970,928512046,-0.273262739182,-0.0
2175,1529963970,928512046,-0.273262739182,-0.0
2176,1529963970,944494341,-0.270638138056,-0.0
2177,1529963970,944494341,-0.270638138056,-0.0
2178,1529963970,944494341,-0.270638138056,-0.0
2179,1529963970,944494341,-0.270638138056,-0.0
2180,1529963970,944494341,-0.270638138056,-0.0
2181,1529963970,944494341,-0.270638138056,-0.0
2182,1529963970,968490336,-0.268044054508,-0.0
2183,1529963970,968490336,-0.268044054508,-0.0
2184,1529963970,968490336,-0.268044054508,-0.0
2185,1529963970,968490336,-0.268044054508,-0.0
2186,1529963970,984509106,-0.265450000763,-0.0
2187,1529963970,984509106,-0.265450000763,-0.0
2188,1529963970,984509106,-0.265450000763,-0.0
2189,1529963970,984509106,-0.265450000763,-0.0
2190,1529963970,984509106,-0.265450000763,-0.0
2191,1529963970,984509106,-0.265450000763,-0.0
2192,1529963971,8481708,-0.262855917215,-0.0
2193,1529963971,8481708,-0.262855917215,-0.0
2194,1529963971,8481708,-0.262855917215,-0.0
2195,1529963971,8481708,-0.262855917215,-0.0
2196,1529963971,24514043,-0.260902732611,-0.0
2197,1529963971,24514043,-0.260902732611,-0.0
2198,1529963971,24514043,-0.260902732611,-0.0
2199,1529963971,24514043,-0.260902732611,-0.0
2200,1529963971,24514043,-0.260902732611,-0.0
2201,1529963971,24514043,-0.260902732611,-0.0
2202,1529963971,48508260,-0.25568407774,-0.0
2203,1529963971,48508260,-0.25568407774,-0.0
2204,1529963971,48508260,-0.25568407774,-0.0
2205,1529963971,48508260,-0.25568407774,-0.0
2206,1529963971,64499828,-0.253730893135,-0.0
2207,1529963971,64499828,-0.253730893135,-0.0
2208,1529963971,64499828,-0.253730893135,-0.0
2209,1529963971,64499828,-0.253730893135,-0.0
2210,1529963971,64499828,-0.253730893135,-0.0
2211,1529963971,64499828,-0.253730893135,-0.0
2212,1529963971,88482060,-0.248542740941,-0.0
2213,1529963971,88482060,-0.248542740941,-0.0
2214,1529963971,88482060,-0.248542740941,-0.0
2215,1529963971,88482060,-0.248542740941,-0.0
2216,1529963971,104509276,-0.246589556336,-0.0
2217,1529963971,104509276,-0.246589556336,-0.0
2218,1529963971,104509276,-0.246589556336,-0.0
2219,1529963971,104509276,-0.246589556336,-0.0
2220,1529963971,104509276,-0.246589556336,-0.0
2221,1529963971,104509276,-0.246589556336,-0.0
2222,1529963971,128508279,-0.244636371732,-0.0
2223,1529963971,128508279,-0.244636371732,-0.0
2224,1529963971,128508279,-0.244636371732,-0.0
2225,1529963971,128508279,-0.244636371732,-0.0
2226,1529963971,144484268,-0.242683187127,-0.0
2227,1529963971,144484268,-0.242683187127,-0.0
2228,1529963971,144484268,-0.242683187127,-0.0
2229,1529963971,144484268,-0.242683187127,-0.0
2230,1529963971,144484268,-0.242683187127,-0.0
2231,1529963971,144484268,-0.242683187127,-0.0
2232,1529963971,168502333,-0.241370886564,-0.0
2233,1529963971,168502333,-0.241370886564,-0.0
2234,1529963971,168502333,-0.241370886564,-0.0
2235,1529963971,168502333,-0.241370886564,-0.0
2236,1529963971,184513497,-0.240058600903,-0.0
2237,1529963971,184513497,-0.240058600903,-0.0
2238,1529963971,184513497,-0.240058600903,-0.0
2239,1529963971,184513497,-0.240058600903,-0.0
2240,1529963971,184513497,-0.240058600903,-0.0
2241,1529963971,184513497,-0.240058600903,-0.0
2242,1529963971,184513497,-0.240058600903,-0.0
2243,1529963971,184513497,-0.240058600903,-0.0
2244,1529963971,184513497,-0.240058600903,-0.0
2245,1529963971,184513497,-0.240058600903,-0.0
2246,1529963971,184513497,-0.240058600903,-0.0
2247,1529963971,184513497,-0.240058600903,-0.0
2248,1529963971,184513497,-0.240058600903,-0.0
2249,1529963971,184513497,-0.240058600903,-0.0
2250,1529963971,184513497,-0.240058600903,-0.0
2251,1529963971,184513497,-0.240058600903,-0.0
2252,1529963971,184513497,-0.240058600903,-0.0
2253,1529963971,184513497,-0.240058600903,-0.0
2254,1529963971,184513497,-0.240058600903,-0.0
2255,1529963971,184513497,-0.240058600903,-0.0
2256,1529963971,184513497,-0.240058600903,-0.0
2257,1529963971,184513497,-0.240058600903,-0.0
2258,1529963971,184513497,-0.240058600903,-0.0
2259,1529963971,184513497,-0.240058600903,-0.0
2260,1529963971,184513497,-0.240058600903,-0.0
2261,1529963971,184513497,-0.240058600903,-0.0
2262,1529963971,184513497,-0.240058600903,-0.0
2263,1529963971,184513497,-0.240058600903,-0.0
2264,1529963971,184513497,-0.240058600903,-0.0
2265,1529963971,184513497,-0.240058600903,-0.0
2266,1529963971,184513497,-0.240058600903,-0.0
2267,1529963971,184513497,-0.240058600903,-0.0
2268,1529963971,184513497,-0.240058600903,-0.0
2269,1529963971,184513497,-0.240058600903,-0.0
2270,1529963971,184513497,-0.240058600903,-0.0
2271,1529963971,184513497,-0.240058600903,-0.0
2272,1529963971,184513497,-0.240058600903,-0.0
2273,1529963971,184513497,-0.240058600903,-0.0
2274,1529963971,184513497,-0.240058600903,-0.0
2275,1529963971,344517072,-0.238776817918,-0.0
2276,1529963971,344517072,-0.238776817918,-0.0
2277,1529963971,344517072,-0.238776817918,-0.0
2278,1529963971,344517072,-0.238776817918,-0.0
2279,1529963971,344517072,-0.238776817918,-0.0
2280,1529963971,344517072,-0.238776817918,-0.0
2281,1529963971,344517072,-0.238776817918,-0.0
2282,1529963971,344517072,-0.238776817918,-0.0
2283,1529963971,344517072,-0.238776817918,-0.0
2284,1529963971,344517072,-0.238776817918,-0.0
2285,1529963971,344517072,-0.238776817918,-0.0
2286,1529963971,344517072,-0.238776817918,-0.0
2287,1529963971,344517072,-0.238776817918,-0.0
2288,1529963971,344517072,-0.238776817918,-0.0
2289,1529963971,344517072,-0.238776817918,-0.0
2290,1529963971,344517072,-0.238776817918,-0.0
2291,1529963971,344517072,-0.238776817918,-0.0
2292,1529963971,344517072,-0.238776817918,-0.0
2293,1529963971,344517072,-0.238776817918,-0.0
2294,1529963971,344517072,-0.238776817918,-0.0
2295,1529963971,344517072,-0.238776817918,-0.0
2296,1529963971,344517072,-0.238776817918,-0.0
2297,1529963971,344517072,-0.238776817918,-0.0
2298,1529963971,344517072,-0.238776817918,-0.0
2299,1529963971,344517072,-0.238776817918,-0.0
2300,1529963971,344517072,-0.238776817918,-0.0
2301,1529963971,344517072,-0.238776817918,-0.0
2302,1529963971,344517072,-0.238776817918,-0.0
2303,1529963971,344517072,-0.238776817918,-0.0
2304,1529963971,344517072,-0.238776817918,-0.0
2305,1529963971,344517072,-0.238776817918,-0.0
2306,1529963971,344517072,-0.238776817918,-0.0
2307,1529963971,344517072,-0.238776817918,-0.0
2308,1529963971,344517072,-0.238776817918,-0.0
2309,1529963971,344517072,-0.238776817918,-0.0
2310,1529963971,344517072,-0.238776817918,-0.0
2311,1529963971,344517072,-0.238776817918,-0.0
2312,1529963971,344517072,-0.238776817918,-0.0
2313,1529963971,344517072,-0.238776817918,-0.0
2314,1529963971,344517072,-0.238776817918,-0.0
2315,1529963971,344517072,-0.238776817918,-0.0
2316,1529963971,344517072,-0.238776817918,-0.0
2317,1529963971,344517072,-0.238776817918,-0.0
2318,1529963971,344517072,-0.238776817918,-0.0
2319,1529963971,344517072,-0.238776817918,-0.0
2320,1529963971,344517072,-0.238776817918,-0.0
2321,1529963971,344517072,-0.238776817918,-0.0
2322,1529963971,344517072,-0.238776817918,-0.0
2323,1529963971,344517072,-0.238776817918,-0.0
2324,1529963971,344517072,-0.238776817918,-0.0
2325,1529963971,344517072,-0.238776817918,-0.0
2326,1529963971,344517072,-0.238776817918,-0.0
2327,1529963971,344517072,-0.238776817918,-0.0
2328,1529963971,344517072,-0.238776817918,-0.0
2329,1529963971,344517072,-0.238776817918,-0.0
2330,1529963971,344517072,-0.238776817918,-0.0
2331,1529963971,344517072,-0.238776817918,-0.0
2332,1529963971,344517072,-0.238776817918,-0.0
2333,1529963971,344517072,-0.238776817918,-0.0
2334,1529963971,584505767,-0.23941770196,-0.0
2335,1529963971,584505767,-0.23941770196,-0.0
2336,1529963971,584505767,-0.23941770196,-0.0
2337,1529963971,584505767,-0.23941770196,-0.0
2338,1529963971,584505767,-0.23941770196,-0.0
2339,1529963971,584505767,-0.23941770196,-0.0
2340,1529963971,584505767,-0.23941770196,-0.0
2341,1529963971,584505767,-0.23941770196,-0.0
2342,1529963971,584505767,-0.23941770196,-0.0
2343,1529963971,584505767,-0.23941770196,-0.0
2344,1529963971,624478188,-0.240730002522,-0.0
2345,1529963971,624478188,-0.240730002522,-0.0
2346,1529963971,624478188,-0.240730002522,-0.0
2347,1529963971,624478188,-0.240730002522,-0.0
2348,1529963971,624478188,-0.240730002522,-0.0
2349,1529963971,624478188,-0.240730002522,-0.0
2350,1529963971,648510122,-0.242011785507,-0.0
2351,1529963971,648510122,-0.242011785507,-0.0
2352,1529963971,648510122,-0.242011785507,-0.0
2353,1529963971,648510122,-0.242011785507,-0.0
2354,1529963971,664504426,-0.243324071169,-0.0
2355,1529963971,664504426,-0.243324071169,-0.0
2356,1529963971,664504426,-0.243324071169,-0.0
2357,1529963971,664504426,-0.243324071169,-0.0
2358,1529963971,664504426,-0.243324071169,-0.0
2359,1529963971,664504426,-0.243324071169,-0.0
2360,1529963971,688501216,-0.243964970112,-0.0
2361,1529963971,688501216,-0.243964970112,-0.0
2362,1529963971,688501216,-0.243964970112,-0.0
2363,1529963971,688501216,-0.243964970112,-0.0
2364,1529963971,704503729,-0.245277255774,-0.0
2365,1529963971,704503729,-0.245277255774,-0.0
2366,1529963971,704503729,-0.245277255774,-0.0
2367,1529963971,704503729,-0.245277255774,-0.0
2368,1529963971,704503729,-0.245277255774,-0.0
2369,1529963971,704503729,-0.245277255774,-0.0
2370,1529963971,728502465,-0.245918154716,-0.0
2371,1529963971,728502465,-0.245918154716,-0.0
2372,1529963971,728502465,-0.245918154716,-0.0
2373,1529963971,728502465,-0.245918154716,-0.0
2374,1529963971,744486756,-0.247230440378,-0.00259407330304
2375,1529963971,744486756,-0.247230440378,-0.00259407330304
2376,1529963971,744486756,-0.247230440378,-0.00259407330304
2377,1529963971,744486756,-0.247230440378,-0.00259407330304
2378,1529963971,744486756,-0.247230440378,-0.00259407330304
2379,1529963971,744486756,-0.247230440378,-0.00259407330304
2380,1529963971,768513630,-0.247871339321,-0.00778221990913
2381,1529963971,768513630,-0.247871339321,-0.00778221990913
2382,1529963971,768513630,-0.247871339321,-0.00778221990913
2383,1529963971,768513630,-0.247871339321,-0.00778221990913
2384,1529963971,784503911,-0.249183624983,-0.00973540451378
2385,1529963971,784503911,-0.249183624983,-0.00973540451378
2386,1529963971,784503911,-0.249183624983,-0.00973540451378
2387,1529963971,784503911,-0.249183624983,-0.00973540451378
2388,1529963971,784503911,-0.249183624983,-0.00973540451378
2389,1529963971,784503911,-0.249183624983,-0.00973540451378
2390,1529963971,808485624,-0.250465393066,-0.0155949583277
2391,1529963971,808485624,-0.250465393066,-0.0155949583277
2392,1529963971,808485624,-0.250465393066,-0.0155949583277
2393,1529963971,808485624,-0.250465393066,-0.0155949583277
2394,1529963971,824500378,-0.25177770853,-0.021454513073
2395,1529963971,824500378,-0.25177770853,-0.021454513073
2396,1529963971,824500378,-0.25177770853,-0.021454513073
2397,1529963971,824500378,-0.25177770853,-0.021454513073
2398,1529963971,824500378,-0.25177770853,-0.021454513073
2399,1529963971,824500378,-0.25177770853,-0.021454513073
2400,1529963971,848513862,-0.253730893135,-0.0273140668869
2401,1529963971,848513862,-0.253730893135,-0.0273140668869
2402,1529963971,848513862,-0.253730893135,-0.0273140668869
2403,1529963971,848513862,-0.253730893135,-0.0273140668869
2404,1529963971,864494446,-0.259590446949,-0.0331736207008
2405,1529963971,864494446,-0.259590446949,-0.0331736207008
2406,1529963971,864494446,-0.259590446949,-0.0331736207008
2407,1529963971,864494446,-0.259590446949,-0.0331736207008
2408,1529963971,864494446,-0.259590446949,-0.0331736207008
2409,1529963971,864494446,-0.259590446949,-0.0331736207008
2410,1529963971,888476086,-0.261543631554,-0.0390331745148
2411,1529963971,888476086,-0.261543631554,-0.0390331745148
2412,1529963971,888476086,-0.261543631554,-0.0390331745148
2413,1529963971,888476086,-0.261543631554,-0.0390331745148
2414,1529963971,904474387,-0.266731768847,-0.0409863591194
2415,1529963971,904474387,-0.266731768847,-0.0409863591194
2416,1529963971,904474387,-0.266731768847,-0.0409863591194
2417,1529963971,904474387,-0.266731768847,-0.0409863591194
2418,1529963971,904474387,-0.266731768847,-0.0409863591194
2419,1529963971,904474387,-0.266731768847,-0.0409863591194
2420,1529963971,928508007,-0.268684953451,-0.0422681346536
2421,1529963971,928508007,-0.268684953451,-0.0422681346536
2422,1529963971,928508007,-0.268684953451,-0.0422681346536
2423,1529963971,928508007,-0.268684953451,-0.0422681346536
2424,1529963971,944481351,-0.269997239113,-0.0435804314911
2425,1529963971,944481351,-0.269997239113,-0.0435804314911
2426,1529963971,944481351,-0.269997239113,-0.0435804314911
2427,1529963971,944481351,-0.269997239113,-0.0435804314911
2428,1529963971,944481351,-0.269997239113,-0.0435804314911
2429,1529963971,944481351,-0.269997239113,-0.0435804314911
2430,1529963971,968493306,-0.271309554577,-0.0442213192582
2431,1529963971,968493306,-0.271309554577,-0.0442213192582
2432,1529963971,968493306,-0.271309554577,-0.0442213192582
2433,1529963971,968493306,-0.271309554577,-0.0442213192582
2434,1529963971,984503464,-0.27259132266,-0.0442213192582
2435,1529963971,984503464,-0.27259132266,-0.0442213192582
2436,1529963971,984503464,-0.27259132266,-0.0442213192582
2437,1529963971,984503464,-0.27259132266,-0.0442213192582
2438,1529963971,984503464,-0.27259132266,-0.0442213192582
2439,1529963971,984503464,-0.27259132266,-0.0442213192582
2440,1529963971,984503464,-0.27259132266,-0.0442213192582
2441,1529963971,984503464,-0.27259132266,-0.0442213192582
2442,1529963971,984503464,-0.27259132266,-0.0442213192582
2443,1529963971,984503464,-0.27259132266,-0.0442213192582
2444,1529963972,24472202,-0.273903608322,-0.0442213192582
2445,1529963972,24472202,-0.273903608322,-0.0442213192582
2446,1529963972,24472202,-0.273903608322,-0.0442213192582
2447,1529963972,24472202,-0.273903608322,-0.0442213192582
2448,1529963972,24472202,-0.273903608322,-0.0442213192582
2449,1529963972,24472202,-0.273903608322,-0.0442213192582
2450,1529963972,48504529,-0.275215923786,-0.0390331745148
2451,1529963972,48504529,-0.275215923786,-0.0390331745148
2452,1529963972,48504529,-0.275215923786,-0.0390331745148
2453,1529963972,48504529,-0.275215923786,-0.0390331745148
2454,1529963972,64488739,-0.27649769187,-0.0331736207008
2455,1529963972,64488739,-0.27649769187,-0.0331736207008
2456,1529963972,64488739,-0.27649769187,-0.0331736207008
2457,1529963972,64488739,-0.27649769187,-0.0331736207008
2458,1529963972,64488739,-0.27649769187,-0.0331736207008
2459,1529963972,64488739,-0.27649769187,-0.0331736207008
2460,1529963972,88486205,-0.278450876474,-0.0266731772572
2461,1529963972,88486205,-0.278450876474,-0.0266731772572
2462,1529963972,88486205,-0.278450876474,-0.0266731772572
2463,1529963972,88486205,-0.278450876474,-0.0266731772572
2464,1529963972,104479418,-0.280404061079,-0.0208136234432
2465,1529963972,104479418,-0.280404061079,-0.0208136234432
2466,1529963972,104479418,-0.280404061079,-0.0208136234432
2467,1529963972,104479418,-0.280404061079,-0.0208136234432
2468,1529963972,104479418,-0.280404061079,-0.0208136234432
2469,1529963972,104479418,-0.280404061079,-0.0208136234432
2470,1529963972,128522342,-0.282357245684,-0.0155949583277
2471,1529963972,128522342,-0.282357245684,-0.0155949583277
2472,1529963972,128522342,-0.282357245684,-0.0155949583277
2473,1529963972,128522342,-0.282357245684,-0.0155949583277
2474,1529963972,144507944,-0.283669531345,-0.0136417737231
2475,1529963972,144507944,-0.283669531345,-0.0136417737231
2476,1529963972,144507944,-0.283669531345,-0.0136417737231
2477,1529963972,144507944,-0.283669531345,-0.0136417737231
2478,1529963972,144507944,-0.283669531345,-0.0136417737231
2479,1529963972,144507944,-0.283669531345,-0.0136417737231
2480,1529963972,168521654,-0.284951329231,-0.01104770042
2481,1529963972,168521654,-0.284951329231,-0.01104770042
2482,1529963972,168521654,-0.284951329231,-0.01104770042
2483,1529963972,168521654,-0.284951329231,-0.01104770042
2484,1529963972,184509893,-0.286904513836,-0.00909451581538
2485,1529963972,184509893,-0.286904513836,-0.00909451581538
2486,1529963972,184509893,-0.286904513836,-0.00909451581538
2487,1529963972,184509893,-0.286904513836,-0.00909451581538
2488,1529963972,184509893,-0.286904513836,-0.00909451581538
2489,1529963972,184509893,-0.286904513836,-0.00909451581538
2490,1529963972,208507968,-0.286904513836,-0.00650044251233
2491,1529963972,208507968,-0.286904513836,-0.00650044251233
2492,1529963972,208507968,-0.286904513836,-0.00650044251233
2493,1529963972,208507968,-0.286904513836,-0.00650044251233
2494,1529963972,224507083,-0.288857698441,-0.00454725790769
2495,1529963972,224507083,-0.288857698441,-0.00454725790769
2496,1529963972,224507083,-0.288857698441,-0.00454725790769
2497,1529963972,224507083,-0.288857698441,-0.00454725790769
2498,1529963972,224507083,-0.288857698441,-0.00454725790769
2499,1529963972,224507083,-0.288857698441,-0.00454725790769
2500,1529963972,248508943,-0.290810883045,-0.0019226660952
2501,1529963972,248508943,-0.290810883045,-0.0019226660952
2502,1529963972,248508943,-0.290810883045,-0.0019226660952
2503,1529963972,248508943,-0.290810883045,-0.0019226660952
2504,1529963972,264494706,-0.29276406765,-0.0
2505,1529963972,264494706,-0.29276406765,-0.0
2506,1529963972,264494706,-0.29276406765,-0.0
2507,1529963972,264494706,-0.29276406765,-0.0
2508,1529963972,264494706,-0.29276406765,-0.0
2509,1529963972,264494706,-0.29276406765,-0.0
2510,1529963972,288487228,-0.294717252254,-0.0
2511,1529963972,288487228,-0.294717252254,-0.0
2512,1529963972,288487228,-0.294717252254,-0.0
2513,1529963972,288487228,-0.294717252254,-0.0
2514,1529963972,304509939,-0.296670436859,-0.0
2515,1529963972,304509939,-0.296670436859,-0.0
2516,1529963972,304509939,-0.296670436859,-0.0
2517,1529963972,304509939,-0.296670436859,-0.0
2518,1529963972,304509939,-0.296670436859,-0.0
2519,1529963972,304509939,-0.296670436859,-0.0
2520,1529963972,328480323,-0.301217675209,-0.0
2521,1529963972,328480323,-0.301217675209,-0.0
2522,1529963972,328480323,-0.301217675209,-0.0
2523,1529963972,328480323,-0.301217675209,-0.0
2524,1529963972,328480323,-0.301217675209,-0.0
2525,1529963972,328480323,-0.301217675209,-0.0
2526,1529963972,328480323,-0.301217675209,-0.0
2527,1529963972,328480323,-0.301217675209,-0.0
2528,1529963972,328480323,-0.301217675209,-0.0
2529,1529963972,328480323,-0.301217675209,-0.0
2530,1529963972,328480323,-0.301217675209,-0.0
2531,1529963972,328480323,-0.301217675209,-0.0
2532,1529963972,328480323,-0.301217675209,-0.0
2533,1529963972,328480323,-0.301217675209,-0.0
2534,1529963972,328480323,-0.301217675209,-0.0
2535,1529963972,328480323,-0.301217675209,-0.0
2536,1529963972,328480323,-0.301217675209,-0.0
2537,1529963972,328480323,-0.301217675209,-0.0
2538,1529963972,328480323,-0.301217675209,-0.0
2539,1529963972,328480323,-0.301217675209,-0.0
2540,1529963972,328480323,-0.301217675209,-0.0
2541,1529963972,328480323,-0.301217675209,-0.0
2542,1529963972,328480323,-0.301217675209,-0.0
2543,1529963972,328480323,-0.301217675209,-0.0
2544,1529963972,328480323,-0.301217675209,-0.0
2545,1529963972,328480323,-0.301217675209,-0.0
2546,1529963972,328480323,-0.301217675209,-0.0
2547,1529963972,328480323,-0.301217675209,-0.0
2548,1529963972,328480323,-0.301217675209,-0.0
2549,1529963972,328480323,-0.301217675209,-0.0
2550,1529963972,448484265,-0.302529990673,-0.0
2551,1529963972,448484265,-0.302529990673,-0.0
2552,1529963972,448484265,-0.302529990673,-0.0
2553,1529963972,448484265,-0.302529990673,-0.0
2554,1529963972,448484265,-0.302529990673,-0.0
2555,1529963972,448484265,-0.302529990673,-0.0
2556,1529963972,448484265,-0.302529990673,-0.0
2557,1529963972,448484265,-0.302529990673,-0.0
2558,1529963972,448484265,-0.302529990673,-0.0
2559,1529963972,448484265,-0.302529990673,-0.0
2560,1529963972,448484265,-0.302529990673,-0.0
2561,1529963972,448484265,-0.302529990673,-0.0
2562,1529963972,448484265,-0.302529990673,-0.0
2563,1529963972,448484265,-0.302529990673,-0.0
2564,1529963972,448484265,-0.302529990673,-0.0
2565,1529963972,448484265,-0.302529990673,-0.0
2566,1529963972,448484265,-0.302529990673,-0.0
2567,1529963972,448484265,-0.302529990673,-0.0
2568,1529963972,448484265,-0.302529990673,-0.0
2569,1529963972,448484265,-0.302529990673,-0.0
2570,1529963972,448484265,-0.302529990673,-0.0
2571,1529963972,448484265,-0.302529990673,-0.0
2572,1529963972,448484265,-0.302529990673,-0.0
2573,1529963972,448484265,-0.302529990673,-0.0
2574,1529963972,544499381,-0.303842276335,-0.0
2575,1529963972,544499381,-0.303842276335,-0.0
2576,1529963972,544499381,-0.303842276335,-0.0
2577,1529963972,544499381,-0.303842276335,-0.0
2578,1529963972,544499381,-0.303842276335,-0.0
2579,1529963972,544499381,-0.303842276335,-0.0
2580,1529963972,568523979,-0.305795460939,-0.0
2581,1529963972,568523979,-0.305795460939,-0.0
2582,1529963972,568523979,-0.305795460939,-0.0
2583,1529963972,568523979,-0.305795460939,-0.0
2584,1529963972,584505616,-0.307748645544,-0.0
2585,1529963972,584505616,-0.307748645544,-0.0
2586,1529963972,584505616,-0.307748645544,-0.0
2587,1529963972,584505616,-0.307748645544,-0.0
2588,1529963972,584505616,-0.307748645544,-0.0
2589,1529963972,584505616,-0.307748645544,-0.0
2590,1529963972,608511906,-0.309701830149,-0.0
2591,1529963972,608511906,-0.309701830149,-0.0
2592,1529963972,608511906,-0.309701830149,-0.0
2593,1529963972,608511906,-0.309701830149,-0.0
2594,1529963972,624516410,-0.314889967442,-0.0
2595,1529963972,624516410,-0.314889967442,-0.0
2596,1529963972,624516410,-0.314889967442,-0.0
2597,1529963972,624516410,-0.314889967442,-0.0
2598,1529963972,624516410,-0.314889967442,-0.0
2599,1529963972,624516410,-0.314889967442,-0.0
2600,1529963972,648523239,-0.316843152046,-0.0
2601,1529963972,648523239,-0.316843152046,-0.0
2602,1529963972,648523239,-0.316843152046,-0.0
2603,1529963972,648523239,-0.316843152046,-0.0
2604,1529963972,664510479,-0.31815546751,-0.0
2605,1529963972,664510479,-0.31815546751,-0.0
2606,1529963972,664510479,-0.31815546751,-0.0
2607,1529963972,664510479,-0.31815546751,-0.0
2608,1529963972,664510479,-0.31815546751,-0.0
2609,1529963972,664510479,-0.31815546751,-0.0
2610,1529963972,688519229,-0.319437235594,-0.0
2611,1529963972,688519229,-0.319437235594,-0.0
2612,1529963972,688519229,-0.319437235594,-0.0
2613,1529963972,688519229,-0.319437235594,-0.0
2614,1529963972,688519229,-0.319437235594,-0.0
2615,1529963972,688519229,-0.319437235594,-0.0
2616,1529963972,688519229,-0.319437235594,-0.0
2617,1529963972,688519229,-0.319437235594,-0.0
2618,1529963972,688519229,-0.319437235594,-0.0
2619,1529963972,688519229,-0.319437235594,-0.0
2620,1529963972,688519229,-0.319437235594,-0.0
2621,1529963972,688519229,-0.319437235594,-0.0
2622,1529963972,688519229,-0.319437235594,-0.0
2623,1529963972,688519229,-0.319437235594,-0.0
2624,1529963972,688519229,-0.319437235594,-0.0
2625,1529963972,688519229,-0.319437235594,-0.0
2626,1529963972,688519229,-0.319437235594,-0.0
2627,1529963972,688519229,-0.319437235594,-0.0
2628,1529963972,688519229,-0.319437235594,-0.0
2629,1529963972,688519229,-0.319437235594,-0.0
2630,1529963972,688519229,-0.319437235594,-0.0
2631,1529963972,688519229,-0.319437235594,-0.0
2632,1529963972,688519229,-0.319437235594,-0.0
2633,1529963972,688519229,-0.319437235594,-0.0
2634,1529963972,784507293,-0.320108652115,-0.0
2635,1529963972,784507293,-0.320108652115,-0.0
2636,1529963972,784507293,-0.320108652115,-0.0
2637,1529963972,784507293,-0.320108652115,-0.0
2638,1529963972,784507293,-0.320108652115,-0.0
2639,1529963972,784507293,-0.320108652115,-0.0
2640,1529963972,784507293,-0.320108652115,-0.0
2641,1529963972,784507293,-0.320108652115,-0.0
2642,1529963972,784507293,-0.320108652115,-0.0
2643,1529963972,784507293,-0.320108652115,-0.0
2644,1529963972,784507293,-0.320108652115,-0.0
2645,1529963972,784507293,-0.320108652115,-0.0
2646,1529963972,784507293,-0.320108652115,-0.0
2647,1529963972,784507293,-0.320108652115,-0.0
2648,1529963972,784507293,-0.320108652115,-0.0
2649,1529963972,784507293,-0.320108652115,-0.0
2650,1529963972,784507293,-0.320108652115,-0.0
2651,1529963972,784507293,-0.320108652115,-0.0
2652,1529963972,784507293,-0.320108652115,-0.0
2653,1529963972,784507293,-0.320108652115,-0.0
2654,1529963972,784507293,-0.320108652115,-0.0
2655,1529963972,784507293,-0.320108652115,-0.0
2656,1529963972,784507293,-0.320108652115,-0.0
2657,1529963972,784507293,-0.320108652115,-0.0
2658,1529963972,784507293,-0.320108652115,-0.0
2659,1529963972,784507293,-0.320108652115,-0.0
2660,1529963972,784507293,-0.320108652115,-0.0
2661,1529963972,784507293,-0.320108652115,-0.0
2662,1529963972,784507293,-0.320108652115,-0.0
2663,1529963972,784507293,-0.320108652115,-0.0
2664,1529963972,784507293,-0.320108652115,-0.0
2665,1529963972,784507293,-0.320108652115,-0.0
2666,1529963972,784507293,-0.320108652115,-0.0
2667,1529963972,784507293,-0.320108652115,-0.0
2668,1529963972,784507293,-0.320108652115,-0.0
2669,1529963972,784507293,-0.320108652115,-0.0
2670,1529963972,784507293,-0.320108652115,-0.0
2671,1529963972,784507293,-0.320108652115,-0.0
2672,1529963972,784507293,-0.320108652115,-0.0
2673,1529963972,784507293,-0.320108652115,-0.0
2674,1529963972,784507293,-0.320108652115,-0.0
2675,1529963972,784507293,-0.320108652115,-0.0
2676,1529963972,784507293,-0.320108652115,-0.0
2677,1529963972,784507293,-0.320108652115,-0.0
2678,1529963972,784507293,-0.320108652115,-0.0
2679,1529963972,968477907,-0.31815546751,-0.0
2680,1529963972,968477907,-0.31815546751,-0.0
2681,1529963972,968477907,-0.31815546751,-0.0
2682,1529963972,968477907,-0.31815546751,-0.0
2683,1529963972,984511486,-0.316202282906,-0.0
2684,1529963972,984511486,-0.316202282906,-0.0
2685,1529963972,984511486,-0.316202282906,-0.0
2686,1529963972,984511486,-0.316202282906,-0.0
2687,1529963972,984511486,-0.316202282906,-0.0
2688,1529963972,984511486,-0.316202282906,-0.0
2689,1529963973,8515446,-0.310983598232,-0.0
2690,1529963973,8515446,-0.310983598232,-0.0
2691,1529963973,8515446,-0.310983598232,-0.0
2692,1529963973,8515446,-0.310983598232,-0.0
2693,1529963973,24482617,-0.309030413628,-0.0
2694,1529963973,24482617,-0.309030413628,-0.0
2695,1529963973,24482617,-0.309030413628,-0.0
2696,1529963973,24482617,-0.309030413628,-0.0
2697,1529963973,24482617,-0.309030413628,-0.0
2698,1529963973,24482617,-0.309030413628,-0.0
2699,1529963973,48511831,-0.306436359882,-0.0
2700,1529963973,48511831,-0.306436359882,-0.0
2701,1529963973,48511831,-0.306436359882,-0.0
2702,1529963973,48511831,-0.306436359882,-0.0
2703,1529963973,64509664,-0.303842276335,-0.0
2704,1529963973,64509664,-0.303842276335,-0.0
2705,1529963973,64509664,-0.303842276335,-0.0
2706,1529963973,64509664,-0.303842276335,-0.0
2707,1529963973,64509664,-0.303842276335,-0.0
2708,1529963973,64509664,-0.303842276335,-0.0
2709,1529963973,88502988,-0.298623621464,-0.0
2710,1529963973,88502988,-0.298623621464,-0.0
2711,1529963973,88502988,-0.298623621464,-0.0
2712,1529963973,88502988,-0.298623621464,-0.0
2713,1529963973,104508557,-0.296029537916,-0.0
2714,1529963973,104508557,-0.296029537916,-0.0
2715,1529963973,104508557,-0.296029537916,-0.0
2716,1529963973,104508557,-0.296029537916,-0.0
2717,1529963973,104508557,-0.296029537916,-0.0
2718,1529963973,104508557,-0.296029537916,-0.0
2719,1529963973,128517915,-0.293435454369,-0.0
2720,1529963973,128517915,-0.293435454369,-0.0
2721,1529963973,128517915,-0.293435454369,-0.0
2722,1529963973,128517915,-0.293435454369,-0.0
2723,1529963973,144501163,-0.291482269764,-0.0
2724,1529963973,144501163,-0.291482269764,-0.0
2725,1529963973,144501163,-0.291482269764,-0.0
2726,1529963973,144501163,-0.291482269764,-0.0
2727,1529963973,144501163,-0.291482269764,-0.0
2728,1529963973,144501163,-0.291482269764,-0.0
2729,1529963973,168507662,-0.289529085159,-0.0
2730,1529963973,168507662,-0.289529085159,-0.0
2731,1529963973,168507662,-0.289529085159,-0.0
2732,1529963973,168507662,-0.289529085159,-0.0
2733,1529963973,168507662,-0.289529085159,-0.0
2734,1529963973,168507662,-0.289529085159,-0.0
2735,1529963973,168507662,-0.289529085159,-0.0
2736,1529963973,168507662,-0.289529085159,-0.0
2737,1529963973,168507662,-0.289529085159,-0.0
2738,1529963973,168507662,-0.289529085159,-0.0
2739,1529963973,208495176,-0.287575900555,-0.0
2740,1529963973,208495176,-0.287575900555,-0.0
2741,1529963973,208495176,-0.287575900555,-0.0
2742,1529963973,208495176,-0.287575900555,-0.0
2743,1529963973,224494031,-0.28562271595,-0.0
2744,1529963973,224494031,-0.28562271595,-0.0
2745,1529963973,224494031,-0.28562271595,-0.0
2746,1529963973,224494031,-0.28562271595,-0.0
2747,1529963973,224494031,-0.28562271595,-0.0
2748,1529963973,224494031,-0.28562271595,-0.0
2749,1529963973,248512955,-0.283669531345,-0.0
2750,1529963973,248512955,-0.283669531345,-0.0
2751,1529963973,248512955,-0.283669531345,-0.0
2752,1529963973,248512955,-0.283669531345,-0.0
2753,1529963973,264510353,-0.281716346741,-0.0
2754,1529963973,264510353,-0.281716346741,-0.0
2755,1529963973,264510353,-0.281716346741,-0.0
2756,1529963973,264510353,-0.281716346741,-0.0
2757,1529963973,264510353,-0.281716346741,-0.0
2758,1529963973,264510353,-0.281716346741,-0.0
2759,1529963973,288502869,-0.279763162136,-0.0
2760,1529963973,288502869,-0.279763162136,-0.0
2761,1529963973,288502869,-0.279763162136,-0.0
2762,1529963973,288502869,-0.279763162136,-0.0
2763,1529963973,304512123,-0.277809977531,-0.0
2764,1529963973,304512123,-0.277809977531,-0.0
2765,1529963973,304512123,-0.277809977531,-0.0
2766,1529963973,304512123,-0.277809977531,-0.0
2767,1529963973,304512123,-0.277809977531,-0.0
2768,1529963973,304512123,-0.277809977531,-0.0
2769,1529963973,328486072,-0.275215923786,-0.0
2770,1529963973,328486072,-0.275215923786,-0.0
2771,1529963973,328486072,-0.275215923786,-0.0
2772,1529963973,328486072,-0.275215923786,-0.0
2773,1529963973,344505104,-0.268684953451,-0.0
2774,1529963973,344505104,-0.268684953451,-0.0
2775,1529963973,344505104,-0.268684953451,-0.0
2776,1529963973,344505104,-0.268684953451,-0.0
2777,1529963973,344505104,-0.268684953451,-0.0
2778,1529963973,344505104,-0.268684953451,-0.0
2779,1529963973,368514355,-0.262184500694,-0.0
2780,1529963973,368514355,-0.262184500694,-0.0
2781,1529963973,368514355,-0.262184500694,-0.0
2782,1529963973,368514355,-0.262184500694,-0.0
2783,1529963973,384505415,-0.255043178797,-0.0
2784,1529963973,384505415,-0.255043178797,-0.0
2785,1529963973,384505415,-0.255043178797,-0.0
2786,1529963973,384505415,-0.255043178797,-0.0
2787,1529963973,384505415,-0.255043178797,-0.0
2788,1529963973,384505415,-0.255043178797,-0.0
2789,1529963973,408517698,-0.247230440378,-0.0
2790,1529963973,408517698,-0.247230440378,-0.0
2791,1529963973,408517698,-0.247230440378,-0.0
2792,1529963973,408517698,-0.247230440378,-0.0
2793,1529963973,424499299,-0.238105416298,-0.0
2794,1529963973,424499299,-0.238105416298,-0.0
2795,1529963973,424499299,-0.238105416298,-0.0
2796,1529963973,424499299,-0.238105416298,-0.0
2797,1529963973,424499299,-0.238105416298,-0.0
2798,1529963973,424499299,-0.238105416298,-0.0
2799,1529963973,448504183,-0.212103635073,-0.0
2800,1529963973,448504183,-0.212103635073,-0.0
2801,1529963973,448504183,-0.212103635073,-0.0
2802,1529963973,448504183,-0.212103635073,-0.0
2803,1529963973,464504672,-0.179570913315,-0.0
2804,1529963973,464504672,-0.179570913315,-0.0
2805,1529963973,464504672,-0.179570913315,-0.0
2806,1529963973,464504672,-0.179570913315,-0.0
2807,1529963973,464504672,-0.179570913315,-0.0
2808,1529963973,464504672,-0.179570913315,-0.0
2809,1529963973,488515171,-0.130100399256,-0.0
2810,1529963973,488515171,-0.130100399256,-0.0
2811,1529963973,488515171,-0.130100399256,-0.0
2812,1529963973,488515171,-0.130100399256,-0.0
2813,1529963973,504508344,-0.0650349408388,-0.0
2814,1529963973,504508344,-0.0650349408388,-0.0
2815,1529963973,504508344,-0.0650349408388,-0.0
2816,1529963973,504508344,-0.0650349408388,-0.0
2817,1529963973,504508344,-0.0650349408388,-0.0
2818,1529963973,504508344,-0.0650349408388,-0.0
2819,1529963973,528503663,-0.0,-0.0
2820,1529963973,528503663,-0.0,-0.0
2821,1529963973,528503663,-0.0,-0.0
2822,1529963973,528503663,-0.0,-0.0
2823,1529963973,528503663,-0.0,-0.0
2824,1529963973,528503663,-0.0,-0.0
2825,1529963973,528503663,-0.0,-0.0
2826,1529963973,528503663,-0.0,-0.0
2827,1529963973,528503663,-0.0,-0.0
2828,1529963973,528503663,-0.0,-0.0
2829,1529963973,528503663,-0.0,-0.0
2830,1529963973,528503663,-0.0,-0.0
2831,1529963973,528503663,-0.0,-0.0
2832,1529963973,528503663,-0.0,-0.0
2833,1529963973,528503663,-0.0,-0.0
2834,1529963973,528503663,-0.0,-0.0
2835,1529963973,528503663,-0.0,-0.0
2836,1529963973,528503663,-0.0,-0.0
2837,1529963973,528503663,-0.0,-0.0
2838,1529963973,528503663,-0.0,-0.0
2839,1529963973,528503663,-0.0,-0.0
2840,1529963973,528503663,-0.0,-0.0
2841,1529963973,528503663,-0.0,-0.0
2842,1529963973,528503663,-0.0,-0.0
2843,1529963973,528503663,-0.0,-0.0
2844,1529963973,528503663,-0.0,-0.0
2845,1529963973,528503663,-0.0,-0.0
2846,1529963973,528503663,-0.0,-0.0
2847,1529963973,528503663,-0.0,-0.0
2848,1529963973,528503663,-0.0,-0.0
2849,1529963973,528503663,-0.0,-0.0
2850,1529963973,528503663,-0.0,-0.0
2851,1529963973,528503663,-0.0,-0.0
2852,1529963973,528503663,-0.0,-0.0
2853,1529963973,528503663,-0.0,-0.0
2854,1529963973,528503663,-0.0,-0.0
2855,1529963973,528503663,-0.0,-0.0
2856,1529963973,528503663,-0.0,-0.0
2857,1529963973,528503663,-0.0,-0.0
2858,1529963973,528503663,-0.0,-0.0
2859,1529963973,528503663,-0.0,-0.0
2860,1529963973,528503663,-0.0,-0.0
2861,1529963973,528503663,-0.0,-0.0
2862,1529963973,528503663,-0.0,-0.0
2863,1529963973,528503663,-0.0,-0.0
2864,1529963973,528503663,-0.0,-0.0
2865,1529963973,528503663,-0.0,-0.0
2866,1529963973,528503663,-0.0,-0.0
2867,1529963973,528503663,-0.0,-0.0
2868,1529963973,528503663,-0.0,-0.0
2869,1529963973,528503663,-0.0,-0.0
2870,1529963973,528503663,-0.0,-0.0
2871,1529963973,528503663,-0.0,-0.0
2872,1529963973,528503663,-0.0,-0.0
2873,1529963973,528503663,-0.0,-0.0
2874,1529963973,528503663,-0.0,-0.0
2875,1529963973,528503663,-0.0,-0.0
2876,1529963973,528503663,-0.0,-0.0
2877,1529963973,528503663,-0.0,-0.0
2878,1529963973,528503663,-0.0,-0.0
2879,1529963973,528503663,-0.0,-0.0
2880,1529963973,528503663,-0.0,-0.0
2881,1529963973,528503663,-0.0,-0.0
2882,1529963973,528503663,-0.0,-0.0
2883,1529963973,528503663,-0.0,-0.0
2884,1529963973,528503663,-0.0,-0.0
2885,1529963973,528503663,-0.0,-0.0
2886,1529963973,528503663,-0.0,-0.0
2887,1529963973,528503663,-0.0,-0.0
2888,1529963973,528503663,-0.0,-0.0
2889,1529963973,528503663,-0.0,-0.0
2890,1529963973,528503663,-0.0,-0.0
2891,1529963973,528503663,-0.0,-0.0
2892,1529963973,528503663,-0.0,-0.0
2893,1529963973,528503663,-0.0,-0.0
2894,1529963973,528503663,-0.0,-0.0
2895,1529963973,528503663,-0.0,-0.0
2896,1529963973,528503663,-0.0,-0.0
2897,1529963973,528503663,-0.0,-0.0
2898,1529963973,528503663,-0.0,-0.0
2899,1529963973,528503663,-0.0,-0.0
2900,1529963973,528503663,-0.0,-0.0
2901,1529963973,528503663,-0.0,-0.0
2902,1529963973,528503663,-0.0,-0.0
2903,1529963973,528503663,-0.0,-0.0
2904,1529963973,528503663,-0.0,-0.0
2905,1529963973,528503663,-0.0,-0.0
2906,1529963973,528503663,-0.0,-0.0
2907,1529963973,528503663,-0.0,-0.0
2908,1529963973,528503663,-0.0,-0.0
2909,1529963973,528503663,-0.0,-0.0
2910,1529963973,528503663,-0.0,-0.0
2911,1529963973,528503663,-0.0,-0.0
2912,1529963973,528503663,-0.0,-0.0
2913,1529963973,528503663,-0.0,-0.0
2914,1529963973,528503663,-0.0,-0.0
2915,1529963973,528503663,-0.0,-0.0
2916,1529963973,528503663,-0.0,-0.0
2917,1529963973,528503663,-0.0,-0.0
2918,1529963973,528503663,-0.0,-0.0
2919,1529963973,528503663,-0.0,-0.0
2920,1529963973,528503663,-0.0,-0.0
2921,1529963973,528503663,-0.0,-0.0
2922,1529963973,528503663,-0.0,-0.0
2923,1529963973,528503663,-0.0,-0.0
2924,1529963973,528503663,-0.0,-0.0
2925,1529963973,528503663,-0.0,-0.0
2926,1529963973,528503663,-0.0,-0.0
2927,1529963973,528503663,-0.0,-0.0
2928,1529963973,528503663,-0.0,-0.0
2929,1529963973,528503663,-0.0,-0.0
2930,1529963973,528503663,-0.0,-0.0
2931,1529963973,528503663,-0.0,-0.0
2932,1529963973,528503663,-0.0,-0.0
2933,1529963973,528503663,-0.0,-0.0
2934,1529963973,528503663,-0.0,-0.0
2935,1529963973,528503663,-0.0,-0.0
2936,1529963973,528503663,-0.0,-0.0
2937,1529963973,528503663,-0.0,-0.0
2938,1529963973,528503663,-0.0,-0.0
2939,1529963973,528503663,-0.0,-0.0
2940,1529963973,528503663,-0.0,-0.0
2941,1529963973,528503663,-0.0,-0.0
2942,1529963973,528503663,-0.0,-0.0
2943,1529963973,528503663,-0.0,-0.0
2944,1529963973,528503663,-0.0,-0.0
2945,1529963973,528503663,-0.0,-0.0
2946,1529963973,528503663,-0.0,-0.0
2947,1529963973,528503663,-0.0,-0.0
2948,1529963973,528503663,-0.0,-0.0
2949,1529963973,528503663,-0.0,-0.0
2950,1529963973,528503663,-0.0,-0.0
2951,1529963973,528503663,-0.0,-0.0
2952,1529963973,528503663,-0.0,-0.0
2953,1529963973,528503663,-0.0,-0.0
2954,1529963973,528503663,-0.0,-0.0
2955,1529963973,528503663,-0.0,-0.0
2956,1529963973,528503663,-0.0,-0.0
2957,1529963973,528503663,-0.0,-0.0
2958,1529963973,528503663,-0.0,-0.0
2959,1529963973,528503663,-0.0,-0.0
2960,1529963973,528503663,-0.0,-0.0
2961,1529963973,528503663,-0.0,-0.0
2962,1529963973,528503663,-0.0,-0.0
2963,1529963973,528503663,-0.0,-0.0
2964,1529963973,528503663,-0.0,-0.0
2965,1529963973,528503663,-0.0,-0.0
2966,1529963973,528503663,-0.0,-0.0
2967,1529963973,528503663,-0.0,-0.0
2968,1529963973,528503663,-0.0,-0.0
2969,1529963973,528503663,-0.0,-0.0
2970,1529963973,528503663,-0.0,-0.0
2971,1529963973,528503663,-0.0,-0.0
2972,1529963973,528503663,-0.0,-0.0
2973,1529963973,528503663,-0.0,-0.0
2974,1529963973,528503663,-0.0,-0.0
2975,1529963973,528503663,-0.0,-0.0
2976,1529963973,528503663,-0.0,-0.0
2977,1529963973,528503663,-0.0,-0.0
2978,1529963973,528503663,-0.0,-0.0
2979,1529963973,528503663,-0.0,-0.0
