874,1529963867,796089646,0.0,0.0,0.0,0.0,0.0,0.0
875,1529963867,806099293,0.0,0.0,0.0,0.0,0.0,0.0
876,1529963867,816092557,0.0,0.0,0.0,0.0,0.0,0.0
877,1529963867,826092411,0.0,0.0,0.0,0.0,0.0,0.0
878,1529963867,836087431,0.0,0.0,0.0,0.0,0.0,0.0
879,1529963867,846097328,0.0,0.0,0.0,0.0,0.0,0.0
880,1529963867,856092035,0.0,0.0,0.0,0.0,0.0,0.0
881,1529963867,866090791,0.0,0.0,0.0,0.0,0.0,0.0
882,1529963867,876091115,0.0,0.0,0.0,0.0,0.0,0.0
883,1529963867,886089600,0.0,0.0,0.0,0.0,0.0,0.0
884,1529963867,896098793,0.0,0.0,0.0,0.0,0.0,0.0
885,1529963867,906092058,0.0,0.0,0.0,0.0,0.0,0.0
886,1529963867,916089631,0.0,0.0,0.0,0.0,0.0,0.0
887,1529963867,926050550,0.0,0.0,0.0,0.0,0.0,0.0
888,1529963867,936116800,0.0,0.0,0.0,0.0,0.0,0.0
889,1529963867,946094978,0.0,0.0,0.0,0.0,0.0,0.0
890,1529963867,956090719,0.0,0.0,0.0,0.0,0.0,0.0
891,1529963867,966088595,0.0,0.0,0.0,0.0,0.0,0.0
892,1529963867,976097528,0.0,0.0,0.0,0.0,0.0,0.0
893,1529963867,986101474,0.0,0.0,0.0,0.0,0.0,0.0
894,1529963867,996091371,0.0,0.0,0.0,0.0,0.0,0.0
895,1529963868,6076716,0.0,0.0,0.0,0.0,0.0,0.0
896,1529963868,16089076,0.0,0.0,0.0,0.0,0.0,0.0
897,1529963868,26107341,0.0,0.0,0.0,0.0,0.0,0.0
898,1529963868,36092554,0.0,0.0,0.0,0.0,0.0,0.0
899,1529963868,46089526,0.0,0.0,0.0,0.0,0.0,0.0
900,1529963868,56091977,0.0,0.0,0.0,0.0,0.0,0.0
901,1529963868,66098604,0.0,0.0,0.0,0.0,0.0,0.0
902,1529963868,76095671,0.0,0.0,0.0,0.0,0.0,0.0
903,1529963868,86091068,0.0,0.0,0.0,0.0,0.0,0.0
904,1529963868,96090455,0.0,0.0,0.0,0.0,0.0,0.0
905,1529963868,106095084,0.0,0.0,0.0,0.0,0.0,0.0
906,1529963868,116095805,0.0,0.0,0.0,0.0,0.0,0.0
907,1529963868,126093665,0.0,0.0,0.0,0.0,0.0,0.0
908,1529963868,136089533,0.0,0.0,0.0,0.0,0.0,0.0
909,1529963868,146098288,0.0,0.0,0.0,0.0,0.0,0.0
910,1529963868,156096448,0.0,0.0,0.0,0.0,0.0,0.0
911,1529963868,166093238,0.0,0.0,0.0,0.0,0.0,0.0
912,1529963868,176089840,0.0,0.0,0.0,0.0,0.0,0.0
913,1529963868,186091630,0.0,0.0,0.0,0.0,0.0,0.0
914,1529963868,196096928,0.0,0.0,0.0,0.0,0.0,0.0
915,1529963868,206095123,0.0,0.0,0.0,0.0,0.0,0.0
916,1529963868,216090184,0.0,0.0,0.0,0.0,0.0,0.0
917,1529963868,226090305,0.0,0.0,0.0,0.0,0.0,0.0
918,1529963868,236089970,0.0,0.0,0.0,0.0,0.0,0.0
919,1529963868,246093315,0.0,0.0,0.0,0.0,0.0,0.0
920,1529963868,256092101,0.0,0.0,0.0,0.0,0.0,0.0
921,1529963868,266088519,0.0,0.0,0.0,0.0,0.0,0.0
922,1529963868,276090139,0.0,0.0,0.0,0.0,0.0,0.0
923,1529963868,286108848,0.0,0.0,0.0,0.0,0.0,0.0
924,1529963868,296093126,0.0,0.0,0.0,0.0,0.0,0.0
925,1529963868,306092092,0.0,0.0,0.0,0.0,0.0,0.0
926,1529963868,316087798,0.0,0.0,0.0,0.0,0.0,0.0
927,1529963868,326095195,0.0,0.0,0.0,0.0,0.0,0.0
928,1529963868,336092473,0.0,0.0,0.0,0.0,0.0,0.0
929,1529963868,346090040,0.0,0.0,0.0,0.0,0.0,0.0
930,1529963868,356091320,0.0,0.0,0.0,0.0,0.0,0.0
931,1529963868,366089468,0.0,0.0,0.0,0.0,0.0,0.0
932,1529963868,376097131,0.0,0.0,0.0,0.0,0.0,0.0
933,1529963868,386091861,0.0,0.0,0.0,0.0,0.0,0.0
934,1529963868,396089694,0.0,0.0,0.0,0.0,0.0,0.0
935,1529963868,406089125,0.0,0.0,0.0,0.0,0.0,0.0
936,1529963868,416101940,0.0,0.0,0.0,0.0,0.0,0.0
937,1529963868,426094812,0.0,0.0,0.0,0.0,0.0,0.0
938,1529963868,436093092,0.0,0.0,0.0,0.0,0.0,0.0
939,1529963868,446090376,0.0,0.0,0.0,0.0,0.0,0.0
940,1529963868,456098921,0.0,0.0,0.0,0.0,0.0,0.0
941,1529963868,466096528,0.0,0.0,0.0,0.0,0.0,0.0
942,1529963868,476090745,0.0,0.0,0.0,0.0,0.0,0.0
943,1529963868,486090422,0.0,0.0,0.0,0.0,0.0,0.0
944,1529963868,496090427,0.0,0.0,0.0,0.0,0.0,0.0
945,1529963868,506099519,0.0,0.0,0.0,0.0,0.0,0.0
946,1529963868,516092974,0.0,0.0,0.0,0.0,0.0,0.0
947,1529963868,526090963,0.0,0.0,0.0,0.0,0.0,0.0
948,1529963868,536094989,0.0,0.0,0.0,0.0,0.0,0.0
949,1529963868,546097339,0.0,0.0,0.0,0.0,0.0,0.0
950,1529963868,556099208,0.0,0.0,0.0,0.0,0.0,0.0
951,1529963868,566090358,0.0,0.0,0.0,0.0,0.0,0.0
952,1529963868,576090100,0.0,0.0,0.0,0.0,0.0,0.0
953,1529963868,586098658,0.0,0.0,0.0,0.0,0.0,0.0
954,1529963868,596095413,0.0,0.0,0.0,0.0,0.0,0.0
955,1529963868,606093011,0.0,0.0,0.0,0.0,0.0,0.0
956,1529963868,616099284,0.0,0.0,0.0,0.0,0.0,0.0
957,1529963868,626090120,0.0,0.0,0.0,0.0,0.0,0.0
958,1529963868,636121843,0.0,0.0,0.0,0.0,0.0,0.0
959,1529963868,646093811,0.0,0.0,0.0,0.0,0.0,0.0
960,1529963868,656077052,119.0,112.0,0.0,0.0,0.0,0.0
961,1529963868,666109804,119.0,112.0,0.0,0.0,0.0,0.0
962,1529963868,676118773,175.0,112.0,0.0,0.0,0.0,0.0
963,1529963868,686077708,175.0,112.0,0.0,0.0,0.0,0.0
964,1529963868,696074326,226.0,110.0,0.0,0.0,0.0,0.0
965,1529963868,706072949,226.0,110.0,0.0,0.0,0.0,0.0
966,1529963868,716098275,262.0,105.0,0.0,0.0,0.0,0.0
967,1529963868,726103018,262.0,105.0,0.0,0.0,0.0,0.0
968,1529963868,736098009,283.0,105.0,0.0,0.0,0.0,0.0
969,1529963868,746095820,283.0,105.0,0.0,0.0,0.0,0.0
970,1529963868,756095069,286.0,108.0,0.0,0.0,0.0,0.0
971,1529963868,766104256,286.0,108.0,0.0,0.0,0.0,0.0
972,1529963868,776085323,287.0,117.0,0.0,0.0,0.0,0.0
973,1529963868,786067251,287.0,117.0,0.0,0.0,0.0,0.0
974,1529963868,796092722,288.0,128.0,0.0,0.0,0.0,0.0
975,1529963868,806097307,288.0,128.0,0.0,0.0,0.0,0.0
976,1529963868,816119973,289.0,137.0,0.0,0.0,0.0,0.0
977,1529963868,826092059,289.0,137.0,0.0,0.0,0.0,0.0
978,1529963868,836092836,290.0,145.0,0.0,0.0,0.0,0.0
979,1529963868,846092516,290.0,145.0,0.0,0.0,0.0,0.0
980,1529963868,856103337,289.0,149.0,0.0,0.0,0.0,0.0
981,1529963868,866100493,289.0,149.0,0.0,0.0,0.0,0.0
982,1529963868,876071111,288.0,150.0,0.0,0.0,0.0,0.0
983,1529963868,886083296,288.0,150.0,0.0,0.0,0.0,0.0
984,1529963868,896111872,288.0,152.0,0.0,0.0,0.0,0.0
985,1529963868,906096066,288.0,152.0,0.0,0.0,0.0,0.0
986,1529963868,916093185,288.0,153.0,0.0,0.0,0.0,0.0
987,1529963868,926070556,288.0,153.0,0.0,0.0,0.0,0.0
988,1529963868,936096169,288.0,153.0,0.0,0.0,0.0,0.0
989,1529963868,946096288,288.0,153.0,0.0,0.0,0.0,0.0
990,1529963868,956084105,288.0,153.0,0.0,0.0,0.0,0.0
991,1529963868,966095681,288.0,153.0,0.0,0.0,0.0,0.0
992,1529963868,976094905,288.0,153.0,0.0,0.0,0.0,0.0
993,1529963868,986082240,288.0,153.0,0.0,0.0,0.0,0.0
994,1529963868,996097277,288.0,153.0,0.0,0.0,0.0,0.0
995,1529963869,6095531,287.0,152.0,0.0,0.0,0.0,0.0
996,1529963869,16081073,284.0,149.0,0.0,0.0,0.0,0.0
997,1529963869,26100227,284.0,149.0,0.0,0.0,0.0,0.0
998,1529963869,36072310,282.0,144.0,0.0,0.0,0.0,0.0
999,1529963869,46097300,282.0,144.0,0.0,0.0,0.0,0.0
1000,1529963869,56095727,281.0,137.0,0.0,0.0,0.0,0.0
1001,1529963869,66096459,281.0,137.0,0.0,0.0,0.0,0.0
1002,1529963869,76103436,279.0,132.0,0.0,0.0,0.0,0.0
1003,1529963869,86106725,279.0,132.0,0.0,0.0,0.0,0.0
1004,1529963869,96112635,276.0,127.0,0.0,0.0,0.0,0.0
1005,1529963869,106101908,276.0,127.0,0.0,0.0,0.0,0.0
1006,1529963869,116467883,275.0,124.0,0.0,0.0,0.0,0.0
1007,1529963869,126113554,275.0,124.0,0.0,0.0,0.0,0.0
1008,1529963869,136108243,272.0,121.0,0.0,0.0,0.0,0.0
1009,1529963869,146098779,272.0,121.0,0.0,0.0,0.0,0.0
1010,1529963869,156108766,270.0,120.0,0.0,0.0,0.0,0.0
1011,1529963869,166097235,270.0,120.0,0.0,0.0,0.0,0.0
1012,1529963869,176081944,264.0,122.0,0.0,0.0,0.0,0.0
1013,1529963869,186094826,264.0,122.0,0.0,0.0,0.0,0.0
1014,1529963869,196094107,258.0,127.0,0.0,0.0,0.0,0.0
1015,1529963869,206098585,258.0,127.0,0.0,0.0,0.0,0.0
1016,1529963869,216095925,253.0,131.0,0.0,0.0,0.0,0.0
1017,1529963869,226081937,253.0,131.0,0.0,0.0,0.0,0.0
1018,1529963869,236104924,248.0,135.0,0.0,0.0,0.0,0.0
1019,1529963869,246107862,248.0,135.0,0.0,0.0,0.0,0.0
1020,1529963869,256077797,246.0,138.0,0.0,0.0,0.0,0.0
1021,1529963869,266092951,246.0,138.0,0.0,0.0,0.0,0.0
1022,1529963869,276092687,243.0,140.0,0.0,0.0,0.0,0.0
1023,1529963869,286096978,243.0,140.0,0.0,0.0,0.0,0.0
1024,1529963869,296097905,240.0,140.0,0.0,0.0,0.0,0.0
1025,1529963869,306097229,240.0,140.0,0.0,0.0,0.0,0.0
1026,1529963869,316095981,235.0,139.0,0.0,0.0,0.0,0.0
1027,1529963869,326077140,235.0,139.0,0.0,0.0,0.0,0.0
1028,1529963869,336154302,230.0,139.0,0.0,0.0,0.0,0.0
1029,1529963869,346101712,230.0,139.0,0.0,0.0,0.0,0.0
1030,1529963869,356098849,227.0,142.0,0.0,0.0,0.0,0.0
1031,1529963869,366100336,227.0,142.0,0.0,0.0,0.0,0.0
1032,1529963869,376115437,223.0,145.0,0.0,0.0,0.0,0.0
1033,1529963869,386050449,223.0,145.0,0.0,0.0,0.0,0.0
1034,1529963869,396119480,219.0,147.0,0.0,0.0,0.0,0.0
1035,1529963869,406101892,219.0,147.0,0.0,0.0,0.0,0.0
1036,1529963869,416104167,217.0,146.0,0.0,0.0,0.0,0.0
1037,1529963869,426115194,217.0,146.0,0.0,0.0,0.0,0.0
1038,1529963869,436071160,215.0,146.0,0.0,0.0,0.0,0.0
1039,1529963869,446095045,215.0,146.0,0.0,0.0,0.0,0.0
1040,1529963869,456094565,212.0,149.0,0.0,0.0,0.0,0.0
1041,1529963869,466610389,212.0,149.0,0.0,0.0,0.0,0.0
1042,1529963869,476099584,210.0,152.0,0.0,0.0,0.0,0.0
1043,1529963869,486097501,210.0,152.0,0.0,0.0,0.0,0.0
1044,1529963869,496071784,209.0,152.0,0.0,0.0,0.0,0.0
1045,1529963869,506096843,209.0,152.0,0.0,0.0,0.0,0.0
1046,1529963869,516097524,207.0,153.0,0.0,0.0,0.0,0.0
1047,1529963869,526095185,207.0,153.0,0.0,0.0,0.0,0.0
1048,1529963869,536090802,206.0,153.0,0.0,0.0,0.0,0.0
1049,1529963869,546080697,206.0,153.0,0.0,0.0,0.0,0.0
1050,1529963869,556114489,205.0,153.0,0.0,0.0,0.0,0.0
1051,1529963869,566073926,205.0,153.0,0.0,0.0,0.0,0.0
1052,1529963869,576093436,203.0,156.0,0.0,0.0,0.0,0.0
1053,1529963869,586091570,203.0,156.0,0.0,0.0,0.0,0.0
1054,1529963869,596100959,201.0,160.0,0.0,0.0,0.0,0.0
1055,1529963869,606079350,201.0,160.0,0.0,0.0,0.0,0.0
1056,1529963869,616095792,199.0,164.0,0.0,0.0,0.0,0.0
1057,1529963869,626089402,199.0,164.0,0.0,0.0,0.0,0.0
1058,1529963869,636103502,197.0,169.0,0.0,0.0,0.0,0.0
1059,1529963869,646088571,197.0,169.0,0.0,0.0,0.0,0.0
1060,1529963869,656096907,196.0,174.0,0.0,0.0,0.0,0.0
1061,1529963869,666110709,196.0,174.0,0.0,0.0,0.0,0.0
1062,1529963869,676102799,195.0,178.0,0.0,0.0,0.0,0.0
1063,1529963869,686127012,195.0,178.0,0.0,0.0,0.0,0.0
1064,1529963869,696069738,194.0,184.0,0.0,0.0,0.0,0.0
1065,1529963869,706097641,194.0,184.0,0.0,0.0,0.0,0.0
1066,1529963869,716093479,193.0,190.0,0.0,0.0,0.0,0.0
1067,1529963869,726108776,193.0,190.0,0.0,0.0,0.0,0.0
1068,1529963869,736097059,192.0,192.0,0.0,0.0,0.0,0.0
1069,1529963869,746069308,192.0,192.0,0.0,0.0,0.0,0.0
1070,1529963869,756100718,192.0,192.0,0.0,0.0,0.0,0.0
1071,1529963869,766095591,192.0,192.0,0.0,0.0,0.0,0.0
1072,1529963869,776102467,192.0,192.0,0.0,0.0,0.0,0.0
1073,1529963869,786095080,192.0,192.0,0.0,0.0,0.0,0.0
1074,1529963869,796093397,191.0,191.0,0.0,0.0,0.0,0.0
1075,1529963869,806091593,191.0,191.0,0.0,0.0,0.0,0.0
1076,1529963869,816101460,190.0,190.0,0.0,0.0,0.0,0.0
1077,1529963869,826107799,190.0,190.0,0.0,0.0,0.0,0.0
1078,1529963869,836096209,190.0,190.0,0.0,0.0,0.0,0.0
1079,1529963869,846087264,190.0,190.0,0.0,0.0,0.0,0.0
1080,1529963869,856073199,189.0,189.0,0.0,0.0,0.0,0.0
1081,1529963869,866108141,189.0,189.0,0.0,0.0,0.0,0.0
1082,1529963869,876097024,189.0,189.0,0.0,0.0,0.0,0.0
1083,1529963869,886092139,189.0,189.0,0.0,0.0,0.0,0.0
1084,1529963869,896072446,189.0,189.0,0.0,0.0,0.0,0.0
1085,1529963869,906088468,189.0,189.0,0.0,0.0,0.0,0.0
1086,1529963869,916071275,189.0,189.0,0.0,0.0,0.0,0.0
1087,1529963869,926093878,189.0,189.0,0.0,0.0,0.0,0.0
1088,1529963869,936072289,189.0,189.0,0.0,0.0,0.0,0.0
1089,1529963869,946100904,189.0,189.0,0.0,0.0,0.0,0.0
1090,1529963869,956097079,189.0,189.0,0.0,0.0,0.0,0.0
1091,1529963869,966091949,189.0,189.0,0.0,0.0,0.0,0.0
1092,1529963869,976091994,189.0,189.0,0.0,0.0,0.0,0.0
1093,1529963869,986092598,189.0,189.0,0.0,0.0,0.0,0.0
1094,1529963869,996103404,189.0,189.0,0.0,0.0,0.0,0.0
1095,1529963870,6093245,189.0,189.0,0.0,0.0,0.0,0.0
1096,1529963870,16094731,189.0,189.0,0.0,0.0,0.0,0.0
1097,1529963870,26092136,189.0,189.0,0.0,0.0,0.0,0.0
1098,1529963870,36101709,188.0,188.0,0.0,0.0,0.0,0.0
1099,1529963870,46107693,188.0,188.0,0.0,0.0,0.0,0.0
1100,1529963870,56073866,188.0,188.0,0.0,0.0,0.0,0.0
1101,1529963870,66094746,188.0,188.0,0.0,0.0,0.0,0.0
1102,1529963870,76096973,188.0,188.0,0.0,0.0,0.0,0.0
1103,1529963870,86080433,188.0,188.0,0.0,0.0,0.0,0.0
1104,1529963870,96096790,188.0,188.0,0.0,0.0,0.0,0.0
1105,1529963870,106090193,188.0,188.0,0.0,0.0,0.0,0.0
1106,1529963870,116075327,188.0,188.0,0.0,0.0,0.0,0.0
1107,1529963870,126080664,188.0,188.0,0.0,0.0,0.0,0.0
1108,1529963870,136094559,188.0,188.0,0.0,0.0,0.0,0.0
1109,1529963870,146096526,188.0,188.0,0.0,0.0,0.0,0.0
1110,1529963870,156087127,188.0,188.0,0.0,0.0,0.0,0.0
1111,1529963870,166111574,188.0,188.0,0.0,0.0,0.0,0.0
1112,1529963870,176097056,188.0,188.0,0.0,0.0,0.0,0.0
1113,1529963870,186095002,188.0,188.0,0.0,0.0,0.0,0.0
1114,1529963870,196096130,189.0,189.0,0.0,0.0,0.0,0.0
1115,1529963870,206094576,189.0,189.0,0.0,0.0,0.0,0.0
1116,1529963870,216100812,189.0,189.0,0.0,0.0,0.0,0.0
1117,1529963870,226094878,189.0,189.0,0.0,0.0,0.0,0.0
1118,1529963870,236091254,189.0,189.0,0.0,0.0,0.0,0.0
1119,1529963870,246091586,189.0,189.0,0.0,0.0,0.0,0.0
1120,1529963870,256089576,189.0,189.0,0.0,0.0,0.0,0.0
1121,1529963870,266073812,189.0,189.0,0.0,0.0,0.0,0.0
1122,1529963870,276094440,189.0,189.0,0.0,0.0,0.0,0.0
1123,1529963870,286092695,189.0,189.0,0.0,0.0,0.0,0.0
1124,1529963870,296085834,189.0,189.0,0.0,0.0,0.0,0.0
1125,1529963870,306101568,189.0,189.0,0.0,0.0,0.0,0.0
1126,1529963870,316094997,189.0,189.0,0.0,0.0,0.0,0.0
1127,1529963870,326093143,189.0,189.0,0.0,0.0,0.0,0.0
1128,1529963870,336092648,189.0,189.0,0.0,0.0,0.0,0.0
1129,1529963870,346098284,189.0,189.0,0.0,0.0,0.0,0.0
1130,1529963870,356094104,189.0,189.0,0.0,0.0,0.0,0.0
1131,1529963870,366096011,189.0,189.0,0.0,0.0,0.0,0.0
1132,1529963870,376094553,189.0,189.0,0.0,0.0,0.0,0.0
1133,1529963870,386259871,189.0,189.0,0.0,0.0,0.0,0.0
1134,1529963870,396088393,189.0,189.0,0.0,0.0,0.0,0.0
1135,1529963870,406095850,190.0,190.0,0.0,0.0,0.0,0.0
1136,1529963870,416091711,190.0,190.0,0.0,0.0,0.0,0.0
1137,1529963870,426100952,190.0,190.0,0.0,0.0,0.0,0.0
1138,1529963870,436097516,190.0,190.0,0.0,0.0,0.0,0.0
1139,1529963870,446095306,190.0,190.0,0.0,0.0,0.0,0.0
1140,1529963870,456091411,190.0,190.0,0.0,0.0,0.0,0.0
1141,1529963870,466099467,190.0,190.0,0.0,0.0,0.0,0.0
1142,1529963870,476101024,190.0,190.0,0.0,0.0,0.0,0.0
1143,1529963870,486093692,190.0,190.0,0.0,0.0,0.0,0.0
1144,1529963870,496097336,191.0,191.0,0.0,0.0,0.0,0.0
1145,1529963870,506091565,191.0,191.0,0.0,0.0,0.0,0.0
1146,1529963870,516073864,192.0,192.0,0.0,0.0,0.0,0.0
1147,1529963870,526099555,192.0,192.0,0.0,0.0,0.0,0.0
1148,1529963870,536095917,192.0,192.0,0.0,0.0,0.0,0.0
1149,1529963870,546098377,193.0,193.0,0.0,0.0,0.0,0.0
1150,1529963870,556095854,198.0,198.0,0.0,0.0,0.0,0.0
1151,1529963870,566111545,198.0,198.0,0.0,0.0,0.0,0.0
1152,1529963870,576087692,201.0,201.0,0.0,0.0,0.0,0.0
1153,1529963870,586082661,201.0,201.0,0.0,0.0,0.0,0.0
1154,1529963870,596099475,202.0,202.0,0.0,0.0,0.0,0.0
1155,1529963870,606111701,202.0,202.0,0.0,0.0,0.0,0.0
1156,1529963870,616110107,203.0,203.0,0.0,0.0,0.0,0.0
1157,1529963870,626100180,203.0,203.0,0.0,0.0,0.0,0.0
1158,1529963870,636093431,203.0,203.0,0.0,0.0,0.0,0.0
1159,1529963870,646098900,203.0,203.0,0.0,0.0,0.0,0.0
1160,1529963870,656104881,203.0,203.0,0.0,0.0,0.0,0.0
1161,1529963870,666099767,203.0,203.0,0.0,0.0,0.0,0.0
1162,1529963870,676092947,203.0,203.0,0.0,0.0,0.0,0.0
1163,1529963870,686092287,203.0,203.0,0.0,0.0,0.0,0.0
1164,1529963870,696089430,204.0,204.0,0.0,0.0,0.0,0.0
1165,1529963870,706079159,204.0,204.0,0.0,0.0,0.0,0.0
1166,1529963870,716093916,204.0,204.0,0.0,0.0,0.0,0.0
1167,1529963870,726072281,204.0,204.0,0.0,0.0,0.0,0.0
1168,1529963870,736102246,204.0,204.0,0.0,0.0,0.0,0.0
1169,1529963870,746107286,204.0,204.0,0.0,0.0,0.0,0.0
1170,1529963870,756092308,204.0,204.0,0.0,0.0,0.0,0.0
1171,1529963870,766104107,204.0,204.0,0.0,0.0,0.0,0.0
1172,1529963870,776068773,204.0,204.0,0.0,0.0,0.0,0.0
1173,1529963870,786112465,204.0,204.0,0.0,0.0,0.0,0.0
1174,1529963870,796099714,204.0,204.0,0.0,0.0,0.0,0.0
1175,1529963870,806072364,204.0,204.0,0.0,0.0,0.0,0.0
1176,1529963870,816091908,204.0,204.0,0.0,0.0,0.0,0.0
1177,1529963870,826076299,204.0,204.0,0.0,0.0,0.0,0.0
1178,1529963870,836114537,204.0,204.0,0.0,0.0,0.0,0.0
1179,1529963870,846094280,204.0,204.0,0.0,0.0,0.0,0.0
1180,1529963870,856092771,204.0,204.0,0.0,0.0,0.0,0.0
1181,1529963870,866094374,204.0,204.0,0.0,0.0,0.0,0.0
1182,1529963870,876098868,204.0,204.0,0.0,0.0,0.0,0.0
1183,1529963870,886083487,204.0,204.0,0.0,0.0,0.0,0.0
1184,1529963870,896104201,204.0,204.0,0.0,0.0,0.0,0.0
1185,1529963870,906067487,204.0,204.0,0.0,0.0,0.0,0.0
1186,1529963870,916090805,203.0,203.0,0.0,0.0,0.0,0.0
1187,1529963870,926095031,203.0,203.0,0.0,0.0,0.0,0.0
1188,1529963870,936092044,201.0,201.0,0.0,0.0,0.0,0.0
1189,1529963870,946093693,201.0,201.0,0.0,0.0,0.0,0.0
1190,1529963870,956075059,200.0,200.0,0.0,0.0,0.0,0.0
1191,1529963870,966097537,200.0,200.0,0.0,0.0,0.0,0.0
1192,1529963870,976095252,198.0,198.0,0.0,0.0,0.0,0.0
1193,1529963870,986094543,198.0,198.0,0.0,0.0,0.0,0.0
1194,1529963870,996092554,194.0,194.0,0.0,0.0,0.0,0.0
1195,1529963871,6107127,194.0,194.0,0.0,0.0,0.0,0.0
1196,1529963871,16092165,190.0,190.0,0.0,0.0,0.0,0.0
1197,1529963871,26093669,190.0,190.0,0.0,0.0,0.0,0.0
1198,1529963871,36094027,186.0,186.0,0.0,0.0,0.0,0.0
1199,1529963871,46109480,186.0,186.0,0.0,0.0,0.0,0.0
1200,1529963871,56096981,185.0,185.0,0.0,0.0,0.0,0.0
1201,1529963871,66095582,185.0,185.0,0.0,0.0,0.0,0.0
1202,1529963871,76093929,183.0,183.0,0.0,0.0,0.0,0.0
1203,1529963871,86099966,183.0,183.0,0.0,0.0,0.0,0.0
1204,1529963871,96099679,182.0,182.0,0.0,0.0,0.0,0.0
1205,1529963871,106091439,182.0,182.0,0.0,0.0,0.0,0.0
1206,1529963871,116091419,180.0,180.0,0.0,0.0,0.0,0.0
1207,1529963871,126090903,180.0,180.0,0.0,0.0,0.0,0.0
1208,1529963871,136140224,179.0,179.0,0.0,0.0,0.0,0.0
1209,1529963871,146097880,179.0,179.0,0.0,0.0,0.0,0.0
1210,1529963871,156091406,179.0,179.0,0.0,0.0,0.0,0.0
1211,1529963871,166091746,179.0,179.0,0.0,0.0,0.0,0.0
1212,1529963871,176099576,178.0,178.0,0.0,0.0,0.0,0.0
1213,1529963871,186099623,178.0,178.0,0.0,0.0,0.0,0.0
1214,1529963871,196091752,178.0,178.0,0.0,0.0,0.0,0.0
1215,1529963871,206092526,178.0,178.0,0.0,0.0,0.0,0.0
1216,1529963871,216091036,178.0,178.0,0.0,0.0,0.0,0.0
1217,1529963871,226101680,178.0,178.0,0.0,0.0,0.0,0.0
1218,1529963871,236091783,178.0,178.0,0.0,0.0,0.0,0.0
1219,1529963871,246094002,177.0,177.0,0.0,0.0,0.0,0.0
1220,1529963871,256092877,177.0,177.0,0.0,0.0,0.0,0.0
1221,1529963871,266099895,177.0,177.0,0.0,0.0,0.0,0.0
1222,1529963871,276110278,177.0,177.0,0.0,0.0,0.0,0.0
1223,1529963871,286093531,177.0,177.0,0.0,0.0,0.0,0.0
1224,1529963871,296091782,177.0,177.0,0.0,0.0,0.0,0.0
1225,1529963871,306095166,177.0,177.0,0.0,0.0,0.0,0.0
1226,1529963871,316097749,177.0,177.0,0.0,0.0,0.0,0.0
1227,1529963871,326102844,177.0,177.0,0.0,0.0,0.0,0.0
1228,1529963871,336090699,177.0,177.0,0.0,0.0,0.0,0.0
1229,1529963871,346097531,177.0,177.0,0.0,0.0,0.0,0.0
1230,1529963871,356138031,177.0,177.0,0.0,0.0,0.0,0.0
1231,1529963871,366105153,177.0,177.0,0.0,0.0,0.0,0.0
1232,1529963871,376100228,177.0,177.0,0.0,0.0,0.0,0.0
1233,1529963871,386110806,177.0,177.0,0.0,0.0,0.0,0.0
1234,1529963871,396099294,177.0,177.0,0.0,0.0,0.0,0.0
1235,1529963871,406103938,177.0,177.0,0.0,0.0,0.0,0.0
1236,1529963871,416096116,177.0,177.0,0.0,0.0,0.0,0.0
1237,1529963871,426103705,177.0,177.0,0.0,0.0,0.0,0.0
1238,1529963871,436113195,177.0,177.0,0.0,0.0,0.0,0.0
1239,1529963871,446083392,177.0,177.0,0.0,0.0,0.0,0.0
1240,1529963871,456092411,177.0,177.0,0.0,0.0,0.0,0.0
1241,1529963871,466092766,177.0,177.0,0.0,0.0,0.0,0.0
1242,1529963871,476090439,177.0,177.0,0.0,0.0,0.0,0.0
1243,1529963871,486097734,177.0,177.0,0.0,0.0,0.0,0.0
1244,1529963871,496115013,177.0,177.0,0.0,0.0,0.0,0.0
1245,1529963871,506107659,177.0,177.0,0.0,0.0,0.0,0.0
1246,1529963871,516113941,177.0,177.0,0.0,0.0,0.0,0.0
1247,1529963871,526096081,177.0,177.0,0.0,0.0,0.0,0.0
1248,1529963871,536111133,177.0,177.0,0.0,0.0,0.0,0.0
1249,1529963871,546112606,177.0,177.0,0.0,0.0,0.0,0.0
1250,1529963871,556103363,177.0,177.0,0.0,0.0,0.0,0.0
1251,1529963871,566113995,177.0,177.0,0.0,0.0,0.0,0.0
1252,1529963871,576095764,177.0,177.0,0.0,0.0,0.0,0.0
1253,1529963871,586121508,177.0,177.0,0.0,0.0,0.0,0.0
1254,1529963871,596106495,177.0,177.0,0.0,0.0,0.0,0.0
1255,1529963871,606122037,177.0,177.0,0.0,0.0,0.0,0.0
1256,1529963871,616108837,177.0,177.0,0.0,0.0,0.0,0.0
1257,1529963871,626184536,177.0,177.0,0.0,0.0,0.0,0.0
1258,1529963871,636104029,177.0,177.0,0.0,0.0,0.0,0.0
1259,1529963871,646104739,177.0,177.0,0.0,0.0,0.0,0.0
1260,1529963871,656113291,177.0,177.0,0.0,0.0,0.0,0.0
1261,1529963871,666109585,177.0,177.0,0.0,0.0,0.0,0.0
1262,1529963871,676102389,177.0,177.0,0.0,0.0,0.0,0.0
1263,1529963871,686108595,177.0,177.0,0.0,0.0,0.0,0.0
1264,1529963871,696099158,177.0,177.0,0.0,0.0,0.0,0.0
1265,1529963871,706107965,177.0,177.0,0.0,0.0,0.0,0.0
1266,1529963871,716112169,177.0,177.0,0.0,0.0,0.0,0.0
1267,1529963871,726105697,177.0,177.0,0.0,0.0,0.0,0.0
1268,1529963871,736103682,177.0,177.0,0.0,0.0,0.0,0.0
1269,1529963871,746097552,177.0,177.0,0.0,0.0,0.0,0.0
1270,1529963871,756115411,177.0,177.0,0.0,0.0,0.0,0.0
1271,1529963871,766096808,177.0,177.0,0.0,0.0,0.0,0.0
1272,1529963871,776094619,177.0,177.0,0.0,0.0,0.0,0.0
1273,1529963871,786092379,177.0,177.0,0.0,0.0,0.0,0.0
1274,1529963871,796095590,177.0,177.0,0.0,0.0,0.0,0.0
1275,1529963871,806095479,177.0,177.0,0.0,0.0,0.0,0.0
1276,1529963871,816091932,177.0,177.0,0.0,0.0,0.0,0.0
1277,1529963871,826098074,177.0,177.0,0.0,0.0,0.0,0.0
1278,1529963871,836097286,177.0,177.0,0.0,0.0,0.0,0.0
1279,1529963871,846106720,177.0,177.0,0.0,0.0,0.0,0.0
1280,1529963871,856092338,177.0,177.0,0.0,0.0,0.0,0.0
1281,1529963871,866093126,177.0,177.0,0.0,0.0,0.0,0.0
1282,1529963871,876091551,177.0,177.0,0.0,0.0,0.0,0.0
1283,1529963871,886101001,177.0,177.0,0.0,0.0,0.0,0.0
1284,1529963871,896832758,177.0,177.0,0.0,0.0,0.0,0.0
1285,1529963871,906093891,177.0,177.0,0.0,0.0,0.0,0.0
1286,1529963871,916108381,177.0,177.0,0.0,0.0,0.0,0.0
1287,1529963871,926094761,177.0,177.0,0.0,0.0,0.0,0.0
1288,1529963871,936099923,177.0,177.0,0.0,0.0,0.0,0.0
1289,1529963871,946093493,177.0,177.0,0.0,0.0,0.0,0.0
1290,1529963871,956090158,177.0,177.0,0.0,0.0,0.0,0.0
1291,1529963871,966093376,177.0,177.0,0.0,0.0,0.0,0.0
1292,1529963871,976098545,177.0,177.0,0.0,0.0,0.0,0.0
1293,1529963871,986095228,177.0,177.0,0.0,0.0,0.0,0.0
1294,1529963871,996092928,177.0,177.0,0.0,0.0,0.0,0.0
1295,1529963872,6091772,177.0,177.0,0.0,0.0,0.0,0.0
1296,1529963872,16094387,177.0,177.0,0.0,0.0,0.0,0.0
1297,1529963872,26097842,177.0,177.0,0.0,0.0,0.0,0.0
1298,1529963872,36093688,177.0,177.0,0.0,0.0,0.0,0.0
1299,1529963872,46114615,177.0,177.0,0.0,0.0,0.0,0.0
1300,1529963872,56096445,177.0,177.0,0.0,0.0,0.0,0.0
1301,1529963872,66111933,177.0,177.0,0.0,0.0,0.0,0.0
1302,1529963872,76109541,177.0,177.0,0.0,0.0,0.0,0.0
1303,1529963872,86092065,177.0,177.0,0.0,0.0,0.0,0.0
1304,1529963872,96093028,176.0,176.0,0.0,0.0,0.0,0.0
1305,1529963872,106108576,176.0,176.0,0.0,0.0,0.0,0.0
1306,1529963872,116099675,176.0,176.0,0.0,0.0,0.0,0.0
1307,1529963872,126093265,176.0,176.0,0.0,0.0,0.0,0.0
1308,1529963872,136091237,176.0,176.0,0.0,0.0,0.0,0.0
1309,1529963872,146057809,176.0,176.0,0.0,0.0,0.0,0.0
1310,1529963872,156105617,176.0,176.0,0.0,0.0,0.0,0.0
1311,1529963872,166092363,176.0,176.0,0.0,0.0,0.0,0.0
1312,1529963872,176090706,176.0,176.0,0.0,0.0,0.0,0.0
1313,1529963872,186100826,176.0,176.0,0.0,0.0,0.0,0.0
1314,1529963872,196109279,176.0,176.0,0.0,0.0,0.0,0.0
1315,1529963872,206102585,176.0,176.0,0.0,0.0,0.0,0.0
1316,1529963872,216091967,176.0,176.0,0.0,0.0,0.0,0.0
1317,1529963872,226092402,176.0,176.0,0.0,0.0,0.0,0.0
1318,1529963872,236094529,176.0,176.0,0.0,0.0,0.0,0.0
1319,1529963872,246101094,176.0,176.0,0.0,0.0,0.0,0.0
1320,1529963872,256111017,176.0,176.0,0.0,0.0,0.0,0.0
1321,1529963872,266102286,176.0,176.0,0.0,0.0,0.0,0.0
1322,1529963872,276100226,176.0,176.0,0.0,0.0,0.0,0.0
1323,1529963872,286105430,176.0,176.0,0.0,0.0,0.0,0.0
1324,1529963872,296113516,176.0,176.0,0.0,0.0,0.0,0.0
1325,1529963872,306097935,176.0,176.0,0.0,0.0,0.0,0.0
1326,1529963872,316122292,176.0,176.0,0.0,0.0,0.0,0.0
1327,1529963872,326099505,176.0,176.0,0.0,0.0,0.0,0.0
1328,1529963872,336110176,176.0,176.0,0.0,0.0,0.0,0.0
1329,1529963872,346118440,176.0,176.0,0.0,0.0,0.0,0.0
1330,1529963872,356099460,176.0,176.0,0.0,0.0,0.0,0.0
1331,1529963872,366109690,176.0,176.0,0.0,0.0,0.0,0.0
1332,1529963872,376099752,176.0,176.0,0.0,0.0,0.0,0.0
1333,1529963872,386104358,176.0,176.0,0.0,0.0,0.0,0.0
1334,1529963872,396102889,176.0,176.0,0.0,0.0,0.0,0.0
1335,1529963872,406102303,176.0,176.0,0.0,0.0,0.0,0.0
1336,1529963872,416112028,176.0,176.0,0.0,0.0,0.0,0.0
1337,1529963872,426103837,176.0,176.0,0.0,0.0,0.0,0.0
1338,1529963872,436099365,176.0,176.0,0.0,0.0,0.0,0.0
1339,1529963872,446063556,176.0,176.0,0.0,0.0,0.0,0.0
1340,1529963872,456103750,176.0,176.0,0.0,0.0,0.0,0.0
1341,1529963872,466120559,176.0,176.0,0.0,0.0,0.0,0.0
1342,1529963872,476100558,176.0,176.0,0.0,0.0,0.0,0.0
1343,1529963872,486093067,176.0,176.0,0.0,0.0,0.0,0.0
1344,1529963872,496107641,176.0,176.0,0.0,0.0,0.0,0.0
1345,1529963872,506100013,176.0,176.0,0.0,0.0,0.0,0.0
1346,1529963872,516094427,176.0,176.0,0.0,0.0,0.0,0.0
1347,1529963872,526097751,176.0,176.0,0.0,0.0,0.0,0.0
1348,1529963872,536091466,176.0,176.0,0.0,0.0,0.0,0.0
1349,1529963872,546103569,176.0,176.0,0.0,0.0,0.0,0.0
1350,1529963872,556100272,176.0,176.0,0.0,0.0,0.0,0.0
1351,1529963872,566094356,176.0,176.0,0.0,0.0,0.0,0.0
1352,1529963872,576090415,176.0,176.0,0.0,0.0,0.0,0.0
1353,1529963872,586094897,176.0,176.0,0.0,0.0,0.0,0.0
1354,1529963872,596099006,176.0,176.0,0.0,0.0,0.0,0.0
1355,1529963872,606099656,176.0,176.0,0.0,0.0,0.0,0.0
1356,1529963872,616094242,176.0,176.0,0.0,0.0,0.0,0.0
1357,1529963872,626093579,176.0,176.0,0.0,0.0,0.0,0.0
1358,1529963872,636110184,176.0,176.0,0.0,0.0,0.0,0.0
1359,1529963872,646095902,176.0,176.0,0.0,0.0,0.0,0.0
1360,1529963872,656104141,176.0,176.0,0.0,0.0,0.0,0.0
1361,1529963872,666108071,176.0,176.0,0.0,0.0,0.0,0.0
1362,1529963872,676099812,176.0,176.0,0.0,0.0,0.0,0.0
1363,1529963872,686094330,176.0,176.0,0.0,0.0,0.0,0.0
1364,1529963872,696093158,176.0,176.0,0.0,0.0,0.0,0.0
1365,1529963872,706093687,176.0,176.0,0.0,0.0,0.0,0.0
1366,1529963872,716091983,176.0,176.0,0.0,0.0,0.0,0.0
1367,1529963872,726095751,176.0,176.0,0.0,0.0,0.0,0.0
1368,1529963872,736091920,176.0,176.0,0.0,0.0,0.0,0.0
1369,1529963872,746094544,176.0,176.0,0.0,0.0,0.0,0.0
1370,1529963872,756101572,176.0,176.0,0.0,0.0,0.0,0.0
1371,1529963872,766116884,176.0,176.0,0.0,0.0,0.0,0.0
1372,1529963872,776109882,176.0,176.0,0.0,0.0,0.0,0.0
1373,1529963872,786095774,176.0,176.0,0.0,0.0,0.0,0.0
1374,1529963872,796098690,176.0,176.0,0.0,0.0,0.0,0.0
1375,1529963872,806110312,176.0,176.0,0.0,0.0,0.0,0.0
1376,1529963872,816100836,176.0,176.0,0.0,0.0,0.0,0.0
1377,1529963872,826116724,176.0,176.0,0.0,0.0,0.0,0.0
1378,1529963872,836101792,176.0,176.0,0.0,0.0,0.0,0.0
1379,1529963872,846108731,176.0,176.0,0.0,0.0,0.0,0.0
1380,1529963872,856099150,176.0,176.0,0.0,0.0,0.0,0.0
1381,1529963872,866093269,176.0,176.0,0.0,0.0,0.0,0.0
1382,1529963872,876093143,176.0,176.0,0.0,0.0,0.0,0.0
1383,1529963872,886096200,176.0,176.0,0.0,0.0,0.0,0.0
1384,1529963872,896102804,176.0,176.0,0.0,0.0,0.0,0.0
1385,1529963872,906097554,176.0,176.0,0.0,0.0,0.0,0.0
1386,1529963872,916093006,176.0,176.0,0.0,0.0,0.0,0.0
1387,1529963872,926090422,176.0,176.0,0.0,0.0,0.0,0.0
1388,1529963872,936091772,176.0,176.0,0.0,0.0,0.0,0.0
1389,1529963872,946095877,176.0,176.0,0.0,0.0,0.0,0.0
1390,1529963872,956091527,176.0,176.0,0.0,0.0,0.0,0.0
1391,1529963872,966096909,176.0,176.0,0.0,0.0,0.0,0.0
1392,1529963872,976093141,176.0,176.0,0.0,0.0,0.0,0.0
1393,1529963872,986096965,176.0,176.0,0.0,0.0,0.0,0.0
1394,1529963872,996093861,176.0,176.0,0.0,0.0,0.0,0.0
1395,1529963873,6084238,176.0,176.0,0.0,0.0,0.0,0.0
1396,1529963873,16100093,176.0,176.0,0.0,0.0,0.0,0.0
1397,1529963873,26111138,176.0,176.0,0.0,0.0,0.0,0.0
1398,1529963873,36116506,176.0,176.0,0.0,0.0,0.0,0.0
1399,1529963873,46102493,176.0,176.0,0.0,0.0,0.0,0.0
1400,1529963873,56113399,176.0,176.0,0.0,0.0,0.0,0.0
1401,1529963873,66108766,176.0,176.0,0.0,0.0,0.0,0.0
1402,1529963873,76103007,176.0,176.0,0.0,0.0,0.0,0.0
1403,1529963873,86104993,176.0,176.0,0.0,0.0,0.0,0.0
1404,1529963873,96100305,176.0,176.0,0.0,0.0,0.0,0.0
1405,1529963873,106101982,176.0,176.0,0.0,0.0,0.0,0.0
1406,1529963873,116120283,176.0,176.0,0.0,0.0,0.0,0.0
1407,1529963873,126098967,176.0,176.0,0.0,0.0,0.0,0.0
1408,1529963873,136090945,176.0,176.0,0.0,0.0,0.0,0.0
1409,1529963873,146093171,176.0,176.0,0.0,0.0,0.0,0.0
1410,1529963873,156099796,176.0,176.0,0.0,0.0,0.0,0.0
1411,1529963873,166096123,176.0,176.0,0.0,0.0,0.0,0.0
1412,1529963873,176093429,176.0,176.0,0.0,0.0,0.0,0.0
1413,1529963873,186091760,176.0,176.0,0.0,0.0,0.0,0.0
1414,1529963873,196093872,176.0,176.0,0.0,0.0,0.0,0.0
1415,1529963873,206100821,176.0,176.0,0.0,0.0,0.0,0.0
1416,1529963873,216092658,176.0,176.0,0.0,0.0,0.0,0.0
1417,1529963873,226092713,176.0,176.0,0.0,0.0,0.0,0.0
1418,1529963873,236093649,176.0,176.0,0.0,0.0,0.0,0.0
1419,1529963873,246100630,176.0,176.0,0.0,0.0,0.0,0.0
1420,1529963873,256098066,176.0,176.0,0.0,0.0,0.0,0.0
1421,1529963873,266104050,176.0,176.0,0.0,0.0,0.0,0.0
1422,1529963873,276093267,176.0,176.0,0.0,0.0,0.0,0.0
1423,1529963873,286097066,176.0,176.0,0.0,0.0,0.0,0.0
1424,1529963873,296114346,176.0,176.0,0.0,0.0,0.0,0.0
1425,1529963873,306111231,176.0,176.0,0.0,0.0,0.0,0.0
1426,1529963873,316096343,176.0,176.0,0.0,0.0,0.0,0.0
1427,1529963873,326095037,176.0,176.0,0.0,0.0,0.0,0.0
1428,1529963873,336119187,176.0,176.0,0.0,0.0,0.0,0.0
1429,1529963873,346100129,176.0,176.0,0.0,0.0,0.0,0.0
1430,1529963873,356113367,176.0,176.0,0.0,0.0,0.0,0.0
1431,1529963873,366098275,176.0,176.0,0.0,0.0,0.0,0.0
1432,1529963873,376104221,176.0,176.0,0.0,0.0,0.0,0.0
1433,1529963873,386097617,176.0,176.0,0.0,0.0,0.0,0.0
1434,1529963873,396091137,176.0,176.0,0.0,0.0,0.0,0.0
1435,1529963873,406095043,176.0,176.0,0.0,0.0,0.0,0.0
1436,1529963873,416092576,176.0,176.0,0.0,0.0,0.0,0.0
1437,1529963873,426104637,176.0,176.0,0.0,0.0,0.0,0.0
1438,1529963873,436093063,176.0,176.0,0.0,0.0,0.0,0.0
1439,1529963873,446091501,176.0,176.0,0.0,0.0,0.0,0.0
1440,1529963873,456092615,176.0,176.0,0.0,0.0,0.0,0.0
1441,1529963873,466104096,176.0,176.0,0.0,0.0,0.0,0.0
1442,1529963873,476096436,176.0,176.0,0.0,0.0,0.0,0.0
1443,1529963873,486090165,176.0,176.0,0.0,0.0,0.0,0.0
1444,1529963873,496088910,176.0,176.0,0.0,0.0,0.0,0.0
1445,1529963873,506094957,176.0,176.0,0.0,0.0,0.0,0.0
1446,1529963873,516093718,176.0,176.0,0.0,0.0,0.0,0.0
1447,1529963873,526092610,176.0,176.0,0.0,0.0,0.0,0.0
1448,1529963873,536091154,176.0,176.0,0.0,0.0,0.0,0.0
1449,1529963873,546102414,176.0,176.0,0.0,0.0,0.0,0.0
1450,1529963873,556108768,176.0,176.0,0.0,0.0,0.0,0.0
1451,1529963873,566112042,176.0,176.0,0.0,0.0,0.0,0.0
1452,1529963873,576096902,176.0,176.0,0.0,0.0,0.0,0.0
1453,1529963873,586104252,176.0,176.0,0.0,0.0,0.0,0.0
1454,1529963873,596221409,176.0,176.0,0.0,0.0,0.0,0.0
1455,1529963873,606104785,176.0,176.0,0.0,0.0,0.0,0.0
1456,1529963873,616096495,176.0,176.0,0.0,0.0,0.0,0.0
1457,1529963873,626112745,176.0,176.0,0.0,0.0,0.0,0.0
1458,1529963873,636107275,176.0,176.0,0.0,0.0,0.0,0.0
1459,1529963873,646118928,176.0,176.0,0.0,0.0,0.0,0.0
1460,1529963873,656104959,176.0,176.0,0.0,0.0,0.0,0.0
1461,1529963873,666099942,176.0,176.0,0.0,0.0,0.0,0.0
1462,1529963873,676106566,176.0,176.0,0.0,0.0,0.0,0.0
1463,1529963873,686107302,176.0,176.0,0.0,0.0,0.0,0.0
1464,1529963873,696102203,176.0,176.0,0.0,0.0,0.0,0.0
1465,1529963873,706099770,176.0,176.0,0.0,0.0,0.0,0.0
1466,1529963873,716110717,176.0,176.0,0.0,0.0,0.0,0.0
1467,1529963873,726112591,176.0,176.0,0.0,0.0,0.0,0.0
1468,1529963873,736121828,177.0,177.0,0.0,0.0,0.0,0.0
1469,1529963873,746112894,177.0,177.0,0.0,0.0,0.0,0.0
1470,1529963873,756103889,181.0,181.0,0.0,0.0,0.0,0.0
1471,1529963873,766094806,181.0,181.0,0.0,0.0,0.0,0.0
1472,1529963873,776100202,185.0,185.0,0.0,0.0,0.0,0.0
1473,1529963873,786092622,185.0,185.0,0.0,0.0,0.0,0.0
1474,1529963873,796095129,190.0,190.0,0.0,0.0,0.0,0.0
1475,1529963873,806082776,190.0,190.0,0.0,0.0,0.0,0.0
1476,1529963873,816165223,191.0,191.0,0.0,0.0,0.0,0.0
1477,1529963873,826094799,191.0,191.0,0.0,0.0,0.0,0.0
1478,1529963873,836095708,192.0,192.0,0.0,0.0,0.0,0.0
1479,1529963873,846094833,192.0,192.0,0.0,0.0,0.0,0.0
1480,1529963873,856066553,193.0,193.0,0.0,0.0,0.0,0.0
1481,1529963873,866098723,193.0,193.0,0.0,0.0,0.0,0.0
1482,1529963873,876093007,193.0,193.0,0.0,0.0,0.0,0.0
1483,1529963873,886092152,193.0,193.0,0.0,0.0,0.0,0.0
1484,1529963873,896096719,194.0,194.0,0.0,0.0,0.0,0.0
1485,1529963873,906121419,194.0,194.0,0.0,0.0,0.0,0.0
1486,1529963873,916104915,194.0,194.0,0.0,0.0,0.0,0.0
1487,1529963873,926113867,194.0,194.0,0.0,0.0,0.0,0.0
1488,1529963873,936098781,194.0,194.0,0.0,0.0,0.0,0.0
1489,1529963873,946107606,194.0,194.0,0.0,0.0,0.0,0.0
1490,1529963873,956098943,194.0,194.0,0.0,0.0,0.0,0.0
1491,1529963873,966094704,194.0,194.0,0.0,0.0,0.0,0.0
1492,1529963873,976093164,194.0,194.0,0.0,0.0,0.0,0.0
1493,1529963873,986099388,194.0,194.0,0.0,0.0,0.0,0.0
1494,1529963873,996098871,194.0,194.0,0.0,0.0,0.0,0.0
1495,1529963874,6093920,194.0,194.0,0.0,0.0,0.0,0.0
1496,1529963874,16094393,194.0,194.0,0.0,0.0,0.0,0.0
1497,1529963874,26093932,194.0,194.0,0.0,0.0,0.0,0.0
1498,1529963874,36103022,194.0,194.0,0.0,0.0,0.0,0.0
1499,1529963874,46093553,194.0,194.0,0.0,0.0,0.0,0.0
1500,1529963874,56094177,194.0,194.0,0.0,0.0,0.0,0.0
1501,1529963874,66096798,194.0,194.0,0.0,0.0,0.0,0.0
1502,1529963874,76106697,194.0,194.0,0.0,0.0,0.0,0.0
1503,1529963874,86101897,194.0,194.0,0.0,0.0,0.0,0.0
1504,1529963874,96095809,194.0,194.0,0.0,0.0,0.0,0.0
1505,1529963874,106099143,194.0,194.0,0.0,0.0,0.0,0.0
1506,1529963874,116102384,194.0,194.0,0.0,0.0,0.0,0.0
1507,1529963874,126103251,194.0,194.0,0.0,0.0,0.0,0.0
1508,1529963874,136093187,195.0,195.0,0.0,0.0,0.0,0.0
1509,1529963874,146102678,195.0,195.0,0.0,0.0,0.0,0.0
1510,1529963874,156099619,195.0,195.0,0.0,0.0,0.0,0.0
1511,1529963874,166113640,195.0,195.0,0.0,0.0,0.0,0.0
1512,1529963874,176152456,195.0,195.0,0.0,0.0,0.0,0.0
1513,1529963874,186097241,195.0,195.0,0.0,0.0,0.0,0.0
1514,1529963874,196097313,195.0,195.0,0.0,0.0,0.0,0.0
1515,1529963874,206106063,195.0,195.0,0.0,0.0,0.0,0.0
1516,1529963874,216099411,195.0,195.0,0.0,0.0,0.0,0.0
1517,1529963874,226095419,195.0,195.0,0.0,0.0,0.0,0.0
1518,1529963874,236102989,196.0,196.0,0.0,0.0,0.0,0.0
1519,1529963874,246092633,196.0,196.0,0.0,0.0,0.0,0.0
1520,1529963874,256114218,196.0,196.0,0.0,0.0,0.0,0.0
1521,1529963874,266097584,196.0,196.0,0.0,0.0,0.0,0.0
1522,1529963874,276097350,196.0,196.0,0.0,0.0,0.0,0.0
1523,1529963874,286094627,196.0,196.0,0.0,0.0,0.0,0.0
1524,1529963874,296098982,196.0,196.0,0.0,0.0,0.0,0.0
1525,1529963874,306092223,196.0,196.0,0.0,0.0,0.0,0.0
1526,1529963874,316097578,196.0,196.0,0.0,0.0,0.0,0.0
1527,1529963874,326092350,196.0,196.0,0.0,0.0,0.0,0.0
1528,1529963874,336091820,196.0,196.0,0.0,0.0,0.0,0.0
1529,1529963874,346098022,196.0,196.0,0.0,0.0,0.0,0.0
1530,1529963874,356095391,196.0,196.0,0.0,0.0,0.0,0.0
1531,1529963874,366094009,196.0,196.0,0.0,0.0,0.0,0.0
1532,1529963874,376096085,196.0,196.0,0.0,0.0,0.0,0.0
1533,1529963874,386100490,196.0,196.0,0.0,0.0,0.0,0.0
1534,1529963874,396098274,196.0,196.0,0.0,0.0,0.0,0.0
1535,1529963874,406098893,196.0,196.0,0.0,0.0,0.0,0.0
1536,1529963874,416094212,196.0,196.0,0.0,0.0,0.0,0.0
1537,1529963874,426098412,196.0,196.0,0.0,0.0,0.0,0.0
1538,1529963874,436094713,196.0,196.0,0.0,0.0,0.0,0.0
1539,1529963874,446093809,196.0,196.0,0.0,0.0,0.0,0.0
1540,1529963874,456095415,196.0,196.0,0.0,0.0,0.0,0.0
1541,1529963874,466093470,196.0,196.0,0.0,0.0,0.0,0.0
1542,1529963874,476100656,196.0,196.0,0.0,0.0,0.0,0.0
1543,1529963874,486094918,196.0,196.0,0.0,0.0,0.0,0.0
1544,1529963874,496097120,196.0,196.0,0.0,0.0,0.0,0.0
1545,1529963874,506092205,196.0,196.0,0.0,0.0,0.0,0.0
1546,1529963874,516100691,196.0,196.0,0.0,0.0,0.0,0.0
1547,1529963874,526112337,196.0,196.0,0.0,0.0,0.0,0.0
1548,1529963874,536097848,196.0,196.0,0.0,0.0,0.0,0.0
1549,1529963874,546099765,196.0,196.0,0.0,0.0,0.0,0.0
1550,1529963874,556096641,196.0,196.0,0.0,0.0,0.0,0.0
1551,1529963874,566099155,196.0,196.0,0.0,0.0,0.0,0.0
1552,1529963874,576094696,196.0,196.0,0.0,0.0,0.0,0.0
1553,1529963874,586103179,196.0,196.0,0.0,0.0,0.0,0.0
1554,1529963874,596093355,196.0,196.0,0.0,0.0,0.0,0.0
1555,1529963874,606097267,196.0,196.0,0.0,0.0,0.0,0.0
1556,1529963874,616093726,197.0,197.0,0.0,0.0,0.0,0.0
1557,1529963874,626095152,197.0,197.0,0.0,0.0,0.0,0.0
1558,1529963874,636090915,198.0,198.0,0.0,0.0,0.0,0.0
1559,1529963874,646099638,198.0,198.0,0.0,0.0,0.0,0.0
1560,1529963874,656093534,199.0,199.0,0.0,0.0,0.0,0.0
1561,1529963874,666095634,199.0,199.0,0.0,0.0,0.0,0.0
1562,1529963874,676093200,200.0,200.0,0.0,0.0,0.0,0.0
1563,1529963874,686097651,200.0,200.0,0.0,0.0,0.0,0.0
1564,1529963874,696110853,201.0,201.0,0.0,0.0,0.0,0.0
1565,1529963874,706092479,201.0,201.0,0.0,0.0,0.0,0.0
1566,1529963874,716092627,202.0,202.0,0.0,0.0,0.0,0.0
1567,1529963874,726092628,202.0,202.0,0.0,0.0,0.0,0.0
1568,1529963874,736104350,204.0,204.0,0.0,0.0,0.0,0.0
1569,1529963874,746096910,204.0,204.0,0.0,0.0,0.0,0.0
1570,1529963874,756093480,205.0,205.0,0.0,0.0,0.0,0.0
1571,1529963874,766099483,205.0,205.0,0.0,0.0,0.0,0.0
1572,1529963874,776102901,207.0,207.0,0.0,0.0,0.0,0.0
1573,1529963874,786097482,207.0,207.0,0.0,0.0,0.0,0.0
1574,1529963874,796094241,207.0,207.0,0.0,0.0,0.0,0.0
1575,1529963874,806091018,207.0,207.0,0.0,0.0,0.0,0.0
1576,1529963874,816093804,207.0,207.0,0.0,0.0,0.0,0.0
1577,1529963874,826113543,207.0,207.0,0.0,0.0,0.0,0.0
1578,1529963874,836096184,207.0,207.0,0.0,0.0,0.0,0.0
1579,1529963874,846187630,207.0,207.0,0.0,0.0,0.0,0.0
1580,1529963874,856093832,208.0,208.0,0.0,0.0,0.0,0.0
1581,1529963874,866102834,208.0,208.0,0.0,0.0,0.0,0.0
1582,1529963874,876095375,208.0,208.0,0.0,0.0,0.0,0.0
1583,1529963874,886095576,208.0,208.0,0.0,0.0,0.0,0.0
1584,1529963874,896099257,208.0,208.0,0.0,0.0,0.0,0.0
1585,1529963874,906094443,208.0,208.0,0.0,0.0,0.0,0.0
1586,1529963874,916105860,208.0,208.0,0.0,0.0,0.0,0.0
1587,1529963874,926096668,208.0,208.0,0.0,0.0,0.0,0.0
1588,1529963874,936098320,208.0,208.0,0.0,0.0,0.0,0.0
1589,1529963874,946101164,208.0,208.0,0.0,0.0,0.0,0.0
1590,1529963874,956098923,208.0,208.0,0.0,0.0,0.0,0.0
1591,1529963874,966104484,208.0,208.0,0.0,0.0,0.0,0.0
1592,1529963874,976092744,208.0,208.0,0.0,0.0,0.0,0.0
1593,1529963874,986092115,208.0,208.0,0.0,0.0,0.0,0.0
1594,1529963874,996101038,208.0,208.0,0.0,0.0,0.0,0.0
1595,1529963875,6094915,208.0,208.0,0.0,0.0,0.0,0.0
1596,1529963875,16090580,208.0,208.0,0.0,0.0,0.0,0.0
1597,1529963875,26095903,208.0,208.0,0.0,0.0,0.0,0.0
1598,1529963875,36098362,208.0,208.0,0.0,0.0,0.0,0.0
1599,1529963875,46100021,208.0,208.0,0.0,0.0,0.0,0.0
1600,1529963875,56091886,208.0,208.0,0.0,0.0,0.0,0.0
1601,1529963875,66093697,208.0,208.0,0.0,0.0,0.0,0.0
1602,1529963875,76097236,208.0,208.0,0.0,0.0,0.0,0.0
1603,1529963875,86105002,208.0,208.0,0.0,0.0,0.0,0.0
1604,1529963875,96095339,208.0,208.0,0.0,0.0,0.0,0.0
1605,1529963875,106093867,208.0,208.0,0.0,0.0,0.0,0.0
1606,1529963875,116093265,208.0,208.0,0.0,0.0,0.0,0.0
1607,1529963875,126095781,208.0,208.0,0.0,0.0,0.0,0.0
1608,1529963875,138176342,208.0,208.0,0.0,0.0,0.0,0.0
1609,1529963875,146095180,208.0,208.0,0.0,0.0,0.0,0.0
1610,1529963875,156090956,208.0,208.0,0.0,0.0,0.0,0.0
1611,1529963875,166095426,208.0,208.0,0.0,0.0,0.0,0.0
1612,1529963875,176102017,208.0,208.0,0.0,0.0,0.0,0.0
1613,1529963875,186104244,208.0,208.0,0.0,0.0,0.0,0.0
1614,1529963875,196092619,208.0,208.0,0.0,0.0,0.0,0.0
1615,1529963875,206093579,208.0,208.0,0.0,0.0,0.0,0.0
1616,1529963875,216105287,208.0,208.0,0.0,0.0,0.0,0.0
1617,1529963875,226098900,208.0,208.0,0.0,0.0,0.0,0.0
1618,1529963875,236101259,208.0,208.0,0.0,0.0,0.0,0.0
1619,1529963875,246093083,208.0,208.0,0.0,0.0,0.0,0.0
1620,1529963875,256091057,208.0,208.0,0.0,0.0,0.0,0.0
1621,1529963875,266113274,208.0,208.0,0.0,0.0,0.0,0.0
1622,1529963875,276099565,208.0,208.0,0.0,0.0,0.0,0.0
1623,1529963875,286092565,208.0,208.0,0.0,0.0,0.0,0.0
1624,1529963875,296096700,208.0,208.0,0.0,0.0,0.0,0.0
1625,1529963875,306114595,208.0,208.0,0.0,0.0,0.0,0.0
1626,1529963875,316095641,208.0,208.0,0.0,0.0,0.0,0.0
1627,1529963875,326096114,208.0,208.0,0.0,0.0,0.0,0.0
1628,1529963875,336096626,208.0,208.0,0.0,0.0,0.0,0.0
1629,1529963875,346093970,208.0,208.0,0.0,0.0,0.0,0.0
1630,1529963875,356102260,204.0,204.0,0.0,0.0,0.0,0.0
1631,1529963875,366095478,204.0,204.0,0.0,0.0,0.0,0.0
1632,1529963875,376212773,200.0,200.0,0.0,0.0,0.0,0.0
1633,1529963875,386090512,200.0,200.0,0.0,0.0,0.0,0.0
1634,1529963875,396112644,196.0,196.0,0.0,0.0,0.0,0.0
1635,1529963875,406097404,196.0,196.0,0.0,0.0,0.0,0.0
1636,1529963875,416093466,190.0,190.0,0.0,0.0,0.0,0.0
1637,1529963875,426088590,190.0,190.0,0.0,0.0,0.0,0.0
1638,1529963875,436120547,186.0,186.0,0.0,0.0,0.0,0.0
1639,1529963875,446102293,186.0,186.0,0.0,0.0,0.0,0.0
1640,1529963875,456096573,181.0,181.0,0.0,0.0,0.0,0.0
1641,1529963875,466109430,181.0,181.0,0.0,0.0,0.0,0.0
1642,1529963875,476089775,178.0,178.0,0.0,0.0,0.0,0.0
1643,1529963875,486102573,178.0,178.0,0.0,0.0,0.0,0.0
1644,1529963875,496092643,176.0,176.0,0.0,0.0,0.0,0.0
1645,1529963875,506091729,176.0,176.0,0.0,0.0,0.0,0.0
1646,1529963875,516091033,172.0,172.0,0.0,0.0,0.0,0.0
1647,1529963875,526095095,172.0,172.0,0.0,0.0,0.0,0.0
1648,1529963875,536124107,171.0,171.0,0.0,0.0,0.0,0.0
1649,1529963875,546092888,171.0,171.0,0.0,0.0,0.0,0.0
1650,1529963875,556091961,169.0,169.0,0.0,0.0,0.0,0.0
1651,1529963875,566093760,169.0,169.0,0.0,0.0,0.0,0.0
1652,1529963875,576098243,168.0,168.0,0.0,0.0,0.0,0.0
1653,1529963875,586103029,168.0,168.0,0.0,0.0,0.0,0.0
1654,1529963875,596099151,167.0,167.0,0.0,0.0,0.0,0.0
1655,1529963875,606091971,167.0,167.0,0.0,0.0,0.0,0.0
1656,1529963875,616102690,166.0,166.0,0.0,0.0,0.0,0.0
1657,1529963875,626101974,166.0,166.0,0.0,0.0,0.0,0.0
1658,1529963875,636093703,166.0,166.0,0.0,0.0,0.0,0.0
1659,1529963875,646092168,166.0,166.0,0.0,0.0,0.0,0.0
1660,1529963875,656099257,166.0,166.0,0.0,0.0,0.0,0.0
1661,1529963875,666097362,166.0,166.0,0.0,0.0,0.0,0.0
1662,1529963875,676092145,166.0,166.0,0.0,0.0,0.0,0.0
1663,1529963875,686091226,166.0,166.0,0.0,0.0,0.0,0.0
1664,1529963875,696099856,165.0,165.0,0.0,0.0,0.0,0.0
1665,1529963875,706112110,165.0,165.0,0.0,0.0,0.0,0.0
1666,1529963875,716104429,164.0,164.0,0.0,0.0,0.0,0.0
1667,1529963875,726091939,164.0,164.0,0.0,0.0,0.0,0.0
1668,1529963875,736097141,163.0,163.0,0.0,0.0,0.0,0.0
1669,1529963875,746102743,163.0,163.0,0.0,0.0,0.0,0.0
1670,1529963875,756097249,162.0,162.0,0.0,0.0,0.0,0.0
1671,1529963875,766093082,162.0,162.0,0.0,0.0,0.0,0.0
1672,1529963875,776090313,157.0,157.0,0.0,0.0,0.0,0.0
1673,1529963875,786096395,157.0,157.0,0.0,0.0,0.0,0.0
1674,1529963875,796102308,150.0,150.0,0.0,0.0,0.0,0.0
1675,1529963875,806093979,150.0,150.0,0.0,0.0,0.0,0.0
1676,1529963875,816092227,131.0,131.0,0.0,0.0,0.0,0.0
1677,1529963875,826096853,131.0,131.0,0.0,0.0,0.0,0.0
1678,1529963875,836109432,125.0,125.0,0.0,0.0,0.0,0.0
1679,1529963875,846108707,125.0,125.0,0.0,0.0,0.0,0.0
1680,1529963875,856094594,103.0,103.0,0.0,0.0,0.0,0.0
1681,1529963875,866096533,103.0,103.0,0.0,0.0,0.0,0.0
1682,1529963875,876096517,0.0,0.0,0.0,0.0,0.0,0.0
1683,1529963875,886100725,0.0,0.0,0.0,0.0,0.0,0.0
1684,1529963875,896092962,0.0,0.0,0.0,0.0,0.0,0.0
1685,1529963875,906092395,0.0,0.0,0.0,0.0,0.0,0.0
1686,1529963875,916096517,0.0,0.0,0.0,0.0,0.0,0.0
1687,1529963875,926117722,0.0,0.0,0.0,0.0,0.0,0.0
1688,1529963875,936105717,0.0,0.0,0.0,0.0,0.0,0.0
1689,1529963875,946096885,0.0,0.0,0.0,0.0,0.0,0.0
1690,1529963875,956089595,0.0,0.0,0.0,0.0,0.0,0.0
1691,1529963875,966107242,0.0,0.0,0.0,0.0,0.0,0.0
1692,1529963875,976097716,0.0,0.0,0.0,0.0,0.0,0.0
1693,1529963875,986090607,0.0,0.0,0.0,0.0,0.0,0.0
1694,1529963875,996090101,0.0,0.0,0.0,0.0,0.0,0.0
1695,1529963876,6089714,0.0,0.0,0.0,0.0,0.0,0.0
1696,1529963876,16103189,0.0,0.0,0.0,0.0,0.0,0.0
1697,1529963876,26089204,0.0,0.0,0.0,0.0,0.0,0.0
1698,1529963876,36089204,0.0,0.0,0.0,0.0,0.0,0.0
1699,1529963876,46088800,0.0,0.0,0.0,0.0,0.0,0.0
1700,1529963876,56098760,0.0,0.0,0.0,0.0,0.0,0.0
1701,1529963876,66100984,0.0,0.0,0.0,0.0,0.0,0.0
1702,1529963876,76098124,0.0,0.0,0.0,0.0,0.0,0.0
1703,1529963876,86094241,0.0,0.0,0.0,0.0,0.0,0.0
1704,1529963876,96098930,0.0,0.0,0.0,0.0,0.0,0.0
1705,1529963876,106092630,0.0,0.0,0.0,0.0,0.0,0.0
1706,1529963876,116095874,0.0,0.0,0.0,0.0,0.0,0.0
1707,1529963876,126099116,0.0,0.0,0.0,0.0,0.0,0.0
1708,1529963876,136087126,0.0,0.0,0.0,0.0,0.0,0.0
1709,1529963876,146099914,0.0,0.0,0.0,0.0,0.0,0.0
1710,1529963876,156091486,0.0,0.0,0.0,0.0,0.0,0.0
1711,1529963876,166091278,0.0,0.0,0.0,0.0,0.0,0.0
1712,1529963876,176087498,0.0,0.0,0.0,0.0,0.0,0.0
1713,1529963876,186098445,0.0,0.0,0.0,0.0,0.0,0.0
1714,1529963876,196092409,0.0,0.0,0.0,0.0,0.0,0.0
1715,1529963876,206091510,0.0,0.0,0.0,0.0,0.0,0.0
1716,1529963876,216101859,0.0,0.0,0.0,0.0,0.0,0.0
1717,1529963876,226088019,0.0,0.0,0.0,0.0,0.0,0.0
1718,1529963876,236097308,0.0,0.0,0.0,0.0,0.0,0.0
1719,1529963876,246100648,0.0,0.0,0.0,0.0,0.0,0.0
1720,1529963876,256092366,0.0,0.0,0.0,0.0,0.0,0.0
1721,1529963876,266093329,0.0,0.0,0.0,0.0,0.0,0.0
1722,1529963876,276107536,0.0,0.0,0.0,0.0,0.0,0.0
1723,1529963876,286096924,0.0,0.0,0.0,0.0,0.0,0.0
1724,1529963876,296094854,0.0,0.0,0.0,0.0,0.0,0.0
1725,1529963876,306088642,0.0,0.0,0.0,0.0,0.0,0.0
1726,1529963876,316100407,0.0,0.0,0.0,0.0,0.0,0.0
1727,1529963876,326108149,0.0,0.0,0.0,0.0,0.0,0.0
1728,1529963876,336092109,0.0,0.0,0.0,0.0,0.0,0.0
1729,1529963876,346093897,0.0,0.0,0.0,0.0,0.0,0.0
1730,1529963876,356091500,0.0,0.0,0.0,0.0,0.0,0.0
1731,1529963876,366100628,0.0,0.0,0.0,0.0,0.0,0.0
1732,1529963876,376095052,0.0,0.0,0.0,0.0,0.0,0.0
1733,1529963876,386087907,0.0,0.0,0.0,0.0,0.0,0.0
1734,1529963876,396089149,0.0,0.0,0.0,0.0,0.0,0.0
1735,1529963876,406095634,0.0,0.0,0.0,0.0,0.0,0.0
1736,1529963876,416093897,0.0,0.0,0.0,0.0,0.0,0.0
1737,1529963876,426106873,0.0,0.0,0.0,0.0,0.0,0.0
1738,1529963876,436093036,0.0,0.0,0.0,0.0,0.0,0.0
1739,1529963876,446099189,0.0,0.0,0.0,0.0,0.0,0.0
1740,1529963876,456105848,0.0,0.0,0.0,0.0,0.0,0.0
1741,1529963876,466091932,0.0,0.0,0.0,0.0,0.0,0.0
1742,1529963876,476089443,0.0,0.0,0.0,0.0,0.0,0.0
1743,1529963876,486092397,0.0,0.0,0.0,0.0,0.0,0.0
1744,1529963876,496095409,0.0,0.0,0.0,0.0,0.0,0.0
1745,1529963876,506191928,0.0,0.0,0.0,0.0,0.0,0.0
