823,1529963819,728197292,0.0,0.0,0.0,0.0,0.0,0.0
824,1529963819,738225850,0.0,0.0,0.0,0.0,0.0,0.0
825,1529963819,748211045,0.0,0.0,0.0,0.0,0.0,0.0
826,1529963819,758191033,0.0,0.0,0.0,0.0,0.0,0.0
827,1529963819,768189853,0.0,0.0,0.0,0.0,0.0,0.0
828,1529963819,778190014,0.0,0.0,0.0,0.0,0.0,0.0
829,1529963819,788188686,0.0,0.0,0.0,0.0,0.0,0.0
830,1529963819,798202180,0.0,0.0,0.0,0.0,0.0,0.0
831,1529963819,808188667,0.0,0.0,0.0,0.0,0.0,0.0
832,1529963819,818199217,0.0,0.0,0.0,0.0,0.0,0.0
833,1529963819,828195697,0.0,0.0,0.0,0.0,0.0,0.0
834,1529963819,838192057,0.0,0.0,0.0,0.0,0.0,0.0
835,1529963819,848191167,0.0,0.0,0.0,0.0,0.0,0.0
836,1529963819,858185929,0.0,0.0,0.0,0.0,0.0,0.0
837,1529963819,868194184,0.0,0.0,0.0,0.0,0.0,0.0
838,1529963819,878195419,0.0,0.0,0.0,0.0,0.0,0.0
839,1529963819,888184303,0.0,0.0,0.0,0.0,0.0,0.0
840,1529963819,898191310,0.0,0.0,0.0,0.0,0.0,0.0
841,1529963819,908202855,0.0,0.0,0.0,0.0,0.0,0.0
842,1529963819,918193146,0.0,0.0,0.0,0.0,0.0,0.0
843,1529963819,928185568,0.0,0.0,0.0,0.0,0.0,0.0
844,1529963819,938191806,0.0,0.0,0.0,0.0,0.0,0.0
845,1529963819,948191270,0.0,0.0,0.0,0.0,0.0,0.0
846,1529963819,958196585,0.0,0.0,0.0,0.0,0.0,0.0
847,1529963819,968186746,0.0,0.0,0.0,0.0,0.0,0.0
848,1529963819,978187303,0.0,0.0,0.0,0.0,0.0,0.0
849,1529963819,988183997,0.0,0.0,0.0,0.0,0.0,0.0
850,1529963819,998197237,0.0,0.0,0.0,0.0,0.0,0.0
851,1529963820,8187918,0.0,0.0,0.0,0.0,0.0,0.0
852,1529963820,18194681,0.0,0.0,0.0,0.0,0.0,0.0
853,1529963820,28184150,0.0,0.0,0.0,0.0,0.0,0.0
854,1529963820,38190723,0.0,0.0,0.0,0.0,0.0,0.0
855,1529963820,48190245,0.0,0.0,0.0,0.0,0.0,0.0
856,1529963820,58191300,0.0,0.0,0.0,0.0,0.0,0.0
857,1529963820,68188446,0.0,0.0,0.0,0.0,0.0,0.0
858,1529963820,78192815,0.0,0.0,0.0,0.0,0.0,0.0
859,1529963820,88191803,0.0,0.0,0.0,0.0,0.0,0.0
860,1529963820,98190191,0.0,0.0,0.0,0.0,0.0,0.0
861,1529963820,108187193,0.0,0.0,0.0,0.0,0.0,0.0
862,1529963820,118191637,0.0,0.0,0.0,0.0,0.0,0.0
863,1529963820,128197869,0.0,0.0,0.0,0.0,0.0,0.0
864,1529963820,138190458,0.0,0.0,0.0,0.0,0.0,0.0
865,1529963820,148188540,0.0,0.0,0.0,0.0,0.0,0.0
866,1529963820,158191269,0.0,0.0,0.0,0.0,0.0,0.0
867,1529963820,168193344,0.0,0.0,0.0,0.0,0.0,0.0
868,1529963820,178192276,0.0,0.0,0.0,0.0,0.0,0.0
869,1529963820,188189943,0.0,0.0,0.0,0.0,0.0,0.0
870,1529963820,198193345,0.0,0.0,0.0,0.0,0.0,0.0
871,1529963820,208187305,0.0,0.0,0.0,0.0,0.0,0.0
872,1529963820,218196342,0.0,0.0,0.0,0.0,0.0,0.0
873,1529963820,228187795,0.0,0.0,0.0,0.0,0.0,0.0
874,1529963820,238193162,0.0,0.0,0.0,0.0,0.0,0.0
875,1529963820,248187996,0.0,0.0,0.0,0.0,0.0,0.0
876,1529963820,258213882,0.0,0.0,0.0,0.0,0.0,0.0
877,1529963820,268191993,0.0,0.0,0.0,0.0,0.0,0.0
878,1529963820,278201021,0.0,0.0,0.0,0.0,0.0,0.0
879,1529963820,288184069,0.0,0.0,0.0,0.0,0.0,0.0
880,1529963820,298193640,0.0,0.0,0.0,0.0,0.0,0.0
881,1529963820,308187780,0.0,0.0,0.0,0.0,0.0,0.0
882,1529963820,318193135,0.0,0.0,0.0,0.0,0.0,0.0
883,1529963820,328191632,0.0,0.0,0.0,0.0,0.0,0.0
884,1529963820,338189426,0.0,0.0,0.0,0.0,0.0,0.0
885,1529963820,348194430,0.0,0.0,0.0,0.0,0.0,0.0
886,1529963820,358194401,0.0,0.0,0.0,0.0,0.0,0.0
887,1529963820,368188989,0.0,0.0,0.0,0.0,0.0,0.0
888,1529963820,378192378,0.0,0.0,0.0,0.0,0.0,0.0
889,1529963820,388197247,0.0,0.0,0.0,0.0,0.0,0.0
890,1529963820,398194401,0.0,0.0,0.0,0.0,0.0,0.0
891,1529963820,408186153,0.0,0.0,0.0,0.0,0.0,0.0
892,1529963820,418190187,0.0,0.0,0.0,0.0,0.0,0.0
893,1529963820,428191313,0.0,0.0,0.0,0.0,0.0,0.0
894,1529963820,438191081,0.0,0.0,0.0,0.0,0.0,0.0
895,1529963820,448185903,0.0,0.0,0.0,0.0,0.0,0.0
896,1529963820,458193203,0.0,0.0,0.0,0.0,0.0,0.0
897,1529963820,468184692,0.0,0.0,0.0,0.0,0.0,0.0
898,1529963820,478191588,0.0,0.0,0.0,0.0,0.0,0.0
899,1529963820,488187431,0.0,0.0,0.0,0.0,0.0,0.0
900,1529963820,498195082,0.0,0.0,0.0,0.0,0.0,0.0
901,1529963820,508184731,0.0,0.0,0.0,0.0,0.0,0.0
902,1529963820,518203771,0.0,0.0,0.0,0.0,0.0,0.0
903,1529963820,528191390,0.0,0.0,0.0,0.0,0.0,0.0
904,1529963820,538189126,0.0,0.0,0.0,0.0,0.0,0.0
905,1529963820,548187033,0.0,0.0,0.0,0.0,0.0,0.0
906,1529963820,558190899,0.0,0.0,0.0,0.0,0.0,0.0
907,1529963820,568194388,0.0,0.0,0.0,0.0,0.0,0.0
908,1529963820,578192887,0.0,0.0,0.0,0.0,0.0,0.0
909,1529963820,588189629,0.0,0.0,0.0,0.0,0.0,0.0
910,1529963820,598193935,0.0,0.0,0.0,0.0,0.0,0.0
911,1529963820,608198973,0.0,0.0,0.0,0.0,0.0,0.0
912,1529963820,618191360,0.0,0.0,0.0,0.0,0.0,0.0
913,1529963820,628189240,0.0,0.0,0.0,0.0,0.0,0.0
914,1529963820,638191861,0.0,0.0,0.0,0.0,0.0,0.0
915,1529963820,648194475,0.0,0.0,0.0,0.0,0.0,0.0
916,1529963820,658190167,0.0,0.0,0.0,0.0,0.0,0.0
917,1529963820,668182587,0.0,0.0,0.0,0.0,0.0,0.0
918,1529963820,678191137,0.0,0.0,0.0,0.0,0.0,0.0
919,1529963820,688189083,0.0,0.0,0.0,0.0,0.0,0.0
920,1529963820,698187765,0.0,0.0,0.0,0.0,0.0,0.0
921,1529963820,708197206,0.0,0.0,0.0,0.0,0.0,0.0
922,1529963820,718194050,0.0,0.0,0.0,0.0,0.0,0.0
923,1529963820,728184882,0.0,0.0,0.0,0.0,0.0,0.0
924,1529963820,738192364,0.0,0.0,0.0,0.0,0.0,0.0
925,1529963820,748187814,0.0,0.0,0.0,0.0,0.0,0.0
926,1529963820,758191055,0.0,0.0,0.0,0.0,0.0,0.0
927,1529963820,768189872,0.0,0.0,0.0,0.0,0.0,0.0
928,1529963820,778188356,0.0,0.0,0.0,0.0,0.0,0.0
929,1529963820,788192580,0.0,0.0,0.0,0.0,0.0,0.0
930,1529963820,798194677,0.0,0.0,0.0,0.0,0.0,0.0
931,1529963820,808183981,0.0,0.0,0.0,0.0,0.0,0.0
932,1529963820,818188135,0.0,0.0,0.0,0.0,0.0,0.0
933,1529963820,828188931,0.0,0.0,0.0,0.0,0.0,0.0
934,1529963820,838194057,0.0,0.0,0.0,0.0,0.0,0.0
935,1529963820,848186687,0.0,0.0,0.0,0.0,0.0,0.0
936,1529963820,858189624,0.0,0.0,0.0,0.0,0.0,0.0
937,1529963820,868197212,0.0,0.0,0.0,0.0,0.0,0.0
938,1529963820,878191151,0.0,0.0,0.0,0.0,0.0,0.0
939,1529963820,888186763,0.0,0.0,0.0,0.0,0.0,0.0
940,1529963820,898191987,0.0,0.0,0.0,0.0,0.0,0.0
941,1529963820,908193001,0.0,0.0,0.0,0.0,0.0,0.0
942,1529963820,918190117,0.0,0.0,0.0,0.0,0.0,0.0
943,1529963820,928187998,0.0,0.0,0.0,0.0,0.0,0.0
944,1529963820,938193523,0.0,0.0,0.0,0.0,0.0,0.0
945,1529963820,948187598,0.0,0.0,0.0,0.0,0.0,0.0
946,1529963820,958193489,0.0,0.0,0.0,0.0,0.0,0.0
947,1529963820,968191134,0.0,0.0,0.0,0.0,0.0,0.0
948,1529963820,978195871,0.0,0.0,0.0,0.0,0.0,0.0
949,1529963820,988190641,0.0,0.0,0.0,0.0,0.0,0.0
950,1529963820,998193468,0.0,0.0,0.0,0.0,0.0,0.0
951,1529963821,8189785,0.0,0.0,0.0,0.0,0.0,0.0
952,1529963821,18196547,0.0,0.0,0.0,0.0,0.0,0.0
953,1529963821,28187391,0.0,0.0,0.0,0.0,0.0,0.0
954,1529963821,38224780,0.0,0.0,0.0,0.0,0.0,0.0
955,1529963821,48190623,0.0,0.0,0.0,0.0,0.0,0.0
956,1529963821,58191753,0.0,0.0,0.0,0.0,0.0,0.0
957,1529963821,68186818,0.0,0.0,0.0,0.0,0.0,0.0
958,1529963821,78204332,0.0,0.0,0.0,0.0,0.0,0.0
959,1529963821,88190156,0.0,0.0,0.0,0.0,0.0,0.0
960,1529963821,98193194,0.0,0.0,0.0,0.0,0.0,0.0
961,1529963821,108188637,0.0,0.0,0.0,0.0,0.0,0.0
962,1529963821,118190740,0.0,0.0,0.0,0.0,0.0,0.0
963,1529963821,128195075,0.0,0.0,0.0,0.0,0.0,0.0
964,1529963821,138189163,0.0,0.0,0.0,0.0,0.0,0.0
965,1529963821,148188660,0.0,0.0,0.0,0.0,0.0,0.0
966,1529963821,158188908,0.0,0.0,0.0,0.0,0.0,0.0
967,1529963821,168195891,0.0,0.0,0.0,0.0,0.0,0.0
968,1529963821,178189572,0.0,0.0,0.0,0.0,0.0,0.0
969,1529963821,188189405,0.0,0.0,0.0,0.0,0.0,0.0
970,1529963821,198190628,0.0,0.0,0.0,0.0,0.0,0.0
971,1529963821,208184462,0.0,0.0,0.0,0.0,0.0,0.0
972,1529963821,218190506,0.0,0.0,0.0,0.0,0.0,0.0
973,1529963821,228186613,0.0,0.0,0.0,0.0,0.0,0.0
974,1529963821,238197992,0.0,0.0,0.0,0.0,0.0,0.0
975,1529963821,248192146,0.0,0.0,0.0,0.0,0.0,0.0
976,1529963821,258193712,0.0,0.0,0.0,0.0,0.0,0.0
977,1529963821,268194750,0.0,0.0,0.0,0.0,0.0,0.0
978,1529963821,278188083,0.0,0.0,0.0,0.0,0.0,0.0
979,1529963821,288184129,0.0,0.0,0.0,0.0,0.0,0.0
980,1529963821,298202443,0.0,0.0,0.0,0.0,0.0,0.0
981,1529963821,308193113,0.0,0.0,0.0,0.0,0.0,0.0
982,1529963821,318196729,0.0,0.0,0.0,0.0,0.0,0.0
983,1529963821,328187185,0.0,0.0,0.0,0.0,0.0,0.0
984,1529963821,338191974,0.0,0.0,0.0,0.0,0.0,0.0
985,1529963821,348191861,0.0,0.0,0.0,0.0,0.0,0.0
986,1529963821,358194801,0.0,0.0,0.0,0.0,0.0,0.0
987,1529963821,368186851,0.0,0.0,0.0,0.0,0.0,0.0
988,1529963821,378202610,0.0,0.0,0.0,0.0,0.0,0.0
989,1529963821,388192383,0.0,0.0,0.0,0.0,0.0,0.0
990,1529963821,398195542,0.0,0.0,0.0,0.0,0.0,0.0
991,1529963821,408185579,0.0,0.0,0.0,0.0,0.0,0.0
992,1529963821,418196219,0.0,0.0,0.0,0.0,0.0,0.0
993,1529963821,428193268,0.0,0.0,0.0,0.0,0.0,0.0
994,1529963821,438190477,0.0,0.0,0.0,0.0,0.0,0.0
995,1529963821,448190108,0.0,0.0,0.0,0.0,0.0,0.0
996,1529963821,458194462,0.0,0.0,0.0,0.0,0.0,0.0
997,1529963821,468186190,0.0,0.0,0.0,0.0,0.0,0.0
998,1529963821,478200383,0.0,0.0,0.0,0.0,0.0,0.0
999,1529963821,488191848,0.0,0.0,0.0,0.0,0.0,0.0
1000,1529963821,498193542,0.0,0.0,0.0,0.0,0.0,0.0
1001,1529963821,508183747,0.0,0.0,0.0,0.0,0.0,0.0
1002,1529963821,518193513,0.0,0.0,0.0,0.0,0.0,0.0
1003,1529963821,528194124,0.0,0.0,0.0,0.0,0.0,0.0
1004,1529963821,538198270,0.0,0.0,0.0,0.0,0.0,0.0
1005,1529963821,548186198,0.0,0.0,0.0,0.0,0.0,0.0
1006,1529963821,558194756,0.0,0.0,0.0,0.0,0.0,0.0
1007,1529963821,568191466,0.0,0.0,0.0,0.0,0.0,0.0
1008,1529963821,578192720,0.0,0.0,0.0,0.0,0.0,0.0
1009,1529963821,588188813,0.0,0.0,0.0,0.0,0.0,0.0
1010,1529963821,598189393,0.0,0.0,0.0,0.0,0.0,0.0
1011,1529963821,608217277,0.0,0.0,0.0,0.0,0.0,0.0
1012,1529963821,618192181,0.0,0.0,0.0,0.0,0.0,0.0
1013,1529963821,628186535,0.0,0.0,0.0,0.0,0.0,0.0
1014,1529963821,638191943,0.0,0.0,0.0,0.0,0.0,0.0
1015,1529963821,648189946,0.0,0.0,0.0,0.0,0.0,0.0
1016,1529963821,658207860,0.0,0.0,0.0,0.0,0.0,0.0
1017,1529963821,668187901,0.0,0.0,0.0,0.0,0.0,0.0
1018,1529963821,678189363,0.0,0.0,0.0,0.0,0.0,0.0
1019,1529963821,688185664,0.0,0.0,0.0,0.0,0.0,0.0
1020,1529963821,698193433,0.0,0.0,0.0,0.0,0.0,0.0
1021,1529963821,708188244,0.0,0.0,0.0,0.0,0.0,0.0
1022,1529963821,718188597,0.0,0.0,0.0,0.0,0.0,0.0
1023,1529963821,728185858,0.0,0.0,0.0,0.0,0.0,0.0
1024,1529963821,738197530,0.0,0.0,0.0,0.0,0.0,0.0
1025,1529963821,748199676,0.0,0.0,0.0,0.0,0.0,0.0
1026,1529963821,758191325,0.0,0.0,0.0,0.0,0.0,0.0
1027,1529963821,768189966,0.0,0.0,0.0,0.0,0.0,0.0
1028,1529963821,778191494,0.0,0.0,0.0,0.0,0.0,0.0
1029,1529963821,788191138,0.0,0.0,0.0,0.0,0.0,0.0
1030,1529963821,798185700,0.0,0.0,0.0,0.0,0.0,0.0
1031,1529963821,808184309,0.0,0.0,0.0,0.0,0.0,0.0
1032,1529963821,818190105,0.0,0.0,0.0,0.0,0.0,0.0
1033,1529963821,828198148,0.0,0.0,0.0,0.0,0.0,0.0
1034,1529963821,838187560,0.0,0.0,0.0,0.0,0.0,0.0
1035,1529963821,848186533,0.0,0.0,0.0,0.0,0.0,0.0
1036,1529963821,858190490,0.0,0.0,0.0,0.0,0.0,0.0
1037,1529963821,868192399,0.0,0.0,0.0,0.0,0.0,0.0
1038,1529963821,878190941,0.0,0.0,0.0,0.0,0.0,0.0
1039,1529963821,888187541,0.0,0.0,0.0,0.0,0.0,0.0
1040,1529963821,898192864,0.0,0.0,0.0,0.0,0.0,0.0
1041,1529963821,908186600,0.0,0.0,0.0,0.0,0.0,0.0
1042,1529963821,918191316,108.0,108.0,0.0,0.0,0.0,0.0
1043,1529963821,928193245,108.0,108.0,0.0,0.0,0.0,0.0
1044,1529963821,938200176,108.0,108.0,0.0,0.0,0.0,0.0
1045,1529963821,948191840,113.0,113.0,0.0,0.0,0.0,0.0
1046,1529963821,958213691,128.0,128.0,0.0,0.0,0.0,0.0
1047,1529963821,968203419,128.0,128.0,0.0,0.0,0.0,0.0
1048,1529963821,978195717,128.0,128.0,0.0,0.0,0.0,0.0
1049,1529963821,988192067,134.0,134.0,0.0,0.0,0.0,0.0
1050,1529963821,998196208,149.0,149.0,0.0,0.0,0.0,0.0
1051,1529963822,8197930,149.0,149.0,0.0,0.0,0.0,0.0
1052,1529963822,18195837,149.0,149.0,0.0,0.0,0.0,0.0
1053,1529963822,28193240,155.0,155.0,0.0,0.0,0.0,0.0
1054,1529963822,38204450,169.0,169.0,0.0,0.0,0.0,0.0
1055,1529963822,48200370,169.0,169.0,0.0,0.0,0.0,0.0
1056,1529963822,58200640,169.0,169.0,0.0,0.0,0.0,0.0
1057,1529963822,68193804,174.0,174.0,0.0,0.0,0.0,0.0
1058,1529963822,78198350,180.0,180.0,0.0,0.0,0.0,0.0
1059,1529963822,89009660,180.0,180.0,0.0,0.0,0.0,0.0
1060,1529963822,98199349,180.0,180.0,0.0,0.0,0.0,0.0
1061,1529963822,108194706,194.0,191.0,0.0,0.0,0.0,0.0
1062,1529963822,118193389,196.0,188.0,0.0,0.0,0.0,0.0
1063,1529963822,128195041,196.0,188.0,0.0,0.0,0.0,0.0
1064,1529963822,138204290,196.0,188.0,0.0,0.0,0.0,0.0
1065,1529963822,148194177,202.0,189.0,0.0,0.0,0.0,0.0
1066,1529963822,158198847,207.0,192.0,0.0,0.0,0.0,0.0
1067,1529963822,168190970,207.0,192.0,0.0,0.0,0.0,0.0
1068,1529963822,178197727,207.0,192.0,0.0,0.0,0.0,0.0
1069,1529963822,188198523,212.0,196.0,0.0,0.0,0.0,0.0
1070,1529963822,198195319,217.0,199.0,0.0,0.0,0.0,0.0
1071,1529963822,208192669,217.0,199.0,0.0,0.0,0.0,0.0
1072,1529963822,218197518,217.0,199.0,0.0,0.0,0.0,0.0
1073,1529963822,228196902,223.0,203.0,0.0,0.0,0.0,0.0
1074,1529963822,238194181,229.0,207.0,0.0,0.0,0.0,0.0
1075,1529963822,248192343,229.0,207.0,0.0,0.0,0.0,0.0
1076,1529963822,258202476,229.0,207.0,0.0,0.0,0.0,0.0
1077,1529963822,268197086,244.0,220.0,0.0,0.0,0.0,0.0
1078,1529963822,278195033,250.0,221.0,0.0,0.0,0.0,0.0
1079,1529963822,288190239,250.0,221.0,0.0,0.0,0.0,0.0
1080,1529963822,298201148,250.0,221.0,0.0,0.0,0.0,0.0
1081,1529963822,308199653,271.0,235.0,0.0,0.0,0.0,0.0
1082,1529963822,318195519,280.0,225.0,0.0,0.0,0.0,0.0
1083,1529963822,328194116,280.0,225.0,0.0,0.0,0.0,0.0
1084,1529963822,338200397,280.0,225.0,0.0,0.0,0.0,0.0
1085,1529963822,348199621,299.0,239.0,0.0,0.0,0.0,0.0
1086,1529963822,358203208,305.0,239.0,0.0,0.0,0.0,0.0
1087,1529963822,368196548,305.0,239.0,0.0,0.0,0.0,0.0
1088,1529963822,378196238,305.0,239.0,0.0,0.0,0.0,0.0
1089,1529963822,388190895,320.0,252.0,0.0,0.0,0.0,0.0
1090,1529963822,398194198,325.0,256.0,0.0,0.0,0.0,0.0
1091,1529963822,408193248,325.0,256.0,0.0,0.0,0.0,0.0
1092,1529963822,418192930,325.0,256.0,0.0,0.0,0.0,0.0
1093,1529963822,428195147,345.0,276.0,0.0,0.0,0.0,0.0
1094,1529963822,438202934,361.0,292.0,0.0,0.0,0.0,0.0
1095,1529963822,448196995,361.0,292.0,0.0,0.0,0.0,0.0
1096,1529963822,458193958,361.0,292.0,0.0,0.0,0.0,0.0
1097,1529963822,468192991,378.0,309.0,0.0,0.0,0.0,0.0
1098,1529963822,478207169,396.0,327.0,0.0,0.0,0.0,0.0
1099,1529963822,488198368,396.0,327.0,0.0,0.0,0.0,0.0
1100,1529963822,498194822,396.0,327.0,0.0,0.0,0.0,0.0
1101,1529963822,508198011,417.0,349.0,0.0,0.0,0.0,0.0
1102,1529963822,518198288,443.0,377.0,0.0,0.0,0.0,0.0
1103,1529963822,528201293,443.0,377.0,0.0,0.0,0.0,0.0
1104,1529963822,538203533,443.0,377.0,0.0,0.0,0.0,0.0
1105,1529963822,548195261,476.0,414.0,0.0,0.0,0.0,0.0
1106,1529963822,558193391,513.0,453.0,0.0,0.0,0.0,0.0
1107,1529963822,568250607,513.0,453.0,0.0,0.0,0.0,0.0
1108,1529963822,578198039,513.0,453.0,0.0,0.0,0.0,0.0
1109,1529963822,588194852,554.0,499.0,0.0,0.0,0.0,0.0
1110,1529963822,598191871,594.0,543.0,0.0,0.0,0.0,0.0
1111,1529963822,608195470,594.0,543.0,0.0,0.0,0.0,0.0
1112,1529963822,618210060,594.0,543.0,0.0,0.0,0.0,0.0
1113,1529963822,628193775,633.0,583.0,0.0,0.0,0.0,0.0
1114,1529963822,638201723,667.0,616.0,0.0,0.0,0.0,0.0
1115,1529963822,648191247,667.0,616.0,0.0,0.0,0.0,0.0
1116,1529963822,658207208,667.0,616.0,0.0,0.0,0.0,0.0
1117,1529963822,668191216,692.0,642.0,0.0,0.0,0.0,0.0
1118,1529963822,678191978,709.0,659.0,0.0,0.0,0.0,0.0
1119,1529963822,688192400,709.0,659.0,0.0,0.0,0.0,0.0
1120,1529963822,698197381,709.0,659.0,0.0,0.0,0.0,0.0
1121,1529963822,708205510,713.0,663.0,0.0,0.0,0.0,0.0
1122,1529963822,718194967,713.0,657.0,0.0,0.0,0.0,0.0
1123,1529963822,728190445,713.0,657.0,0.0,0.0,0.0,0.0
1124,1529963822,738193572,713.0,657.0,0.0,0.0,0.0,0.0
1125,1529963822,748192697,699.0,635.0,0.0,0.0,0.0,0.0
1126,1529963822,758193409,659.0,588.0,0.0,0.0,0.0,0.0
1127,1529963822,768190815,659.0,588.0,0.0,0.0,0.0,0.0
1128,1529963822,778197979,659.0,588.0,0.0,0.0,0.0,0.0
1129,1529963822,788200235,590.0,524.0,0.0,0.0,0.0,0.0
1130,1529963822,798195895,487.0,469.0,0.0,0.0,0.0,0.0
1131,1529963822,808188783,487.0,469.0,0.0,0.0,0.0,0.0
1132,1529963822,818191844,487.0,469.0,0.0,0.0,0.0,0.0
1133,1529963822,828196535,363.0,363.0,0.0,0.0,0.0,0.0
1134,1529963822,838200826,234.0,234.0,0.0,0.0,0.0,0.0
1135,1529963822,848190566,234.0,234.0,0.0,0.0,0.0,0.0
1136,1529963822,858193017,234.0,234.0,0.0,0.0,0.0,0.0
1137,1529963822,868191821,122.0,122.0,0.0,0.0,0.0,0.0
1138,1529963822,878199874,0.0,0.0,0.0,0.0,0.0,0.0
1139,1529963822,888183873,0.0,0.0,0.0,0.0,0.0,0.0
1140,1529963822,898187035,0.0,0.0,0.0,0.0,0.0,0.0
1141,1529963822,908181794,0.0,0.0,0.0,0.0,0.0,0.0
1142,1529963822,918186657,0.0,0.0,0.0,0.0,0.0,0.0
1143,1529963822,928190333,0.0,0.0,0.0,0.0,0.0,0.0
1144,1529963822,938191775,0.0,0.0,0.0,0.0,0.0,0.0
1145,1529963822,948187124,0.0,0.0,0.0,0.0,0.0,0.0
1146,1529963822,958193024,0.0,0.0,0.0,0.0,0.0,0.0
1147,1529963822,968194629,0.0,0.0,0.0,0.0,0.0,0.0
1148,1529963822,978193000,0.0,0.0,0.0,0.0,0.0,0.0
1149,1529963822,988188911,0.0,0.0,0.0,0.0,0.0,0.0
1150,1529963822,998196171,0.0,0.0,0.0,0.0,0.0,0.0
1151,1529963823,8194286,0.0,0.0,0.0,0.0,0.0,0.0
1152,1529963823,18194173,0.0,0.0,0.0,0.0,0.0,0.0
1153,1529963823,28186795,0.0,0.0,0.0,0.0,0.0,0.0
1154,1529963823,38196292,0.0,0.0,0.0,0.0,0.0,0.0
1155,1529963823,48188618,0.0,0.0,0.0,0.0,0.0,0.0
1156,1529963823,58219784,0.0,0.0,0.0,0.0,0.0,0.0
1157,1529963823,68194660,0.0,0.0,0.0,0.0,0.0,0.0
1158,1529963823,78190137,0.0,0.0,0.0,0.0,0.0,0.0
1159,1529963823,88188282,0.0,0.0,0.0,0.0,0.0,0.0
1160,1529963823,98196001,0.0,0.0,0.0,0.0,0.0,0.0
1161,1529963823,108194534,0.0,0.0,0.0,0.0,0.0,0.0
1162,1529963823,118191174,0.0,0.0,0.0,0.0,0.0,0.0
1163,1529963823,128187904,0.0,0.0,0.0,0.0,0.0,0.0
1164,1529963823,138193108,0.0,0.0,0.0,0.0,0.0,0.0
1165,1529963823,148193773,0.0,0.0,0.0,0.0,0.0,0.0
1166,1529963823,158191713,0.0,0.0,0.0,0.0,0.0,0.0
1167,1529963823,168187950,0.0,0.0,0.0,0.0,0.0,0.0
1168,1529963823,178192920,0.0,0.0,0.0,0.0,0.0,0.0
1169,1529963823,188193763,0.0,0.0,0.0,0.0,0.0,0.0
1170,1529963823,198193014,0.0,0.0,0.0,0.0,0.0,0.0
1171,1529963823,208196867,0.0,0.0,0.0,0.0,0.0,0.0
1172,1529963823,218192583,0.0,0.0,0.0,0.0,0.0,0.0
1173,1529963823,228196271,0.0,0.0,0.0,0.0,0.0,0.0
1174,1529963823,238198500,0.0,0.0,0.0,0.0,0.0,0.0
1175,1529963823,248189401,0.0,0.0,0.0,0.0,0.0,0.0
1176,1529963823,258193358,0.0,0.0,0.0,0.0,0.0,0.0
1177,1529963823,268191206,0.0,0.0,0.0,0.0,0.0,0.0
1178,1529963823,278199753,0.0,0.0,0.0,0.0,0.0,0.0
1179,1529963823,288187196,0.0,0.0,0.0,0.0,0.0,0.0
1180,1529963823,298195259,0.0,0.0,0.0,0.0,0.0,0.0
1181,1529963823,308184589,0.0,0.0,0.0,0.0,0.0,0.0
1182,1529963823,318253013,0.0,0.0,0.0,0.0,0.0,0.0
1183,1529963823,328193450,0.0,0.0,0.0,0.0,0.0,0.0
1184,1529963823,338198331,0.0,0.0,0.0,0.0,0.0,0.0
1185,1529963823,348185201,0.0,0.0,0.0,0.0,0.0,0.0
1186,1529963823,358195722,0.0,0.0,0.0,0.0,0.0,0.0
1187,1529963823,368192835,0.0,0.0,0.0,0.0,0.0,0.0
1188,1529963823,378196213,0.0,0.0,0.0,0.0,0.0,0.0
1189,1529963823,388185952,0.0,0.0,0.0,0.0,0.0,0.0
1190,1529963823,398195880,0.0,0.0,0.0,0.0,0.0,0.0
1191,1529963823,408192636,0.0,0.0,0.0,0.0,0.0,0.0
1192,1529963823,418199275,0.0,0.0,0.0,0.0,0.0,0.0
1193,1529963823,428191425,0.0,0.0,0.0,0.0,0.0,0.0
1194,1529963823,438190347,0.0,0.0,0.0,0.0,0.0,0.0
1195,1529963823,448193855,0.0,0.0,0.0,0.0,0.0,0.0
1196,1529963823,458192436,0.0,0.0,0.0,0.0,0.0,0.0
1197,1529963823,468156824,0.0,0.0,0.0,0.0,0.0,0.0
1198,1529963823,478193064,0.0,0.0,0.0,0.0,0.0,0.0
1199,1529963823,488197866,0.0,0.0,0.0,0.0,0.0,0.0
1200,1529963823,498193573,0.0,0.0,0.0,0.0,0.0,0.0
1201,1529963823,508187707,0.0,0.0,0.0,0.0,0.0,0.0
1202,1529963823,518191331,0.0,0.0,0.0,0.0,0.0,0.0
1203,1529963823,528186867,0.0,0.0,0.0,0.0,0.0,0.0
1204,1529963823,538193333,0.0,0.0,0.0,0.0,0.0,0.0
1205,1529963823,548191470,0.0,0.0,0.0,0.0,0.0,0.0
1206,1529963823,558189379,0.0,0.0,0.0,0.0,0.0,0.0
1207,1529963823,568214021,0.0,0.0,0.0,0.0,0.0,0.0
1208,1529963823,578199027,0.0,0.0,0.0,0.0,0.0,0.0
1209,1529963823,588191043,0.0,0.0,0.0,0.0,0.0,0.0
1210,1529963823,598187508,0.0,0.0,0.0,0.0,0.0,0.0
1211,1529963823,608186509,0.0,0.0,0.0,0.0,0.0,0.0
1212,1529963823,618193028,0.0,0.0,0.0,0.0,0.0,0.0
1213,1529963823,628191667,0.0,0.0,0.0,0.0,0.0,0.0
1214,1529963823,638191572,0.0,0.0,0.0,0.0,0.0,0.0
1215,1529963823,648187729,0.0,0.0,0.0,0.0,0.0,0.0
1216,1529963823,658191240,0.0,0.0,0.0,0.0,0.0,0.0
1217,1529963823,668203719,0.0,0.0,0.0,0.0,0.0,0.0
1218,1529963823,678192951,0.0,0.0,0.0,0.0,0.0,0.0
1219,1529963823,688183209,0.0,0.0,0.0,0.0,0.0,0.0
1220,1529963823,698193783,0.0,0.0,0.0,0.0,0.0,0.0
1221,1529963823,708193118,0.0,0.0,0.0,0.0,0.0,0.0
1222,1529963823,718187114,0.0,0.0,0.0,0.0,0.0,0.0
1223,1529963823,728189934,0.0,0.0,0.0,0.0,0.0,0.0
1224,1529963823,738195734,0.0,0.0,0.0,0.0,0.0,0.0
1225,1529963823,748189963,0.0,0.0,0.0,0.0,0.0,0.0
1226,1529963823,758191986,0.0,0.0,0.0,0.0,0.0,0.0
1227,1529963823,768188287,0.0,0.0,0.0,0.0,0.0,0.0
1228,1529963823,778204283,0.0,0.0,0.0,0.0,0.0,0.0
1229,1529963823,788185029,0.0,0.0,0.0,0.0,0.0,0.0
1230,1529963823,798208534,0.0,0.0,0.0,0.0,0.0,0.0
1231,1529963823,808194091,0.0,0.0,0.0,0.0,0.0,0.0
1232,1529963823,818189040,0.0,0.0,0.0,0.0,0.0,0.0
1233,1529963823,828186882,0.0,0.0,0.0,0.0,0.0,0.0
1234,1529963823,838191148,0.0,0.0,0.0,0.0,0.0,0.0
1235,1529963823,848191441,0.0,0.0,0.0,0.0,0.0,0.0
1236,1529963823,858196936,0.0,0.0,0.0,0.0,0.0,0.0
1237,1529963823,868188468,0.0,0.0,0.0,0.0,0.0,0.0
1238,1529963823,878192548,0.0,0.0,0.0,0.0,0.0,0.0
1239,1529963823,888200629,0.0,0.0,0.0,0.0,0.0,0.0
1240,1529963823,898192536,0.0,0.0,0.0,0.0,0.0,0.0
1241,1529963823,908186785,0.0,0.0,0.0,0.0,0.0,0.0
1242,1529963823,918192419,0.0,0.0,0.0,0.0,0.0,0.0
1243,1529963823,928194042,0.0,0.0,0.0,0.0,0.0,0.0
1244,1529963823,938217514,0.0,0.0,0.0,0.0,0.0,0.0
1245,1529963823,948244981,0.0,0.0,0.0,0.0,0.0,0.0
1246,1529963823,958188775,0.0,0.0,0.0,0.0,0.0,0.0
1247,1529963823,968192654,0.0,0.0,0.0,0.0,0.0,0.0
1248,1529963823,978189826,0.0,0.0,0.0,0.0,0.0,0.0
1249,1529963823,988195326,0.0,0.0,0.0,0.0,0.0,0.0
1250,1529963823,998193392,0.0,0.0,0.0,0.0,0.0,0.0
1251,1529963824,8229475,0.0,0.0,0.0,0.0,0.0,0.0
1252,1529963824,18191716,0.0,0.0,0.0,0.0,0.0,0.0
1253,1529963824,28189576,0.0,0.0,0.0,0.0,0.0,0.0
1254,1529963824,38194416,0.0,0.0,0.0,0.0,0.0,0.0
1255,1529963824,48186323,0.0,0.0,0.0,0.0,0.0,0.0
1256,1529963824,58198833,0.0,0.0,0.0,0.0,0.0,0.0
1257,1529963824,68207986,0.0,0.0,0.0,0.0,0.0,0.0
1258,1529963824,78189085,0.0,0.0,0.0,0.0,0.0,0.0
1259,1529963824,88184162,0.0,0.0,0.0,0.0,0.0,0.0
1260,1529963824,98189158,0.0,0.0,0.0,0.0,0.0,0.0
1261,1529963824,108188432,0.0,0.0,0.0,0.0,0.0,0.0
1262,1529963824,118189667,0.0,0.0,0.0,0.0,0.0,0.0
1263,1529963824,128186737,0.0,0.0,0.0,0.0,0.0,0.0
1264,1529963824,138192157,0.0,0.0,0.0,0.0,0.0,0.0
1265,1529963824,148192477,0.0,0.0,0.0,0.0,0.0,0.0
1266,1529963824,158191305,0.0,0.0,0.0,0.0,0.0,0.0
1267,1529963824,168195199,0.0,0.0,0.0,0.0,0.0,0.0
1268,1529963824,178202252,0.0,0.0,0.0,0.0,0.0,0.0
1269,1529963824,188194805,0.0,0.0,0.0,0.0,0.0,0.0
1270,1529963824,198190736,0.0,0.0,0.0,0.0,0.0,0.0
1271,1529963824,208190564,0.0,0.0,0.0,0.0,0.0,0.0
1272,1529963824,218199393,0.0,0.0,0.0,0.0,0.0,0.0
1273,1529963824,228192985,0.0,0.0,0.0,0.0,0.0,0.0
1274,1529963824,238189369,0.0,0.0,0.0,0.0,0.0,0.0
1275,1529963824,248204072,0.0,0.0,0.0,0.0,0.0,0.0
1276,1529963824,258191984,0.0,0.0,0.0,0.0,0.0,0.0
1277,1529963824,268183607,0.0,0.0,0.0,0.0,0.0,0.0
1278,1529963824,278199926,0.0,0.0,0.0,0.0,0.0,0.0
1279,1529963824,288195829,0.0,0.0,0.0,0.0,0.0,0.0
1280,1529963824,298234423,0.0,0.0,0.0,0.0,0.0,0.0
1281,1529963824,308186943,0.0,0.0,0.0,0.0,0.0,0.0
1282,1529963824,318198519,0.0,0.0,0.0,0.0,0.0,0.0
1283,1529963824,328192648,0.0,0.0,0.0,0.0,0.0,0.0
1284,1529963824,338194713,0.0,0.0,0.0,0.0,0.0,0.0
1285,1529963824,348187257,0.0,0.0,0.0,0.0,0.0,0.0
1286,1529963824,358191549,0.0,0.0,0.0,0.0,0.0,0.0
1287,1529963824,368194794,0.0,0.0,0.0,0.0,0.0,0.0
1288,1529963824,378187356,0.0,0.0,0.0,0.0,0.0,0.0
1289,1529963824,388191613,0.0,0.0,0.0,0.0,0.0,0.0
1290,1529963824,398191420,0.0,0.0,0.0,0.0,0.0,0.0
1291,1529963824,408197377,0.0,0.0,0.0,0.0,0.0,0.0
1292,1529963824,418193460,0.0,0.0,0.0,0.0,0.0,0.0
1293,1529963824,428189528,0.0,0.0,0.0,0.0,0.0,0.0
1294,1529963824,438195166,0.0,0.0,0.0,0.0,0.0,0.0
1295,1529963824,448187283,0.0,0.0,0.0,0.0,0.0,0.0
1296,1529963824,458185899,0.0,0.0,0.0,0.0,0.0,0.0
1297,1529963824,468186128,0.0,0.0,0.0,0.0,0.0,0.0
1298,1529963824,478190822,0.0,0.0,0.0,0.0,0.0,0.0
1299,1529963824,488185352,0.0,0.0,0.0,0.0,0.0,0.0
1300,1529963824,498191081,0.0,0.0,0.0,0.0,0.0,0.0
1301,1529963824,508187220,0.0,0.0,0.0,0.0,0.0,0.0
1302,1529963824,518187560,0.0,0.0,0.0,0.0,0.0,0.0
1303,1529963824,528185214,0.0,0.0,0.0,0.0,0.0,0.0
1304,1529963824,538201180,0.0,0.0,0.0,0.0,0.0,0.0
1305,1529963824,548190848,0.0,0.0,0.0,0.0,0.0,0.0
1306,1529963824,558193584,0.0,0.0,0.0,0.0,0.0,0.0
1307,1529963824,568186625,0.0,0.0,0.0,0.0,0.0,0.0
1308,1529963824,578190062,0.0,0.0,0.0,0.0,0.0,0.0
1309,1529963824,588192126,0.0,0.0,0.0,0.0,0.0,0.0
1310,1529963824,598196781,0.0,0.0,0.0,0.0,0.0,0.0
1311,1529963824,608187051,0.0,0.0,0.0,0.0,0.0,0.0
1312,1529963824,618191044,0.0,0.0,0.0,0.0,0.0,0.0
1313,1529963824,628203026,0.0,0.0,0.0,0.0,0.0,0.0
1314,1529963824,638196529,0.0,0.0,0.0,0.0,0.0,0.0
1315,1529963824,648188670,0.0,0.0,0.0,0.0,0.0,0.0
1316,1529963824,658189858,0.0,0.0,0.0,0.0,0.0,0.0
1317,1529963824,668199815,0.0,0.0,0.0,0.0,0.0,0.0
1318,1529963824,678190760,0.0,0.0,0.0,0.0,0.0,0.0
1319,1529963824,688188006,0.0,0.0,0.0,0.0,0.0,0.0
1320,1529963824,698193398,0.0,0.0,0.0,0.0,0.0,0.0
1321,1529963824,708192176,0.0,0.0,0.0,0.0,0.0,0.0
1322,1529963824,718198541,0.0,0.0,0.0,0.0,0.0,0.0
1323,1529963824,728193965,0.0,0.0,0.0,0.0,0.0,0.0
1324,1529963824,738189597,0.0,0.0,0.0,0.0,0.0,0.0
1325,1529963824,748188561,0.0,0.0,0.0,0.0,0.0,0.0
1326,1529963824,758202819,0.0,0.0,0.0,0.0,0.0,0.0
1327,1529963824,768197266,0.0,0.0,0.0,0.0,0.0,0.0
1328,1529963824,778196445,0.0,0.0,0.0,0.0,0.0,0.0
1329,1529963824,788222659,0.0,0.0,0.0,0.0,0.0,0.0
1330,1529963824,798192202,0.0,0.0,0.0,0.0,0.0,0.0
1331,1529963824,808193247,0.0,0.0,0.0,0.0,0.0,0.0
1332,1529963824,818199466,0.0,0.0,0.0,0.0,0.0,0.0
1333,1529963824,828188034,0.0,0.0,0.0,0.0,0.0,0.0
1334,1529963824,838229562,0.0,0.0,0.0,0.0,0.0,0.0
1335,1529963824,848190652,0.0,0.0,0.0,0.0,0.0,0.0
1336,1529963824,858198985,0.0,0.0,0.0,0.0,0.0,0.0
1337,1529963824,868172783,0.0,0.0,0.0,0.0,0.0,0.0
1338,1529963824,878186635,0.0,0.0,0.0,0.0,0.0,0.0
1339,1529963824,888194773,0.0,0.0,0.0,0.0,0.0,0.0
1340,1529963824,898206562,0.0,0.0,0.0,0.0,0.0,0.0
1341,1529963824,908185744,0.0,0.0,0.0,0.0,0.0,0.0
1342,1529963824,918212743,0.0,0.0,0.0,0.0,0.0,0.0
1343,1529963824,928184730,0.0,0.0,0.0,0.0,0.0,0.0
1344,1529963824,938196706,0.0,0.0,0.0,0.0,0.0,0.0
1345,1529963824,948191664,0.0,0.0,0.0,0.0,0.0,0.0
1346,1529963824,958193830,0.0,0.0,0.0,0.0,0.0,0.0
1347,1529963824,968186579,0.0,0.0,0.0,0.0,0.0,0.0
1348,1529963824,978188490,0.0,0.0,0.0,0.0,0.0,0.0
1349,1529963824,988195218,0.0,0.0,0.0,0.0,0.0,0.0
1350,1529963824,998193910,0.0,0.0,0.0,0.0,0.0,0.0
1351,1529963825,8189576,0.0,0.0,0.0,0.0,0.0,0.0
1352,1529963825,18191122,0.0,0.0,0.0,0.0,0.0,0.0
1353,1529963825,28193061,0.0,0.0,0.0,0.0,0.0,0.0
1354,1529963825,38190810,0.0,0.0,0.0,0.0,0.0,0.0
1355,1529963825,48188687,0.0,0.0,0.0,0.0,0.0,0.0
1356,1529963825,58194767,0.0,0.0,0.0,0.0,0.0,0.0
1357,1529963825,68209833,0.0,0.0,0.0,0.0,0.0,0.0
1358,1529963825,78192193,0.0,0.0,0.0,0.0,0.0,0.0
1359,1529963825,88194032,0.0,0.0,0.0,0.0,0.0,0.0
1360,1529963825,98192601,0.0,0.0,0.0,0.0,0.0,0.0
1361,1529963825,108189166,0.0,0.0,0.0,0.0,0.0,0.0
1362,1529963825,118187287,0.0,0.0,0.0,0.0,0.0,0.0
1363,1529963825,128195372,0.0,0.0,0.0,0.0,0.0,0.0
1364,1529963825,138200239,0.0,0.0,0.0,0.0,0.0,0.0
1365,1529963825,148185411,0.0,0.0,0.0,0.0,0.0,0.0
1366,1529963825,158190983,0.0,0.0,0.0,0.0,0.0,0.0
1367,1529963825,168191312,0.0,0.0,0.0,0.0,0.0,0.0
1368,1529963825,178200839,0.0,0.0,0.0,0.0,0.0,0.0
1369,1529963825,188186029,0.0,0.0,0.0,0.0,0.0,0.0
1370,1529963825,198215699,0.0,0.0,0.0,0.0,0.0,0.0
1371,1529963825,208194802,0.0,0.0,0.0,0.0,0.0,0.0
1372,1529963825,218187992,0.0,0.0,0.0,0.0,0.0,0.0
1373,1529963825,228195436,0.0,0.0,0.0,0.0,0.0,0.0
1374,1529963825,238190443,0.0,0.0,0.0,0.0,0.0,0.0
1375,1529963825,248189948,0.0,0.0,0.0,0.0,0.0,0.0
1376,1529963825,258194418,0.0,0.0,0.0,0.0,0.0,0.0
1377,1529963825,268186854,0.0,0.0,0.0,0.0,0.0,0.0
1378,1529963825,278190019,0.0,0.0,0.0,0.0,0.0,0.0
1379,1529963825,288189823,0.0,0.0,0.0,0.0,0.0,0.0
1380,1529963825,298189703,0.0,0.0,0.0,0.0,0.0,0.0
1381,1529963825,308187535,0.0,0.0,0.0,0.0,0.0,0.0
1382,1529963825,318190843,0.0,0.0,0.0,0.0,0.0,0.0
1383,1529963825,328193654,0.0,0.0,0.0,0.0,0.0,0.0
1384,1529963825,338190472,0.0,0.0,0.0,0.0,0.0,0.0
1385,1529963825,348190837,0.0,0.0,0.0,0.0,0.0,0.0
1386,1529963825,358191465,0.0,0.0,0.0,0.0,0.0,0.0
1387,1529963825,368192911,0.0,0.0,0.0,0.0,0.0,0.0
1388,1529963825,378198851,0.0,0.0,0.0,0.0,0.0,0.0
1389,1529963825,388185776,0.0,0.0,0.0,0.0,0.0,0.0
1390,1529963825,398188448,0.0,0.0,0.0,0.0,0.0,0.0
1391,1529963825,408184963,0.0,0.0,0.0,0.0,0.0,0.0
1392,1529963825,418207421,0.0,0.0,0.0,0.0,0.0,0.0
1393,1529963825,428236411,0.0,0.0,0.0,0.0,0.0,0.0
1394,1529963825,438198287,0.0,0.0,0.0,0.0,0.0,0.0
1395,1529963825,448185791,0.0,0.0,0.0,0.0,0.0,0.0
1396,1529963825,458220168,0.0,0.0,0.0,0.0,0.0,0.0
1397,1529963825,468194462,0.0,0.0,0.0,0.0,0.0,0.0
1398,1529963825,480024342,0.0,0.0,0.0,0.0,0.0,0.0
1399,1529963825,488185903,0.0,0.0,0.0,0.0,0.0,0.0
1400,1529963825,498196415,0.0,0.0,0.0,0.0,0.0,0.0
1401,1529963825,508193182,0.0,0.0,0.0,0.0,0.0,0.0
1402,1529963825,518189244,0.0,0.0,0.0,0.0,0.0,0.0
1403,1529963825,528187883,0.0,0.0,0.0,0.0,0.0,0.0
1404,1529963825,538193527,0.0,0.0,0.0,0.0,0.0,0.0
1405,1529963825,548203240,0.0,0.0,0.0,0.0,0.0,0.0
1406,1529963825,558192351,0.0,0.0,0.0,0.0,0.0,0.0
1407,1529963825,568192423,0.0,0.0,0.0,0.0,0.0,0.0
1408,1529963825,578206513,0.0,0.0,0.0,0.0,0.0,0.0
1409,1529963825,588194991,112.0,112.0,0.0,0.0,0.0,0.0
1410,1529963825,598240019,134.0,134.0,0.0,0.0,0.0,0.0
1411,1529963825,608195120,134.0,134.0,0.0,0.0,0.0,0.0
1412,1529963825,618198245,134.0,134.0,0.0,0.0,0.0,0.0
1413,1529963825,628189964,156.0,156.0,0.0,0.0,0.0,0.0
1414,1529963825,638203960,175.0,175.0,0.0,0.0,0.0,0.0
1415,1529963825,648195786,175.0,175.0,0.0,0.0,0.0,0.0
1416,1529963825,658197791,175.0,175.0,0.0,0.0,0.0,0.0
1417,1529963825,668196735,189.0,189.0,0.0,0.0,0.0,0.0
1418,1529963825,678194654,194.0,194.0,0.0,0.0,0.0,0.0
1419,1529963825,688218615,194.0,194.0,0.0,0.0,0.0,0.0
1420,1529963825,698200513,194.0,194.0,0.0,0.0,0.0,0.0
1421,1529963825,708193171,200.0,200.0,0.0,0.0,0.0,0.0
1422,1529963825,718189341,214.0,214.0,0.0,0.0,0.0,0.0
1423,1529963825,728193522,214.0,214.0,0.0,0.0,0.0,0.0
1424,1529963825,738191005,214.0,214.0,0.0,0.0,0.0,0.0
1425,1529963825,748188403,218.0,218.0,0.0,0.0,0.0,0.0
1426,1529963825,758191728,225.0,225.0,0.0,0.0,0.0,0.0
1427,1529963825,768217413,225.0,225.0,0.0,0.0,0.0,0.0
1428,1529963825,778210945,225.0,225.0,0.0,0.0,0.0,0.0
1429,1529963825,788206672,240.0,240.0,0.0,0.0,0.0,0.0
1430,1529963825,798205564,241.0,241.0,0.0,0.0,0.0,0.0
1431,1529963825,808214789,241.0,241.0,0.0,0.0,0.0,0.0
1432,1529963825,818194340,241.0,241.0,0.0,0.0,0.0,0.0
1433,1529963825,828190662,245.0,245.0,0.0,0.0,0.0,0.0
1434,1529963825,838192130,249.0,247.0,0.0,0.0,0.0,0.0
1435,1529963825,848190994,249.0,247.0,0.0,0.0,0.0,0.0
1436,1529963825,858175052,249.0,247.0,0.0,0.0,0.0,0.0
1437,1529963825,868193432,253.0,245.0,0.0,0.0,0.0,0.0
1438,1529963825,878192531,258.0,242.0,0.0,0.0,0.0,0.0
1439,1529963825,888190993,258.0,242.0,0.0,0.0,0.0,0.0
1440,1529963825,898200979,258.0,242.0,0.0,0.0,0.0,0.0
1441,1529963825,908195345,264.0,230.0,0.0,0.0,0.0,0.0
1442,1529963825,918195571,268.0,230.0,0.0,0.0,0.0,0.0
1443,1529963825,928189502,268.0,230.0,0.0,0.0,0.0,0.0
1444,1529963825,938194432,268.0,230.0,0.0,0.0,0.0,0.0
1445,1529963825,948194112,270.0,225.0,0.0,0.0,0.0,0.0
1446,1529963825,958196622,270.0,225.0,0.0,0.0,0.0,0.0
1447,1529963825,968193464,272.0,222.0,0.0,0.0,0.0,0.0
1448,1529963825,978195711,272.0,222.0,0.0,0.0,0.0,0.0
1449,1529963825,988200200,273.0,221.0,0.0,0.0,0.0,0.0
1450,1529963825,998195384,273.0,219.0,0.0,0.0,0.0,0.0
1451,1529963826,8190998,273.0,219.0,0.0,0.0,0.0,0.0
1452,1529963826,18197138,273.0,219.0,0.0,0.0,0.0,0.0
1453,1529963826,28196950,273.0,217.0,0.0,0.0,0.0,0.0
1454,1529963826,38196397,274.0,215.0,0.0,0.0,0.0,0.0
1455,1529963826,48191826,274.0,215.0,0.0,0.0,0.0,0.0
1456,1529963826,58197222,274.0,215.0,0.0,0.0,0.0,0.0
1457,1529963826,68191942,274.0,213.0,0.0,0.0,0.0,0.0
1458,1529963826,78198979,274.0,211.0,0.0,0.0,0.0,0.0
1459,1529963826,88202729,274.0,211.0,0.0,0.0,0.0,0.0
1460,1529963826,98192549,274.0,211.0,0.0,0.0,0.0,0.0
1461,1529963826,108190697,274.0,208.0,0.0,0.0,0.0,0.0
1462,1529963826,118203092,273.0,205.0,0.0,0.0,0.0,0.0
1463,1529963826,128197103,273.0,205.0,0.0,0.0,0.0,0.0
1464,1529963826,138196884,273.0,205.0,0.0,0.0,0.0,0.0
1465,1529963826,148177983,273.0,199.0,0.0,0.0,0.0,0.0
1466,1529963826,158199135,272.0,197.0,0.0,0.0,0.0,0.0
1467,1529963826,168194430,272.0,197.0,0.0,0.0,0.0,0.0
1468,1529963826,178201677,272.0,197.0,0.0,0.0,0.0,0.0
1469,1529963826,188190795,271.0,194.0,0.0,0.0,0.0,0.0
1470,1529963826,198195636,270.0,193.0,0.0,0.0,0.0,0.0
1471,1529963826,208199039,270.0,193.0,0.0,0.0,0.0,0.0
1472,1529963826,218195198,270.0,193.0,0.0,0.0,0.0,0.0
1473,1529963826,228198415,268.0,192.0,0.0,0.0,0.0,0.0
1474,1529963826,238198193,265.0,198.0,0.0,0.0,0.0,0.0
1475,1529963826,248212141,265.0,198.0,0.0,0.0,0.0,0.0
1476,1529963826,258204642,265.0,198.0,0.0,0.0,0.0,0.0
1477,1529963826,268206981,256.0,216.0,0.0,0.0,0.0,0.0
1478,1529963826,278204716,252.0,236.0,0.0,0.0,0.0,0.0
1479,1529963826,288199304,252.0,236.0,0.0,0.0,0.0,0.0
1480,1529963826,298215633,252.0,236.0,0.0,0.0,0.0,0.0
1481,1529963826,308193155,250.0,250.0,0.0,0.0,0.0,0.0
1482,1529963826,318193002,250.0,250.0,0.0,0.0,0.0,0.0
1483,1529963826,328191104,250.0,250.0,0.0,0.0,0.0,0.0
1484,1529963826,338210766,250.0,250.0,0.0,0.0,0.0,0.0
1485,1529963826,348194453,250.0,250.0,0.0,0.0,0.0,0.0
1486,1529963826,358204770,250.0,250.0,0.0,0.0,0.0,0.0
1487,1529963826,368223449,250.0,250.0,0.0,0.0,0.0,0.0
1488,1529963826,378199635,250.0,250.0,0.0,0.0,0.0,0.0
1489,1529963826,388195468,250.0,250.0,0.0,0.0,0.0,0.0
1490,1529963826,398190420,251.0,251.0,0.0,0.0,0.0,0.0
1491,1529963826,408193037,251.0,251.0,0.0,0.0,0.0,0.0
1492,1529963826,418196065,251.0,251.0,0.0,0.0,0.0,0.0
1493,1529963826,428247702,251.0,251.0,0.0,0.0,0.0,0.0
1494,1529963826,438192162,252.0,252.0,0.0,0.0,0.0,0.0
1495,1529963826,448191628,252.0,252.0,0.0,0.0,0.0,0.0
1496,1529963826,458191910,252.0,252.0,0.0,0.0,0.0,0.0
1497,1529963826,468198857,252.0,252.0,0.0,0.0,0.0,0.0
1498,1529963826,478200122,252.0,252.0,0.0,0.0,0.0,0.0
1499,1529963826,488198563,252.0,252.0,0.0,0.0,0.0,0.0
1500,1529963826,498191165,252.0,252.0,0.0,0.0,0.0,0.0
1501,1529963826,508219845,252.0,252.0,0.0,0.0,0.0,0.0
1502,1529963826,518196753,252.0,252.0,0.0,0.0,0.0,0.0
1503,1529963826,528193050,252.0,252.0,0.0,0.0,0.0,0.0
1504,1529963826,538192930,252.0,252.0,0.0,0.0,0.0,0.0
1505,1529963826,548190295,252.0,252.0,0.0,0.0,0.0,0.0
1506,1529963826,558211971,252.0,252.0,0.0,0.0,0.0,0.0
1507,1529963826,568193278,252.0,252.0,0.0,0.0,0.0,0.0
1508,1529963826,578196151,252.0,252.0,0.0,0.0,0.0,0.0
1509,1529963826,588193258,252.0,252.0,0.0,0.0,0.0,0.0
1510,1529963826,598210134,252.0,252.0,0.0,0.0,0.0,0.0
1511,1529963826,608193505,252.0,252.0,0.0,0.0,0.0,0.0
1512,1529963826,618219342,252.0,252.0,0.0,0.0,0.0,0.0
1513,1529963826,628203219,251.0,251.0,0.0,0.0,0.0,0.0
1514,1529963826,638205868,250.0,250.0,0.0,0.0,0.0,0.0
1515,1529963826,648193041,250.0,250.0,0.0,0.0,0.0,0.0
1516,1529963826,658194145,250.0,250.0,0.0,0.0,0.0,0.0
1517,1529963826,668200542,249.0,249.0,0.0,0.0,0.0,0.0
1518,1529963826,678198039,248.0,248.0,0.0,0.0,0.0,0.0
1519,1529963826,688209946,248.0,248.0,0.0,0.0,0.0,0.0
1520,1529963826,698204557,248.0,248.0,0.0,0.0,0.0,0.0
1521,1529963826,708203189,248.0,248.0,0.0,0.0,0.0,0.0
1522,1529963826,718210826,248.0,248.0,0.0,0.0,0.0,0.0
1523,1529963826,728197423,248.0,248.0,0.0,0.0,0.0,0.0
1524,1529963826,738217471,248.0,248.0,0.0,0.0,0.0,0.0
1525,1529963826,748203057,246.0,246.0,0.0,0.0,0.0,0.0
1526,1529963826,758203460,246.0,246.0,0.0,0.0,0.0,0.0
1527,1529963826,768208673,246.0,246.0,0.0,0.0,0.0,0.0
1528,1529963826,778194265,246.0,246.0,0.0,0.0,0.0,0.0
1529,1529963826,788190202,244.0,244.0,0.0,0.0,0.0,0.0
1530,1529963826,798191095,243.0,243.0,0.0,0.0,0.0,0.0
1531,1529963826,808195257,243.0,243.0,0.0,0.0,0.0,0.0
1532,1529963826,818202807,243.0,243.0,0.0,0.0,0.0,0.0
1533,1529963826,828194363,241.0,241.0,0.0,0.0,0.0,0.0
1534,1529963826,838194450,240.0,240.0,0.0,0.0,0.0,0.0
1535,1529963826,848188557,240.0,240.0,0.0,0.0,0.0,0.0
1536,1529963826,858190977,240.0,240.0,0.0,0.0,0.0,0.0
1537,1529963826,868193604,236.0,240.0,0.0,0.0,0.0,0.0
1538,1529963826,878191581,236.0,240.0,0.0,0.0,0.0,0.0
1539,1529963826,888188359,228.0,240.0,0.0,0.0,0.0,0.0
1540,1529963826,898197647,228.0,240.0,0.0,0.0,0.0,0.0
1541,1529963826,908200670,221.0,241.0,0.0,0.0,0.0,0.0
1542,1529963826,918195253,221.0,241.0,0.0,0.0,0.0,0.0
1543,1529963826,928187921,214.0,242.0,0.0,0.0,0.0,0.0
1544,1529963826,938197130,214.0,242.0,0.0,0.0,0.0,0.0
1545,1529963826,948196110,208.0,242.0,0.0,0.0,0.0,0.0
1546,1529963826,958191262,203.0,243.0,0.0,0.0,0.0,0.0
1547,1529963826,968189103,203.0,243.0,0.0,0.0,0.0,0.0
1548,1529963826,978192629,203.0,243.0,0.0,0.0,0.0,0.0
1549,1529963826,988200706,198.0,243.0,0.0,0.0,0.0,0.0
1550,1529963826,998194153,197.0,244.0,0.0,0.0,0.0,0.0
1551,1529963827,8190156,197.0,244.0,0.0,0.0,0.0,0.0
1552,1529963827,18190467,197.0,244.0,0.0,0.0,0.0,0.0
1553,1529963827,28189517,195.0,244.0,0.0,0.0,0.0,0.0
1554,1529963827,38196906,194.0,244.0,0.0,0.0,0.0,0.0
1555,1529963827,48196290,194.0,244.0,0.0,0.0,0.0,0.0
1556,1529963827,58191903,194.0,244.0,0.0,0.0,0.0,0.0
1557,1529963827,68190127,193.0,245.0,0.0,0.0,0.0,0.0
1558,1529963827,78190679,193.0,245.0,0.0,0.0,0.0,0.0
1559,1529963827,88204634,193.0,245.0,0.0,0.0,0.0,0.0
1560,1529963827,98191905,193.0,245.0,0.0,0.0,0.0,0.0
1561,1529963827,108203505,193.0,245.0,0.0,0.0,0.0,0.0
1562,1529963827,118193806,193.0,245.0,0.0,0.0,0.0,0.0
1563,1529963827,128204266,193.0,245.0,0.0,0.0,0.0,0.0
1564,1529963827,138200584,193.0,245.0,0.0,0.0,0.0,0.0
1565,1529963827,148206774,193.0,245.0,0.0,0.0,0.0,0.0
1566,1529963827,158196660,194.0,244.0,0.0,0.0,0.0,0.0
1567,1529963827,168197172,194.0,244.0,0.0,0.0,0.0,0.0
1568,1529963827,178195490,194.0,244.0,0.0,0.0,0.0,0.0
1569,1529963827,188194898,195.0,244.0,0.0,0.0,0.0,0.0
1570,1529963827,198193021,195.0,244.0,0.0,0.0,0.0,0.0
1571,1529963827,208188633,195.0,244.0,0.0,0.0,0.0,0.0
1572,1529963827,218199255,195.0,244.0,0.0,0.0,0.0,0.0
1573,1529963827,228191395,195.0,244.0,0.0,0.0,0.0,0.0
1574,1529963827,238193154,195.0,244.0,0.0,0.0,0.0,0.0
1575,1529963827,248142455,195.0,244.0,0.0,0.0,0.0,0.0
1576,1529963827,258198803,195.0,244.0,0.0,0.0,0.0,0.0
1577,1529963827,268195584,195.0,244.0,0.0,0.0,0.0,0.0
1578,1529963827,278193772,194.0,244.0,0.0,0.0,0.0,0.0
1579,1529963827,288191443,194.0,244.0,0.0,0.0,0.0,0.0
1580,1529963827,298193936,194.0,244.0,0.0,0.0,0.0,0.0
1581,1529963827,308196551,193.0,245.0,0.0,0.0,0.0,0.0
1582,1529963827,318191830,192.0,245.0,0.0,0.0,0.0,0.0
1583,1529963827,328188591,192.0,245.0,0.0,0.0,0.0,0.0
1584,1529963827,338198817,192.0,245.0,0.0,0.0,0.0,0.0
1585,1529963827,348199981,188.0,246.0,0.0,0.0,0.0,0.0
1586,1529963827,358189882,187.0,246.0,0.0,0.0,0.0,0.0
1587,1529963827,368190165,187.0,246.0,0.0,0.0,0.0,0.0
1588,1529963827,378188281,187.0,246.0,0.0,0.0,0.0,0.0
1589,1529963827,388198475,185.0,246.0,0.0,0.0,0.0,0.0
1590,1529963827,398209688,181.0,247.0,0.0,0.0,0.0,0.0
1591,1529963827,408189981,181.0,247.0,0.0,0.0,0.0,0.0
1592,1529963827,418200540,181.0,247.0,0.0,0.0,0.0,0.0
1593,1529963827,428189818,175.0,247.0,0.0,0.0,0.0,0.0
1594,1529963827,438197316,170.0,247.0,0.0,0.0,0.0,0.0
1595,1529963827,448197997,170.0,247.0,0.0,0.0,0.0,0.0
1596,1529963827,458196131,170.0,247.0,0.0,0.0,0.0,0.0
1597,1529963827,468194473,166.0,247.0,0.0,0.0,0.0,0.0
1598,1529963827,478203233,160.0,248.0,0.0,0.0,0.0,0.0
1599,1529963827,488196256,160.0,248.0,0.0,0.0,0.0,0.0
1600,1529963827,498191196,160.0,248.0,0.0,0.0,0.0,0.0
1601,1529963827,508190744,157.0,249.0,0.0,0.0,0.0,0.0
1602,1529963827,518193236,155.0,250.0,0.0,0.0,0.0,0.0
1603,1529963827,528191647,155.0,250.0,0.0,0.0,0.0,0.0
1604,1529963827,538194591,155.0,250.0,0.0,0.0,0.0,0.0
1605,1529963827,548192710,154.0,251.0,0.0,0.0,0.0,0.0
1606,1529963827,558197797,153.0,251.0,0.0,0.0,0.0,0.0
1607,1529963827,568198707,153.0,251.0,0.0,0.0,0.0,0.0
1608,1529963827,578201511,153.0,251.0,0.0,0.0,0.0,0.0
1609,1529963827,588192374,152.0,252.0,0.0,0.0,0.0,0.0
1610,1529963827,598189867,152.0,252.0,0.0,0.0,0.0,0.0
1611,1529963827,608190694,152.0,252.0,0.0,0.0,0.0,0.0
1612,1529963827,618195215,152.0,252.0,0.0,0.0,0.0,0.0
1613,1529963827,628193279,152.0,252.0,0.0,0.0,0.0,0.0
1614,1529963827,638191650,153.0,253.0,0.0,0.0,0.0,0.0
1615,1529963827,648190619,153.0,253.0,0.0,0.0,0.0,0.0
1616,1529963827,658201763,153.0,253.0,0.0,0.0,0.0,0.0
1617,1529963827,668191916,154.0,253.0,0.0,0.0,0.0,0.0
1618,1529963827,678190753,154.0,255.0,0.0,0.0,0.0,0.0
1619,1529963827,688187955,154.0,255.0,0.0,0.0,0.0,0.0
1620,1529963827,698194552,154.0,255.0,0.0,0.0,0.0,0.0
1621,1529963827,708155956,154.0,256.0,0.0,0.0,0.0,0.0
1622,1529963827,718193517,154.0,256.0,0.0,0.0,0.0,0.0
1623,1529963827,728188940,154.0,256.0,0.0,0.0,0.0,0.0
1624,1529963827,738192461,154.0,256.0,0.0,0.0,0.0,0.0
1625,1529963827,748195344,155.0,257.0,0.0,0.0,0.0,0.0
1626,1529963827,758190094,156.0,257.0,0.0,0.0,0.0,0.0
1627,1529963827,768189839,156.0,257.0,0.0,0.0,0.0,0.0
1628,1529963827,778191103,156.0,257.0,0.0,0.0,0.0,0.0
1629,1529963827,788199287,157.0,258.0,0.0,0.0,0.0,0.0
1630,1529963827,798202993,157.0,259.0,0.0,0.0,0.0,0.0
1631,1529963827,808193734,157.0,259.0,0.0,0.0,0.0,0.0
1632,1529963827,818190020,157.0,259.0,0.0,0.0,0.0,0.0
1633,1529963827,828193281,156.0,260.0,0.0,0.0,0.0,0.0
1634,1529963827,838201444,157.0,260.0,0.0,0.0,0.0,0.0
1635,1529963827,848191690,157.0,260.0,0.0,0.0,0.0,0.0
1636,1529963827,858193581,157.0,260.0,0.0,0.0,0.0,0.0
1637,1529963827,868190495,157.0,260.0,0.0,0.0,0.0,0.0
1638,1529963827,878198594,157.0,260.0,0.0,0.0,0.0,0.0
1639,1529963827,888192592,157.0,260.0,0.0,0.0,0.0,0.0
1640,1529963827,898192672,157.0,260.0,0.0,0.0,0.0,0.0
1641,1529963827,908193248,157.0,260.0,0.0,0.0,0.0,0.0
1642,1529963827,918207262,157.0,260.0,0.0,0.0,0.0,0.0
1643,1529963827,928196721,157.0,260.0,0.0,0.0,0.0,0.0
1644,1529963827,938192118,157.0,260.0,0.0,0.0,0.0,0.0
1645,1529963827,948198230,157.0,260.0,0.0,0.0,0.0,0.0
1646,1529963827,958193379,157.0,260.0,0.0,0.0,0.0,0.0
1647,1529963827,968194269,157.0,260.0,0.0,0.0,0.0,0.0
1648,1529963827,978194911,157.0,260.0,0.0,0.0,0.0,0.0
1649,1529963827,988193727,159.0,261.0,0.0,0.0,0.0,0.0
1650,1529963827,998198342,163.0,260.0,0.0,0.0,0.0,0.0
1651,1529963828,8197340,163.0,260.0,0.0,0.0,0.0,0.0
1652,1529963828,18197828,163.0,260.0,0.0,0.0,0.0,0.0
1653,1529963828,28188477,170.0,258.0,0.0,0.0,0.0,0.0
1654,1529963828,38195498,188.0,253.0,0.0,0.0,0.0,0.0
1655,1529963828,48194124,188.0,253.0,0.0,0.0,0.0,0.0
1656,1529963828,58200909,188.0,253.0,0.0,0.0,0.0,0.0
1657,1529963828,68193891,196.0,253.0,0.0,0.0,0.0,0.0
1658,1529963828,78196386,220.0,250.0,0.0,0.0,0.0,0.0
1659,1529963828,88190017,220.0,250.0,0.0,0.0,0.0,0.0
1660,1529963828,98195553,220.0,250.0,0.0,0.0,0.0,0.0
1661,1529963828,108192477,227.0,250.0,0.0,0.0,0.0,0.0
1662,1529963828,118197671,248.0,249.0,0.0,0.0,0.0,0.0
1663,1529963828,128193328,248.0,249.0,0.0,0.0,0.0,0.0
1664,1529963828,138209183,248.0,249.0,0.0,0.0,0.0,0.0
1665,1529963828,148197460,249.0,249.0,0.0,0.0,0.0,0.0
1666,1529963828,158201161,249.0,249.0,0.0,0.0,0.0,0.0
1667,1529963828,168190035,249.0,249.0,0.0,0.0,0.0,0.0
1668,1529963828,178203090,249.0,249.0,0.0,0.0,0.0,0.0
1669,1529963828,188195989,249.0,249.0,0.0,0.0,0.0,0.0
1670,1529963828,198192868,249.0,249.0,0.0,0.0,0.0,0.0
1671,1529963828,208192396,249.0,249.0,0.0,0.0,0.0,0.0
1672,1529963828,218198394,249.0,249.0,0.0,0.0,0.0,0.0
1673,1529963828,228196774,249.0,249.0,0.0,0.0,0.0,0.0
1674,1529963828,238193249,249.0,249.0,0.0,0.0,0.0,0.0
1675,1529963828,248191799,249.0,249.0,0.0,0.0,0.0,0.0
1676,1529963828,258196605,249.0,249.0,0.0,0.0,0.0,0.0
1677,1529963828,268197084,248.0,248.0,0.0,0.0,0.0,0.0
1678,1529963828,278201243,247.0,247.0,0.0,0.0,0.0,0.0
1679,1529963828,288194283,247.0,247.0,0.0,0.0,0.0,0.0
1680,1529963828,298191861,247.0,247.0,0.0,0.0,0.0,0.0
1681,1529963828,308193453,247.0,247.0,0.0,0.0,0.0,0.0
1682,1529963828,318192752,246.0,246.0,0.0,0.0,0.0,0.0
1683,1529963828,328197425,246.0,246.0,0.0,0.0,0.0,0.0
1684,1529963828,338196258,246.0,246.0,0.0,0.0,0.0,0.0
1685,1529963828,348193795,246.0,246.0,0.0,0.0,0.0,0.0
1686,1529963828,358210482,245.0,245.0,0.0,0.0,0.0,0.0
1687,1529963828,368191817,245.0,245.0,0.0,0.0,0.0,0.0
1688,1529963828,378190981,245.0,245.0,0.0,0.0,0.0,0.0
1689,1529963828,388189392,245.0,245.0,0.0,0.0,0.0,0.0
1690,1529963828,398200984,245.0,245.0,0.0,0.0,0.0,0.0
1691,1529963828,408195297,245.0,245.0,0.0,0.0,0.0,0.0
1692,1529963828,418193728,245.0,245.0,0.0,0.0,0.0,0.0
1693,1529963828,428188000,245.0,245.0,0.0,0.0,0.0,0.0
1694,1529963828,438197346,244.0,244.0,0.0,0.0,0.0,0.0
1695,1529963828,448196297,244.0,244.0,0.0,0.0,0.0,0.0
1696,1529963828,458198755,244.0,244.0,0.0,0.0,0.0,0.0
1697,1529963828,468188652,244.0,244.0,0.0,0.0,0.0,0.0
1698,1529963828,478194912,243.0,243.0,0.0,0.0,0.0,0.0
1699,1529963828,489834037,243.0,243.0,0.0,0.0,0.0,0.0
1700,1529963828,498196682,243.0,243.0,0.0,0.0,0.0,0.0
1701,1529963828,508188634,243.0,243.0,0.0,0.0,0.0,0.0
1702,1529963828,518191263,243.0,243.0,0.0,0.0,0.0,0.0
1703,1529963828,528194084,243.0,243.0,0.0,0.0,0.0,0.0
1704,1529963828,538203946,243.0,243.0,0.0,0.0,0.0,0.0
1705,1529963828,548192465,243.0,243.0,0.0,0.0,0.0,0.0
1706,1529963828,558196001,243.0,243.0,0.0,0.0,0.0,0.0
1707,1529963828,568188783,243.0,243.0,0.0,0.0,0.0,0.0
1708,1529963828,578214098,243.0,243.0,0.0,0.0,0.0,0.0
1709,1529963828,588198262,243.0,243.0,0.0,0.0,0.0,0.0
1710,1529963828,598191185,243.0,243.0,0.0,0.0,0.0,0.0
1711,1529963828,608191484,243.0,243.0,0.0,0.0,0.0,0.0
1712,1529963828,618201547,243.0,243.0,0.0,0.0,0.0,0.0
1713,1529963828,628194038,243.0,243.0,0.0,0.0,0.0,0.0
1714,1529963828,638190855,243.0,243.0,0.0,0.0,0.0,0.0
1715,1529963828,648187850,243.0,243.0,0.0,0.0,0.0,0.0
1716,1529963828,658197164,243.0,243.0,0.0,0.0,0.0,0.0
1717,1529963828,668197798,243.0,243.0,0.0,0.0,0.0,0.0
1718,1529963828,678198195,243.0,243.0,0.0,0.0,0.0,0.0
1719,1529963828,688191333,243.0,243.0,0.0,0.0,0.0,0.0
1720,1529963828,698195571,243.0,243.0,0.0,0.0,0.0,0.0
1721,1529963828,708199634,243.0,243.0,0.0,0.0,0.0,0.0
1722,1529963828,718197051,243.0,243.0,0.0,0.0,0.0,0.0
1723,1529963828,728191003,243.0,243.0,0.0,0.0,0.0,0.0
1724,1529963828,738196283,243.0,243.0,0.0,0.0,0.0,0.0
1725,1529963828,748194308,243.0,243.0,0.0,0.0,0.0,0.0
1726,1529963828,758195970,243.0,243.0,0.0,0.0,0.0,0.0
1727,1529963828,768190439,243.0,243.0,0.0,0.0,0.0,0.0
1728,1529963828,778197084,243.0,243.0,0.0,0.0,0.0,0.0
1729,1529963828,788188532,243.0,243.0,0.0,0.0,0.0,0.0
1730,1529963828,798201127,243.0,243.0,0.0,0.0,0.0,0.0
1731,1529963828,808191266,243.0,243.0,0.0,0.0,0.0,0.0
1732,1529963828,818188679,243.0,243.0,0.0,0.0,0.0,0.0
1733,1529963828,828189428,243.0,243.0,0.0,0.0,0.0,0.0
1734,1529963828,838214971,243.0,243.0,0.0,0.0,0.0,0.0
1735,1529963828,848194316,243.0,243.0,0.0,0.0,0.0,0.0
1736,1529963828,858190866,243.0,243.0,0.0,0.0,0.0,0.0
1737,1529963828,868188568,243.0,243.0,0.0,0.0,0.0,0.0
1738,1529963828,878200128,243.0,243.0,0.0,0.0,0.0,0.0
1739,1529963828,888188898,243.0,243.0,0.0,0.0,0.0,0.0
1740,1529963828,898187990,243.0,243.0,0.0,0.0,0.0,0.0
1741,1529963828,908189440,243.0,243.0,0.0,0.0,0.0,0.0
1742,1529963828,918199523,243.0,243.0,0.0,0.0,0.0,0.0
1743,1529963828,928193340,243.0,243.0,0.0,0.0,0.0,0.0
1744,1529963828,938195981,243.0,243.0,0.0,0.0,0.0,0.0
1745,1529963828,948190594,243.0,243.0,0.0,0.0,0.0,0.0
1746,1529963828,958202314,243.0,243.0,0.0,0.0,0.0,0.0
1747,1529963828,968210354,243.0,243.0,0.0,0.0,0.0,0.0
1748,1529963828,978197759,243.0,243.0,0.0,0.0,0.0,0.0
1749,1529963828,988190337,243.0,243.0,0.0,0.0,0.0,0.0
1750,1529963828,998195124,243.0,243.0,0.0,0.0,0.0,0.0
1751,1529963829,8192593,243.0,243.0,0.0,0.0,0.0,0.0
1752,1529963829,18218023,243.0,243.0,0.0,0.0,0.0,0.0
1753,1529963829,28190714,243.0,243.0,0.0,0.0,0.0,0.0
1754,1529963829,38192931,243.0,243.0,0.0,0.0,0.0,0.0
1755,1529963829,48197318,243.0,243.0,0.0,0.0,0.0,0.0
1756,1529963829,58201415,243.0,243.0,0.0,0.0,0.0,0.0
1757,1529963829,68198096,243.0,243.0,0.0,0.0,0.0,0.0
1758,1529963829,78195946,243.0,243.0,0.0,0.0,0.0,0.0
1759,1529963829,88235250,243.0,243.0,0.0,0.0,0.0,0.0
1760,1529963829,98223733,243.0,243.0,0.0,0.0,0.0,0.0
1761,1529963829,108193125,243.0,243.0,0.0,0.0,0.0,0.0
1762,1529963829,118189562,243.0,243.0,0.0,0.0,0.0,0.0
1763,1529963829,128197130,243.0,243.0,0.0,0.0,0.0,0.0
1764,1529963829,138188476,243.0,243.0,0.0,0.0,0.0,0.0
1765,1529963829,148196407,243.0,243.0,0.0,0.0,0.0,0.0
1766,1529963829,158194817,243.0,243.0,0.0,0.0,0.0,0.0
1767,1529963829,168197227,243.0,243.0,0.0,0.0,0.0,0.0
1768,1529963829,178196807,243.0,243.0,0.0,0.0,0.0,0.0
1769,1529963829,188213711,243.0,243.0,0.0,0.0,0.0,0.0
1770,1529963829,198191611,243.0,243.0,0.0,0.0,0.0,0.0
1771,1529963829,208256563,243.0,243.0,0.0,0.0,0.0,0.0
1772,1529963829,218208111,243.0,243.0,0.0,0.0,0.0,0.0
1773,1529963829,228197536,243.0,243.0,0.0,0.0,0.0,0.0
1774,1529963829,238192878,243.0,243.0,0.0,0.0,0.0,0.0
1775,1529963829,248194747,243.0,243.0,0.0,0.0,0.0,0.0
1776,1529963829,258192820,243.0,243.0,0.0,0.0,0.0,0.0
1777,1529963829,268189912,243.0,243.0,0.0,0.0,0.0,0.0
1778,1529963829,278212796,243.0,243.0,0.0,0.0,0.0,0.0
1779,1529963829,288193959,243.0,243.0,0.0,0.0,0.0,0.0
1780,1529963829,298193954,243.0,243.0,0.0,0.0,0.0,0.0
1781,1529963829,308189306,243.0,243.0,0.0,0.0,0.0,0.0
1782,1529963829,318199976,243.0,243.0,0.0,0.0,0.0,0.0
1783,1529963829,328213004,243.0,243.0,0.0,0.0,0.0,0.0
1784,1529963829,338200759,243.0,243.0,0.0,0.0,0.0,0.0
1785,1529963829,348210523,243.0,243.0,0.0,0.0,0.0,0.0
1786,1529963829,358220949,243.0,243.0,0.0,0.0,0.0,0.0
1787,1529963829,368189949,243.0,243.0,0.0,0.0,0.0,0.0
1788,1529963829,378189939,243.0,243.0,0.0,0.0,0.0,0.0
1789,1529963829,388188529,243.0,243.0,0.0,0.0,0.0,0.0
1790,1529963829,398189493,243.0,243.0,0.0,0.0,0.0,0.0
1791,1529963829,408201831,243.0,243.0,0.0,0.0,0.0,0.0
1792,1529963829,418192076,243.0,243.0,0.0,0.0,0.0,0.0
1793,1529963829,428196746,243.0,243.0,0.0,0.0,0.0,0.0
1794,1529963829,438201432,243.0,243.0,0.0,0.0,0.0,0.0
1795,1529963829,448202063,243.0,243.0,0.0,0.0,0.0,0.0
1796,1529963829,459007205,243.0,243.0,0.0,0.0,0.0,0.0
1797,1529963829,468193805,243.0,243.0,0.0,0.0,0.0,0.0
1798,1529963829,478220858,244.0,244.0,0.0,0.0,0.0,0.0
1799,1529963829,492522646,244.0,244.0,0.0,0.0,0.0,0.0
1800,1529963829,498221243,245.0,245.0,0.0,0.0,0.0,0.0
1801,1529963829,508214739,245.0,245.0,0.0,0.0,0.0,0.0
1802,1529963829,518237177,246.0,246.0,0.0,0.0,0.0,0.0
1803,1529963829,528195900,246.0,246.0,0.0,0.0,0.0,0.0
1804,1529963829,538201769,246.0,246.0,0.0,0.0,0.0,0.0
1805,1529963829,548192893,246.0,246.0,0.0,0.0,0.0,0.0
1806,1529963829,558203703,246.0,246.0,0.0,0.0,0.0,0.0
1807,1529963829,568195072,246.0,246.0,0.0,0.0,0.0,0.0
1808,1529963829,578208519,246.0,246.0,0.0,0.0,0.0,0.0
1809,1529963829,588190755,247.0,247.0,0.0,0.0,0.0,0.0
1810,1529963829,598231014,247.0,247.0,0.0,0.0,0.0,0.0
1811,1529963829,608190761,247.0,247.0,0.0,0.0,0.0,0.0
1812,1529963829,618216092,247.0,247.0,0.0,0.0,0.0,0.0
1813,1529963829,628198785,247.0,247.0,0.0,0.0,0.0,0.0
1814,1529963829,638188160,248.0,248.0,0.0,0.0,0.0,0.0
1815,1529963829,648196225,248.0,248.0,0.0,0.0,0.0,0.0
1816,1529963829,658199813,248.0,248.0,0.0,0.0,0.0,0.0
1817,1529963829,668202739,248.0,248.0,0.0,0.0,0.0,0.0
1818,1529963829,678195424,248.0,248.0,0.0,0.0,0.0,0.0
1819,1529963829,688189579,248.0,248.0,0.0,0.0,0.0,0.0
1820,1529963829,698193435,248.0,248.0,0.0,0.0,0.0,0.0
1821,1529963829,708198090,248.0,248.0,0.0,0.0,0.0,0.0
1822,1529963829,718193247,248.0,248.0,0.0,0.0,0.0,0.0
1823,1529963829,728189982,248.0,248.0,0.0,0.0,0.0,0.0
1824,1529963829,738191657,248.0,248.0,0.0,0.0,0.0,0.0
1825,1529963829,748187586,248.0,248.0,0.0,0.0,0.0,0.0
1826,1529963829,758195226,248.0,248.0,0.0,0.0,0.0,0.0
1827,1529963829,768193479,248.0,248.0,0.0,0.0,0.0,0.0
1828,1529963829,778190387,248.0,248.0,0.0,0.0,0.0,0.0
1829,1529963829,788188145,248.0,248.0,0.0,0.0,0.0,0.0
1830,1529963829,798200779,248.0,248.0,0.0,0.0,0.0,0.0
1831,1529963829,808194817,248.0,248.0,0.0,0.0,0.0,0.0
1832,1529963829,818191696,248.0,248.0,0.0,0.0,0.0,0.0
1833,1529963829,828200099,248.0,248.0,0.0,0.0,0.0,0.0
1834,1529963829,838214996,248.0,248.0,0.0,0.0,0.0,0.0
1835,1529963829,848199871,248.0,248.0,0.0,0.0,0.0,0.0
1836,1529963829,858192624,248.0,248.0,0.0,0.0,0.0,0.0
1837,1529963829,868189300,249.0,249.0,0.0,0.0,0.0,0.0
1838,1529963829,878201562,250.0,250.0,0.0,0.0,0.0,0.0
1839,1529963829,888194610,250.0,250.0,0.0,0.0,0.0,0.0
1840,1529963829,898189101,250.0,250.0,0.0,0.0,0.0,0.0
1841,1529963829,908350530,251.0,251.0,0.0,0.0,0.0,0.0
1842,1529963829,918199757,251.0,251.0,0.0,0.0,0.0,0.0
1843,1529963829,928200411,251.0,251.0,0.0,0.0,0.0,0.0
1844,1529963829,938191364,251.0,251.0,0.0,0.0,0.0,0.0
1845,1529963829,948191114,251.0,251.0,0.0,0.0,0.0,0.0
1846,1529963829,958203016,252.0,252.0,0.0,0.0,0.0,0.0
1847,1529963829,968200110,252.0,252.0,0.0,0.0,0.0,0.0
1848,1529963829,978199208,252.0,252.0,0.0,0.0,0.0,0.0
1849,1529963829,988191866,252.0,252.0,0.0,0.0,0.0,0.0
1850,1529963829,998195654,252.0,252.0,0.0,0.0,0.0,0.0
1851,1529963830,8188853,252.0,252.0,0.0,0.0,0.0,0.0
1852,1529963830,18199383,252.0,252.0,0.0,0.0,0.0,0.0
1853,1529963830,28206637,252.0,252.0,0.0,0.0,0.0,0.0
1854,1529963830,38190335,252.0,252.0,0.0,0.0,0.0,0.0
1855,1529963830,48205460,252.0,252.0,0.0,0.0,0.0,0.0
1856,1529963830,58226171,252.0,252.0,0.0,0.0,0.0,0.0
1857,1529963830,68283310,252.0,252.0,0.0,0.0,0.0,0.0
1858,1529963830,78217180,252.0,252.0,0.0,0.0,0.0,0.0
1859,1529963830,88195481,252.0,252.0,0.0,0.0,0.0,0.0
1860,1529963830,98221508,252.0,252.0,0.0,0.0,0.0,0.0
1861,1529963830,108198613,252.0,252.0,0.0,0.0,0.0,0.0
1862,1529963830,118194389,252.0,252.0,0.0,0.0,0.0,0.0
1863,1529963830,128191232,252.0,252.0,0.0,0.0,0.0,0.0
1864,1529963830,138195068,252.0,252.0,0.0,0.0,0.0,0.0
1865,1529963830,148196126,252.0,252.0,0.0,0.0,0.0,0.0
1866,1529963830,158209832,252.0,252.0,0.0,0.0,0.0,0.0
1867,1529963830,168191931,252.0,252.0,0.0,0.0,0.0,0.0
1868,1529963830,178199424,252.0,252.0,0.0,0.0,0.0,0.0
1869,1529963830,188200241,252.0,252.0,0.0,0.0,0.0,0.0
1870,1529963830,198224103,252.0,252.0,0.0,0.0,0.0,0.0
1871,1529963830,208191723,252.0,252.0,0.0,0.0,0.0,0.0
1872,1529963830,218196867,252.0,252.0,0.0,0.0,0.0,0.0
1873,1529963830,228192349,252.0,252.0,0.0,0.0,0.0,0.0
1874,1529963830,238194479,252.0,252.0,0.0,0.0,0.0,0.0
1875,1529963830,248189762,252.0,252.0,0.0,0.0,0.0,0.0
1876,1529963830,258192915,252.0,252.0,0.0,0.0,0.0,0.0
1877,1529963830,268187735,251.0,251.0,0.0,0.0,0.0,0.0
1878,1529963830,278198557,246.0,246.0,0.0,0.0,0.0,0.0
1879,1529963830,288193305,246.0,246.0,0.0,0.0,0.0,0.0
1880,1529963830,298194789,246.0,246.0,0.0,0.0,0.0,0.0
1881,1529963830,308189276,242.0,242.0,0.0,0.0,0.0,0.0
1882,1529963830,318190549,237.0,237.0,0.0,0.0,0.0,0.0
1883,1529963830,328188825,237.0,237.0,0.0,0.0,0.0,0.0
1884,1529963830,338199661,237.0,237.0,0.0,0.0,0.0,0.0
1885,1529963830,348193961,233.0,233.0,0.0,0.0,0.0,0.0
1886,1529963830,358194489,229.0,229.0,0.0,0.0,0.0,0.0
1887,1529963830,368204153,229.0,229.0,0.0,0.0,0.0,0.0
1888,1529963830,378436703,229.0,229.0,0.0,0.0,0.0,0.0
1889,1529963830,388195185,225.0,225.0,0.0,0.0,0.0,0.0
1890,1529963830,398188240,220.0,220.0,0.0,0.0,0.0,0.0
1891,1529963830,408199297,220.0,220.0,0.0,0.0,0.0,0.0
1892,1529963830,418192524,220.0,220.0,0.0,0.0,0.0,0.0
1893,1529963830,428188889,215.0,215.0,0.0,0.0,0.0,0.0
1894,1529963830,438196746,210.0,210.0,0.0,0.0,0.0,0.0
1895,1529963830,448193261,210.0,210.0,0.0,0.0,0.0,0.0
1896,1529963830,458189811,210.0,210.0,0.0,0.0,0.0,0.0
1897,1529963830,468193905,204.0,204.0,0.0,0.0,0.0,0.0
1898,1529963830,478189592,198.0,198.0,0.0,0.0,0.0,0.0
1899,1529963830,488188814,198.0,198.0,0.0,0.0,0.0,0.0
1900,1529963830,498190164,198.0,198.0,0.0,0.0,0.0,0.0
1901,1529963830,508190929,184.0,184.0,0.0,0.0,0.0,0.0
1902,1529963830,518189479,179.0,179.0,0.0,0.0,0.0,0.0
1903,1529963830,528188881,179.0,179.0,0.0,0.0,0.0,0.0
1904,1529963830,538214243,179.0,179.0,0.0,0.0,0.0,0.0
1905,1529963830,548198247,162.0,162.0,0.0,0.0,0.0,0.0
1906,1529963830,558191342,147.0,147.0,0.0,0.0,0.0,0.0
1907,1529963830,568198585,147.0,147.0,0.0,0.0,0.0,0.0
1908,1529963830,578216457,147.0,147.0,0.0,0.0,0.0,0.0
1909,1529963830,588196657,132.0,132.0,0.0,0.0,0.0,0.0
1910,1529963830,598200085,126.0,126.0,0.0,0.0,0.0,0.0
1911,1529963830,608191757,126.0,126.0,0.0,0.0,0.0,0.0
1912,1529963830,618196832,126.0,126.0,0.0,0.0,0.0,0.0
1913,1529963830,628207069,109.0,109.0,0.0,0.0,0.0,0.0
1914,1529963830,638198397,105.0,105.0,0.0,0.0,0.0,0.0
1915,1529963830,648196622,105.0,105.0,0.0,0.0,0.0,0.0
1916,1529963830,658197667,105.0,105.0,0.0,0.0,0.0,0.0
1917,1529963830,668203838,100.0,100.0,0.0,0.0,0.0,0.0
1918,1529963830,678204275,0.0,0.0,0.0,0.0,0.0,0.0
1919,1529963830,688190082,0.0,0.0,0.0,0.0,0.0,0.0
1920,1529963830,698199849,0.0,0.0,0.0,0.0,0.0,0.0
1921,1529963830,708194170,0.0,0.0,0.0,0.0,0.0,0.0
1922,1529963830,718192982,0.0,0.0,0.0,0.0,0.0,0.0
1923,1529963830,728190967,0.0,0.0,0.0,0.0,0.0,0.0
1924,1529963830,738198812,0.0,0.0,0.0,0.0,0.0,0.0
1925,1529963830,748192570,0.0,0.0,0.0,0.0,0.0,0.0
1926,1529963830,758215683,0.0,0.0,0.0,0.0,0.0,0.0
1927,1529963830,768188647,0.0,0.0,0.0,0.0,0.0,0.0
1928,1529963830,778193140,0.0,0.0,0.0,0.0,0.0,0.0
1929,1529963830,788184138,0.0,0.0,0.0,0.0,0.0,0.0
1930,1529963830,798192526,0.0,0.0,0.0,0.0,0.0,0.0
1931,1529963830,808209587,0.0,0.0,0.0,0.0,0.0,0.0
1932,1529963830,818191388,0.0,0.0,0.0,0.0,0.0,0.0
1933,1529963830,828196260,0.0,0.0,0.0,0.0,0.0,0.0
1934,1529963830,838225379,0.0,0.0,0.0,0.0,0.0,0.0
1935,1529963830,848192220,0.0,0.0,0.0,0.0,0.0,0.0
1936,1529963830,858199967,0.0,0.0,0.0,0.0,0.0,0.0
1937,1529963830,868191342,0.0,0.0,0.0,0.0,0.0,0.0
1938,1529963830,878195107,0.0,0.0,0.0,0.0,0.0,0.0
1939,1529963830,888204557,0.0,0.0,0.0,0.0,0.0,0.0
1940,1529963830,898205989,0.0,0.0,0.0,0.0,0.0,0.0
1941,1529963830,908187278,0.0,0.0,0.0,0.0,0.0,0.0
1942,1529963830,918194714,0.0,0.0,0.0,0.0,0.0,0.0
1943,1529963830,928185788,0.0,0.0,0.0,0.0,0.0,0.0
1944,1529963830,938215444,0.0,0.0,0.0,0.0,0.0,0.0
1945,1529963830,948191100,0.0,0.0,0.0,0.0,0.0,0.0
1946,1529963830,958189345,0.0,0.0,0.0,0.0,0.0,0.0
1947,1529963830,968187221,0.0,0.0,0.0,0.0,0.0,0.0
1948,1529963830,978199209,0.0,0.0,0.0,0.0,0.0,0.0
1949,1529963830,988217337,0.0,0.0,0.0,0.0,0.0,0.0
1950,1529963830,998200626,0.0,0.0,0.0,0.0,0.0,0.0
1951,1529963831,8195497,0.0,0.0,0.0,0.0,0.0,0.0
1952,1529963831,18190503,0.0,0.0,0.0,0.0,0.0,0.0
1953,1529963831,28192609,0.0,0.0,0.0,0.0,0.0,0.0
1954,1529963831,38186983,0.0,0.0,0.0,0.0,0.0,0.0
1955,1529963831,48186015,0.0,0.0,0.0,0.0,0.0,0.0
1956,1529963831,58189945,0.0,0.0,0.0,0.0,0.0,0.0
1957,1529963831,73197721,0.0,0.0,0.0,0.0,0.0,0.0
1958,1529963831,78205382,0.0,0.0,0.0,0.0,0.0,0.0
1959,1529963831,88192298,0.0,0.0,0.0,0.0,0.0,0.0
1960,1529963831,98195909,0.0,0.0,0.0,0.0,0.0,0.0
1961,1529963831,108204664,0.0,0.0,0.0,0.0,0.0,0.0
1962,1529963831,118201131,0.0,0.0,0.0,0.0,0.0,0.0
1963,1529963831,128184676,0.0,0.0,0.0,0.0,0.0,0.0
1964,1529963831,138189234,0.0,0.0,0.0,0.0,0.0,0.0
1965,1529963831,148184074,0.0,0.0,0.0,0.0,0.0,0.0
1966,1529963831,158188027,0.0,0.0,0.0,0.0,0.0,0.0
1967,1529963831,168184353,0.0,0.0,0.0,0.0,0.0,0.0
1968,1529963831,178193419,0.0,0.0,0.0,0.0,0.0,0.0
1969,1529963831,188190123,0.0,0.0,0.0,0.0,0.0,0.0
1970,1529963831,198212187,0.0,0.0,0.0,0.0,0.0,0.0
1971,1529963831,208194845,0.0,0.0,0.0,0.0,0.0,0.0
1972,1529963831,218182731,0.0,0.0,0.0,0.0,0.0,0.0
1973,1529963831,228189465,0.0,0.0,0.0,0.0,0.0,0.0
1974,1529963831,238202511,0.0,0.0,0.0,0.0,0.0,0.0
1975,1529963831,248193519,0.0,0.0,0.0,0.0,0.0,0.0
1976,1529963831,258190763,0.0,0.0,0.0,0.0,0.0,0.0
1977,1529963831,268184148,0.0,0.0,0.0,0.0,0.0,0.0
1978,1529963831,278190926,0.0,0.0,0.0,0.0,0.0,0.0
1979,1529963831,288195334,0.0,0.0,0.0,0.0,0.0,0.0
1980,1529963831,298202750,0.0,0.0,0.0,0.0,0.0,0.0
1981,1529963831,308186082,0.0,0.0,0.0,0.0,0.0,0.0
1982,1529963831,318181789,0.0,0.0,0.0,0.0,0.0,0.0
1983,1529963831,328191153,0.0,0.0,0.0,0.0,0.0,0.0
1984,1529963831,338187474,0.0,0.0,0.0,0.0,0.0,0.0
1985,1529963831,348181756,0.0,0.0,0.0,0.0,0.0,0.0
1986,1529963831,358199377,0.0,0.0,0.0,0.0,0.0,0.0
1987,1529963831,368184583,0.0,0.0,0.0,0.0,0.0,0.0
1988,1529963831,378204663,0.0,0.0,0.0,0.0,0.0,0.0
1989,1529963831,388191461,0.0,0.0,0.0,0.0,0.0,0.0
1990,1529963831,398207680,0.0,0.0,0.0,0.0,0.0,0.0
1991,1529963831,408201399,0.0,0.0,0.0,0.0,0.0,0.0
1992,1529963831,418203262,0.0,0.0,0.0,0.0,0.0,0.0
1993,1529963831,428198255,0.0,0.0,0.0,0.0,0.0,0.0
1994,1529963831,438185609,0.0,0.0,0.0,0.0,0.0,0.0
1995,1529963831,448184230,0.0,0.0,0.0,0.0,0.0,0.0
1996,1529963831,458193555,0.0,0.0,0.0,0.0,0.0,0.0
1997,1529963831,468195443,0.0,0.0,0.0,0.0,0.0,0.0
1998,1529963831,478185511,0.0,0.0,0.0,0.0,0.0,0.0
1999,1529963831,488191627,0.0,0.0,0.0,0.0,0.0,0.0
2000,1529963831,498184159,0.0,0.0,0.0,0.0,0.0,0.0
2001,1529963831,508191454,0.0,0.0,0.0,0.0,0.0,0.0
2002,1529963831,518199532,0.0,0.0,0.0,0.0,0.0,0.0
2003,1529963831,528185265,0.0,0.0,0.0,0.0,0.0,0.0
2004,1529963831,538186107,0.0,0.0,0.0,0.0,0.0,0.0
2005,1529963831,548190675,0.0,0.0,0.0,0.0,0.0,0.0
2006,1529963831,558187605,0.0,0.0,0.0,0.0,0.0,0.0
2007,1529963831,568182951,0.0,0.0,0.0,0.0,0.0,0.0
2008,1529963831,578185152,0.0,0.0,0.0,0.0,0.0,0.0
