609,1529964071,795745935,0.0,0.0,0.0,0.0,0.0,0.0
610,1529964071,805738613,0.0,0.0,0.0,0.0,0.0,0.0
611,1529964071,815737950,0.0,0.0,0.0,0.0,0.0,0.0
612,1529964071,825759558,0.0,0.0,0.0,0.0,0.0,0.0
613,1529964071,835741817,0.0,0.0,0.0,0.0,0.0,0.0
614,1529964071,845738191,0.0,0.0,0.0,0.0,0.0,0.0
615,1529964071,855753543,0.0,0.0,0.0,0.0,0.0,0.0
616,1529964071,865756192,0.0,0.0,0.0,0.0,0.0,0.0
617,1529964071,875738668,0.0,0.0,0.0,0.0,0.0,0.0
618,1529964071,885739875,0.0,0.0,0.0,0.0,0.0,0.0
619,1529964071,895739691,0.0,0.0,0.0,0.0,0.0,0.0
620,1529964071,905738812,0.0,0.0,0.0,0.0,0.0,0.0
621,1529964071,915740463,0.0,0.0,0.0,0.0,0.0,0.0
622,1529964071,925739713,0.0,0.0,0.0,0.0,0.0,0.0
623,1529964071,935737108,0.0,0.0,0.0,0.0,0.0,0.0
624,1529964071,945739172,0.0,0.0,0.0,0.0,0.0,0.0
625,1529964071,955743237,0.0,0.0,0.0,0.0,0.0,0.0
626,1529964071,965739062,0.0,0.0,0.0,0.0,0.0,0.0
627,1529964071,975733460,0.0,0.0,0.0,0.0,0.0,0.0
628,1529964071,985747624,0.0,0.0,0.0,0.0,0.0,0.0
629,1529964071,995744617,0.0,0.0,0.0,0.0,0.0,0.0
630,1529964072,5749594,0.0,0.0,0.0,0.0,0.0,0.0
631,1529964072,15737545,0.0,0.0,0.0,0.0,0.0,0.0
632,1529964072,25745978,0.0,0.0,0.0,0.0,0.0,0.0
633,1529964072,35738565,0.0,0.0,0.0,0.0,0.0,0.0
634,1529964072,45749366,0.0,0.0,0.0,0.0,0.0,0.0
635,1529964072,55750192,0.0,0.0,0.0,0.0,0.0,0.0
636,1529964072,65739647,0.0,0.0,0.0,0.0,0.0,0.0
637,1529964072,75744701,0.0,0.0,0.0,0.0,0.0,0.0
638,1529964072,85755008,0.0,0.0,0.0,0.0,0.0,0.0
639,1529964072,95737670,0.0,0.0,0.0,0.0,0.0,0.0
640,1529964072,105741997,0.0,0.0,0.0,0.0,0.0,0.0
641,1529964072,115750488,0.0,0.0,0.0,0.0,0.0,0.0
642,1529964072,125745501,0.0,0.0,0.0,0.0,0.0,0.0
643,1529964072,135737715,0.0,0.0,0.0,0.0,0.0,0.0
644,1529964072,145751582,0.0,0.0,0.0,0.0,0.0,0.0
645,1529964072,155739091,0.0,0.0,0.0,0.0,0.0,0.0
646,1529964072,165801416,0.0,0.0,0.0,0.0,0.0,0.0
647,1529964072,175754281,0.0,0.0,0.0,0.0,0.0,0.0
648,1529964072,185740448,0.0,0.0,0.0,0.0,0.0,0.0
649,1529964072,195736967,0.0,0.0,0.0,0.0,0.0,0.0
650,1529964072,205779696,0.0,0.0,0.0,0.0,0.0,0.0
651,1529964072,215754127,0.0,0.0,0.0,0.0,0.0,0.0
652,1529964072,225737665,0.0,0.0,0.0,0.0,0.0,0.0
653,1529964072,235754349,0.0,0.0,0.0,0.0,0.0,0.0
654,1529964072,245752127,0.0,0.0,0.0,0.0,0.0,0.0
655,1529964072,255776533,0.0,0.0,0.0,0.0,0.0,0.0
656,1529964072,265746984,0.0,0.0,0.0,0.0,0.0,0.0
657,1529964072,275743006,0.0,0.0,0.0,0.0,0.0,0.0
658,1529964072,285740662,0.0,0.0,0.0,0.0,0.0,0.0
659,1529964072,295740907,0.0,0.0,0.0,0.0,0.0,0.0
660,1529964072,305741795,0.0,0.0,0.0,0.0,0.0,0.0
661,1529964072,315739647,0.0,0.0,0.0,0.0,0.0,0.0
662,1529964072,325743316,0.0,0.0,0.0,0.0,0.0,0.0
663,1529964072,335753317,0.0,0.0,0.0,0.0,0.0,0.0
664,1529964072,345745231,0.0,0.0,0.0,0.0,0.0,0.0
665,1529964072,355706748,0.0,0.0,0.0,0.0,0.0,0.0
666,1529964072,365741088,0.0,0.0,0.0,0.0,0.0,0.0
667,1529964072,375745163,0.0,0.0,0.0,0.0,0.0,0.0
668,1529964072,385750936,0.0,0.0,0.0,0.0,0.0,0.0
669,1529964072,395740874,0.0,0.0,0.0,0.0,0.0,0.0
670,1529964072,405745400,0.0,0.0,0.0,0.0,0.0,0.0
671,1529964072,415737497,0.0,0.0,0.0,0.0,0.0,0.0
672,1529964072,425746959,0.0,0.0,0.0,0.0,0.0,0.0
673,1529964072,435739785,0.0,0.0,0.0,0.0,0.0,0.0
674,1529964072,445736909,0.0,0.0,0.0,0.0,0.0,0.0
675,1529964072,455738929,0.0,0.0,0.0,0.0,0.0,0.0
676,1529964072,465750399,0.0,0.0,0.0,0.0,0.0,0.0
677,1529964072,475742935,0.0,0.0,0.0,0.0,0.0,0.0
678,1529964072,485739839,0.0,0.0,0.0,0.0,0.0,0.0
679,1529964072,495735571,0.0,0.0,0.0,0.0,0.0,0.0
680,1529964072,505740440,0.0,0.0,0.0,0.0,0.0,0.0
681,1529964072,515751297,0.0,0.0,0.0,0.0,0.0,0.0
682,1529964072,525736867,0.0,0.0,0.0,0.0,0.0,0.0
683,1529964072,535741161,0.0,0.0,0.0,0.0,0.0,0.0
684,1529964072,545748361,0.0,0.0,0.0,0.0,0.0,0.0
685,1529964072,555745349,0.0,0.0,0.0,0.0,0.0,0.0
686,1529964072,565740182,0.0,0.0,0.0,0.0,0.0,0.0
687,1529964072,575736818,0.0,0.0,0.0,0.0,0.0,0.0
688,1529964072,585737711,0.0,0.0,0.0,0.0,0.0,0.0
689,1529964072,595745794,0.0,0.0,0.0,0.0,0.0,0.0
690,1529964072,605756641,0.0,0.0,0.0,0.0,0.0,0.0
691,1529964072,615740376,0.0,0.0,0.0,0.0,0.0,0.0
692,1529964072,625746502,0.0,0.0,0.0,0.0,0.0,0.0
693,1529964072,635748718,0.0,0.0,0.0,0.0,0.0,0.0
694,1529964072,645756038,0.0,0.0,0.0,0.0,0.0,0.0
695,1529964072,655739225,0.0,0.0,0.0,0.0,0.0,0.0
696,1529964072,665738313,0.0,0.0,0.0,0.0,0.0,0.0
697,1529964072,675752335,0.0,0.0,0.0,0.0,0.0,0.0
698,1529964072,685766236,0.0,0.0,0.0,0.0,0.0,0.0
699,1529964072,695749146,0.0,0.0,0.0,0.0,0.0,0.0
700,1529964072,705737875,0.0,0.0,0.0,0.0,0.0,0.0
701,1529964072,715745410,0.0,0.0,0.0,0.0,0.0,0.0
702,1529964072,725750511,0.0,0.0,0.0,0.0,0.0,0.0
703,1529964072,735739735,0.0,0.0,0.0,0.0,0.0,0.0
704,1529964072,745745143,0.0,0.0,0.0,0.0,0.0,0.0
705,1529964072,755741311,0.0,0.0,0.0,0.0,0.0,0.0
706,1529964072,765741887,0.0,0.0,0.0,0.0,0.0,0.0
707,1529964072,775744049,0.0,0.0,0.0,0.0,0.0,0.0
708,1529964072,785753495,0.0,0.0,0.0,0.0,0.0,0.0
709,1529964072,795768580,0.0,0.0,0.0,0.0,0.0,0.0
710,1529964072,805736675,0.0,0.0,0.0,0.0,0.0,0.0
711,1529964072,815743691,0.0,0.0,0.0,0.0,0.0,0.0
712,1529964072,825738945,0.0,0.0,0.0,0.0,0.0,0.0
713,1529964072,835746958,0.0,0.0,0.0,0.0,0.0,0.0
714,1529964072,845735784,0.0,0.0,0.0,0.0,0.0,0.0
715,1529964072,855750292,0.0,0.0,0.0,0.0,0.0,0.0
716,1529964072,865739378,0.0,0.0,0.0,0.0,0.0,0.0
717,1529964072,875737142,0.0,0.0,0.0,0.0,0.0,0.0
718,1529964072,885739872,0.0,0.0,0.0,0.0,0.0,0.0
719,1529964072,895743837,0.0,0.0,0.0,0.0,0.0,0.0
720,1529964072,905767986,0.0,0.0,0.0,0.0,0.0,0.0
721,1529964072,915740661,0.0,0.0,0.0,0.0,0.0,0.0
722,1529964072,925739735,0.0,0.0,0.0,0.0,0.0,0.0
723,1529964072,935748457,0.0,0.0,0.0,0.0,0.0,0.0
724,1529964072,945749241,0.0,0.0,0.0,0.0,0.0,0.0
725,1529964072,955741296,0.0,0.0,0.0,0.0,0.0,0.0
726,1529964072,965741972,0.0,0.0,0.0,0.0,0.0,0.0
727,1529964072,975737574,0.0,0.0,0.0,0.0,0.0,0.0
728,1529964072,985751317,0.0,0.0,0.0,0.0,0.0,0.0
729,1529964072,995757580,0.0,0.0,0.0,0.0,0.0,0.0
730,1529964073,5740337,0.0,0.0,0.0,0.0,0.0,0.0
731,1529964073,15741155,0.0,0.0,0.0,0.0,0.0,0.0
732,1529964073,25738375,0.0,0.0,0.0,0.0,0.0,0.0
733,1529964073,35745260,0.0,0.0,0.0,0.0,0.0,0.0
734,1529964073,45736982,0.0,0.0,0.0,0.0,0.0,0.0
735,1529964073,55738666,0.0,0.0,0.0,0.0,0.0,0.0
736,1529964073,65740002,0.0,0.0,0.0,0.0,0.0,0.0
737,1529964073,75750501,0.0,0.0,0.0,0.0,0.0,0.0
738,1529964073,85741885,0.0,0.0,0.0,0.0,0.0,0.0
739,1529964073,95736822,0.0,0.0,0.0,0.0,0.0,0.0
740,1529964073,105737264,0.0,0.0,0.0,0.0,0.0,0.0
741,1529964073,115747680,0.0,0.0,0.0,0.0,0.0,0.0
742,1529964073,125742933,0.0,0.0,0.0,0.0,0.0,0.0
743,1529964073,135740731,0.0,0.0,0.0,0.0,0.0,0.0
744,1529964073,145742124,0.0,0.0,0.0,0.0,0.0,0.0
745,1529964073,155737095,0.0,0.0,0.0,0.0,0.0,0.0
746,1529964073,165918606,0.0,0.0,0.0,0.0,0.0,0.0
747,1529964073,175744914,0.0,0.0,0.0,0.0,0.0,0.0
748,1529964073,185744052,0.0,0.0,0.0,0.0,0.0,0.0
749,1529964073,195738732,0.0,0.0,0.0,0.0,0.0,0.0
750,1529964073,205750258,0.0,0.0,0.0,0.0,0.0,0.0
751,1529964073,215741455,0.0,0.0,0.0,0.0,0.0,0.0
752,1529964073,225739048,0.0,0.0,0.0,0.0,0.0,0.0
753,1529964073,235751164,96.0,96.0,0.0,0.0,0.0,0.0
754,1529964073,245752302,98.0,98.0,0.0,0.0,0.0,0.0
755,1529964073,255748294,98.0,98.0,0.0,0.0,0.0,0.0
756,1529964073,265749817,98.0,98.0,0.0,0.0,0.0,0.0
757,1529964073,275746703,102.0,102.0,0.0,0.0,0.0,0.0
758,1529964073,285743173,107.0,107.0,0.0,0.0,0.0,0.0
759,1529964073,295751761,107.0,107.0,0.0,0.0,0.0,0.0
760,1529964073,305744610,107.0,107.0,0.0,0.0,0.0,0.0
761,1529964073,315747166,108.0,108.0,0.0,0.0,0.0,0.0
762,1529964073,325743121,109.0,109.0,0.0,0.0,0.0,0.0
763,1529964073,335751138,109.0,109.0,0.0,0.0,0.0,0.0
764,1529964073,345748248,109.0,109.0,0.0,0.0,0.0,0.0
765,1529964073,355743769,110.0,110.0,0.0,0.0,0.0,0.0
766,1529964073,365740840,110.0,110.0,0.0,0.0,0.0,0.0
767,1529964073,375743699,110.0,110.0,0.0,0.0,0.0,0.0
768,1529964073,385747233,110.0,110.0,0.0,0.0,0.0,0.0
769,1529964073,395741907,110.0,110.0,0.0,0.0,0.0,0.0
770,1529964073,405748109,110.0,110.0,0.0,0.0,0.0,0.0
771,1529964073,415741544,110.0,110.0,0.0,0.0,0.0,0.0
772,1529964073,425751938,110.0,110.0,0.0,0.0,0.0,0.0
773,1529964073,435752487,106.0,106.0,0.0,0.0,0.0,0.0
774,1529964073,445752941,101.0,101.0,0.0,0.0,0.0,0.0
775,1529964073,455743059,101.0,101.0,0.0,0.0,0.0,0.0
776,1529964073,465747471,101.0,101.0,0.0,0.0,0.0,0.0
777,1529964073,475739011,0.0,0.0,0.0,0.0,0.0,0.0
778,1529964073,485738753,0.0,0.0,0.0,0.0,0.0,0.0
779,1529964073,495742070,0.0,0.0,0.0,0.0,0.0,0.0
780,1529964073,505736290,0.0,0.0,0.0,0.0,0.0,0.0
781,1529964073,515740450,0.0,0.0,0.0,0.0,0.0,0.0
782,1529964073,525742613,0.0,0.0,0.0,0.0,0.0,0.0
783,1529964073,535741898,0.0,0.0,0.0,0.0,0.0,0.0
784,1529964073,545739186,0.0,0.0,0.0,0.0,0.0,0.0
785,1529964073,555744531,0.0,0.0,0.0,0.0,0.0,0.0
786,1529964073,565755305,0.0,0.0,0.0,0.0,0.0,0.0
787,1529964073,575768962,0.0,0.0,0.0,0.0,0.0,0.0
788,1529964073,585738522,0.0,0.0,0.0,0.0,0.0,0.0
789,1529964073,598222352,0.0,0.0,0.0,0.0,0.0,0.0
790,1529964073,605742934,0.0,0.0,0.0,0.0,0.0,0.0
791,1529964073,615747273,0.0,0.0,0.0,0.0,0.0,0.0
792,1529964073,625745147,0.0,0.0,0.0,0.0,0.0,0.0
793,1529964073,635743188,0.0,0.0,0.0,0.0,0.0,0.0
794,1529964073,645750165,0.0,0.0,0.0,0.0,0.0,0.0
795,1529964073,655748025,0.0,0.0,0.0,0.0,0.0,0.0
796,1529964073,665741259,0.0,0.0,0.0,0.0,0.0,0.0
797,1529964073,675738476,0.0,0.0,0.0,0.0,0.0,0.0
798,1529964073,685745425,0.0,0.0,0.0,0.0,0.0,0.0
799,1529964073,695749902,0.0,0.0,0.0,0.0,0.0,0.0
800,1529964073,705737969,0.0,0.0,0.0,0.0,0.0,0.0
801,1529964073,715743411,0.0,0.0,0.0,0.0,0.0,0.0
802,1529964073,725758574,0.0,0.0,0.0,0.0,0.0,0.0
803,1529964073,735744144,0.0,0.0,0.0,0.0,0.0,0.0
804,1529964073,745739620,0.0,0.0,0.0,0.0,0.0,0.0
805,1529964073,755742408,0.0,0.0,0.0,0.0,0.0,0.0
806,1529964073,765737910,0.0,0.0,0.0,0.0,0.0,0.0
807,1529964073,775757533,0.0,0.0,0.0,0.0,0.0,0.0
808,1529964073,785740149,0.0,0.0,0.0,0.0,0.0,0.0
809,1529964073,795743643,0.0,0.0,0.0,0.0,0.0,0.0
810,1529964073,805738658,0.0,0.0,0.0,0.0,0.0,0.0
811,1529964073,815744406,0.0,0.0,0.0,0.0,0.0,0.0
812,1529964073,825753865,0.0,0.0,0.0,0.0,0.0,0.0
813,1529964073,835744209,0.0,0.0,0.0,0.0,0.0,0.0
814,1529964073,845740506,0.0,0.0,0.0,0.0,0.0,0.0
815,1529964073,855739222,0.0,0.0,0.0,0.0,0.0,0.0
816,1529964073,865748607,0.0,0.0,0.0,0.0,0.0,0.0
817,1529964073,875738822,0.0,0.0,0.0,0.0,0.0,0.0
818,1529964073,885747013,0.0,0.0,0.0,0.0,0.0,0.0
819,1529964073,895748152,0.0,0.0,0.0,0.0,0.0,0.0
820,1529964073,905752365,0.0,0.0,0.0,0.0,0.0,0.0
821,1529964073,915742610,0.0,0.0,0.0,0.0,0.0,0.0
822,1529964073,925739176,0.0,0.0,0.0,0.0,0.0,0.0
823,1529964073,935737964,0.0,0.0,0.0,0.0,0.0,0.0
824,1529964073,945744461,0.0,0.0,0.0,0.0,0.0,0.0
825,1529964073,955738488,0.0,0.0,0.0,0.0,0.0,0.0
826,1529964073,965742253,0.0,0.0,0.0,0.0,0.0,0.0
827,1529964073,975739151,0.0,0.0,0.0,0.0,0.0,0.0
828,1529964073,985737083,0.0,0.0,0.0,0.0,0.0,0.0
829,1529964073,995755191,0.0,0.0,0.0,0.0,0.0,0.0
830,1529964074,5745158,0.0,0.0,0.0,0.0,0.0,0.0
831,1529964074,15744060,0.0,0.0,0.0,0.0,0.0,0.0
832,1529964074,25739772,0.0,0.0,0.0,0.0,0.0,0.0
833,1529964074,35746882,0.0,0.0,0.0,0.0,0.0,0.0
834,1529964074,45746967,0.0,0.0,0.0,0.0,0.0,0.0
835,1529964074,55738593,0.0,0.0,0.0,0.0,0.0,0.0
836,1529964074,65743746,0.0,0.0,0.0,0.0,0.0,0.0
837,1529964074,75744471,0.0,0.0,0.0,0.0,0.0,0.0
838,1529964074,85741787,0.0,0.0,0.0,0.0,0.0,0.0
839,1529964074,95742111,0.0,0.0,0.0,0.0,0.0,0.0
840,1529964074,105738347,0.0,0.0,0.0,0.0,0.0,0.0
841,1529964074,115738448,0.0,0.0,0.0,0.0,0.0,0.0
842,1529964074,125759662,0.0,0.0,0.0,0.0,0.0,0.0
843,1529964074,135740324,0.0,0.0,0.0,0.0,0.0,0.0
844,1529964074,145739926,0.0,0.0,0.0,0.0,0.0,0.0
845,1529964074,155736328,0.0,0.0,0.0,0.0,0.0,0.0
846,1529964074,165742954,0.0,0.0,0.0,0.0,0.0,0.0
847,1529964074,175738736,0.0,0.0,0.0,0.0,0.0,0.0
848,1529964074,185740221,0.0,0.0,0.0,0.0,0.0,0.0
849,1529964074,195743847,0.0,0.0,0.0,0.0,0.0,0.0
850,1529964074,205742331,0.0,0.0,0.0,0.0,0.0,0.0
851,1529964074,215742552,0.0,0.0,0.0,0.0,0.0,0.0
852,1529964074,225741357,0.0,0.0,0.0,0.0,0.0,0.0
853,1529964074,235738495,0.0,0.0,0.0,0.0,0.0,0.0
854,1529964074,245741137,0.0,0.0,0.0,0.0,0.0,0.0
855,1529964074,255760384,0.0,0.0,0.0,0.0,0.0,0.0
856,1529964074,265746006,0.0,0.0,0.0,0.0,0.0,0.0
857,1529964074,275741213,0.0,0.0,0.0,0.0,0.0,0.0
858,1529964074,285740917,0.0,0.0,0.0,0.0,0.0,0.0
859,1529964074,295746016,0.0,0.0,0.0,0.0,0.0,0.0
860,1529964074,305743011,0.0,0.0,0.0,0.0,0.0,0.0
861,1529964074,315739973,0.0,0.0,0.0,0.0,0.0,0.0
862,1529964074,325739466,0.0,0.0,0.0,0.0,0.0,0.0
863,1529964074,335737455,0.0,0.0,0.0,0.0,0.0,0.0
864,1529964074,345744961,0.0,0.0,0.0,0.0,0.0,0.0
865,1529964074,355739927,0.0,0.0,0.0,0.0,0.0,0.0
866,1529964074,365739398,0.0,0.0,0.0,0.0,0.0,0.0
867,1529964074,375738247,0.0,0.0,0.0,0.0,0.0,0.0
868,1529964074,385755556,0.0,0.0,0.0,0.0,0.0,0.0
869,1529964074,395740475,0.0,0.0,0.0,0.0,0.0,0.0
870,1529964074,405741081,0.0,0.0,0.0,0.0,0.0,0.0
871,1529964074,415739852,0.0,0.0,0.0,0.0,0.0,0.0
872,1529964074,425743248,0.0,0.0,0.0,0.0,0.0,0.0
873,1529964074,435743078,0.0,0.0,0.0,0.0,0.0,0.0
874,1529964074,445742240,0.0,0.0,0.0,0.0,0.0,0.0
875,1529964074,455741168,0.0,0.0,0.0,0.0,0.0,0.0
876,1529964074,465737385,0.0,0.0,0.0,0.0,0.0,0.0
877,1529964074,475754422,0.0,0.0,0.0,0.0,0.0,0.0
878,1529964074,485740182,0.0,0.0,0.0,0.0,0.0,0.0
879,1529964074,495739124,0.0,0.0,0.0,0.0,0.0,0.0
880,1529964074,505737808,0.0,0.0,0.0,0.0,0.0,0.0
881,1529964074,515746799,0.0,0.0,0.0,0.0,0.0,0.0
882,1529964074,525742988,0.0,0.0,0.0,0.0,0.0,0.0
883,1529964074,535740541,0.0,0.0,0.0,0.0,0.0,0.0
884,1529964074,545743747,0.0,0.0,0.0,0.0,0.0,0.0
885,1529964074,555739745,0.0,0.0,0.0,0.0,0.0,0.0
886,1529964074,565745911,0.0,0.0,0.0,0.0,0.0,0.0
887,1529964074,575740029,0.0,0.0,0.0,0.0,0.0,0.0
888,1529964074,585741090,0.0,0.0,0.0,0.0,0.0,0.0
889,1529964074,595736959,0.0,0.0,0.0,0.0,0.0,0.0
890,1529964074,605745829,0.0,0.0,0.0,0.0,0.0,0.0
891,1529964074,615741870,0.0,0.0,0.0,0.0,0.0,0.0
892,1529964074,625737245,0.0,0.0,0.0,0.0,0.0,0.0
893,1529964074,635738317,0.0,0.0,0.0,0.0,0.0,0.0
894,1529964074,645745565,0.0,0.0,0.0,0.0,0.0,0.0
895,1529964074,655740908,0.0,0.0,0.0,0.0,0.0,0.0
896,1529964074,665738610,0.0,0.0,0.0,0.0,0.0,0.0
897,1529964074,675738537,0.0,0.0,0.0,0.0,0.0,0.0
898,1529964074,685740176,0.0,0.0,0.0,0.0,0.0,0.0
899,1529964074,695744238,0.0,0.0,0.0,0.0,0.0,0.0
900,1529964074,705743263,0.0,0.0,0.0,0.0,0.0,0.0
901,1529964074,715751112,0.0,0.0,0.0,0.0,0.0,0.0
902,1529964074,725738316,0.0,0.0,0.0,0.0,0.0,0.0
903,1529964074,735750970,0.0,0.0,0.0,0.0,0.0,0.0
904,1529964074,745746281,0.0,0.0,0.0,0.0,0.0,0.0
905,1529964074,755739120,0.0,0.0,0.0,0.0,0.0,0.0
906,1529964074,765736274,0.0,0.0,0.0,0.0,0.0,0.0
907,1529964074,775743320,0.0,0.0,0.0,0.0,0.0,0.0
908,1529964074,785741884,0.0,0.0,0.0,0.0,0.0,0.0
909,1529964074,795737160,0.0,0.0,0.0,0.0,0.0,0.0
910,1529964074,805748740,0.0,0.0,0.0,0.0,0.0,0.0
911,1529964074,815736790,0.0,0.0,0.0,0.0,0.0,0.0
912,1529964074,825753891,0.0,0.0,0.0,0.0,0.0,0.0
913,1529964074,835745539,0.0,0.0,0.0,0.0,0.0,0.0
914,1529964074,845744427,0.0,0.0,0.0,0.0,0.0,0.0
915,1529964074,855738418,0.0,0.0,0.0,0.0,0.0,0.0
916,1529964074,865757044,0.0,0.0,0.0,0.0,0.0,0.0
917,1529964074,875743859,0.0,0.0,0.0,0.0,0.0,0.0
918,1529964074,885737940,0.0,0.0,0.0,0.0,0.0,0.0
919,1529964074,895739541,0.0,0.0,0.0,0.0,0.0,0.0
920,1529964074,905743838,0.0,0.0,0.0,0.0,0.0,0.0
921,1529964074,915743141,0.0,0.0,0.0,0.0,0.0,0.0
922,1529964074,925739868,0.0,0.0,0.0,0.0,0.0,0.0
923,1529964074,935736198,0.0,0.0,0.0,0.0,0.0,0.0
924,1529964074,945736750,0.0,0.0,0.0,0.0,0.0,0.0
925,1529964074,955747301,0.0,0.0,0.0,0.0,0.0,0.0
926,1529964074,965740964,0.0,0.0,0.0,0.0,0.0,0.0
927,1529964074,975749733,0.0,0.0,0.0,0.0,0.0,0.0
928,1529964074,985737295,0.0,0.0,0.0,0.0,0.0,0.0
929,1529964074,995748576,0.0,0.0,0.0,0.0,0.0,0.0
930,1529964075,5742736,0.0,0.0,0.0,0.0,0.0,0.0
931,1529964075,15748321,0.0,0.0,0.0,0.0,0.0,0.0
932,1529964075,25742625,0.0,0.0,0.0,0.0,0.0,0.0
933,1529964075,35741255,0.0,0.0,0.0,0.0,0.0,0.0
934,1529964075,45749718,0.0,0.0,0.0,0.0,0.0,0.0
935,1529964075,55738494,0.0,0.0,0.0,0.0,0.0,0.0
936,1529964075,65739361,0.0,0.0,0.0,0.0,0.0,0.0
937,1529964075,75743350,0.0,0.0,0.0,0.0,0.0,0.0
938,1529964075,85750257,0.0,0.0,0.0,0.0,0.0,0.0
939,1529964075,95740890,0.0,0.0,0.0,0.0,0.0,0.0
940,1529964075,105744373,0.0,0.0,0.0,0.0,0.0,0.0
941,1529964075,115741143,0.0,0.0,0.0,0.0,0.0,0.0
942,1529964075,125752164,0.0,0.0,0.0,0.0,0.0,0.0
943,1529964075,135741450,0.0,0.0,0.0,0.0,0.0,0.0
944,1529964075,145740483,0.0,0.0,0.0,0.0,0.0,0.0
945,1529964075,155776536,0.0,0.0,0.0,0.0,0.0,0.0
946,1529964075,165740064,0.0,0.0,0.0,0.0,0.0,0.0
947,1529964075,175748625,0.0,0.0,0.0,0.0,0.0,0.0
948,1529964075,185740936,0.0,0.0,0.0,0.0,0.0,0.0
949,1529964075,195741882,0.0,0.0,0.0,0.0,0.0,0.0
950,1529964075,205736422,0.0,0.0,0.0,0.0,0.0,0.0
951,1529964075,215966017,0.0,0.0,0.0,0.0,0.0,0.0
952,1529964075,225746903,0.0,0.0,0.0,0.0,0.0,0.0
953,1529964075,235745429,0.0,0.0,0.0,0.0,0.0,0.0
954,1529964075,245741019,0.0,0.0,0.0,0.0,0.0,0.0
955,1529964075,255740420,0.0,0.0,0.0,0.0,0.0,0.0
956,1529964075,265745793,0.0,0.0,0.0,0.0,0.0,0.0
957,1529964075,275739829,0.0,0.0,0.0,0.0,0.0,0.0
958,1529964075,285751552,0.0,0.0,0.0,0.0,0.0,0.0
959,1529964075,295738589,0.0,0.0,0.0,0.0,0.0,0.0
960,1529964075,310074387,0.0,0.0,0.0,0.0,0.0,0.0
961,1529964075,315746664,0.0,0.0,0.0,0.0,0.0,0.0
962,1529964075,325739966,0.0,0.0,0.0,0.0,0.0,0.0
963,1529964075,335871682,0.0,0.0,0.0,0.0,0.0,0.0
964,1529964075,345744683,0.0,0.0,0.0,0.0,0.0,0.0
965,1529964075,355751772,0.0,0.0,0.0,0.0,0.0,0.0
966,1529964075,365739841,0.0,0.0,0.0,0.0,0.0,0.0
967,1529964075,375745620,0.0,0.0,0.0,0.0,0.0,0.0
968,1529964075,385738572,0.0,0.0,0.0,0.0,0.0,0.0
969,1529964075,395744371,0.0,0.0,0.0,0.0,0.0,0.0
970,1529964075,405743321,0.0,0.0,0.0,0.0,0.0,0.0
971,1529964075,415745245,0.0,0.0,0.0,0.0,0.0,0.0
972,1529964075,425744640,0.0,0.0,0.0,0.0,0.0,0.0
973,1529964075,435743013,0.0,0.0,0.0,0.0,0.0,0.0
974,1529964075,445742180,0.0,0.0,0.0,0.0,0.0,0.0
975,1529964075,455742349,0.0,0.0,0.0,0.0,0.0,0.0
976,1529964075,465738998,0.0,0.0,0.0,0.0,0.0,0.0
977,1529964075,475878720,0.0,0.0,0.0,0.0,0.0,0.0
978,1529964075,485747186,0.0,0.0,0.0,0.0,0.0,0.0
979,1529964075,495736404,0.0,0.0,0.0,0.0,0.0,0.0
980,1529964075,505735862,0.0,0.0,0.0,0.0,0.0,0.0
981,1529964075,515736914,0.0,0.0,0.0,0.0,0.0,0.0
982,1529964075,525746351,0.0,0.0,0.0,0.0,0.0,0.0
983,1529964075,535740240,0.0,0.0,0.0,0.0,0.0,0.0
984,1529964075,545738087,0.0,0.0,0.0,0.0,0.0,0.0
985,1529964075,555737908,0.0,0.0,0.0,0.0,0.0,0.0
986,1529964075,565744830,0.0,0.0,0.0,0.0,0.0,0.0
987,1529964075,575743340,0.0,0.0,0.0,0.0,0.0,0.0
988,1529964075,585741643,0.0,0.0,0.0,0.0,0.0,0.0
989,1529964075,595741938,0.0,0.0,0.0,0.0,0.0,0.0
990,1529964075,605747265,0.0,0.0,0.0,0.0,0.0,0.0
991,1529964075,615745315,0.0,0.0,0.0,0.0,0.0,0.0
992,1529964075,625734922,0.0,0.0,0.0,0.0,0.0,0.0
993,1529964075,635741227,0.0,0.0,0.0,0.0,0.0,0.0
994,1529964075,645749274,0.0,0.0,0.0,0.0,0.0,0.0
995,1529964075,655743578,0.0,0.0,0.0,0.0,0.0,0.0
996,1529964075,665741905,0.0,0.0,0.0,0.0,0.0,0.0
997,1529964075,675739453,0.0,0.0,0.0,0.0,0.0,0.0
998,1529964075,685737456,0.0,0.0,0.0,0.0,0.0,0.0
999,1529964075,695752470,0.0,0.0,0.0,0.0,0.0,0.0
1000,1529964075,705748350,0.0,0.0,0.0,0.0,0.0,0.0
1001,1529964075,715740986,0.0,0.0,0.0,0.0,0.0,0.0
1002,1529964075,725741600,0.0,0.0,0.0,0.0,0.0,0.0
1003,1529964075,735743012,0.0,0.0,0.0,0.0,0.0,0.0
1004,1529964075,745739876,0.0,0.0,0.0,0.0,0.0,0.0
1005,1529964075,755740051,0.0,0.0,0.0,0.0,0.0,0.0
1006,1529964075,765739648,0.0,0.0,0.0,0.0,0.0,0.0
1007,1529964075,775745571,0.0,0.0,0.0,0.0,0.0,0.0
1008,1529964075,785743464,0.0,0.0,0.0,0.0,0.0,0.0
1009,1529964075,795739085,0.0,0.0,0.0,0.0,0.0,0.0
1010,1529964075,805739398,0.0,0.0,0.0,0.0,0.0,0.0
1011,1529964075,815739432,0.0,0.0,0.0,0.0,0.0,0.0
1012,1529964075,825756823,0.0,0.0,0.0,0.0,0.0,0.0
1013,1529964075,835745773,106.0,106.0,0.0,0.0,0.0,0.0
1014,1529964075,845744569,110.0,110.0,0.0,0.0,0.0,0.0
1015,1529964075,855742796,110.0,110.0,0.0,0.0,0.0,0.0
1016,1529964075,865748858,110.0,110.0,0.0,0.0,0.0,0.0
1017,1529964075,875748649,115.0,115.0,0.0,0.0,0.0,0.0
1018,1529964075,885747142,115.0,115.0,0.0,0.0,0.0,0.0
1019,1529964075,895745280,122.0,122.0,0.0,0.0,0.0,0.0
1020,1529964075,905744367,122.0,122.0,0.0,0.0,0.0,0.0
1021,1529964075,915757391,127.0,127.0,0.0,0.0,0.0,0.0
1022,1529964075,925747841,132.0,132.0,0.0,0.0,0.0,0.0
1023,1529964075,935752219,132.0,132.0,0.0,0.0,0.0,0.0
1024,1529964075,945740164,132.0,132.0,0.0,0.0,0.0,0.0
1025,1529964075,955763111,137.0,137.0,0.0,0.0,0.0,0.0
1026,1529964075,965751338,141.0,141.0,0.0,0.0,0.0,0.0
1027,1529964075,975743439,141.0,141.0,0.0,0.0,0.0,0.0
1028,1529964075,985772038,141.0,141.0,0.0,0.0,0.0,0.0
1029,1529964075,995748318,144.0,144.0,0.0,0.0,0.0,0.0
1030,1529964076,5779202,146.0,146.0,0.0,0.0,0.0,0.0
1031,1529964076,15745771,146.0,146.0,0.0,0.0,0.0,0.0
1032,1529964076,25752082,146.0,146.0,0.0,0.0,0.0,0.0
1033,1529964076,35748804,149.0,149.0,0.0,0.0,0.0,0.0
1034,1529964076,45761600,150.0,150.0,0.0,0.0,0.0,0.0
1035,1529964076,55754641,150.0,150.0,0.0,0.0,0.0,0.0
1036,1529964076,65744689,150.0,150.0,0.0,0.0,0.0,0.0
1037,1529964076,75742266,151.0,151.0,0.0,0.0,0.0,0.0
1038,1529964076,85730918,151.0,151.0,0.0,0.0,0.0,0.0
1039,1529964076,95748256,151.0,151.0,0.0,0.0,0.0,0.0
1040,1529964076,105742023,151.0,151.0,0.0,0.0,0.0,0.0
1041,1529964076,115763293,152.0,152.0,0.0,0.0,0.0,0.0
1042,1529964076,125741393,152.0,152.0,0.0,0.0,0.0,0.0
1043,1529964076,135753938,152.0,152.0,0.0,0.0,0.0,0.0
1044,1529964076,145745327,152.0,152.0,0.0,0.0,0.0,0.0
1045,1529964076,155757780,153.0,153.0,0.0,0.0,0.0,0.0
1046,1529964076,165751030,153.0,153.0,0.0,0.0,0.0,0.0
1047,1529964076,175754348,153.0,153.0,0.0,0.0,0.0,0.0
1048,1529964076,185748737,153.0,153.0,0.0,0.0,0.0,0.0
1049,1529964076,195747619,153.0,153.0,0.0,0.0,0.0,0.0
1050,1529964076,205742864,153.0,153.0,0.0,0.0,0.0,0.0
1051,1529964076,215743139,153.0,153.0,0.0,0.0,0.0,0.0
1052,1529964076,225746038,153.0,153.0,0.0,0.0,0.0,0.0
1053,1529964076,235751752,153.0,153.0,0.0,0.0,0.0,0.0
1054,1529964076,245744264,153.0,153.0,0.0,0.0,0.0,0.0
1055,1529964076,255747037,153.0,153.0,0.0,0.0,0.0,0.0
1056,1529964076,265746655,153.0,153.0,0.0,0.0,0.0,0.0
1057,1529964076,275744700,153.0,153.0,0.0,0.0,0.0,0.0
1058,1529964076,285745540,153.0,153.0,0.0,0.0,0.0,0.0
1059,1529964076,295740571,153.0,153.0,0.0,0.0,0.0,0.0
1060,1529964076,305748770,153.0,153.0,0.0,0.0,0.0,0.0
1061,1529964076,315749088,153.0,153.0,0.0,0.0,0.0,0.0
1062,1529964076,325744829,153.0,153.0,0.0,0.0,0.0,0.0
1063,1529964076,335741952,153.0,153.0,0.0,0.0,0.0,0.0
1064,1529964076,345748944,153.0,153.0,0.0,0.0,0.0,0.0
1065,1529964076,355748354,153.0,153.0,0.0,0.0,0.0,0.0
1066,1529964076,365754756,153.0,153.0,0.0,0.0,0.0,0.0
1067,1529964076,375743533,153.0,153.0,0.0,0.0,0.0,0.0
1068,1529964076,385742965,153.0,153.0,0.0,0.0,0.0,0.0
1069,1529964076,395769345,153.0,153.0,0.0,0.0,0.0,0.0
1070,1529964076,405755639,153.0,153.0,0.0,0.0,0.0,0.0
1071,1529964076,415745350,153.0,153.0,0.0,0.0,0.0,0.0
1072,1529964076,425742754,153.0,153.0,0.0,0.0,0.0,0.0
1073,1529964076,435752289,153.0,153.0,0.0,0.0,0.0,0.0
1074,1529964076,445747068,153.0,152.0,0.0,0.0,0.0,0.0
1075,1529964076,455743255,153.0,152.0,0.0,0.0,0.0,0.0
1076,1529964076,465739979,153.0,152.0,0.0,0.0,0.0,0.0
1077,1529964076,475744434,153.0,150.0,0.0,0.0,0.0,0.0
1078,1529964076,485756014,154.0,145.0,0.0,0.0,0.0,0.0
1079,1529964076,495769057,154.0,145.0,0.0,0.0,0.0,0.0
1080,1529964076,505741749,154.0,145.0,0.0,0.0,0.0,0.0
1081,1529964076,515740532,156.0,141.0,0.0,0.0,0.0,0.0
1082,1529964076,525755779,158.0,137.0,0.0,0.0,0.0,0.0
1083,1529964076,535742091,158.0,137.0,0.0,0.0,0.0,0.0
1084,1529964076,545742427,158.0,137.0,0.0,0.0,0.0,0.0
1085,1529964076,555740525,163.0,137.0,0.0,0.0,0.0,0.0
1086,1529964076,565746367,167.0,136.0,0.0,0.0,0.0,0.0
1087,1529964076,575777275,167.0,136.0,0.0,0.0,0.0,0.0
1088,1529964076,585752633,167.0,136.0,0.0,0.0,0.0,0.0
1089,1529964076,595748111,171.0,139.0,0.0,0.0,0.0,0.0
1090,1529964076,605741424,175.0,140.0,0.0,0.0,0.0,0.0
1091,1529964076,615751197,175.0,140.0,0.0,0.0,0.0,0.0
1092,1529964076,625747431,175.0,140.0,0.0,0.0,0.0,0.0
1093,1529964076,635750554,176.0,142.0,0.0,0.0,0.0,0.0
1094,1529964076,645750972,177.0,143.0,0.0,0.0,0.0,0.0
1095,1529964076,655749185,177.0,143.0,0.0,0.0,0.0,0.0
1096,1529964076,665753588,177.0,143.0,0.0,0.0,0.0,0.0
1097,1529964076,675744648,179.0,144.0,0.0,0.0,0.0,0.0
1098,1529964076,685746754,180.0,146.0,0.0,0.0,0.0,0.0
1099,1529964076,695743552,180.0,146.0,0.0,0.0,0.0,0.0
1100,1529964076,705759642,180.0,146.0,0.0,0.0,0.0,0.0
1101,1529964076,715751501,180.0,146.0,0.0,0.0,0.0,0.0
1102,1529964076,725744037,181.0,147.0,0.0,0.0,0.0,0.0
1103,1529964076,735741148,181.0,147.0,0.0,0.0,0.0,0.0
1104,1529964076,750221573,181.0,147.0,0.0,0.0,0.0,0.0
1105,1529964076,755761227,182.0,148.0,0.0,0.0,0.0,0.0
1106,1529964076,765744578,183.0,149.0,0.0,0.0,0.0,0.0
1107,1529964076,775738992,183.0,149.0,0.0,0.0,0.0,0.0
1108,1529964076,785745303,183.0,149.0,0.0,0.0,0.0,0.0
1109,1529964076,795748243,183.0,149.0,0.0,0.0,0.0,0.0
1110,1529964076,805739967,184.0,148.0,0.0,0.0,0.0,0.0
1111,1529964076,815740309,184.0,148.0,0.0,0.0,0.0,0.0
1112,1529964076,825743099,184.0,148.0,0.0,0.0,0.0,0.0
1113,1529964076,835741704,187.0,145.0,0.0,0.0,0.0,0.0
1114,1529964076,845741019,189.0,142.0,0.0,0.0,0.0,0.0
1115,1529964076,855740319,189.0,142.0,0.0,0.0,0.0,0.0
1116,1529964076,865738800,189.0,142.0,0.0,0.0,0.0,0.0
1117,1529964076,875753790,192.0,137.0,0.0,0.0,0.0,0.0
1118,1529964076,885744815,196.0,132.0,0.0,0.0,0.0,0.0
1119,1529964076,895751924,196.0,132.0,0.0,0.0,0.0,0.0
1120,1529964076,905737709,196.0,132.0,0.0,0.0,0.0,0.0
1121,1529964076,915747565,202.0,130.0,0.0,0.0,0.0,0.0
1122,1529964076,925744742,206.0,125.0,0.0,0.0,0.0,0.0
1123,1529964076,935742466,206.0,125.0,0.0,0.0,0.0,0.0
1124,1529964076,945749774,206.0,125.0,0.0,0.0,0.0,0.0
1125,1529964076,955738372,209.0,120.0,0.0,0.0,0.0,0.0
1126,1529964076,965748843,211.0,117.0,0.0,0.0,0.0,0.0
1127,1529964076,975740506,211.0,117.0,0.0,0.0,0.0,0.0
1128,1529964076,985749419,211.0,117.0,0.0,0.0,0.0,0.0
1129,1529964076,995739155,213.0,114.0,0.0,0.0,0.0,0.0
1130,1529964077,5754124,214.0,112.0,0.0,0.0,0.0,0.0
1131,1529964077,15754570,214.0,112.0,0.0,0.0,0.0,0.0
1132,1529964077,25740634,214.0,112.0,0.0,0.0,0.0,0.0
1133,1529964077,35744129,215.0,111.0,0.0,0.0,0.0,0.0
1134,1529964077,45778048,215.0,111.0,0.0,0.0,0.0,0.0
1135,1529964077,55751609,215.0,111.0,0.0,0.0,0.0,0.0
1136,1529964077,65743565,215.0,111.0,0.0,0.0,0.0,0.0
1137,1529964077,75738499,215.0,111.0,0.0,0.0,0.0,0.0
1138,1529964077,85739651,215.0,111.0,0.0,0.0,0.0,0.0
1139,1529964077,95742713,215.0,111.0,0.0,0.0,0.0,0.0
1140,1529964077,105742315,215.0,111.0,0.0,0.0,0.0,0.0
1141,1529964077,115739215,215.0,111.0,0.0,0.0,0.0,0.0
1142,1529964077,125739726,215.0,111.0,0.0,0.0,0.0,0.0
1143,1529964077,135752020,215.0,111.0,0.0,0.0,0.0,0.0
1144,1529964077,145873355,215.0,111.0,0.0,0.0,0.0,0.0
1145,1529964077,155741098,215.0,111.0,0.0,0.0,0.0,0.0
1146,1529964077,165739068,215.0,111.0,0.0,0.0,0.0,0.0
1147,1529964077,175742774,215.0,111.0,0.0,0.0,0.0,0.0
1148,1529964077,185752410,215.0,111.0,0.0,0.0,0.0,0.0
1149,1529964077,195742773,215.0,113.0,0.0,0.0,0.0,0.0
1150,1529964077,205738320,213.0,117.0,0.0,0.0,0.0,0.0
1151,1529964077,215739467,213.0,117.0,0.0,0.0,0.0,0.0
1152,1529964077,225749211,213.0,117.0,0.0,0.0,0.0,0.0
1153,1529964077,235749907,211.0,122.0,0.0,0.0,0.0,0.0
1154,1529964077,245738010,210.0,128.0,0.0,0.0,0.0,0.0
1155,1529964077,255756307,210.0,128.0,0.0,0.0,0.0,0.0
1156,1529964077,265756099,210.0,128.0,0.0,0.0,0.0,0.0
1157,1529964077,275744870,208.0,136.0,0.0,0.0,0.0,0.0
1158,1529964077,285739616,203.0,151.0,0.0,0.0,0.0,0.0
1159,1529964077,295738918,203.0,151.0,0.0,0.0,0.0,0.0
1160,1529964077,305751278,203.0,151.0,0.0,0.0,0.0,0.0
1161,1529964077,315754897,205.0,159.0,0.0,0.0,0.0,0.0
1162,1529964077,325748384,207.0,168.0,0.0,0.0,0.0,0.0
1163,1529964077,335739780,207.0,168.0,0.0,0.0,0.0,0.0
1164,1529964077,345748219,207.0,168.0,0.0,0.0,0.0,0.0
1165,1529964077,355755734,209.0,178.0,0.0,0.0,0.0,0.0
1166,1529964077,365749626,209.0,178.0,0.0,0.0,0.0,0.0
1167,1529964077,375745343,211.0,188.0,0.0,0.0,0.0,0.0
1168,1529964077,385721808,211.0,188.0,0.0,0.0,0.0,0.0
1169,1529964077,395746552,214.0,199.0,0.0,0.0,0.0,0.0
1170,1529964077,405744299,218.0,218.0,0.0,0.0,0.0,0.0
1171,1529964077,415748931,218.0,218.0,0.0,0.0,0.0,0.0
1172,1529964077,425749982,218.0,218.0,0.0,0.0,0.0,0.0
1173,1529964077,435765149,223.0,223.0,0.0,0.0,0.0,0.0
1174,1529964077,445745371,228.0,228.0,0.0,0.0,0.0,0.0
1175,1529964077,455739772,228.0,228.0,0.0,0.0,0.0,0.0
1176,1529964077,465736631,228.0,228.0,0.0,0.0,0.0,0.0
1177,1529964077,475749911,231.0,231.0,0.0,0.0,0.0,0.0
1178,1529964077,485751319,233.0,233.0,0.0,0.0,0.0,0.0
1179,1529964077,495750578,233.0,233.0,0.0,0.0,0.0,0.0
1180,1529964077,505743442,233.0,233.0,0.0,0.0,0.0,0.0
1181,1529964077,515739635,234.0,234.0,0.0,0.0,0.0,0.0
1182,1529964077,525746875,235.0,235.0,0.0,0.0,0.0,0.0
1183,1529964077,535753164,235.0,235.0,0.0,0.0,0.0,0.0
1184,1529964077,545742461,235.0,235.0,0.0,0.0,0.0,0.0
1185,1529964077,555739605,237.0,237.0,0.0,0.0,0.0,0.0
1186,1529964077,565740431,240.0,240.0,0.0,0.0,0.0,0.0
1187,1529964077,575749569,240.0,240.0,0.0,0.0,0.0,0.0
1188,1529964077,585742273,240.0,240.0,0.0,0.0,0.0,0.0
1189,1529964077,595750909,242.0,242.0,0.0,0.0,0.0,0.0
1190,1529964077,605751188,243.0,243.0,0.0,0.0,0.0,0.0
1191,1529964077,615746101,243.0,243.0,0.0,0.0,0.0,0.0
1192,1529964077,625752920,243.0,243.0,0.0,0.0,0.0,0.0
1193,1529964077,635739746,245.0,245.0,0.0,0.0,0.0,0.0
1194,1529964077,645738713,248.0,248.0,0.0,0.0,0.0,0.0
1195,1529964077,655744730,248.0,248.0,0.0,0.0,0.0,0.0
1196,1529964077,665747931,248.0,248.0,0.0,0.0,0.0,0.0
1197,1529964077,675751695,250.0,250.0,0.0,0.0,0.0,0.0
1198,1529964077,685743440,251.0,251.0,0.0,0.0,0.0,0.0
1199,1529964077,695740587,251.0,251.0,0.0,0.0,0.0,0.0
1200,1529964077,705754155,251.0,251.0,0.0,0.0,0.0,0.0
1201,1529964077,715759815,252.0,252.0,0.0,0.0,0.0,0.0
1202,1529964077,725751308,252.0,252.0,0.0,0.0,0.0,0.0
1203,1529964077,735740406,252.0,252.0,0.0,0.0,0.0,0.0
1204,1529964077,745745406,252.0,252.0,0.0,0.0,0.0,0.0
1205,1529964077,755744992,252.0,252.0,0.0,0.0,0.0,0.0
1206,1529964077,765749448,252.0,252.0,0.0,0.0,0.0,0.0
1207,1529964077,775743653,252.0,252.0,0.0,0.0,0.0,0.0
1208,1529964077,785744116,252.0,252.0,0.0,0.0,0.0,0.0
1209,1529964077,795745489,252.0,252.0,0.0,0.0,0.0,0.0
1210,1529964077,805742098,252.0,252.0,0.0,0.0,0.0,0.0
1211,1529964077,815742641,252.0,252.0,0.0,0.0,0.0,0.0
1212,1529964077,825747950,252.0,252.0,0.0,0.0,0.0,0.0
1213,1529964077,835810129,252.0,252.0,0.0,0.0,0.0,0.0
1214,1529964077,845745549,252.0,252.0,0.0,0.0,0.0,0.0
1215,1529964077,855740700,252.0,252.0,0.0,0.0,0.0,0.0
1216,1529964077,865740866,252.0,252.0,0.0,0.0,0.0,0.0
1217,1529964077,875747768,252.0,252.0,0.0,0.0,0.0,0.0
1218,1529964077,885741558,252.0,252.0,0.0,0.0,0.0,0.0
1219,1529964077,895760195,252.0,252.0,0.0,0.0,0.0,0.0
1220,1529964077,905740204,252.0,252.0,0.0,0.0,0.0,0.0
1221,1529964077,915739748,252.0,252.0,0.0,0.0,0.0,0.0
1222,1529964077,925743604,252.0,252.0,0.0,0.0,0.0,0.0
1223,1529964077,935741543,252.0,252.0,0.0,0.0,0.0,0.0
1224,1529964077,945748817,252.0,252.0,0.0,0.0,0.0,0.0
1225,1529964077,955739953,253.0,253.0,0.0,0.0,0.0,0.0
1226,1529964077,965746932,254.0,254.0,0.0,0.0,0.0,0.0
1227,1529964077,975745315,254.0,254.0,0.0,0.0,0.0,0.0
1228,1529964077,985751066,254.0,254.0,0.0,0.0,0.0,0.0
1229,1529964077,995742243,256.0,256.0,0.0,0.0,0.0,0.0
1230,1529964078,5748810,259.0,259.0,0.0,0.0,0.0,0.0
1231,1529964078,15743057,259.0,259.0,0.0,0.0,0.0,0.0
1232,1529964078,25741622,259.0,259.0,0.0,0.0,0.0,0.0
1233,1529964078,35741386,262.0,262.0,0.0,0.0,0.0,0.0
1234,1529964078,45739078,266.0,266.0,0.0,0.0,0.0,0.0
1235,1529964078,55751538,266.0,266.0,0.0,0.0,0.0,0.0
1236,1529964078,65742748,266.0,266.0,0.0,0.0,0.0,0.0
1237,1529964078,75740702,267.0,267.0,0.0,0.0,0.0,0.0
1238,1529964078,85740258,271.0,271.0,0.0,0.0,0.0,0.0
1239,1529964078,95743221,271.0,271.0,0.0,0.0,0.0,0.0
1240,1529964078,105742451,271.0,271.0,0.0,0.0,0.0,0.0
1241,1529964078,115741381,275.0,275.0,0.0,0.0,0.0,0.0
1242,1529964078,125742494,276.0,276.0,0.0,0.0,0.0,0.0
1243,1529964078,135770178,276.0,276.0,0.0,0.0,0.0,0.0
1244,1529964078,145749677,276.0,276.0,0.0,0.0,0.0,0.0
1245,1529964078,155800165,278.0,278.0,0.0,0.0,0.0,0.0
1246,1529964078,165749485,279.0,279.0,0.0,0.0,0.0,0.0
1247,1529964078,175748631,279.0,279.0,0.0,0.0,0.0,0.0
1248,1529964078,185776380,279.0,279.0,0.0,0.0,0.0,0.0
1249,1529964078,195752055,279.0,279.0,0.0,0.0,0.0,0.0
1250,1529964078,205739587,279.0,279.0,0.0,0.0,0.0,0.0
1251,1529964078,215745494,279.0,279.0,0.0,0.0,0.0,0.0
1252,1529964078,225746911,279.0,279.0,0.0,0.0,0.0,0.0
1253,1529964078,235739909,280.0,280.0,0.0,0.0,0.0,0.0
1254,1529964078,245741313,280.0,280.0,0.0,0.0,0.0,0.0
1255,1529964078,255739113,280.0,280.0,0.0,0.0,0.0,0.0
1256,1529964078,265739170,280.0,280.0,0.0,0.0,0.0,0.0
1257,1529964078,275742744,280.0,280.0,0.0,0.0,0.0,0.0
1258,1529964078,285746111,280.0,280.0,0.0,0.0,0.0,0.0
1259,1529964078,295741526,280.0,280.0,0.0,0.0,0.0,0.0
1260,1529964078,305740704,280.0,280.0,0.0,0.0,0.0,0.0
1261,1529964078,315745268,280.0,280.0,0.0,0.0,0.0,0.0
1262,1529964078,325745722,280.0,280.0,0.0,0.0,0.0,0.0
1263,1529964078,335762196,280.0,280.0,0.0,0.0,0.0,0.0
1264,1529964078,345740393,280.0,280.0,0.0,0.0,0.0,0.0
1265,1529964078,355744387,282.0,282.0,0.0,0.0,0.0,0.0
1266,1529964078,365743788,283.0,283.0,0.0,0.0,0.0,0.0
1267,1529964078,375741456,283.0,283.0,0.0,0.0,0.0,0.0
1268,1529964078,385738754,283.0,283.0,0.0,0.0,0.0,0.0
1269,1529964078,395739254,284.0,284.0,0.0,0.0,0.0,0.0
1270,1529964078,410216334,284.0,284.0,0.0,0.0,0.0,0.0
1271,1529964078,415762320,284.0,284.0,0.0,0.0,0.0,0.0
1272,1529964078,425740438,284.0,284.0,0.0,0.0,0.0,0.0
1273,1529964078,435739040,285.0,285.0,0.0,0.0,0.0,0.0
1274,1529964078,445747039,285.0,285.0,0.0,0.0,0.0,0.0
1275,1529964078,455746280,285.0,285.0,0.0,0.0,0.0,0.0
1276,1529964078,465749609,285.0,285.0,0.0,0.0,0.0,0.0
1277,1529964078,475756527,285.0,285.0,0.0,0.0,0.0,0.0
1278,1529964078,485739401,285.0,285.0,0.0,0.0,0.0,0.0
1279,1529964078,495744538,285.0,285.0,0.0,0.0,0.0,0.0
1280,1529964078,505749728,285.0,285.0,0.0,0.0,0.0,0.0
1281,1529964078,515744046,285.0,285.0,0.0,0.0,0.0,0.0
1282,1529964078,525740010,286.0,286.0,0.0,0.0,0.0,0.0
1283,1529964078,535750042,286.0,286.0,0.0,0.0,0.0,0.0
1284,1529964078,545745907,286.0,286.0,0.0,0.0,0.0,0.0
1285,1529964078,555743722,287.0,287.0,0.0,0.0,0.0,0.0
1286,1529964078,565741896,288.0,288.0,0.0,0.0,0.0,0.0
1287,1529964078,575741587,288.0,288.0,0.0,0.0,0.0,0.0
1288,1529964078,585745378,288.0,288.0,0.0,0.0,0.0,0.0
1289,1529964078,595742132,288.0,288.0,0.0,0.0,0.0,0.0
1290,1529964078,605738928,288.0,288.0,0.0,0.0,0.0,0.0
1291,1529964078,615738571,288.0,288.0,0.0,0.0,0.0,0.0
1292,1529964078,625746019,288.0,288.0,0.0,0.0,0.0,0.0
1293,1529964078,635736572,289.0,289.0,0.0,0.0,0.0,0.0
1294,1529964078,645736887,289.0,289.0,0.0,0.0,0.0,0.0
1295,1529964078,655745425,289.0,289.0,0.0,0.0,0.0,0.0
1296,1529964078,665739095,289.0,289.0,0.0,0.0,0.0,0.0
1297,1529964078,675742861,289.0,289.0,0.0,0.0,0.0,0.0
1298,1529964078,685744360,289.0,289.0,0.0,0.0,0.0,0.0
1299,1529964078,695743809,289.0,289.0,0.0,0.0,0.0,0.0
1300,1529964078,705741621,289.0,289.0,0.0,0.0,0.0,0.0
1301,1529964078,715768234,289.0,289.0,0.0,0.0,0.0,0.0
1302,1529964078,725744997,289.0,289.0,0.0,0.0,0.0,0.0
1303,1529964078,735752684,289.0,289.0,0.0,0.0,0.0,0.0
1304,1529964078,745743833,289.0,289.0,0.0,0.0,0.0,0.0
1305,1529964078,755744186,286.0,289.0,0.0,0.0,0.0,0.0
1306,1529964078,765753345,278.0,287.0,0.0,0.0,0.0,0.0
1307,1529964078,775761344,278.0,287.0,0.0,0.0,0.0,0.0
1308,1529964078,785750633,278.0,287.0,0.0,0.0,0.0,0.0
1309,1529964078,795747420,271.0,286.0,0.0,0.0,0.0,0.0
1310,1529964078,805741666,265.0,285.0,0.0,0.0,0.0,0.0
1311,1529964078,815750784,265.0,285.0,0.0,0.0,0.0,0.0
1312,1529964078,825744869,265.0,285.0,0.0,0.0,0.0,0.0
1313,1529964078,835740510,264.0,285.0,0.0,0.0,0.0,0.0
1314,1529964078,845741514,264.0,285.0,0.0,0.0,0.0,0.0
1315,1529964078,861726995,264.0,285.0,0.0,0.0,0.0,0.0
1316,1529964078,865748223,264.0,285.0,0.0,0.0,0.0,0.0
1317,1529964078,875746201,264.0,285.0,0.0,0.0,0.0,0.0
1318,1529964078,885741338,264.0,285.0,0.0,0.0,0.0,0.0
1319,1529964078,895754846,264.0,285.0,0.0,0.0,0.0,0.0
1320,1529964078,905756940,264.0,285.0,0.0,0.0,0.0,0.0
1321,1529964078,915758688,264.0,285.0,0.0,0.0,0.0,0.0
1322,1529964078,925741742,264.0,285.0,0.0,0.0,0.0,0.0
1323,1529964078,935754155,264.0,285.0,0.0,0.0,0.0,0.0
1324,1529964078,945771540,264.0,285.0,0.0,0.0,0.0,0.0
1325,1529964078,955744151,263.0,285.0,0.0,0.0,0.0,0.0
1326,1529964078,965752110,262.0,285.0,0.0,0.0,0.0,0.0
1327,1529964078,975739375,262.0,285.0,0.0,0.0,0.0,0.0
1328,1529964078,985753017,262.0,285.0,0.0,0.0,0.0,0.0
1329,1529964078,995744208,260.0,284.0,0.0,0.0,0.0,0.0
1330,1529964079,5744478,254.0,283.0,0.0,0.0,0.0,0.0
1331,1529964079,15743013,254.0,283.0,0.0,0.0,0.0,0.0
1332,1529964079,25748223,254.0,283.0,0.0,0.0,0.0,0.0
1333,1529964079,35747480,248.0,282.0,0.0,0.0,0.0,0.0
1334,1529964079,45744786,240.0,281.0,0.0,0.0,0.0,0.0
1335,1529964079,55742018,240.0,281.0,0.0,0.0,0.0,0.0
1336,1529964079,65752490,240.0,281.0,0.0,0.0,0.0,0.0
1337,1529964079,75754019,230.0,279.0,0.0,0.0,0.0,0.0
1338,1529964079,85747042,212.0,281.0,0.0,0.0,0.0,0.0
1339,1529964079,95747679,212.0,281.0,0.0,0.0,0.0,0.0
1340,1529964079,105740613,212.0,281.0,0.0,0.0,0.0,0.0
1341,1529964079,115750381,202.0,279.0,0.0,0.0,0.0,0.0
1342,1529964079,125749481,202.0,279.0,0.0,0.0,0.0,0.0
1343,1529964079,135719652,183.0,280.0,0.0,0.0,0.0,0.0
1344,1529964079,145742407,183.0,280.0,0.0,0.0,0.0,0.0
1345,1529964079,155749794,175.0,278.0,0.0,0.0,0.0,0.0
1346,1529964079,165746945,167.0,279.0,0.0,0.0,0.0,0.0
1347,1529964079,175741274,167.0,279.0,0.0,0.0,0.0,0.0
1348,1529964079,185744035,167.0,279.0,0.0,0.0,0.0,0.0
1349,1529964079,195752747,161.0,281.0,0.0,0.0,0.0,0.0
1350,1529964079,205748054,156.0,282.0,0.0,0.0,0.0,0.0
1351,1529964079,215743013,156.0,282.0,0.0,0.0,0.0,0.0
1352,1529964079,225746722,156.0,282.0,0.0,0.0,0.0,0.0
1353,1529964079,235740306,155.0,283.0,0.0,0.0,0.0,0.0
1354,1529964079,245765837,154.0,283.0,0.0,0.0,0.0,0.0
1355,1529964079,255750976,154.0,283.0,0.0,0.0,0.0,0.0
1356,1529964079,265745773,154.0,283.0,0.0,0.0,0.0,0.0
1357,1529964079,275746000,154.0,283.0,0.0,0.0,0.0,0.0
1358,1529964079,285750668,154.0,284.0,0.0,0.0,0.0,0.0
1359,1529964079,295768951,154.0,284.0,0.0,0.0,0.0,0.0
1360,1529964079,305746013,154.0,284.0,0.0,0.0,0.0,0.0
1361,1529964079,315743210,155.0,285.0,0.0,0.0,0.0,0.0
1362,1529964079,325741535,156.0,286.0,0.0,0.0,0.0,0.0
1363,1529964079,335745974,156.0,286.0,0.0,0.0,0.0,0.0
1364,1529964079,345741715,156.0,286.0,0.0,0.0,0.0,0.0
1365,1529964079,355756412,156.0,287.0,0.0,0.0,0.0,0.0
1366,1529964079,365740356,158.0,288.0,0.0,0.0,0.0,0.0
1367,1529964079,375755085,158.0,288.0,0.0,0.0,0.0,0.0
1368,1529964079,385747615,158.0,288.0,0.0,0.0,0.0,0.0
1369,1529964079,395740600,161.0,291.0,0.0,0.0,0.0,0.0
1370,1529964079,405740440,166.0,294.0,0.0,0.0,0.0,0.0
1371,1529964079,415745179,166.0,294.0,0.0,0.0,0.0,0.0
1372,1529964079,425750632,166.0,294.0,0.0,0.0,0.0,0.0
1373,1529964079,435743686,174.0,295.0,0.0,0.0,0.0,0.0
1374,1529964079,445742263,184.0,295.0,0.0,0.0,0.0,0.0
1375,1529964079,455749408,184.0,295.0,0.0,0.0,0.0,0.0
1376,1529964079,465750419,184.0,295.0,0.0,0.0,0.0,0.0
1377,1529964079,475744595,204.0,293.0,0.0,0.0,0.0,0.0
1378,1529964079,485744658,213.0,294.0,0.0,0.0,0.0,0.0
1379,1529964079,495742976,213.0,294.0,0.0,0.0,0.0,0.0
1380,1529964079,505759449,213.0,294.0,0.0,0.0,0.0,0.0
1381,1529964079,515753913,235.0,294.0,0.0,0.0,0.0,0.0
1382,1529964079,525746576,240.0,294.0,0.0,0.0,0.0,0.0
1383,1529964079,535740525,240.0,294.0,0.0,0.0,0.0,0.0
1384,1529964079,545746258,240.0,294.0,0.0,0.0,0.0,0.0
1385,1529964079,555745575,246.0,294.0,0.0,0.0,0.0,0.0
1386,1529964079,565741398,250.0,294.0,0.0,0.0,0.0,0.0
1387,1529964079,575745416,250.0,294.0,0.0,0.0,0.0,0.0
1388,1529964079,585743008,250.0,294.0,0.0,0.0,0.0,0.0
1389,1529964079,595755507,253.0,295.0,0.0,0.0,0.0,0.0
1390,1529964079,605744857,253.0,295.0,0.0,0.0,0.0,0.0
1391,1529964079,615740819,253.0,295.0,0.0,0.0,0.0,0.0
1392,1529964079,625744179,253.0,295.0,0.0,0.0,0.0,0.0
1393,1529964079,635714616,254.0,296.0,0.0,0.0,0.0,0.0
1394,1529964079,645750510,256.0,297.0,0.0,0.0,0.0,0.0
1395,1529964079,655742573,256.0,297.0,0.0,0.0,0.0,0.0
1396,1529964079,665861679,256.0,297.0,0.0,0.0,0.0,0.0
1397,1529964079,675766509,256.0,297.0,0.0,0.0,0.0,0.0
1398,1529964079,685767919,256.0,297.0,0.0,0.0,0.0,0.0
1399,1529964079,695757078,256.0,297.0,0.0,0.0,0.0,0.0
1400,1529964079,705765596,256.0,297.0,0.0,0.0,0.0,0.0
1401,1529964079,715746650,257.0,298.0,0.0,0.0,0.0,0.0
1402,1529964079,725760838,258.0,297.0,0.0,0.0,0.0,0.0
1403,1529964079,735745434,258.0,297.0,0.0,0.0,0.0,0.0
1404,1529964079,745745936,258.0,297.0,0.0,0.0,0.0,0.0
1405,1529964079,755741614,260.0,298.0,0.0,0.0,0.0,0.0
1406,1529964079,765759405,261.0,298.0,0.0,0.0,0.0,0.0
1407,1529964079,775750391,261.0,298.0,0.0,0.0,0.0,0.0
1408,1529964079,785741138,261.0,298.0,0.0,0.0,0.0,0.0
1409,1529964079,795752736,263.0,297.0,0.0,0.0,0.0,0.0
1410,1529964079,805745814,265.0,298.0,0.0,0.0,0.0,0.0
1411,1529964079,815747910,265.0,298.0,0.0,0.0,0.0,0.0
1412,1529964079,825744679,265.0,298.0,0.0,0.0,0.0,0.0
1413,1529964079,835742137,271.0,298.0,0.0,0.0,0.0,0.0
1414,1529964079,845743791,278.0,298.0,0.0,0.0,0.0,0.0
1415,1529964079,855769339,278.0,298.0,0.0,0.0,0.0,0.0
1416,1529964079,865746332,278.0,298.0,0.0,0.0,0.0,0.0
1417,1529964079,875741815,284.0,299.0,0.0,0.0,0.0,0.0
1418,1529964079,885745508,290.0,299.0,0.0,0.0,0.0,0.0
1419,1529964079,895746150,290.0,299.0,0.0,0.0,0.0,0.0
1420,1529964079,905748507,290.0,299.0,0.0,0.0,0.0,0.0
1421,1529964079,915741083,291.0,299.0,0.0,0.0,0.0,0.0
1422,1529964079,925745029,292.0,300.0,0.0,0.0,0.0,0.0
1423,1529964079,935745689,292.0,300.0,0.0,0.0,0.0,0.0
1424,1529964079,945764734,292.0,300.0,0.0,0.0,0.0,0.0
1425,1529964079,955766149,292.0,300.0,0.0,0.0,0.0,0.0
1426,1529964079,965748163,292.0,300.0,0.0,0.0,0.0,0.0
1427,1529964079,975754697,292.0,300.0,0.0,0.0,0.0,0.0
1428,1529964079,985750566,292.0,300.0,0.0,0.0,0.0,0.0
1429,1529964079,995747420,291.0,300.0,0.0,0.0,0.0,0.0
1430,1529964080,5744267,290.0,300.0,0.0,0.0,0.0,0.0
1431,1529964080,15743809,290.0,300.0,0.0,0.0,0.0,0.0
1432,1529964080,25742389,290.0,300.0,0.0,0.0,0.0,0.0
1433,1529964080,35748849,286.0,300.0,0.0,0.0,0.0,0.0
1434,1529964080,45745176,286.0,300.0,0.0,0.0,0.0,0.0
1435,1529964080,55743259,284.0,300.0,0.0,0.0,0.0,0.0
1436,1529964080,65744478,284.0,300.0,0.0,0.0,0.0,0.0
1437,1529964080,75776686,283.0,300.0,0.0,0.0,0.0,0.0
1438,1529964080,85747778,281.0,300.0,0.0,0.0,0.0,0.0
1439,1529964080,95742551,281.0,300.0,0.0,0.0,0.0,0.0
1440,1529964080,105741078,281.0,300.0,0.0,0.0,0.0,0.0
1441,1529964080,115748967,277.0,300.0,0.0,0.0,0.0,0.0
1442,1529964080,125747995,273.0,301.0,0.0,0.0,0.0,0.0
1443,1529964080,135743777,273.0,301.0,0.0,0.0,0.0,0.0
1444,1529964080,145742351,273.0,301.0,0.0,0.0,0.0,0.0
1445,1529964080,155741280,269.0,303.0,0.0,0.0,0.0,0.0
1446,1529964080,165751276,264.0,304.0,0.0,0.0,0.0,0.0
1447,1529964080,175745626,264.0,304.0,0.0,0.0,0.0,0.0
1448,1529964080,185745204,264.0,304.0,0.0,0.0,0.0,0.0
1449,1529964080,195748861,260.0,306.0,0.0,0.0,0.0,0.0
1450,1529964080,205752765,256.0,307.0,0.0,0.0,0.0,0.0
1451,1529964080,215750782,256.0,307.0,0.0,0.0,0.0,0.0
1452,1529964080,225740564,256.0,307.0,0.0,0.0,0.0,0.0
1453,1529964080,235740839,252.0,307.0,0.0,0.0,0.0,0.0
1454,1529964080,245746562,251.0,308.0,0.0,0.0,0.0,0.0
1455,1529964080,255758666,251.0,308.0,0.0,0.0,0.0,0.0
1456,1529964080,265750498,251.0,308.0,0.0,0.0,0.0,0.0
1457,1529964080,275752297,247.0,308.0,0.0,0.0,0.0,0.0
1458,1529964080,285745780,243.0,309.0,0.0,0.0,0.0,0.0
1459,1529964080,295762511,243.0,309.0,0.0,0.0,0.0,0.0
1460,1529964080,305755030,243.0,309.0,0.0,0.0,0.0,0.0
1461,1529964080,315753813,239.0,310.0,0.0,0.0,0.0,0.0
1462,1529964080,325749566,234.0,311.0,0.0,0.0,0.0,0.0
1463,1529964080,335754528,234.0,311.0,0.0,0.0,0.0,0.0
1464,1529964080,345749698,234.0,311.0,0.0,0.0,0.0,0.0
1465,1529964080,355742678,230.0,312.0,0.0,0.0,0.0,0.0
1466,1529964080,365740991,226.0,313.0,0.0,0.0,0.0,0.0
1467,1529964080,375746587,226.0,313.0,0.0,0.0,0.0,0.0
1468,1529964080,385747698,226.0,313.0,0.0,0.0,0.0,0.0
1469,1529964080,395743497,224.0,315.0,0.0,0.0,0.0,0.0
1470,1529964080,405740974,221.0,317.0,0.0,0.0,0.0,0.0
1471,1529964080,415742895,221.0,317.0,0.0,0.0,0.0,0.0
1472,1529964080,425751166,221.0,317.0,0.0,0.0,0.0,0.0
1473,1529964080,435744665,221.0,319.0,0.0,0.0,0.0,0.0
1474,1529964080,445747027,219.0,321.0,0.0,0.0,0.0,0.0
1475,1529964080,455745089,219.0,321.0,0.0,0.0,0.0,0.0
1476,1529964080,465751807,219.0,321.0,0.0,0.0,0.0,0.0
1477,1529964080,475748602,221.0,324.0,0.0,0.0,0.0,0.0
1478,1529964080,485744128,222.0,325.0,0.0,0.0,0.0,0.0
1479,1529964080,495744839,222.0,325.0,0.0,0.0,0.0,0.0
1480,1529964080,505751053,222.0,325.0,0.0,0.0,0.0,0.0
1481,1529964080,515745824,223.0,326.0,0.0,0.0,0.0,0.0
1482,1529964080,525746224,224.0,327.0,0.0,0.0,0.0,0.0
1483,1529964080,535741705,224.0,327.0,0.0,0.0,0.0,0.0
1484,1529964080,545741776,224.0,327.0,0.0,0.0,0.0,0.0
1485,1529964080,555752289,225.0,328.0,0.0,0.0,0.0,0.0
1486,1529964080,565743231,227.0,328.0,0.0,0.0,0.0,0.0
1487,1529964080,575746247,227.0,328.0,0.0,0.0,0.0,0.0
1488,1529964080,585741934,227.0,328.0,0.0,0.0,0.0,0.0
1489,1529964080,595761797,231.0,327.0,0.0,0.0,0.0,0.0
1490,1529964080,605770331,235.0,326.0,0.0,0.0,0.0,0.0
1491,1529964080,615764166,235.0,326.0,0.0,0.0,0.0,0.0
1492,1529964080,625740718,235.0,326.0,0.0,0.0,0.0,0.0
1493,1529964080,635746902,241.0,326.0,0.0,0.0,0.0,0.0
1494,1529964080,645748735,249.0,325.0,0.0,0.0,0.0,0.0
1495,1529964080,655757337,249.0,325.0,0.0,0.0,0.0,0.0
1496,1529964080,665744945,249.0,325.0,0.0,0.0,0.0,0.0
1497,1529964080,675744700,269.0,321.0,0.0,0.0,0.0,0.0
1498,1529964080,685762354,276.0,320.0,0.0,0.0,0.0,0.0
1499,1529964080,695742552,276.0,320.0,0.0,0.0,0.0,0.0
1500,1529964080,705744512,276.0,320.0,0.0,0.0,0.0,0.0
1501,1529964080,715741480,302.0,317.0,0.0,0.0,0.0,0.0
1502,1529964080,725753215,317.0,317.0,0.0,0.0,0.0,0.0
1503,1529964080,735765556,317.0,317.0,0.0,0.0,0.0,0.0
1504,1529964080,745742853,317.0,317.0,0.0,0.0,0.0,0.0
1505,1529964080,755742671,316.0,316.0,0.0,0.0,0.0,0.0
1506,1529964080,765747665,314.0,314.0,0.0,0.0,0.0,0.0
1507,1529964080,775750353,314.0,314.0,0.0,0.0,0.0,0.0
1508,1529964080,785747157,314.0,314.0,0.0,0.0,0.0,0.0
1509,1529964080,795741764,312.0,312.0,0.0,0.0,0.0,0.0
1510,1529964080,805747149,309.0,309.0,0.0,0.0,0.0,0.0
1511,1529964080,815772673,309.0,309.0,0.0,0.0,0.0,0.0
1512,1529964080,825750384,309.0,309.0,0.0,0.0,0.0,0.0
1513,1529964080,835742620,307.0,307.0,0.0,0.0,0.0,0.0
1514,1529964080,845743122,303.0,303.0,0.0,0.0,0.0,0.0
1515,1529964080,855746505,303.0,303.0,0.0,0.0,0.0,0.0
1516,1529964080,865747837,303.0,303.0,0.0,0.0,0.0,0.0
1517,1529964080,875744892,300.0,300.0,0.0,0.0,0.0,0.0
1518,1529964080,885743371,298.0,298.0,0.0,0.0,0.0,0.0
1519,1529964080,895739716,298.0,298.0,0.0,0.0,0.0,0.0
1520,1529964080,905751880,298.0,298.0,0.0,0.0,0.0,0.0
1521,1529964080,915749573,295.0,295.0,0.0,0.0,0.0,0.0
1522,1529964080,925741271,293.0,293.0,0.0,0.0,0.0,0.0
1523,1529964080,935741789,293.0,293.0,0.0,0.0,0.0,0.0
1524,1529964080,945761996,293.0,293.0,0.0,0.0,0.0,0.0
1525,1529964080,955748265,291.0,291.0,0.0,0.0,0.0,0.0
1526,1529964080,965743409,287.0,287.0,0.0,0.0,0.0,0.0
1527,1529964080,975741724,287.0,287.0,0.0,0.0,0.0,0.0
1528,1529964080,985749752,287.0,287.0,0.0,0.0,0.0,0.0
1529,1529964080,995746655,282.0,282.0,0.0,0.0,0.0,0.0
1530,1529964081,5743304,277.0,277.0,0.0,0.0,0.0,0.0
1531,1529964081,15740243,277.0,277.0,0.0,0.0,0.0,0.0
1532,1529964081,25741298,277.0,277.0,0.0,0.0,0.0,0.0
1533,1529964081,35757053,272.0,272.0,0.0,0.0,0.0,0.0
1534,1529964081,45746353,267.0,267.0,0.0,0.0,0.0,0.0
1535,1529964081,55745791,267.0,267.0,0.0,0.0,0.0,0.0
1536,1529964081,65743476,267.0,267.0,0.0,0.0,0.0,0.0
1537,1529964081,75760286,260.0,260.0,0.0,0.0,0.0,0.0
1538,1529964081,85758547,241.0,241.0,0.0,0.0,0.0,0.0
1539,1529964081,95757308,241.0,241.0,0.0,0.0,0.0,0.0
1540,1529964081,105721162,241.0,241.0,0.0,0.0,0.0,0.0
1541,1529964081,115744533,222.0,222.0,0.0,0.0,0.0,0.0
1542,1529964081,125748045,192.0,192.0,0.0,0.0,0.0,0.0
1543,1529964081,135743943,192.0,192.0,0.0,0.0,0.0,0.0
1544,1529964081,145744436,192.0,192.0,0.0,0.0,0.0,0.0
1545,1529964081,155742054,143.0,143.0,0.0,0.0,0.0,0.0
1546,1529964081,166498505,0.0,0.0,0.0,0.0,0.0,0.0
1547,1529964081,175744075,0.0,0.0,0.0,0.0,0.0,0.0
1548,1529964081,185743033,0.0,0.0,0.0,0.0,0.0,0.0
1549,1529964081,195738351,0.0,0.0,0.0,0.0,0.0,0.0
1550,1529964081,205744688,0.0,0.0,0.0,0.0,0.0,0.0
1551,1529964081,215740453,0.0,0.0,0.0,0.0,0.0,0.0
1552,1529964081,225742450,0.0,0.0,0.0,0.0,0.0,0.0
1553,1529964081,235737744,0.0,0.0,0.0,0.0,0.0,0.0
1554,1529964081,245740002,0.0,0.0,0.0,0.0,0.0,0.0
1555,1529964081,260317005,0.0,0.0,0.0,0.0,0.0,0.0
1556,1529964081,265738032,0.0,0.0,0.0,0.0,0.0,0.0
1557,1529964081,275745063,0.0,0.0,0.0,0.0,0.0,0.0
1558,1529964081,285737931,0.0,0.0,0.0,0.0,0.0,0.0
1559,1529964081,295762758,0.0,0.0,0.0,0.0,0.0,0.0
1560,1529964081,305763040,0.0,0.0,0.0,0.0,0.0,0.0
1561,1529964081,315742901,0.0,0.0,0.0,0.0,0.0,0.0
1562,1529964081,325738885,0.0,0.0,0.0,0.0,0.0,0.0
1563,1529964081,335736528,0.0,0.0,0.0,0.0,0.0,0.0
1564,1529964081,345735806,0.0,0.0,0.0,0.0,0.0,0.0
1565,1529964081,355735074,0.0,0.0,0.0,0.0,0.0,0.0
1566,1529964081,365745998,0.0,0.0,0.0,0.0,0.0,0.0
1567,1529964081,375753084,0.0,0.0,0.0,0.0,0.0,0.0
1568,1529964081,385743627,0.0,0.0,0.0,0.0,0.0,0.0
1569,1529964081,395738271,0.0,0.0,0.0,0.0,0.0,0.0
1570,1529964081,405749960,0.0,0.0,0.0,0.0,0.0,0.0
1571,1529964081,415736458,0.0,0.0,0.0,0.0,0.0,0.0
1572,1529964081,425745001,0.0,0.0,0.0,0.0,0.0,0.0
1573,1529964081,435742657,0.0,0.0,0.0,0.0,0.0,0.0
1574,1529964081,445737013,0.0,0.0,0.0,0.0,0.0,0.0
1575,1529964081,455732915,0.0,0.0,0.0,0.0,0.0,0.0
1576,1529964081,465735800,0.0,0.0,0.0,0.0,0.0,0.0
1577,1529964081,475740563,0.0,0.0,0.0,0.0,0.0,0.0
1578,1529964081,485741123,0.0,0.0,0.0,0.0,0.0,0.0
1579,1529964081,495745166,0.0,0.0,0.0,0.0,0.0,0.0
1580,1529964081,505732519,0.0,0.0,0.0,0.0,0.0,0.0
1581,1529964081,515742381,0.0,0.0,0.0,0.0,0.0,0.0
1582,1529964081,525737387,0.0,0.0,0.0,0.0,0.0,0.0
1583,1529964081,535736751,0.0,0.0,0.0,0.0,0.0,0.0
1584,1529964081,545734855,0.0,0.0,0.0,0.0,0.0,0.0
1585,1529964081,555732115,0.0,0.0,0.0,0.0,0.0,0.0
1586,1529964081,565743655,0.0,0.0,0.0,0.0,0.0,0.0
1587,1529964081,575734027,0.0,0.0,0.0,0.0,0.0,0.0
1588,1529964081,585734881,0.0,0.0,0.0,0.0,0.0,0.0
1589,1529964081,595740183,0.0,0.0,0.0,0.0,0.0,0.0
1590,1529964081,605747602,0.0,0.0,0.0,0.0,0.0,0.0
1591,1529964081,615749004,0.0,0.0,0.0,0.0,0.0,0.0
1592,1529964081,625743598,0.0,0.0,0.0,0.0,0.0,0.0
1593,1529964081,635738399,0.0,0.0,0.0,0.0,0.0,0.0
1594,1529964081,645746954,0.0,0.0,0.0,0.0,0.0,0.0
1595,1529964081,655738597,0.0,0.0,0.0,0.0,0.0,0.0
1596,1529964081,665737338,0.0,0.0,0.0,0.0,0.0,0.0
1597,1529964081,675734803,0.0,0.0,0.0,0.0,0.0,0.0
1598,1529964081,685753960,0.0,0.0,0.0,0.0,0.0,0.0
1599,1529964081,695738075,0.0,0.0,0.0,0.0,0.0,0.0
1600,1529964081,705737254,0.0,0.0,0.0,0.0,0.0,0.0
1601,1529964081,715734028,0.0,0.0,0.0,0.0,0.0,0.0
1602,1529964081,725735362,0.0,0.0,0.0,0.0,0.0,0.0
1603,1529964081,735741121,0.0,0.0,0.0,0.0,0.0,0.0
1604,1529964081,745738742,0.0,0.0,0.0,0.0,0.0,0.0
1605,1529964081,755736331,0.0,0.0,0.0,0.0,0.0,0.0
1606,1529964081,765736626,0.0,0.0,0.0,0.0,0.0,0.0
1607,1529964081,775740226,0.0,0.0,0.0,0.0,0.0,0.0
1608,1529964081,785742206,0.0,0.0,0.0,0.0,0.0,0.0
1609,1529964081,795736266,0.0,0.0,0.0,0.0,0.0,0.0
1610,1529964081,805736259,0.0,0.0,0.0,0.0,0.0,0.0
1611,1529964081,815743337,0.0,0.0,0.0,0.0,0.0,0.0
1612,1529964081,825747644,0.0,0.0,0.0,0.0,0.0,0.0
1613,1529964081,835738684,0.0,0.0,0.0,0.0,0.0,0.0
1614,1529964081,845735721,0.0,0.0,0.0,0.0,0.0,0.0
1615,1529964081,855733239,0.0,0.0,0.0,0.0,0.0,0.0
1616,1529964081,865749263,0.0,0.0,0.0,0.0,0.0,0.0
1617,1529964081,875737433,0.0,0.0,0.0,0.0,0.0,0.0
1618,1529964081,885741653,0.0,0.0,0.0,0.0,0.0,0.0
1619,1529964081,895732950,0.0,0.0,0.0,0.0,0.0,0.0
1620,1529964081,905749601,0.0,0.0,0.0,0.0,0.0,0.0
1621,1529964081,915761083,0.0,0.0,0.0,0.0,0.0,0.0
1622,1529964081,925741630,0.0,0.0,0.0,0.0,0.0,0.0
1623,1529964081,935752765,0.0,0.0,0.0,0.0,0.0,0.0
1624,1529964081,945738928,0.0,0.0,0.0,0.0,0.0,0.0
1625,1529964081,955714622,0.0,0.0,0.0,0.0,0.0,0.0
1626,1529964081,965738126,0.0,0.0,0.0,0.0,0.0,0.0
1627,1529964081,975737034,0.0,0.0,0.0,0.0,0.0,0.0
1628,1529964081,985736624,0.0,0.0,0.0,0.0,0.0,0.0
1629,1529964081,995752077,0.0,0.0,0.0,0.0,0.0,0.0
1630,1529964082,5753200,0.0,0.0,0.0,0.0,0.0,0.0
1631,1529964082,15739205,0.0,0.0,0.0,0.0,0.0,0.0
1632,1529964082,25747590,0.0,0.0,0.0,0.0,0.0,0.0
1633,1529964082,35739469,0.0,0.0,0.0,0.0,0.0,0.0
1634,1529964082,45737982,0.0,0.0,0.0,0.0,0.0,0.0
1635,1529964082,55738111,0.0,0.0,0.0,0.0,0.0,0.0
1636,1529964082,65736314,0.0,0.0,0.0,0.0,0.0,0.0
1637,1529964082,75734644,0.0,0.0,0.0,0.0,0.0,0.0
1638,1529964082,85741380,0.0,0.0,0.0,0.0,0.0,0.0
1639,1529964082,95743702,0.0,0.0,0.0,0.0,0.0,0.0
1640,1529964082,105748378,0.0,0.0,0.0,0.0,0.0,0.0
1641,1529964082,115704273,0.0,0.0,0.0,0.0,0.0,0.0
1642,1529964082,125738082,0.0,0.0,0.0,0.0,0.0,0.0
1643,1529964082,135742158,0.0,0.0,0.0,0.0,0.0,0.0
1644,1529964082,145735259,0.0,0.0,0.0,0.0,0.0,0.0
1645,1529964082,155735510,0.0,0.0,0.0,0.0,0.0,0.0
1646,1529964082,165737798,0.0,0.0,0.0,0.0,0.0,0.0
1647,1529964082,175739949,0.0,0.0,0.0,0.0,0.0,0.0
1648,1529964082,185735032,0.0,0.0,0.0,0.0,0.0,0.0
1649,1529964082,195733679,0.0,0.0,0.0,0.0,0.0,0.0
1650,1529964082,205738981,0.0,0.0,0.0,0.0,0.0,0.0
1651,1529964082,215752083,0.0,0.0,0.0,0.0,0.0,0.0
1652,1529964082,225740931,0.0,0.0,0.0,0.0,0.0,0.0
1653,1529964082,235738824,0.0,0.0,0.0,0.0,0.0,0.0
1654,1529964082,245734545,0.0,0.0,0.0,0.0,0.0,0.0
1655,1529964082,255739121,0.0,0.0,0.0,0.0,0.0,0.0
1656,1529964082,265746856,0.0,0.0,0.0,0.0,0.0,0.0
1657,1529964082,275736474,0.0,0.0,0.0,0.0,0.0,0.0
1658,1529964082,285736341,0.0,0.0,0.0,0.0,0.0,0.0
1659,1529964082,295734309,0.0,0.0,0.0,0.0,0.0,0.0
1660,1529964082,305741925,0.0,0.0,0.0,0.0,0.0,0.0
1661,1529964082,315735426,0.0,0.0,0.0,0.0,0.0,0.0
1662,1529964082,325746792,0.0,0.0,0.0,0.0,0.0,0.0
1663,1529964082,335739136,0.0,0.0,0.0,0.0,0.0,0.0
1664,1529964082,345753029,0.0,0.0,0.0,0.0,0.0,0.0
1665,1529964082,355736169,0.0,0.0,0.0,0.0,0.0,0.0
1666,1529964082,365739370,0.0,0.0,0.0,0.0,0.0,0.0
