1512,1529963929,954335268,0.0,0.0
1513,1529963929,954335268,0.0,0.0
1514,1529963929,954335268,0.0,0.0
1515,1529963929,954335268,0.0,0.0
1516,1529963929,954335268,0.0,0.0
1517,1529963929,954335268,0.0,0.0
1518,1529963929,954335268,0.0,0.0
1519,1529963929,954335268,0.0,0.0
1520,1529963929,954335268,0.0,0.0
1521,1529963929,954335268,0.0,0.0
1522,1529963929,954335268,0.0,0.0
1523,1529963929,954335268,0.0,0.0
1524,1529963929,954335268,0.0,0.0
1525,1529963929,954335268,0.0,0.0
1526,1529963929,954335268,0.0,0.0
1527,1529963929,954335268,0.0,0.0
1528,1529963929,954335268,0.0,0.0
1529,1529963929,954335268,0.0,0.0
1530,1529963929,954335268,0.0,0.0
1531,1529963929,954335268,0.0,0.0
1532,1529963929,954335268,0.0,0.0
1533,1529963929,954335268,0.0,0.0
1534,1529963929,954335268,0.0,0.0
1535,1529963929,954335268,0.0,0.0
1536,1529963929,954335268,0.0,0.0
1537,1529963929,954335268,0.0,0.0
1538,1529963929,954335268,0.0,0.0
1539,1529963929,954335268,0.0,0.0
1540,1529963929,954335268,0.0,0.0
1541,1529963929,954335268,0.0,0.0
1542,1529963929,954335268,0.0,0.0
1543,1529963929,954335268,0.0,0.0
1544,1529963929,954335268,0.0,0.0
1545,1529963929,954335268,0.0,0.0
1546,1529963929,954335268,0.0,0.0
1547,1529963929,954335268,0.0,0.0
1548,1529963929,954335268,0.0,0.0
1549,1529963929,954335268,0.0,0.0
1550,1529963929,954335268,0.0,0.0
1551,1529963929,954335268,0.0,0.0
1552,1529963929,954335268,0.0,0.0
1553,1529963929,954335268,0.0,0.0
1554,1529963929,954335268,0.0,0.0
1555,1529963929,954335268,0.0,0.0
1556,1529963929,954335268,0.0,0.0
1557,1529963929,954335268,0.0,0.0
1558,1529963929,954335268,0.0,0.0
1559,1529963929,954335268,0.0,0.0
1560,1529963929,954335268,0.0,0.0
1561,1529963929,954335268,0.0,0.0
1562,1529963929,954335268,0.0,0.0
1563,1529963929,954335268,0.0,0.0
1564,1529963929,954335268,0.0,0.0
1565,1529963929,954335268,0.0,0.0
1566,1529963929,954335268,0.0,0.0
1567,1529963929,954335268,0.0,0.0
1568,1529963929,954335268,0.0,0.0
1569,1529963929,954335268,0.0,0.0
1570,1529963929,954335268,0.0,0.0
1571,1529963929,954335268,0.0,0.0
1572,1529963929,954335268,0.0,0.0
1573,1529963929,954335268,0.0,0.0
1574,1529963929,954335268,0.0,0.0
1575,1529963929,954335268,0.0,0.0
1576,1529963929,954335268,0.0,0.0
1577,1529963929,954335268,0.0,0.0
1578,1529963929,954335268,0.0,0.0
1579,1529963929,954335268,0.0,0.0
1580,1529963929,954335268,0.0,0.0
1581,1529963929,954335268,0.0,0.0
1582,1529963929,954335268,0.0,0.0
1583,1529963929,954335268,0.0,0.0
1584,1529963929,954335268,0.0,0.0
1585,1529963929,954335268,0.0,0.0
1586,1529963929,954335268,0.0,0.0
1587,1529963929,954335268,0.0,0.0
1588,1529963929,954335268,0.0,0.0
1589,1529963929,954335268,0.0,0.0
1590,1529963929,954335268,0.0,0.0
1591,1529963929,954335268,0.0,0.0
1592,1529963929,954335268,0.0,0.0
1593,1529963929,954335268,0.0,0.0
1594,1529963929,954335268,0.0,0.0
1595,1529963929,954335268,0.0,0.0
1596,1529963929,954335268,0.0,0.0
1597,1529963929,954335268,0.0,0.0
1598,1529963929,954335268,0.0,0.0
1599,1529963929,954335268,0.0,0.0
1600,1529963929,954335268,0.0,0.0
1601,1529963929,954335268,0.0,0.0
1602,1529963929,954335268,0.0,0.0
1603,1529963929,954335268,0.0,0.0
1604,1529963929,954335268,0.0,0.0
1605,1529963929,954335268,0.0,0.0
1606,1529963929,954335268,0.0,0.0
1607,1529963929,954335268,0.0,0.0
1608,1529963929,954335268,0.0,0.0
1609,1529963929,954335268,0.0,0.0
1610,1529963929,954335268,0.0,0.0
1611,1529963929,954335268,0.0,0.0
1612,1529963929,954335268,0.0,0.0
1613,1529963929,954335268,0.0,0.0
1614,1529963929,954335268,0.0,0.0
1615,1529963929,954335268,0.0,0.0
1616,1529963929,954335268,0.0,0.0
1617,1529963929,954335268,0.0,0.0
1618,1529963929,954335268,0.0,0.0
1619,1529963929,954335268,0.0,0.0
1620,1529963929,954335268,0.0,0.0
1621,1529963929,954335268,0.0,0.0
1622,1529963929,954335268,0.0,0.0
1623,1529963929,954335268,0.0,0.0
1624,1529963929,954335268,0.0,0.0
1625,1529963929,954335268,0.0,0.0
1626,1529963929,954335268,0.0,0.0
1627,1529963929,954335268,0.0,0.0
1628,1529963929,954335268,0.0,0.0
1629,1529963929,954335268,0.0,0.0
1630,1529963929,954335268,0.0,0.0
1631,1529963929,954335268,0.0,0.0
1632,1529963929,954335268,0.0,0.0
1633,1529963929,954335268,0.0,0.0
1634,1529963929,954335268,0.0,0.0
1635,1529963929,954335268,0.0,0.0
1636,1529963929,954335268,0.0,0.0
1637,1529963929,954335268,0.0,0.0
1638,1529963929,954335268,0.0,0.0
1639,1529963929,954335268,0.0,0.0
1640,1529963929,954335268,0.0,0.0
1641,1529963929,954335268,0.0,0.0
1642,1529963929,954335268,0.0,0.0
1643,1529963929,954335268,0.0,0.0
1644,1529963929,954335268,0.0,0.0
1645,1529963929,954335268,0.0,0.0
1646,1529963929,954335268,0.0,0.0
1647,1529963929,954335268,0.0,0.0
1648,1529963929,954335268,0.0,0.0
1649,1529963929,954335268,0.0,0.0
1650,1529963929,954335268,0.0,0.0
1651,1529963929,954335268,0.0,0.0
1652,1529963929,954335268,0.0,0.0
1653,1529963929,954335268,0.0,0.0
1654,1529963929,954335268,0.0,0.0
1655,1529963929,954335268,0.0,0.0
1656,1529963929,954335268,0.0,0.0
1657,1529963929,954335268,0.0,0.0
1658,1529963929,954335268,0.0,0.0
1659,1529963929,954335268,0.0,0.0
1660,1529963929,954335268,0.0,0.0
1661,1529963929,954335268,0.0,0.0
1662,1529963929,954335268,0.0,0.0
1663,1529963929,954335268,0.0,0.0
1664,1529963929,954335268,0.0,0.0
1665,1529963929,954335268,0.0,0.0
1666,1529963929,954335268,0.0,0.0
1667,1529963929,954335268,0.0,0.0
1668,1529963929,954335268,0.0,0.0
1669,1529963929,954335268,0.0,0.0
1670,1529963929,954335268,0.0,0.0
1671,1529963929,954335268,0.0,0.0
1672,1529963929,954335268,0.0,0.0
1673,1529963929,954335268,0.0,0.0
1674,1529963929,954335268,0.0,0.0
1675,1529963929,954335268,0.0,0.0
1676,1529963929,954335268,0.0,0.0
1677,1529963929,954335268,0.0,0.0
1678,1529963929,954335268,0.0,0.0
1679,1529963929,954335268,0.0,0.0
1680,1529963929,954335268,0.0,0.0
1681,1529963929,954335268,0.0,0.0
1682,1529963929,954335268,0.0,0.0
1683,1529963929,954335268,0.0,0.0
1684,1529963929,954335268,0.0,0.0
1685,1529963929,954335268,0.0,0.0
1686,1529963929,954335268,0.0,0.0
1687,1529963929,954335268,0.0,0.0
1688,1529963929,954335268,0.0,0.0
1689,1529963929,954335268,0.0,0.0
1690,1529963929,954335268,0.0,0.0
1691,1529963929,954335268,0.0,0.0
1692,1529963929,954335268,0.0,0.0
1693,1529963929,954335268,0.0,0.0
1694,1529963929,954335268,0.0,0.0
1695,1529963929,954335268,0.0,0.0
1696,1529963929,954335268,0.0,0.0
1697,1529963929,954335268,0.0,0.0
1698,1529963929,954335268,0.0,0.0
1699,1529963929,954335268,0.0,0.0
1700,1529963929,954335268,0.0,0.0
1701,1529963929,954335268,0.0,0.0
1702,1529963929,954335268,0.0,0.0
1703,1529963929,954335268,0.0,0.0
1704,1529963929,954335268,0.0,0.0
1705,1529963929,954335268,0.0,0.0
1706,1529963929,954335268,0.0,0.0
1707,1529963929,954335268,0.0,0.0
1708,1529963929,954335268,0.0,0.0
1709,1529963929,954335268,0.0,0.0
1710,1529963929,954335268,0.0,0.0
1711,1529963929,954335268,0.0,0.0
1712,1529963929,954335268,0.0,0.0
1713,1529963929,954335268,0.0,0.0
1714,1529963929,954335268,0.0,0.0
1715,1529963929,954335268,0.0,0.0
1716,1529963929,954335268,0.0,0.0
1717,1529963929,954335268,0.0,0.0
1718,1529963929,954335268,0.0,0.0
1719,1529963929,954335268,0.0,0.0
1720,1529963929,954335268,0.0,0.0
1721,1529963929,954335268,0.0,0.0
1722,1529963929,954335268,0.0,0.0
1723,1529963929,954335268,0.0,0.0
1724,1529963929,954335268,0.0,0.0
1725,1529963929,954335268,0.0,0.0
1726,1529963929,954335268,0.0,0.0
1727,1529963929,954335268,0.0,0.0
1728,1529963929,954335268,0.0,0.0
1729,1529963929,954335268,0.0,0.0
1730,1529963929,954335268,0.0,0.0
1731,1529963929,954335268,0.0,0.0
1732,1529963929,954335268,0.0,0.0
1733,1529963929,954335268,0.0,0.0
1734,1529963929,954335268,0.0,0.0
1735,1529963929,954335268,0.0,0.0
1736,1529963929,954335268,0.0,0.0
1737,1529963929,954335268,0.0,0.0
1738,1529963929,954335268,0.0,0.0
1739,1529963929,954335268,0.0,0.0
1740,1529963929,954335268,0.0,0.0
1741,1529963929,954335268,0.0,0.0
1742,1529963929,954335268,0.0,0.0
1743,1529963929,954335268,0.0,0.0
1744,1529963929,954335268,0.0,0.0
1745,1529963929,954335268,0.0,0.0
1746,1529963929,954335268,0.0,0.0
1747,1529963929,954335268,0.0,0.0
1748,1529963929,954335268,0.0,0.0
1749,1529963937,72449164,-0.0155949583277,0.0
1750,1529963937,72449164,-0.0155949583277,0.0
1751,1529963937,72449164,-0.0155949583277,0.0
1752,1529963937,72449164,-0.0155949583277,0.0
1753,1529963937,72449164,-0.0155949583277,0.0
1754,1529963937,72449164,-0.0155949583277,0.0
1755,1529963937,96459488,-0.0377208776772,0.0
1756,1529963937,96459488,-0.0377208776772,0.0
1757,1529963937,96459488,-0.0377208776772,0.0
1758,1529963937,96459488,-0.0377208776772,0.0
1759,1529963937,112475585,-0.0578936114907,0.0
1760,1529963937,112475585,-0.0578936114907,0.0
1761,1529963937,112475585,-0.0578936114907,0.0
1762,1529963937,112475585,-0.0578936114907,0.0
1763,1529963937,112475585,-0.0578936114907,0.0
1764,1529963937,112475585,-0.0578936114907,0.0
1765,1529963937,136454609,-0.0669881254435,0.0
1766,1529963937,136454609,-0.0669881254435,0.0
1767,1529963937,136454609,-0.0669881254435,0.0
1768,1529963937,136454609,-0.0669881254435,0.0
1769,1529963937,152471715,-0.0897854566574,0.0
1770,1529963937,152471715,-0.0897854566574,0.0
1771,1529963937,152471715,-0.0897854566574,0.0
1772,1529963937,152471715,-0.0897854566574,0.0
1773,1529963937,152471715,-0.0897854566574,0.0
1774,1529963937,152471715,-0.0897854566574,0.0
1775,1529963937,176478123,-0.0949736014009,0.0
1776,1529963937,176478123,-0.0949736014009,0.0
1777,1529963937,176478123,-0.0949736014009,0.0
1778,1529963937,176478123,-0.0949736014009,0.0
1779,1529963937,192447221,-0.101474046707,0.0
1780,1529963937,192447221,-0.101474046707,0.0
1781,1529963937,192447221,-0.101474046707,0.0
1782,1529963937,192447221,-0.101474046707,0.0
1783,1529963937,192447221,-0.101474046707,0.0
1784,1529963937,192447221,-0.101474046707,0.0
1785,1529963937,216474271,-0.107333600521,0.0
1786,1529963937,216474271,-0.107333600521,0.0
1787,1529963937,216474271,-0.107333600521,0.0
1788,1529963937,216474271,-0.107333600521,0.0
1789,1529963937,232484160,-0.109286785126,0.0
1790,1529963937,232484160,-0.109286785126,0.0
1791,1529963937,232484160,-0.109286785126,0.0
1792,1529963937,232484160,-0.109286785126,0.0
1793,1529963937,232484160,-0.109286785126,0.0
1794,1529963937,232484160,-0.109286785126,0.0
1795,1529963937,256445474,-0.11123996973,0.0
1796,1529963937,256445474,-0.11123996973,0.0
1797,1529963937,256445474,-0.11123996973,0.0
1798,1529963937,256445474,-0.11123996973,0.0
1799,1529963937,272488299,-0.113193154335,0.0
1800,1529963937,272488299,-0.113193154335,0.0
1801,1529963937,272488299,-0.113193154335,0.0
1802,1529963937,272488299,-0.113193154335,0.0
1803,1529963937,272488299,-0.113193154335,0.0
1804,1529963937,272488299,-0.113193154335,0.0
1805,1529963937,296462809,-0.11514633894,0.0
1806,1529963937,296462809,-0.11514633894,0.0
1807,1529963937,296462809,-0.11514633894,0.0
1808,1529963937,296462809,-0.11514633894,0.0
1809,1529963937,312486539,-0.117099523544,0.0
1810,1529963937,312486539,-0.117099523544,0.0
1811,1529963937,312486539,-0.117099523544,0.0
1812,1529963937,312486539,-0.117099523544,0.0
1813,1529963937,312486539,-0.117099523544,0.0
1814,1529963937,312486539,-0.117099523544,0.0
1815,1529963937,336472574,-0.119052708149,0.0
1816,1529963937,336472574,-0.119052708149,0.0
1817,1529963937,336472574,-0.119052708149,0.0
1818,1529963937,336472574,-0.119052708149,0.0
1819,1529963937,352454227,-0.121005892754,0.0
1820,1529963937,352454227,-0.121005892754,0.0
1821,1529963937,352454227,-0.121005892754,0.0
1822,1529963937,352454227,-0.121005892754,0.0
1823,1529963937,352454227,-0.121005892754,0.0
1824,1529963937,352454227,-0.121005892754,0.0
1825,1529963937,376478416,-0.126194030046,0.0
1826,1529963937,376478416,-0.126194030046,0.0
1827,1529963937,376478416,-0.126194030046,0.0
1828,1529963937,376478416,-0.126194030046,0.0
1829,1529963937,392485335,-0.128147214651,0.0
1830,1529963937,392485335,-0.128147214651,0.0
1831,1529963937,392485335,-0.128147214651,0.0
1832,1529963937,392485335,-0.128147214651,0.0
1833,1529963937,392485335,-0.128147214651,0.0
1834,1529963937,392485335,-0.128147214651,0.0
1835,1529963937,416452369,-0.133365884423,0.0
1836,1529963937,416452369,-0.133365884423,0.0
1837,1529963937,416452369,-0.133365884423,0.0
1838,1529963937,416452369,-0.133365884423,0.0
1839,1529963937,432476472,-0.137913137674,0.0
1840,1529963937,432476472,-0.137913137674,0.0
1841,1529963937,432476472,-0.137913137674,0.0
1842,1529963937,432476472,-0.137913137674,0.0
1843,1529963937,432476472,-0.137913137674,0.0
1844,1529963937,432476472,-0.137913137674,0.0
1845,1529963937,456479027,-0.143772691488,0.0
1846,1529963937,456479027,-0.143772691488,0.0
1847,1529963937,456479027,-0.143772691488,0.0
1848,1529963937,456479027,-0.143772691488,0.0
1849,1529963937,472448680,-0.14899136126,0.0
1850,1529963937,472448680,-0.14899136126,0.0
1851,1529963937,472448680,-0.14899136126,0.0
1852,1529963937,472448680,-0.14899136126,0.0
1853,1529963937,472448680,-0.14899136126,0.0
1854,1529963937,472448680,-0.14899136126,0.0
1855,1529963937,496460280,-0.153538614511,0.0
1856,1529963937,496460280,-0.153538614511,0.0
1857,1529963937,496460280,-0.153538614511,0.0
1858,1529963937,496460280,-0.153538614511,0.0
1859,1529963937,512462421,-0.155491799116,0.0
1860,1529963937,512462421,-0.155491799116,0.0
1861,1529963937,512462421,-0.155491799116,0.0
1862,1529963937,512462421,-0.155491799116,0.0
1863,1529963937,512462421,-0.155491799116,0.0
1864,1529963937,512462421,-0.155491799116,0.0
1865,1529963937,536481829,-0.16067995131,0.0
1866,1529963937,536481829,-0.16067995131,0.0
1867,1529963937,536481829,-0.16067995131,0.0
1868,1529963937,536481829,-0.16067995131,0.0
1869,1529963937,552458596,-0.161992251873,0.0
1870,1529963937,552458596,-0.161992251873,0.0
1871,1529963937,552458596,-0.161992251873,0.0
1872,1529963937,552458596,-0.161992251873,0.0
1873,1529963937,552458596,-0.161992251873,0.0
1874,1529963937,552458596,-0.161992251873,0.0
1875,1529963937,576477524,-0.163945436478,0.0
1876,1529963937,576477524,-0.163945436478,0.0
1877,1529963937,576477524,-0.163945436478,0.0
1878,1529963937,576477524,-0.163945436478,0.0
1879,1529963937,576477524,-0.163945436478,0.0
1880,1529963937,576477524,-0.163945436478,0.0
1881,1529963937,576477524,-0.163945436478,0.0
1882,1529963937,576477524,-0.163945436478,0.0
1883,1529963937,576477524,-0.163945436478,0.0
1884,1529963937,576477524,-0.163945436478,0.0
1885,1529963937,576477524,-0.163945436478,0.0
1886,1529963937,576477524,-0.163945436478,0.0
1887,1529963937,576477524,-0.163945436478,0.0
1888,1529963937,576477524,-0.163945436478,0.0
1889,1529963937,632454752,-0.164586320519,0.0
1890,1529963937,632454752,-0.164586320519,0.0
1891,1529963937,632454752,-0.164586320519,0.0
1892,1529963937,632454752,-0.164586320519,0.0
1893,1529963937,632454752,-0.164586320519,0.0
1894,1529963937,632454752,-0.164586320519,0.0
1895,1529963937,632454752,-0.164586320519,0.0
1896,1529963937,632454752,-0.164586320519,0.0
1897,1529963937,632454752,-0.164586320519,0.0
1898,1529963937,632454752,-0.164586320519,0.0
1899,1529963937,632454752,-0.164586320519,0.0
1900,1529963937,632454752,-0.164586320519,0.0
1901,1529963937,632454752,-0.164586320519,0.0
1902,1529963937,632454752,-0.164586320519,0.0
1903,1529963937,632454752,-0.164586320519,0.0
1904,1529963937,632454752,-0.164586320519,0.0
1905,1529963937,632454752,-0.164586320519,0.0
1906,1529963937,632454752,-0.164586320519,0.0
1907,1529963937,632454752,-0.164586320519,0.0
1908,1529963937,632454752,-0.164586320519,0.0
1909,1529963937,712475134,-0.165898621082,0.0
1910,1529963937,712475134,-0.165898621082,0.0
1911,1529963937,712475134,-0.165898621082,0.0
1912,1529963937,712475134,-0.165898621082,0.0
1913,1529963937,712475134,-0.165898621082,0.0
1914,1529963937,712475134,-0.165898621082,0.0
1915,1529963937,712475134,-0.165898621082,0.0
1916,1529963937,712475134,-0.165898621082,0.0
1917,1529963937,712475134,-0.165898621082,0.0
1918,1529963937,712475134,-0.165898621082,0.0
1919,1529963937,712475134,-0.165898621082,0.0
1920,1529963937,712475134,-0.165898621082,0.0
1921,1529963937,712475134,-0.165898621082,0.0
1922,1529963937,712475134,-0.165898621082,0.0
1923,1529963937,712475134,-0.165898621082,0.0
1924,1529963937,712475134,-0.165898621082,0.0
1925,1529963937,712475134,-0.165898621082,0.0
1926,1529963937,712475134,-0.165898621082,0.0
1927,1529963937,712475134,-0.165898621082,0.0
1928,1529963937,712475134,-0.165898621082,0.0
1929,1529963937,712475134,-0.165898621082,0.0
1930,1529963937,712475134,-0.165898621082,0.0
1931,1529963937,712475134,-0.165898621082,0.0
1932,1529963937,712475134,-0.165898621082,0.0
1933,1529963937,712475134,-0.165898621082,0.0
1934,1529963937,712475134,-0.165898621082,0.0
1935,1529963937,712475134,-0.165898621082,0.0
1936,1529963937,712475134,-0.165898621082,0.0
1937,1529963937,712475134,-0.165898621082,0.0
1938,1529963937,712475134,-0.165898621082,0.0
1939,1529963937,712475134,-0.165898621082,0.0
1940,1529963937,712475134,-0.165898621082,0.0
1941,1529963937,712475134,-0.165898621082,0.0
1942,1529963937,712475134,-0.165898621082,0.0
1943,1529963937,712475134,-0.165898621082,0.0
1944,1529963937,712475134,-0.165898621082,0.0
1945,1529963937,712475134,-0.165898621082,0.0
1946,1529963937,712475134,-0.165898621082,0.0
1947,1529963937,712475134,-0.165898621082,0.0
1948,1529963937,712475134,-0.165898621082,0.0
1949,1529963937,712475134,-0.165898621082,0.0
1950,1529963937,712475134,-0.165898621082,0.0
1951,1529963937,712475134,-0.165898621082,0.0
1952,1529963937,712475134,-0.165898621082,0.0
1953,1529963937,712475134,-0.165898621082,0.0
1954,1529963937,712475134,-0.165898621082,0.0
1955,1529963937,712475134,-0.165898621082,0.0
1956,1529963937,712475134,-0.165898621082,0.0
1957,1529963937,712475134,-0.165898621082,0.0
1958,1529963937,712475134,-0.165898621082,0.0
1959,1529963937,712475134,-0.165898621082,0.0
1960,1529963937,712475134,-0.165898621082,0.0
1961,1529963937,712475134,-0.165898621082,0.0
1962,1529963937,712475134,-0.165898621082,0.0
1963,1529963937,712475134,-0.165898621082,0.0
1964,1529963937,712475134,-0.165898621082,0.0
1965,1529963937,712475134,-0.165898621082,0.0
1966,1529963937,712475134,-0.165898621082,0.0
1967,1529963937,712475134,-0.165898621082,0.0
1968,1529963937,712475134,-0.165898621082,0.0
1969,1529963937,712475134,-0.165898621082,0.0
1970,1529963937,712475134,-0.165898621082,0.0
1971,1529963937,712475134,-0.165898621082,0.0
1972,1529963937,712475134,-0.165898621082,0.0
1973,1529963937,712475134,-0.165898621082,0.0
1974,1529963937,712475134,-0.165898621082,0.0
1975,1529963937,712475134,-0.165898621082,0.0
1976,1529963937,712475134,-0.165898621082,0.0
1977,1529963937,712475134,-0.165898621082,0.0
1978,1529963937,712475134,-0.165898621082,0.0
1979,1529963937,712475134,-0.165898621082,0.0
1980,1529963937,712475134,-0.165898621082,0.0
1981,1529963937,712475134,-0.165898621082,0.0
1982,1529963937,712475134,-0.165898621082,0.0
1983,1529963937,712475134,-0.165898621082,0.0
1984,1529963937,712475134,-0.165898621082,0.0
1985,1529963937,712475134,-0.165898621082,0.0
1986,1529963937,712475134,-0.165898621082,0.0
1987,1529963937,712475134,-0.165898621082,0.0
1988,1529963937,712475134,-0.165898621082,0.0
1989,1529963937,712475134,-0.165898621082,0.0
1990,1529963937,712475134,-0.165898621082,0.0
1991,1529963937,712475134,-0.165898621082,0.0
1992,1529963937,712475134,-0.165898621082,0.0
1993,1529963937,712475134,-0.165898621082,0.0
1994,1529963937,712475134,-0.165898621082,0.0
1995,1529963937,712475134,-0.165898621082,0.0
1996,1529963937,712475134,-0.165898621082,0.0
1997,1529963937,712475134,-0.165898621082,0.0
1998,1529963937,712475134,-0.165898621082,0.0
1999,1529963937,712475134,-0.165898621082,0.0
2000,1529963937,712475134,-0.165898621082,0.0
2001,1529963937,712475134,-0.165898621082,0.0
2002,1529963937,712475134,-0.165898621082,0.0
2003,1529963937,712475134,-0.165898621082,0.0
2004,1529963938,96445530,-0.164586320519,0.0
2005,1529963938,96445530,-0.164586320519,0.0
2006,1529963938,96445530,-0.164586320519,0.0
2007,1529963938,96445530,-0.164586320519,0.0
2008,1529963938,112449384,-0.163304537535,0.0
2009,1529963938,112449384,-0.163304537535,0.0
2010,1529963938,112449384,-0.163304537535,0.0
2011,1529963938,112449384,-0.163304537535,0.0
2012,1529963938,112449384,-0.163304537535,0.0
2013,1529963938,112449384,-0.163304537535,0.0
2014,1529963938,136444010,-0.161992251873,0.0
2015,1529963938,136444010,-0.161992251873,0.0
2016,1529963938,136444010,-0.161992251873,0.0
2017,1529963938,136444010,-0.161992251873,0.0
2018,1529963938,136444010,-0.161992251873,0.0
2019,1529963938,136444010,-0.161992251873,0.0
2020,1529963938,136444010,-0.161992251873,0.0
2021,1529963938,136444010,-0.161992251873,0.0
2022,1529963938,136444010,-0.161992251873,0.0
2023,1529963938,136444010,-0.161992251873,0.0
2024,1529963938,176447971,-0.160039067268,0.0
2025,1529963938,176447971,-0.160039067268,0.0
2026,1529963938,176447971,-0.160039067268,0.0
2027,1529963938,176447971,-0.160039067268,0.0
2028,1529963938,192443578,-0.158726766706,0.0
2029,1529963938,192443578,-0.158726766706,0.0
2030,1529963938,192443578,-0.158726766706,0.0
2031,1529963938,192443578,-0.158726766706,0.0
2032,1529963938,192443578,-0.158726766706,0.0
2033,1529963938,192443578,-0.158726766706,0.0
2034,1529963938,216451676,-0.156773582101,0.0
2035,1529963938,216451676,-0.156773582101,0.0
2036,1529963938,216451676,-0.156773582101,0.0
2037,1529963938,216451676,-0.156773582101,0.0
2038,1529963938,232446806,-0.154179513454,0.0
2039,1529963938,232446806,-0.154179513454,0.0
2040,1529963938,232446806,-0.154179513454,0.0
2041,1529963938,232446806,-0.154179513454,0.0
2042,1529963938,232446806,-0.154179513454,0.0
2043,1529963938,232446806,-0.154179513454,0.0
2044,1529963938,256448431,-0.15222632885,0.0
2045,1529963938,256448431,-0.15222632885,0.0
2046,1529963938,256448431,-0.15222632885,0.0
2047,1529963938,256448431,-0.15222632885,0.0
2048,1529963938,272443654,-0.149632245302,0.0
2049,1529963938,272443654,-0.149632245302,0.0
2050,1529963938,272443654,-0.149632245302,0.0
2051,1529963938,272443654,-0.149632245302,0.0
2052,1529963938,272443654,-0.149632245302,0.0
2053,1529963938,272443654,-0.149632245302,0.0
2054,1529963938,296444536,-0.147679060698,0.0
2055,1529963938,296444536,-0.147679060698,0.0
2056,1529963938,296444536,-0.147679060698,0.0
2057,1529963938,296444536,-0.147679060698,0.0
2058,1529963938,312456719,-0.145725876093,0.0
2059,1529963938,312456719,-0.145725876093,0.0
2060,1529963938,312456719,-0.145725876093,0.0
2061,1529963938,312456719,-0.145725876093,0.0
2062,1529963938,312456719,-0.145725876093,0.0
2063,1529963938,312456719,-0.145725876093,0.0
2064,1529963938,336452319,-0.144413590431,0.0
2065,1529963938,336452319,-0.144413590431,0.0
2066,1529963938,336452319,-0.144413590431,0.0
2067,1529963938,336452319,-0.144413590431,0.0
2068,1529963938,336452319,-0.144413590431,0.0
2069,1529963938,336452319,-0.144413590431,0.0
2070,1529963938,336452319,-0.144413590431,0.0
2071,1529963938,336452319,-0.144413590431,0.0
2072,1529963938,336452319,-0.144413590431,0.0
2073,1529963938,336452319,-0.144413590431,0.0
2074,1529963938,336452319,-0.144413590431,0.0
2075,1529963938,336452319,-0.144413590431,0.0
2076,1529963938,336452319,-0.144413590431,0.0
2077,1529963938,336452319,-0.144413590431,0.0
2078,1529963938,336452319,-0.144413590431,0.0
2079,1529963938,336452319,-0.144413590431,0.0
2080,1529963938,336452319,-0.144413590431,0.0
2081,1529963938,336452319,-0.144413590431,0.0
2082,1529963938,336452319,-0.144413590431,0.0
2083,1529963938,336452319,-0.144413590431,0.0
2084,1529963938,336452319,-0.144413590431,0.0
2085,1529963938,336452319,-0.144413590431,0.0
2086,1529963938,336452319,-0.144413590431,0.0
2087,1529963938,336452319,-0.144413590431,0.0
2088,1529963938,336452319,-0.144413590431,0.0
2089,1529963938,336452319,-0.144413590431,0.0
2090,1529963938,336452319,-0.144413590431,0.0
2091,1529963938,336452319,-0.144413590431,0.0
2092,1529963938,336452319,-0.144413590431,0.0
2093,1529963938,336452319,-0.144413590431,0.0
2094,1529963938,336452319,-0.144413590431,0.0
2095,1529963938,336452319,-0.144413590431,0.0
2096,1529963938,336452319,-0.144413590431,0.0
2097,1529963938,336452319,-0.144413590431,0.0
2098,1529963938,336452319,-0.144413590431,0.0
2099,1529963938,336452319,-0.144413590431,0.0
2100,1529963938,336452319,-0.144413590431,0.0
2101,1529963938,336452319,-0.144413590431,0.0
2102,1529963938,336452319,-0.144413590431,0.0
2103,1529963938,336452319,-0.144413590431,0.0
2104,1529963938,336452319,-0.144413590431,0.0
2105,1529963938,336452319,-0.144413590431,0.0
2106,1529963938,336452319,-0.144413590431,0.0
2107,1529963938,336452319,-0.144413590431,0.0
2108,1529963938,512450408,-0.144413590431,-0.000640888698399
2109,1529963938,512450408,-0.144413590431,-0.000640888698399
2110,1529963938,512450408,-0.144413590431,-0.000640888698399
2111,1529963938,512450408,-0.144413590431,-0.000640888698399
2112,1529963938,512450408,-0.144413590431,-0.000640888698399
2113,1529963938,512450408,-0.144413590431,-0.000640888698399
2114,1529963938,536444215,-0.144413590431,-0.00582903530449
2115,1529963938,536444215,-0.144413590431,-0.00582903530449
2116,1529963938,536444215,-0.144413590431,-0.00582903530449
2117,1529963938,536444215,-0.144413590431,-0.00582903530449
2118,1529963938,552510343,-0.143131807446,-0.00778221990913
2119,1529963938,552510343,-0.143131807446,-0.00778221990913
2120,1529963938,552510343,-0.143131807446,-0.00778221990913
2121,1529963938,552510343,-0.143131807446,-0.00778221990913
2122,1529963938,552510343,-0.143131807446,-0.00778221990913
2123,1529963938,552510343,-0.143131807446,-0.00778221990913
2124,1529963938,576448030,-0.143131807446,-0.00973540451378
2125,1529963938,576448030,-0.143131807446,-0.00973540451378
2126,1529963938,576448030,-0.143131807446,-0.00973540451378
2127,1529963938,576448030,-0.143131807446,-0.00973540451378
2128,1529963938,592448801,-0.143131807446,-0.0116885891184
2129,1529963938,592448801,-0.143131807446,-0.0116885891184
2130,1529963938,592448801,-0.143131807446,-0.0116885891184
2131,1529963938,592448801,-0.143131807446,-0.0116885891184
2132,1529963938,592448801,-0.143131807446,-0.0116885891184
2133,1529963938,592448801,-0.143131807446,-0.0116885891184
2134,1529963938,616447726,-0.141819506884,-0.0162358470261
2135,1529963938,616447726,-0.141819506884,-0.0162358470261
2136,1529963938,616447726,-0.141819506884,-0.0162358470261
2137,1529963938,616447726,-0.141819506884,-0.0162358470261
2138,1529963938,632477898,-0.140507221222,-0.0181890316308
2139,1529963938,632477898,-0.140507221222,-0.0181890316308
2140,1529963938,632477898,-0.140507221222,-0.0181890316308
2141,1529963938,632477898,-0.140507221222,-0.0181890316308
2142,1529963938,632477898,-0.140507221222,-0.0181890316308
2143,1529963938,632477898,-0.140507221222,-0.0181890316308
2144,1529963938,656461197,-0.139225438237,-0.0227668080479
2145,1529963938,656461197,-0.139225438237,-0.0227668080479
2146,1529963938,656461197,-0.139225438237,-0.0227668080479
2147,1529963938,656461197,-0.139225438237,-0.0227668080479
2148,1529963938,672444583,-0.137913137674,-0.0247199926525
2149,1529963938,672444583,-0.137913137674,-0.0247199926525
2150,1529963938,672444583,-0.137913137674,-0.0247199926525
2151,1529963938,672444583,-0.137913137674,-0.0247199926525
2152,1529963938,672444583,-0.137913137674,-0.0247199926525
2153,1529963938,672444583,-0.137913137674,-0.0247199926525
2154,1529963938,696457688,-0.137913137674,-0.0305795464665
2155,1529963938,696457688,-0.137913137674,-0.0305795464665
2156,1529963938,696457688,-0.137913137674,-0.0305795464665
2157,1529963938,696457688,-0.137913137674,-0.0305795464665
2158,1529963938,712448373,-0.137913137674,-0.0325022116303
2159,1529963938,712448373,-0.137913137674,-0.0325022116303
2160,1529963938,712448373,-0.137913137674,-0.0325022116303
2161,1529963938,712448373,-0.137913137674,-0.0325022116303
2162,1529963938,712448373,-0.137913137674,-0.0325022116303
2163,1529963938,712448373,-0.137913137674,-0.0325022116303
2164,1529963938,736443270,-0.137913137674,-0.0390331745148
2165,1529963938,736443270,-0.137913137674,-0.0390331745148
2166,1529963938,736443270,-0.137913137674,-0.0390331745148
2167,1529963938,736443270,-0.137913137674,-0.0390331745148
2168,1529963938,752445898,-0.137913137674,-0.0442213192582
2169,1529963938,752445898,-0.137913137674,-0.0442213192582
2170,1529963938,752445898,-0.137913137674,-0.0442213192582
2171,1529963938,752445898,-0.137913137674,-0.0442213192582
2172,1529963938,752445898,-0.137913137674,-0.0442213192582
2173,1529963938,752445898,-0.137913137674,-0.0442213192582
2174,1529963938,776459584,-0.136631369591,-0.0494399853051
2175,1529963938,776459584,-0.136631369591,-0.0494399853051
2176,1529963938,776459584,-0.136631369591,-0.0494399853051
2177,1529963938,776459584,-0.136631369591,-0.0494399853051
2178,1529963938,792444367,-0.136631369591,-0.0546281337738
2179,1529963938,792444367,-0.136631369591,-0.0546281337738
2180,1529963938,792444367,-0.136631369591,-0.0546281337738
2181,1529963938,792444367,-0.136631369591,-0.0546281337738
2182,1529963938,792444367,-0.136631369591,-0.0546281337738
2183,1529963938,792444367,-0.136631369591,-0.0546281337738
2184,1529963938,816457541,-0.136631369591,-0.0592059083283
2185,1529963938,816457541,-0.136631369591,-0.0592059083283
2186,1529963938,816457541,-0.136631369591,-0.0592059083283
2187,1529963938,816457541,-0.136631369591,-0.0592059083283
2188,1529963938,832445064,-0.136631369591,-0.0611590929329
2189,1529963938,832445064,-0.136631369591,-0.0611590929329
2190,1529963938,832445064,-0.136631369591,-0.0611590929329
2191,1529963938,832445064,-0.136631369591,-0.0611590929329
2192,1529963938,832445064,-0.136631369591,-0.0611590929329
2193,1529963938,832445064,-0.136631369591,-0.0611590929329
2194,1529963938,856486455,-0.136631369591,-0.0669881254435
2195,1529963938,856486455,-0.136631369591,-0.0669881254435
2196,1529963938,856486455,-0.136631369591,-0.0669881254435
2197,1529963938,856486455,-0.136631369591,-0.0669881254435
2198,1529963938,872445689,-0.136631369591,-0.0689413100481
2199,1529963938,872445689,-0.136631369591,-0.0689413100481
2200,1529963938,872445689,-0.136631369591,-0.0689413100481
2201,1529963938,872445689,-0.136631369591,-0.0689413100481
2202,1529963938,872445689,-0.136631369591,-0.0689413100481
2203,1529963938,872445689,-0.136631369591,-0.0689413100481
2204,1529963938,896454238,-0.136631369591,-0.0708944946527
2205,1529963938,896454238,-0.136631369591,-0.0708944946527
2206,1529963938,896454238,-0.136631369591,-0.0708944946527
2207,1529963938,896454238,-0.136631369591,-0.0708944946527
2208,1529963938,912444423,-0.136631369591,-0.0754722729325
2209,1529963938,912444423,-0.136631369591,-0.0754722729325
2210,1529963938,912444423,-0.136631369591,-0.0754722729325
2211,1529963938,912444423,-0.136631369591,-0.0754722729325
2212,1529963938,912444423,-0.136631369591,-0.0754722729325
2213,1529963938,912444423,-0.136631369591,-0.0754722729325
2214,1529963938,936454345,-0.136631369591,-0.0767540484667
2215,1529963938,936454345,-0.136631369591,-0.0767540484667
2216,1529963938,936454345,-0.136631369591,-0.0767540484667
2217,1529963938,936454345,-0.136631369591,-0.0767540484667
2218,1529963938,936454345,-0.136631369591,-0.0767540484667
2219,1529963938,936454345,-0.136631369591,-0.0767540484667
2220,1529963938,936454345,-0.136631369591,-0.0767540484667
2221,1529963938,936454345,-0.136631369591,-0.0767540484667
2222,1529963938,936454345,-0.136631369591,-0.0767540484667
2223,1529963938,936454345,-0.136631369591,-0.0767540484667
2224,1529963938,936454345,-0.136631369591,-0.0767540484667
2225,1529963938,936454345,-0.136631369591,-0.0767540484667
2226,1529963938,936454345,-0.136631369591,-0.0767540484667
2227,1529963938,936454345,-0.136631369591,-0.0767540484667
2228,1529963938,936454345,-0.136631369591,-0.0767540484667
2229,1529963938,936454345,-0.136631369591,-0.0767540484667
2230,1529963938,936454345,-0.136631369591,-0.0767540484667
2231,1529963938,936454345,-0.136631369591,-0.0767540484667
2232,1529963938,936454345,-0.136631369591,-0.0767540484667
2233,1529963938,936454345,-0.136631369591,-0.0767540484667
2234,1529963938,936454345,-0.136631369591,-0.0767540484667
2235,1529963938,936454345,-0.136631369591,-0.0767540484667
2236,1529963938,936454345,-0.136631369591,-0.0767540484667
2237,1529963938,936454345,-0.136631369591,-0.0767540484667
2238,1529963938,936454345,-0.136631369591,-0.0767540484667
2239,1529963938,936454345,-0.136631369591,-0.0767540484667
2240,1529963938,936454345,-0.136631369591,-0.0767540484667
2241,1529963938,936454345,-0.136631369591,-0.0767540484667
2242,1529963938,936454345,-0.136631369591,-0.0767540484667
2243,1529963938,936454345,-0.136631369591,-0.0767540484667
2244,1529963938,936454345,-0.136631369591,-0.0767540484667
2245,1529963938,936454345,-0.136631369591,-0.0767540484667
2246,1529963938,936454345,-0.136631369591,-0.0767540484667
2247,1529963938,936454345,-0.136631369591,-0.0767540484667
2248,1529963938,936454345,-0.136631369591,-0.0767540484667
2249,1529963938,936454345,-0.136631369591,-0.0767540484667
2250,1529963938,936454345,-0.136631369591,-0.0767540484667
2251,1529963938,936454345,-0.136631369591,-0.0767540484667
2252,1529963938,936454345,-0.136631369591,-0.0767540484667
2253,1529963938,936454345,-0.136631369591,-0.0767540484667
2254,1529963938,936454345,-0.136631369591,-0.0767540484667
2255,1529963938,936454345,-0.136631369591,-0.0767540484667
2256,1529963938,936454345,-0.136631369591,-0.0767540484667
2257,1529963939,112447182,-0.137913137674,-0.0754722729325
2258,1529963939,112447182,-0.137913137674,-0.0754722729325
2259,1529963939,112447182,-0.137913137674,-0.0754722729325
2260,1529963939,112447182,-0.137913137674,-0.0754722729325
2261,1529963939,112447182,-0.137913137674,-0.0754722729325
2262,1529963939,112447182,-0.137913137674,-0.0754722729325
2263,1529963939,136465675,-0.139225438237,-0.0735190883279
2264,1529963939,136465675,-0.139225438237,-0.0735190883279
2265,1529963939,136465675,-0.139225438237,-0.0735190883279
2266,1529963939,136465675,-0.139225438237,-0.0735190883279
2267,1529963939,152445988,-0.141178622842,-0.0708944946527
2268,1529963939,152445988,-0.141178622842,-0.0708944946527
2269,1529963939,152445988,-0.141178622842,-0.0708944946527
2270,1529963939,152445988,-0.141178622842,-0.0708944946527
2271,1529963939,152445988,-0.141178622842,-0.0708944946527
2272,1529963939,152445988,-0.141178622842,-0.0708944946527
2273,1529963939,176472556,-0.143131807446,-0.0657063499093
2274,1529963939,176472556,-0.143131807446,-0.0657063499093
2275,1529963939,176472556,-0.143131807446,-0.0657063499093
2276,1529963939,176472556,-0.143131807446,-0.0657063499093
2277,1529963939,192449984,-0.145084992051,-0.0630817562342
2278,1529963939,192449984,-0.145084992051,-0.0630817562342
2279,1529963939,192449984,-0.145084992051,-0.0630817562342
2280,1529963939,192449984,-0.145084992051,-0.0630817562342
2281,1529963939,192449984,-0.145084992051,-0.0630817562342
2282,1529963939,192449984,-0.145084992051,-0.0630817562342
2283,1529963939,216475613,-0.147038176656,-0.0611590929329
2284,1529963939,216475613,-0.147038176656,-0.0611590929329
2285,1529963939,216475613,-0.147038176656,-0.0611590929329
2286,1529963939,216475613,-0.147038176656,-0.0611590929329
2287,1529963939,232446403,-0.148319959641,-0.0598467960954
2288,1529963939,232446403,-0.148319959641,-0.0598467960954
2289,1529963939,232446403,-0.148319959641,-0.0598467960954
2290,1529963939,232446403,-0.148319959641,-0.0598467960954
2291,1529963939,232446403,-0.148319959641,-0.0598467960954
2292,1529963939,232446403,-0.148319959641,-0.0598467960954
2293,1529963939,232446403,-0.148319959641,-0.0598467960954
2294,1529963939,232446403,-0.148319959641,-0.0598467960954
2295,1529963939,232446403,-0.148319959641,-0.0598467960954
2296,1529963939,232446403,-0.148319959641,-0.0598467960954
2297,1529963939,232446403,-0.148319959641,-0.0598467960954
2298,1529963939,232446403,-0.148319959641,-0.0598467960954
2299,1529963939,232446403,-0.148319959641,-0.0598467960954
2300,1529963939,232446403,-0.148319959641,-0.0598467960954
2301,1529963939,232446403,-0.148319959641,-0.0598467960954
2302,1529963939,232446403,-0.148319959641,-0.0598467960954
2303,1529963939,296463609,-0.149632245302,-0.0598467960954
2304,1529963939,296463609,-0.149632245302,-0.0598467960954
2305,1529963939,296463609,-0.149632245302,-0.0598467960954
2306,1529963939,296463609,-0.149632245302,-0.0598467960954
2307,1529963939,312444645,-0.150273144245,-0.0598467960954
2308,1529963939,312444645,-0.150273144245,-0.0598467960954
2309,1529963939,312444645,-0.150273144245,-0.0598467960954
2310,1529963939,312444645,-0.150273144245,-0.0598467960954
2311,1529963939,312444645,-0.150273144245,-0.0598467960954
2312,1529963939,312444645,-0.150273144245,-0.0598467960954
2313,1529963939,312444645,-0.150273144245,-0.0598467960954
2314,1529963939,312444645,-0.150273144245,-0.0598467960954
2315,1529963939,312444645,-0.150273144245,-0.0598467960954
2316,1529963939,312444645,-0.150273144245,-0.0598467960954
2317,1529963939,312444645,-0.150273144245,-0.0598467960954
2318,1529963939,312444645,-0.150273144245,-0.0598467960954
2319,1529963939,312444645,-0.150273144245,-0.0598467960954
2320,1529963939,312444645,-0.150273144245,-0.0598467960954
2321,1529963939,312444645,-0.150273144245,-0.0598467960954
2322,1529963939,312444645,-0.150273144245,-0.0598467960954
2323,1529963939,376487520,-0.150944545865,-0.0598467960954
2324,1529963939,376487520,-0.150944545865,-0.0598467960954
2325,1529963939,376487520,-0.150944545865,-0.0598467960954
2326,1529963939,376487520,-0.150944545865,-0.0598467960954
2327,1529963939,376487520,-0.150944545865,-0.0598467960954
2328,1529963939,376487520,-0.150944545865,-0.0598467960954
2329,1529963939,376487520,-0.150944545865,-0.0598467960954
2330,1529963939,376487520,-0.150944545865,-0.0598467960954
2331,1529963939,376487520,-0.150944545865,-0.0598467960954
2332,1529963939,376487520,-0.150944545865,-0.0598467960954
2333,1529963939,416453333,-0.15222632885,-0.0598467960954
2334,1529963939,416453333,-0.15222632885,-0.0598467960954
2335,1529963939,416453333,-0.15222632885,-0.0598467960954
2336,1529963939,416453333,-0.15222632885,-0.0598467960954
2337,1529963939,416453333,-0.15222632885,-0.0598467960954
2338,1529963939,416453333,-0.15222632885,-0.0598467960954
2339,1529963939,416453333,-0.15222632885,-0.0598467960954
2340,1529963939,416453333,-0.15222632885,-0.0598467960954
2341,1529963939,416453333,-0.15222632885,-0.0598467960954
2342,1529963939,416453333,-0.15222632885,-0.0598467960954
2343,1529963939,456464133,-0.15289773047,-0.0598467960954
2344,1529963939,456464133,-0.15289773047,-0.0598467960954
2345,1529963939,456464133,-0.15289773047,-0.0598467960954
2346,1529963939,456464133,-0.15289773047,-0.0598467960954
2347,1529963939,472449880,-0.154179513454,-0.0598467960954
2348,1529963939,472449880,-0.154179513454,-0.0598467960954
2349,1529963939,472449880,-0.154179513454,-0.0598467960954
2350,1529963939,472449880,-0.154179513454,-0.0598467960954
2351,1529963939,472449880,-0.154179513454,-0.0598467960954
2352,1529963939,472449880,-0.154179513454,-0.0598467960954
2353,1529963939,496455490,-0.154850915074,-0.0598467960954
2354,1529963939,496455490,-0.154850915074,-0.0598467960954
2355,1529963939,496455490,-0.154850915074,-0.0598467960954
2356,1529963939,496455490,-0.154850915074,-0.0598467960954
2357,1529963939,518180214,-0.156132698059,-0.0585345029831
2358,1529963939,518180214,-0.156132698059,-0.0585345029831
2359,1529963939,518180214,-0.156132698059,-0.0585345029831
2360,1529963939,518180214,-0.156132698059,-0.0585345029831
2361,1529963939,518180214,-0.156132698059,-0.0585345029831
2362,1529963939,536488053,-0.158085882664,-0.0533463545144
2363,1529963939,536488053,-0.158085882664,-0.0533463545144
2364,1529963939,536488053,-0.158085882664,-0.0533463545144
2365,1529963939,536488053,-0.158085882664,-0.0533463545144
2366,1529963939,552455683,-0.160039067268,-0.0461745038629
2367,1529963939,552455683,-0.160039067268,-0.0461745038629
2368,1529963939,552455683,-0.160039067268,-0.0461745038629
2369,1529963939,552455683,-0.160039067268,-0.0461745038629
2370,1529963939,552455683,-0.160039067268,-0.0461745038629
2371,1529963939,552455683,-0.160039067268,-0.0461745038629
2372,1529963939,576478396,-0.165898621082,-0.0370799899101
2373,1529963939,576478396,-0.165898621082,-0.0370799899101
2374,1529963939,576478396,-0.165898621082,-0.0370799899101
2375,1529963939,576478396,-0.165898621082,-0.0370799899101
2376,1529963939,592457084,-0.170445874333,-0.0136417737231
2377,1529963939,592457084,-0.170445874333,-0.0136417737231
2378,1529963939,592457084,-0.170445874333,-0.0136417737231
2379,1529963939,592457084,-0.170445874333,-0.0136417737231
2380,1529963939,592457084,-0.170445874333,-0.0136417737231
2381,1529963939,592457084,-0.170445874333,-0.0136417737231
2382,1529963939,616456995,-0.172399058938,-0.00454725790769
2383,1529963939,616456995,-0.172399058938,-0.00454725790769
2384,1529963939,616456995,-0.172399058938,-0.00454725790769
2385,1529963939,616456995,-0.172399058938,-0.00454725790769
2386,1529963939,632447761,-0.176946312189,-0.0
2387,1529963939,632447761,-0.176946312189,-0.0
2388,1529963939,632447761,-0.176946312189,-0.0
2389,1529963939,632447761,-0.176946312189,-0.0
2390,1529963939,632447761,-0.176946312189,-0.0
2391,1529963939,632447761,-0.176946312189,-0.0
2392,1529963939,656453811,-0.178899496794,-0.0
2393,1529963939,656453811,-0.178899496794,-0.0
2394,1529963939,656453811,-0.178899496794,-0.0
2395,1529963939,656453811,-0.178899496794,-0.0
2396,1529963939,672448307,-0.180852681398,-0.0
2397,1529963939,672448307,-0.180852681398,-0.0
2398,1529963939,672448307,-0.180852681398,-0.0
2399,1529963939,672448307,-0.180852681398,-0.0
2400,1529963939,672448307,-0.180852681398,-0.0
2401,1529963939,672448307,-0.180852681398,-0.0
2402,1529963939,696476957,-0.182805866003,-0.0
2403,1529963939,696476957,-0.182805866003,-0.0
2404,1529963939,696476957,-0.182805866003,-0.0
2405,1529963939,696476957,-0.182805866003,-0.0
2406,1529963939,712444600,-0.184759050608,-0.0
2407,1529963939,712444600,-0.184759050608,-0.0
2408,1529963939,712444600,-0.184759050608,-0.0
2409,1529963939,712444600,-0.184759050608,-0.0
2410,1529963939,712444600,-0.184759050608,-0.0
2411,1529963939,712444600,-0.184759050608,-0.0
2412,1529963939,736456094,-0.186712235212,-0.0
2413,1529963939,736456094,-0.186712235212,-0.0
2414,1529963939,736456094,-0.186712235212,-0.0
2415,1529963939,736456094,-0.186712235212,-0.0
2416,1529963939,752446495,-0.188024535775,-0.0
2417,1529963939,752446495,-0.188024535775,-0.0
2418,1529963939,752446495,-0.188024535775,-0.0
2419,1529963939,752446495,-0.188024535775,-0.0
2420,1529963939,752446495,-0.188024535775,-0.0
2421,1529963939,752446495,-0.188024535775,-0.0
2422,1529963939,776457915,-0.18997772038,-0.0
2423,1529963939,776457915,-0.18997772038,-0.0
2424,1529963939,776457915,-0.18997772038,-0.0
2425,1529963939,776457915,-0.18997772038,-0.0
2426,1529963939,792445867,-0.191259503365,-0.0
2427,1529963939,792445867,-0.191259503365,-0.0
2428,1529963939,792445867,-0.191259503365,-0.0
2429,1529963939,792445867,-0.191259503365,-0.0
2430,1529963939,792445867,-0.191259503365,-0.0
2431,1529963939,792445867,-0.191259503365,-0.0
2432,1529963939,816450660,-0.192571789026,-0.0
2433,1529963939,816450660,-0.192571789026,-0.0
2434,1529963939,816450660,-0.192571789026,-0.0
2435,1529963939,816450660,-0.192571789026,-0.0
2436,1529963939,832445908,-0.193884089589,-0.0
2437,1529963939,832445908,-0.193884089589,-0.0
2438,1529963939,832445908,-0.193884089589,-0.0
2439,1529963939,832445908,-0.193884089589,-0.0
2440,1529963939,832445908,-0.193884089589,-0.0
2441,1529963939,832445908,-0.193884089589,-0.0
2442,1529963939,856456175,-0.195165872574,-0.0
2443,1529963939,856456175,-0.195165872574,-0.0
2444,1529963939,856456175,-0.195165872574,-0.0
2445,1529963939,856456175,-0.195165872574,-0.0
2446,1529963939,856456175,-0.195165872574,-0.0
2447,1529963939,856456175,-0.195165872574,-0.0
2448,1529963939,856456175,-0.195165872574,-0.0
2449,1529963939,856456175,-0.195165872574,-0.0
2450,1529963939,856456175,-0.195165872574,-0.0
2451,1529963939,856456175,-0.195165872574,-0.0
2452,1529963939,856456175,-0.195165872574,-0.0
2453,1529963939,856456175,-0.195165872574,-0.0
2454,1529963939,856456175,-0.195165872574,-0.0
2455,1529963939,856456175,-0.195165872574,-0.0
2456,1529963939,856456175,-0.195165872574,-0.0
2457,1529963939,856456175,-0.195165872574,-0.0
2458,1529963939,856456175,-0.195165872574,-0.0
2459,1529963939,856456175,-0.195165872574,-0.0
2460,1529963939,856456175,-0.195165872574,-0.0
2461,1529963939,856456175,-0.195165872574,-0.0
2462,1529963939,856456175,-0.195165872574,-0.0
2463,1529963939,856456175,-0.195165872574,-0.0
2464,1529963939,856456175,-0.195165872574,-0.0
2465,1529963939,856456175,-0.195165872574,-0.0
2466,1529963939,856456175,-0.195165872574,-0.0
2467,1529963939,856456175,-0.195165872574,-0.0
2468,1529963939,856456175,-0.195165872574,-0.0
2469,1529963939,856456175,-0.195165872574,-0.0
2470,1529963939,856456175,-0.195165872574,-0.0
2471,1529963939,856456175,-0.195165872574,-0.0
2472,1529963939,856456175,-0.195165872574,-0.0
2473,1529963939,856456175,-0.195165872574,-0.0
2474,1529963939,856456175,-0.195165872574,-0.0
2475,1529963939,856456175,-0.195165872574,-0.0
2476,1529963939,856456175,-0.195165872574,-0.0
2477,1529963939,856456175,-0.195165872574,-0.0
2478,1529963939,856456175,-0.195165872574,-0.0
2479,1529963939,856456175,-0.195165872574,-0.0
2480,1529963939,856456175,-0.195165872574,-0.0
2481,1529963939,856456175,-0.195165872574,-0.0
2482,1529963939,856456175,-0.195165872574,-0.0
2483,1529963939,856456175,-0.195165872574,-0.0
2484,1529963939,856456175,-0.195165872574,-0.0
2485,1529963939,856456175,-0.195165872574,-0.0
2486,1529963939,856456175,-0.195165872574,-0.0
2487,1529963939,856456175,-0.195165872574,-0.0
2488,1529963939,856456175,-0.195165872574,-0.0
2489,1529963939,856456175,-0.195165872574,-0.0
2490,1529963939,856456175,-0.195165872574,-0.0
2491,1529963939,856456175,-0.195165872574,-0.0
2492,1529963939,856456175,-0.195165872574,-0.0
2493,1529963939,856456175,-0.195165872574,-0.0
2494,1529963939,856456175,-0.195165872574,-0.0
2495,1529963939,856456175,-0.195165872574,-0.0
2496,1529963939,856456175,-0.195165872574,-0.0
2497,1529963939,856456175,-0.195165872574,-0.0
2498,1529963939,856456175,-0.195165872574,-0.0
2499,1529963939,856456175,-0.195165872574,-0.0
2500,1529963939,856456175,-0.195165872574,-0.0
2501,1529963939,856456175,-0.195165872574,-0.0
2502,1529963939,856456175,-0.195165872574,-0.0
2503,1529963939,856456175,-0.195165872574,-0.0
2504,1529963939,856456175,-0.195165872574,-0.0
2505,1529963939,856456175,-0.195165872574,-0.0
2506,1529963939,856456175,-0.195165872574,-0.0
2507,1529963939,856456175,-0.195165872574,-0.0
2508,1529963939,856456175,-0.195165872574,-0.0
2509,1529963939,856456175,-0.195165872574,-0.0
2510,1529963939,856456175,-0.195165872574,-0.0
2511,1529963939,856456175,-0.195165872574,-0.0
2512,1529963939,856456175,-0.195165872574,-0.0
2513,1529963939,856456175,-0.195165872574,-0.0
2514,1529963939,856456175,-0.195165872574,-0.0
2515,1529963939,856456175,-0.195165872574,-0.0
2516,1529963939,856456175,-0.195165872574,-0.0
2517,1529963939,856456175,-0.195165872574,-0.0
2518,1529963939,856456175,-0.195165872574,-0.0
2519,1529963939,856456175,-0.195165872574,-0.0
2520,1529963939,856456175,-0.195165872574,-0.0
2521,1529963939,856456175,-0.195165872574,-0.0
2522,1529963939,856456175,-0.195165872574,-0.0
2523,1529963939,856456175,-0.195165872574,-0.0
2524,1529963939,856456175,-0.195165872574,-0.0
2525,1529963939,856456175,-0.195165872574,-0.0
2526,1529963939,856456175,-0.195165872574,-0.0
2527,1529963939,856456175,-0.195165872574,-0.0
2528,1529963939,856456175,-0.195165872574,-0.0
2529,1529963939,856456175,-0.195165872574,-0.0
2530,1529963939,856456175,-0.195165872574,-0.0
2531,1529963939,856456175,-0.195165872574,-0.0
2532,1529963939,856456175,-0.195165872574,-0.0
2533,1529963939,856456175,-0.195165872574,-0.0
2534,1529963939,856456175,-0.195165872574,-0.0
2535,1529963939,856456175,-0.195165872574,-0.0
2536,1529963939,856456175,-0.195165872574,-0.0
2537,1529963939,856456175,-0.195165872574,-0.0
2538,1529963939,856456175,-0.195165872574,-0.0
2539,1529963939,856456175,-0.195165872574,-0.0
2540,1529963939,856456175,-0.195165872574,-0.0
2541,1529963939,856456175,-0.195165872574,-0.0
2542,1529963939,856456175,-0.195165872574,-0.0
2543,1529963939,856456175,-0.195165872574,-0.0
2544,1529963939,856456175,-0.195165872574,-0.0
2545,1529963939,856456175,-0.195165872574,-0.0
2546,1529963939,856456175,-0.195165872574,-0.0
2547,1529963939,856456175,-0.195165872574,-0.0
2548,1529963939,856456175,-0.195165872574,-0.0
2549,1529963939,856456175,-0.195165872574,-0.0
2550,1529963939,856456175,-0.195165872574,-0.0
2551,1529963939,856456175,-0.195165872574,-0.0
2552,1529963939,856456175,-0.195165872574,-0.0
2553,1529963939,856456175,-0.195165872574,-0.0
2554,1529963939,856456175,-0.195165872574,-0.0
2555,1529963939,856456175,-0.195165872574,-0.0
2556,1529963939,856456175,-0.195165872574,-0.0
2557,1529963939,856456175,-0.195165872574,-0.0
2558,1529963939,856456175,-0.195165872574,-0.0
2559,1529963939,856456175,-0.195165872574,-0.0
2560,1529963939,856456175,-0.195165872574,-0.0
2561,1529963939,856456175,-0.195165872574,-0.0
2562,1529963939,856456175,-0.195165872574,-0.0
2563,1529963939,856456175,-0.195165872574,-0.0
2564,1529963939,856456175,-0.195165872574,-0.0
2565,1529963939,856456175,-0.195165872574,-0.0
2566,1529963939,856456175,-0.195165872574,-0.0
2567,1529963939,856456175,-0.195165872574,-0.0
2568,1529963939,856456175,-0.195165872574,-0.0
2569,1529963939,856456175,-0.195165872574,-0.0
2570,1529963939,856456175,-0.195165872574,-0.0
2571,1529963939,856456175,-0.195165872574,-0.0
2572,1529963939,856456175,-0.195165872574,-0.0
2573,1529963939,856456175,-0.195165872574,-0.0
2574,1529963939,856456175,-0.195165872574,-0.0
2575,1529963939,856456175,-0.195165872574,-0.0
2576,1529963939,856456175,-0.195165872574,-0.0
2577,1529963939,856456175,-0.195165872574,-0.0
2578,1529963939,856456175,-0.195165872574,-0.0
2579,1529963939,856456175,-0.195165872574,-0.0
2580,1529963939,856456175,-0.195165872574,-0.0
2581,1529963939,856456175,-0.195165872574,-0.0
2582,1529963939,856456175,-0.195165872574,-0.0
2583,1529963939,856456175,-0.195165872574,-0.0
2584,1529963939,856456175,-0.195165872574,-0.0
2585,1529963939,856456175,-0.195165872574,-0.0
2586,1529963939,856456175,-0.195165872574,-0.0
2587,1529963939,856456175,-0.195165872574,-0.0
2588,1529963939,856456175,-0.195165872574,-0.0
2589,1529963939,856456175,-0.195165872574,-0.0
2590,1529963939,856456175,-0.195165872574,-0.0
2591,1529963939,856456175,-0.195165872574,-0.0
2592,1529963939,856456175,-0.195165872574,-0.0
2593,1529963939,856456175,-0.195165872574,-0.0
2594,1529963939,856456175,-0.195165872574,-0.0
2595,1529963939,856456175,-0.195165872574,-0.0
2596,1529963939,856456175,-0.195165872574,-0.0
2597,1529963939,856456175,-0.195165872574,-0.0
2598,1529963939,856456175,-0.195165872574,-0.0
2599,1529963939,856456175,-0.195165872574,-0.0
2600,1529963939,856456175,-0.195165872574,-0.0
2601,1529963939,856456175,-0.195165872574,-0.0
2602,1529963939,856456175,-0.195165872574,-0.0
2603,1529963939,856456175,-0.195165872574,-0.0
2604,1529963939,856456175,-0.195165872574,-0.0
2605,1529963939,856456175,-0.195165872574,-0.0
2606,1529963939,856456175,-0.195165872574,-0.0
2607,1529963939,856456175,-0.195165872574,-0.0
2608,1529963939,856456175,-0.195165872574,-0.0
2609,1529963940,536480065,-0.193884089589,-0.0
2610,1529963940,536480065,-0.193884089589,-0.0
2611,1529963940,536480065,-0.193884089589,-0.0
2612,1529963940,536480065,-0.193884089589,-0.0
2613,1529963940,536480065,-0.193884089589,-0.0
2614,1529963940,536480065,-0.193884089589,-0.0
2615,1529963940,536480065,-0.193884089589,-0.0
2616,1529963940,536480065,-0.193884089589,-0.0
2617,1529963940,536480065,-0.193884089589,-0.0
2618,1529963940,536480065,-0.193884089589,-0.0
2619,1529963940,536480065,-0.193884089589,-0.0
2620,1529963940,536480065,-0.193884089589,-0.0
2621,1529963940,536480065,-0.193884089589,-0.0
2622,1529963940,536480065,-0.193884089589,-0.0
2623,1529963940,592450626,-0.192571789026,-0.0
2624,1529963940,592450626,-0.192571789026,-0.0
2625,1529963940,592450626,-0.192571789026,-0.0
2626,1529963940,592450626,-0.192571789026,-0.0
2627,1529963940,592450626,-0.192571789026,-0.0
2628,1529963940,592450626,-0.192571789026,-0.0
2629,1529963940,616464606,-0.191259503365,-0.0
2630,1529963940,616464606,-0.191259503365,-0.0
2631,1529963940,616464606,-0.191259503365,-0.0
2632,1529963940,616464606,-0.191259503365,-0.0
2633,1529963940,616464606,-0.191259503365,-0.0
2634,1529963940,616464606,-0.191259503365,-0.0
2635,1529963940,616464606,-0.191259503365,-0.0
2636,1529963940,616464606,-0.191259503365,-0.0
2637,1529963940,616464606,-0.191259503365,-0.0
2638,1529963940,616464606,-0.191259503365,-0.0
2639,1529963940,656447061,-0.18997772038,-0.0
2640,1529963940,656447061,-0.18997772038,-0.0
2641,1529963940,656447061,-0.18997772038,-0.0
2642,1529963940,656447061,-0.18997772038,-0.0
2643,1529963940,672444977,-0.188665419817,-0.0
2644,1529963940,672444977,-0.188665419817,-0.0
2645,1529963940,672444977,-0.188665419817,-0.0
2646,1529963940,672444977,-0.188665419817,-0.0
2647,1529963940,672444977,-0.188665419817,-0.0
2648,1529963940,672444977,-0.188665419817,-0.0
2649,1529963940,672444977,-0.188665419817,-0.0
2650,1529963940,672444977,-0.188665419817,-0.0
2651,1529963940,672444977,-0.188665419817,-0.0
2652,1529963940,672444977,-0.188665419817,-0.0
2653,1529963940,712445731,-0.187353134155,-0.0
2654,1529963940,712445731,-0.187353134155,-0.0
2655,1529963940,712445731,-0.187353134155,-0.0
2656,1529963940,712445731,-0.187353134155,-0.0
2657,1529963940,712445731,-0.187353134155,-0.0
2658,1529963940,712445731,-0.187353134155,-0.0
2659,1529963940,712445731,-0.187353134155,-0.0
2660,1529963940,712445731,-0.187353134155,-0.0
2661,1529963940,712445731,-0.187353134155,-0.0
2662,1529963940,712445731,-0.187353134155,-0.0
2663,1529963940,712445731,-0.187353134155,-0.0
2664,1529963940,712445731,-0.187353134155,-0.0
2665,1529963940,712445731,-0.187353134155,-0.0
2666,1529963940,712445731,-0.187353134155,-0.0
2667,1529963940,712445731,-0.187353134155,-0.0
2668,1529963940,712445731,-0.187353134155,-0.0
2669,1529963940,712445731,-0.187353134155,-0.0
2670,1529963940,712445731,-0.187353134155,-0.0
2671,1529963940,712445731,-0.187353134155,-0.0
2672,1529963940,712445731,-0.187353134155,-0.0
2673,1529963940,712445731,-0.187353134155,-0.0
2674,1529963940,712445731,-0.187353134155,-0.0
2675,1529963940,712445731,-0.187353134155,-0.0
2676,1529963940,712445731,-0.187353134155,-0.0
2677,1529963940,712445731,-0.187353134155,-0.0
2678,1529963940,712445731,-0.187353134155,-0.0
2679,1529963940,712445731,-0.187353134155,-0.0
2680,1529963940,712445731,-0.187353134155,-0.0
2681,1529963940,712445731,-0.187353134155,-0.0
2682,1529963940,712445731,-0.187353134155,-0.0
2683,1529963940,712445731,-0.187353134155,-0.0
2684,1529963940,712445731,-0.187353134155,-0.0
2685,1529963940,712445731,-0.187353134155,-0.0
2686,1529963940,712445731,-0.187353134155,-0.0
2687,1529963940,712445731,-0.187353134155,-0.0
2688,1529963940,712445731,-0.187353134155,-0.0
2689,1529963940,856472784,-0.186071351171,-0.0
2690,1529963940,856472784,-0.186071351171,-0.0
2691,1529963940,856472784,-0.186071351171,-0.0
2692,1529963940,856472784,-0.186071351171,-0.0
2693,1529963940,872447281,-0.184759050608,-0.0
2694,1529963940,872447281,-0.184759050608,-0.0
2695,1529963940,872447281,-0.184759050608,-0.0
2696,1529963940,872447281,-0.184759050608,-0.0
2697,1529963940,872447281,-0.184759050608,-0.0
2698,1529963940,872447281,-0.184759050608,-0.0
2699,1529963940,872447281,-0.184759050608,-0.0
2700,1529963940,872447281,-0.184759050608,-0.0
2701,1529963940,872447281,-0.184759050608,-0.0
2702,1529963940,872447281,-0.184759050608,-0.0
2703,1529963940,912448200,-0.183477282524,-0.0
2704,1529963940,912448200,-0.183477282524,-0.0
2705,1529963940,912448200,-0.183477282524,-0.0
2706,1529963940,912448200,-0.183477282524,-0.0
2707,1529963940,912448200,-0.183477282524,-0.0
2708,1529963940,912448200,-0.183477282524,-0.0
2709,1529963940,912448200,-0.183477282524,-0.0
2710,1529963940,912448200,-0.183477282524,-0.0
2711,1529963940,912448200,-0.183477282524,-0.0
2712,1529963940,912448200,-0.183477282524,-0.0
2713,1529963940,952446211,-0.181524097919,-0.0
2714,1529963940,952446211,-0.181524097919,-0.0
2715,1529963940,952446211,-0.181524097919,-0.0
2716,1529963940,952446211,-0.181524097919,-0.0
2717,1529963940,952446211,-0.181524097919,-0.0
2718,1529963940,952446211,-0.181524097919,-0.0
2719,1529963940,976470704,-0.180211797357,-0.0
2720,1529963940,976470704,-0.180211797357,-0.0
2721,1529963940,976470704,-0.180211797357,-0.0
2722,1529963940,976470704,-0.180211797357,-0.0
2723,1529963940,992448742,-0.178258612752,-0.0
2724,1529963940,992448742,-0.178258612752,-0.0
2725,1529963940,992448742,-0.178258612752,-0.0
2726,1529963940,992448742,-0.178258612752,-0.0
2727,1529963940,992448742,-0.178258612752,-0.0
2728,1529963940,992448742,-0.178258612752,-0.0
2729,1529963940,992448742,-0.178258612752,-0.0
2730,1529963940,992448742,-0.178258612752,-0.0
2731,1529963940,992448742,-0.178258612752,-0.0
2732,1529963940,992448742,-0.178258612752,-0.0
2733,1529963940,992448742,-0.178258612752,-0.0
2734,1529963940,992448742,-0.178258612752,-0.0
2735,1529963940,992448742,-0.178258612752,-0.0
2736,1529963940,992448742,-0.178258612752,-0.0
2737,1529963940,992448742,-0.178258612752,-0.0
2738,1529963940,992448742,-0.178258612752,-0.0
2739,1529963940,992448742,-0.178258612752,-0.0
2740,1529963940,992448742,-0.178258612752,-0.0
2741,1529963940,992448742,-0.178258612752,-0.0
2742,1529963940,992448742,-0.178258612752,-0.0
2743,1529963941,72448880,-0.176946312189,-0.0
2744,1529963941,72448880,-0.176946312189,-0.0
2745,1529963941,72448880,-0.176946312189,-0.0
2746,1529963941,72448880,-0.176946312189,-0.0
2747,1529963941,72448880,-0.176946312189,-0.0
2748,1529963941,72448880,-0.176946312189,-0.0
2749,1529963941,72448880,-0.176946312189,-0.0
2750,1529963941,72448880,-0.176946312189,-0.0
2751,1529963941,72448880,-0.176946312189,-0.0
2752,1529963941,72448880,-0.176946312189,-0.0
2753,1529963941,72448880,-0.176946312189,-0.0
2754,1529963941,72448880,-0.176946312189,-0.0
2755,1529963941,72448880,-0.176946312189,-0.0
2756,1529963941,72448880,-0.176946312189,-0.0
2757,1529963941,72448880,-0.176946312189,-0.0
2758,1529963941,72448880,-0.176946312189,-0.0
2759,1529963941,72448880,-0.176946312189,-0.0
2760,1529963941,72448880,-0.176946312189,-0.0
2761,1529963941,72448880,-0.176946312189,-0.0
2762,1529963941,72448880,-0.176946312189,-0.0
2763,1529963941,72448880,-0.176946312189,-0.0
2764,1529963941,72448880,-0.176946312189,-0.0
2765,1529963941,72448880,-0.176946312189,-0.0
2766,1529963941,72448880,-0.176946312189,-0.0
2767,1529963941,72448880,-0.176946312189,-0.0
2768,1529963941,72448880,-0.176946312189,-0.0
2769,1529963941,72448880,-0.176946312189,-0.0
2770,1529963941,72448880,-0.176946312189,-0.0
2771,1529963941,72448880,-0.176946312189,-0.0
2772,1529963941,72448880,-0.176946312189,-0.0
2773,1529963941,72448880,-0.176946312189,-0.0
2774,1529963941,72448880,-0.176946312189,-0.0
2775,1529963941,72448880,-0.176946312189,-0.0
2776,1529963941,72448880,-0.176946312189,-0.0
2777,1529963941,72448880,-0.176946312189,-0.0
2778,1529963941,72448880,-0.176946312189,-0.0
2779,1529963941,72448880,-0.176946312189,-0.0
2780,1529963941,72448880,-0.176946312189,-0.0
2781,1529963941,72448880,-0.176946312189,-0.0
2782,1529963941,72448880,-0.176946312189,-0.0
2783,1529963941,72448880,-0.176946312189,-0.0
2784,1529963941,72448880,-0.176946312189,-0.0
2785,1529963941,72448880,-0.176946312189,-0.0
2786,1529963941,72448880,-0.176946312189,-0.0
2787,1529963941,72448880,-0.176946312189,-0.0
2788,1529963941,72448880,-0.176946312189,-0.0
2789,1529963941,72448880,-0.176946312189,-0.0
2790,1529963941,72448880,-0.176946312189,-0.0
2791,1529963941,72448880,-0.176946312189,-0.0
2792,1529963941,72448880,-0.176946312189,-0.0
2793,1529963941,72448880,-0.176946312189,-0.0
2794,1529963941,72448880,-0.176946312189,-0.0
2795,1529963941,72448880,-0.176946312189,-0.0
2796,1529963941,72448880,-0.176946312189,-0.0
2797,1529963941,72448880,-0.176946312189,-0.0
2798,1529963941,72448880,-0.176946312189,-0.0
2799,1529963941,72448880,-0.176946312189,-0.0
2800,1529963941,72448880,-0.176946312189,-0.0
2801,1529963941,72448880,-0.176946312189,-0.0
2802,1529963941,312447540,-0.175664544106,-0.0
2803,1529963941,312447540,-0.175664544106,-0.0
2804,1529963941,312447540,-0.175664544106,-0.0
2805,1529963941,312447540,-0.175664544106,-0.0
2806,1529963941,312447540,-0.175664544106,-0.0
2807,1529963941,312447540,-0.175664544106,-0.0
2808,1529963941,312447540,-0.175664544106,-0.0
2809,1529963941,312447540,-0.175664544106,-0.0
2810,1529963941,312447540,-0.175664544106,-0.0
2811,1529963941,312447540,-0.175664544106,-0.0
2812,1529963941,352446858,-0.174352243543,-0.0
2813,1529963941,352446858,-0.174352243543,-0.0
2814,1529963941,352446858,-0.174352243543,-0.0
2815,1529963941,352446858,-0.174352243543,-0.0
2816,1529963941,352446858,-0.174352243543,-0.0
2817,1529963941,352446858,-0.174352243543,-0.0
2818,1529963941,352446858,-0.174352243543,-0.0
2819,1529963941,352446858,-0.174352243543,-0.0
2820,1529963941,352446858,-0.174352243543,-0.0
2821,1529963941,352446858,-0.174352243543,-0.0
2822,1529963941,392448697,-0.17303994298,-0.0
2823,1529963941,392448697,-0.17303994298,-0.0
2824,1529963941,392448697,-0.17303994298,-0.0
2825,1529963941,392448697,-0.17303994298,-0.0
2826,1529963941,392448697,-0.17303994298,-0.0
2827,1529963941,392448697,-0.17303994298,-0.0
2828,1529963941,392448697,-0.17303994298,-0.0
2829,1529963941,392448697,-0.17303994298,-0.0
2830,1529963941,392448697,-0.17303994298,-0.0
2831,1529963941,392448697,-0.17303994298,-0.0
2832,1529963941,432468812,-0.171758174896,-0.0
2833,1529963941,432468812,-0.171758174896,-0.0
2834,1529963941,432468812,-0.171758174896,-0.0
2835,1529963941,432468812,-0.171758174896,-0.0
2836,1529963941,432468812,-0.171758174896,-0.0
2837,1529963941,432468812,-0.171758174896,-0.0
2838,1529963941,432468812,-0.171758174896,-0.0
2839,1529963941,432468812,-0.171758174896,-0.0
2840,1529963941,432468812,-0.171758174896,-0.0
2841,1529963941,432468812,-0.171758174896,-0.0
2842,1529963941,432468812,-0.171758174896,-0.0
2843,1529963941,432468812,-0.171758174896,-0.0
2844,1529963941,432468812,-0.171758174896,-0.0
2845,1529963941,432468812,-0.171758174896,-0.0
2846,1529963941,432468812,-0.171758174896,-0.0
2847,1529963941,432468812,-0.171758174896,-0.0
2848,1529963941,496448430,-0.170445874333,-0.0
2849,1529963941,496448430,-0.170445874333,-0.0
2850,1529963941,496448430,-0.170445874333,-0.0
2851,1529963941,496448430,-0.170445874333,-0.0
2852,1529963941,512455139,-0.169164091349,-0.0
2853,1529963941,512455139,-0.169164091349,-0.0
2854,1529963941,512455139,-0.169164091349,-0.0
2855,1529963941,512455139,-0.169164091349,-0.0
2856,1529963941,512455139,-0.169164091349,-0.0
2857,1529963941,512455139,-0.169164091349,-0.0
2858,1529963941,512455139,-0.169164091349,-0.0
2859,1529963941,512455139,-0.169164091349,-0.0
2860,1529963941,512455139,-0.169164091349,-0.0
2861,1529963941,512455139,-0.169164091349,-0.0
2862,1529963941,552452040,-0.167851805687,-0.0
2863,1529963941,552452040,-0.167851805687,-0.0
2864,1529963941,552452040,-0.167851805687,-0.0
2865,1529963941,552452040,-0.167851805687,-0.0
2866,1529963941,552452040,-0.167851805687,-0.0
2867,1529963941,552452040,-0.167851805687,-0.0
2868,1529963941,552452040,-0.167851805687,-0.0
2869,1529963941,552452040,-0.167851805687,-0.0
2870,1529963941,552452040,-0.167851805687,-0.0
2871,1529963941,552452040,-0.167851805687,-0.0
2872,1529963941,552452040,-0.167851805687,-0.0
2873,1529963941,552452040,-0.167851805687,-0.0
2874,1529963941,552452040,-0.167851805687,-0.0
2875,1529963941,552452040,-0.167851805687,-0.0
2876,1529963941,552452040,-0.167851805687,-0.0
2877,1529963941,552452040,-0.167851805687,-0.0
2878,1529963941,552452040,-0.167851805687,-0.0
2879,1529963941,552452040,-0.167851805687,-0.0
2880,1529963941,552452040,-0.167851805687,-0.0
2881,1529963941,552452040,-0.167851805687,-0.0
2882,1529963941,552452040,-0.167851805687,-0.0
2883,1529963941,552452040,-0.167851805687,-0.0
2884,1529963941,552452040,-0.167851805687,-0.0
2885,1529963941,552452040,-0.167851805687,-0.0
2886,1529963941,552452040,-0.167851805687,-0.0
2887,1529963941,552452040,-0.167851805687,-0.0
2888,1529963941,552452040,-0.167851805687,-0.0
2889,1529963941,552452040,-0.167851805687,-0.0
2890,1529963941,552452040,-0.167851805687,-0.0
2891,1529963941,552452040,-0.167851805687,-0.0
2892,1529963941,552452040,-0.167851805687,-0.0
2893,1529963941,552452040,-0.167851805687,-0.0
2894,1529963941,552452040,-0.167851805687,-0.0
2895,1529963941,552452040,-0.167851805687,-0.0
2896,1529963941,552452040,-0.167851805687,-0.0
2897,1529963941,552452040,-0.167851805687,-0.0
2898,1529963941,552452040,-0.167851805687,-0.0
2899,1529963941,552452040,-0.167851805687,-0.0
2900,1529963941,552452040,-0.167851805687,-0.0
2901,1529963941,552452040,-0.167851805687,-0.0
2902,1529963941,712450679,-0.166539505124,-0.0
2903,1529963941,712450679,-0.166539505124,-0.0
2904,1529963941,712450679,-0.166539505124,-0.0
2905,1529963941,712450679,-0.166539505124,-0.0
2906,1529963941,712450679,-0.166539505124,-0.0
2907,1529963941,712450679,-0.166539505124,-0.0
2908,1529963941,712450679,-0.166539505124,-0.0
2909,1529963941,712450679,-0.166539505124,-0.0
2910,1529963941,712450679,-0.166539505124,-0.0
2911,1529963941,712450679,-0.166539505124,-0.0
2912,1529963941,712450679,-0.166539505124,-0.0
2913,1529963941,712450679,-0.166539505124,-0.0
2914,1529963941,712450679,-0.166539505124,-0.0
2915,1529963941,712450679,-0.166539505124,-0.0
2916,1529963941,712450679,-0.166539505124,-0.0
2917,1529963941,712450679,-0.166539505124,-0.0
2918,1529963941,712450679,-0.166539505124,-0.0
2919,1529963941,712450679,-0.166539505124,-0.0
2920,1529963941,712450679,-0.166539505124,-0.0
2921,1529963941,712450679,-0.166539505124,-0.0
2922,1529963941,712450679,-0.166539505124,-0.0
2923,1529963941,712450679,-0.166539505124,-0.0
2924,1529963941,712450679,-0.166539505124,-0.0
2925,1529963941,712450679,-0.166539505124,-0.0
2926,1529963941,712450679,-0.166539505124,-0.0
2927,1529963941,712450679,-0.166539505124,-0.0
2928,1529963941,816455906,-0.165257722139,-0.0
2929,1529963941,816455906,-0.165257722139,-0.0
2930,1529963941,816455906,-0.165257722139,-0.0
2931,1529963941,816455906,-0.165257722139,-0.0
2932,1529963941,832447749,-0.163945436478,-0.0
2933,1529963941,832447749,-0.163945436478,-0.0
2934,1529963941,832447749,-0.163945436478,-0.0
2935,1529963941,832447749,-0.163945436478,-0.0
2936,1529963941,832447749,-0.163945436478,-0.0
2937,1529963941,832447749,-0.163945436478,-0.0
2938,1529963941,832447749,-0.163945436478,-0.0
2939,1529963941,832447749,-0.163945436478,-0.0
2940,1529963941,832447749,-0.163945436478,-0.0
2941,1529963941,832447749,-0.163945436478,-0.0
2942,1529963941,832447749,-0.163945436478,-0.0
2943,1529963941,832447749,-0.163945436478,-0.0
2944,1529963941,832447749,-0.163945436478,-0.0
2945,1529963941,832447749,-0.163945436478,-0.0
2946,1529963941,832447749,-0.163945436478,-0.0
2947,1529963941,832447749,-0.163945436478,-0.0
2948,1529963941,896450412,-0.162633135915,-0.0
2949,1529963941,896450412,-0.162633135915,-0.0
2950,1529963941,896450412,-0.162633135915,-0.0
2951,1529963941,896450412,-0.162633135915,-0.0
2952,1529963941,896450412,-0.162633135915,-0.0
2953,1529963941,896450412,-0.162633135915,-0.0
2954,1529963941,896450412,-0.162633135915,-0.0
2955,1529963941,896450412,-0.162633135915,-0.0
2956,1529963941,896450412,-0.162633135915,-0.0
2957,1529963941,896450412,-0.162633135915,-0.0
2958,1529963941,896450412,-0.162633135915,-0.0
2959,1529963941,896450412,-0.162633135915,-0.0
2960,1529963941,896450412,-0.162633135915,-0.0
2961,1529963941,896450412,-0.162633135915,-0.0
2962,1529963941,896450412,-0.162633135915,-0.0
2963,1529963941,896450412,-0.162633135915,-0.0
2964,1529963941,896450412,-0.162633135915,-0.0
2965,1529963941,896450412,-0.162633135915,-0.0
2966,1529963941,896450412,-0.162633135915,-0.0
2967,1529963941,896450412,-0.162633135915,-0.0
2968,1529963941,976451483,-0.16135135293,-0.0
2969,1529963941,976451483,-0.16135135293,-0.0
2970,1529963941,976451483,-0.16135135293,-0.0
2971,1529963941,976451483,-0.16135135293,-0.0
2972,1529963941,976451483,-0.16135135293,-0.0
2973,1529963941,976451483,-0.16135135293,-0.0
2974,1529963941,976451483,-0.16135135293,-0.0
2975,1529963941,976451483,-0.16135135293,-0.0
2976,1529963941,976451483,-0.16135135293,-0.0
2977,1529963941,976451483,-0.16135135293,-0.0
2978,1529963941,976451483,-0.16135135293,-0.0
2979,1529963941,976451483,-0.16135135293,-0.0
2980,1529963941,976451483,-0.16135135293,-0.0
2981,1529963941,976451483,-0.16135135293,-0.0
2982,1529963942,32451336,-0.160039067268,-0.0
2983,1529963942,32451336,-0.160039067268,-0.0
2984,1529963942,32451336,-0.160039067268,-0.0
2985,1529963942,32451336,-0.160039067268,-0.0
2986,1529963942,32451336,-0.160039067268,-0.0
2987,1529963942,32451336,-0.160039067268,-0.0
2988,1529963942,56449137,-0.158726766706,-0.0
2989,1529963942,56449137,-0.158726766706,-0.0
2990,1529963942,56449137,-0.158726766706,-0.0
2991,1529963942,56449137,-0.158726766706,-0.0
2992,1529963942,56449137,-0.158726766706,-0.0
2993,1529963942,56449137,-0.158726766706,-0.0
2994,1529963942,56449137,-0.158726766706,-0.0
2995,1529963942,56449137,-0.158726766706,-0.0
2996,1529963942,56449137,-0.158726766706,-0.0
2997,1529963942,56449137,-0.158726766706,-0.0
2998,1529963942,96450420,-0.157444983721,-0.0
2999,1529963942,96450420,-0.157444983721,-0.0
3000,1529963942,96450420,-0.157444983721,-0.0
3001,1529963942,96450420,-0.157444983721,-0.0
3002,1529963942,112446569,-0.156132698059,-0.0
3003,1529963942,112446569,-0.156132698059,-0.0
3004,1529963942,112446569,-0.156132698059,-0.0
3005,1529963942,112446569,-0.156132698059,-0.0
3006,1529963942,112446569,-0.156132698059,-0.0
3007,1529963942,112446569,-0.156132698059,-0.0
3008,1529963942,112446569,-0.156132698059,-0.0
3009,1529963942,112446569,-0.156132698059,-0.0
3010,1529963942,112446569,-0.156132698059,-0.0
3011,1529963942,112446569,-0.156132698059,-0.0
3012,1529963942,112446569,-0.156132698059,-0.0
3013,1529963942,112446569,-0.156132698059,-0.0
3014,1529963942,112446569,-0.156132698059,-0.0
3015,1529963942,112446569,-0.156132698059,-0.0
3016,1529963942,112446569,-0.156132698059,-0.0
3017,1529963942,112446569,-0.156132698059,-0.0
3018,1529963942,112446569,-0.156132698059,-0.0
3019,1529963942,112446569,-0.156132698059,-0.0
3020,1529963942,112446569,-0.156132698059,-0.0
3021,1529963942,112446569,-0.156132698059,-0.0
3022,1529963942,112446569,-0.156132698059,-0.0
3023,1529963942,112446569,-0.156132698059,-0.0
3024,1529963942,112446569,-0.156132698059,-0.0
3025,1529963942,112446569,-0.156132698059,-0.0
3026,1529963942,112446569,-0.156132698059,-0.0
3027,1529963942,112446569,-0.156132698059,-0.0
3028,1529963942,112446569,-0.156132698059,-0.0
3029,1529963942,112446569,-0.156132698059,-0.0
3030,1529963942,112446569,-0.156132698059,-0.0
3031,1529963942,112446569,-0.156132698059,-0.0
3032,1529963942,112446569,-0.156132698059,-0.0
3033,1529963942,112446569,-0.156132698059,-0.0
3034,1529963942,112446569,-0.156132698059,-0.0
3035,1529963942,112446569,-0.156132698059,-0.0
3036,1529963942,112446569,-0.156132698059,-0.0
3037,1529963942,112446569,-0.156132698059,-0.0
3038,1529963942,112446569,-0.156132698059,-0.0
3039,1529963942,112446569,-0.156132698059,-0.0
3040,1529963942,112446569,-0.156132698059,-0.0
3041,1529963942,112446569,-0.156132698059,-0.0
3042,1529963942,112446569,-0.156132698059,-0.0
3043,1529963942,112446569,-0.156132698059,-0.0
3044,1529963942,112446569,-0.156132698059,-0.0
3045,1529963942,112446569,-0.156132698059,-0.0
3046,1529963942,112446569,-0.156132698059,-0.0
3047,1529963942,296453069,-0.154850915074,-0.0
3048,1529963942,296453069,-0.154850915074,-0.0
3049,1529963942,296453069,-0.154850915074,-0.0
3050,1529963942,296453069,-0.154850915074,-0.0
3051,1529963942,312464887,-0.153538614511,-0.0
3052,1529963942,312464887,-0.153538614511,-0.0
3053,1529963942,312464887,-0.153538614511,-0.0
3054,1529963942,312464887,-0.153538614511,-0.0
3055,1529963942,312464887,-0.153538614511,-0.0
3056,1529963942,312464887,-0.153538614511,-0.0
3057,1529963942,312464887,-0.153538614511,-0.0
3058,1529963942,312464887,-0.153538614511,-0.0
3059,1529963942,312464887,-0.153538614511,-0.0
3060,1529963942,312464887,-0.153538614511,-0.0
3061,1529963942,352447689,-0.15222632885,-0.0
3062,1529963942,352447689,-0.15222632885,-0.0
3063,1529963942,352447689,-0.15222632885,-0.0
3064,1529963942,352447689,-0.15222632885,-0.0
3065,1529963942,352447689,-0.15222632885,-0.0
3066,1529963942,352447689,-0.15222632885,-0.0
3067,1529963942,352447689,-0.15222632885,-0.0
3068,1529963942,352447689,-0.15222632885,-0.0
3069,1529963942,352447689,-0.15222632885,-0.0
3070,1529963942,352447689,-0.15222632885,-0.0
3071,1529963942,352447689,-0.15222632885,-0.0
3072,1529963942,352447689,-0.15222632885,-0.0
3073,1529963942,352447689,-0.15222632885,-0.0
3074,1529963942,352447689,-0.15222632885,-0.0
3075,1529963942,352447689,-0.15222632885,-0.0
3076,1529963942,352447689,-0.15222632885,-0.0
3077,1529963942,416451382,-0.150944545865,-0.0
3078,1529963942,416451382,-0.150944545865,-0.0
3079,1529963942,416451382,-0.150944545865,-0.0
3080,1529963942,416451382,-0.150944545865,-0.0
3081,1529963942,416451382,-0.150944545865,-0.0
3082,1529963942,416451382,-0.150944545865,-0.0
3083,1529963942,416451382,-0.150944545865,-0.0
3084,1529963942,416451382,-0.150944545865,-0.0
3085,1529963942,416451382,-0.150944545865,-0.0
3086,1529963942,416451382,-0.150944545865,-0.0
3087,1529963942,416451382,-0.150944545865,-0.0
3088,1529963942,416451382,-0.150944545865,-0.0
3089,1529963942,416451382,-0.150944545865,-0.0
3090,1529963942,416451382,-0.150944545865,-0.0
3091,1529963942,416451382,-0.150944545865,-0.0
3092,1529963942,416451382,-0.150944545865,-0.0
3093,1529963942,416451382,-0.150944545865,-0.0
3094,1529963942,416451382,-0.150944545865,-0.0
3095,1529963942,416451382,-0.150944545865,-0.0
3096,1529963942,416451382,-0.150944545865,-0.0
3097,1529963942,496454251,-0.149632245302,-0.0
3098,1529963942,496454251,-0.149632245302,-0.0
3099,1529963942,496454251,-0.149632245302,-0.0
3100,1529963942,496454251,-0.149632245302,-0.0
3101,1529963942,496454251,-0.149632245302,-0.0
3102,1529963942,496454251,-0.149632245302,-0.0
3103,1529963942,496454251,-0.149632245302,-0.0
3104,1529963942,496454251,-0.149632245302,-0.0
3105,1529963942,496454251,-0.149632245302,-0.0
3106,1529963942,496454251,-0.149632245302,-0.0
3107,1529963942,496454251,-0.149632245302,-0.0
3108,1529963942,496454251,-0.149632245302,-0.0
3109,1529963942,496454251,-0.149632245302,-0.0
3110,1529963942,496454251,-0.149632245302,-0.0
3111,1529963942,496454251,-0.149632245302,-0.0
3112,1529963942,496454251,-0.149632245302,-0.0
3113,1529963942,496454251,-0.149632245302,-0.0
3114,1529963942,496454251,-0.149632245302,-0.0
3115,1529963942,496454251,-0.149632245302,-0.0
3116,1529963942,496454251,-0.149632245302,-0.0
3117,1529963942,496454251,-0.149632245302,-0.0
3118,1529963942,496454251,-0.149632245302,-0.0
3119,1529963942,496454251,-0.149632245302,-0.0
3120,1529963942,496454251,-0.149632245302,-0.0
3121,1529963942,496454251,-0.149632245302,-0.0
3122,1529963942,496454251,-0.149632245302,-0.0
3123,1529963942,496454251,-0.149632245302,-0.0
3124,1529963942,496454251,-0.149632245302,-0.0
3125,1529963942,496454251,-0.149632245302,-0.0
3126,1529963942,496454251,-0.149632245302,-0.0
3127,1529963942,496454251,-0.149632245302,-0.0
3128,1529963942,496454251,-0.149632245302,-0.0
3129,1529963942,496454251,-0.149632245302,-0.0
3130,1529963942,496454251,-0.149632245302,-0.0
3131,1529963942,496454251,-0.149632245302,-0.0
3132,1529963942,496454251,-0.149632245302,-0.0
3133,1529963942,496454251,-0.149632245302,-0.0
3134,1529963942,496454251,-0.149632245302,-0.0
3135,1529963942,496454251,-0.149632245302,-0.0
3136,1529963942,496454251,-0.149632245302,-0.0
3137,1529963942,496454251,-0.149632245302,-0.0
3138,1529963942,496454251,-0.149632245302,-0.0
3139,1529963942,496454251,-0.149632245302,-0.0
3140,1529963942,496454251,-0.149632245302,-0.0
3141,1529963942,496454251,-0.149632245302,-0.0
3142,1529963942,496454251,-0.149632245302,-0.0
3143,1529963942,496454251,-0.149632245302,-0.0
3144,1529963942,496454251,-0.149632245302,-0.0
3145,1529963942,496454251,-0.149632245302,-0.0
3146,1529963942,496454251,-0.149632245302,-0.0
3147,1529963942,496454251,-0.149632245302,-0.0
3148,1529963942,496454251,-0.149632245302,-0.0
3149,1529963942,496454251,-0.149632245302,-0.0
3150,1529963942,496454251,-0.149632245302,-0.0
3151,1529963942,496454251,-0.149632245302,-0.0
3152,1529963942,496454251,-0.149632245302,-0.0
3153,1529963942,496454251,-0.149632245302,-0.0
3154,1529963942,496454251,-0.149632245302,-0.0
3155,1529963942,496454251,-0.149632245302,-0.0
3156,1529963942,496454251,-0.149632245302,-0.0
3157,1529963942,496454251,-0.149632245302,-0.0
3158,1529963942,496454251,-0.149632245302,-0.0
3159,1529963942,496454251,-0.149632245302,-0.0
3160,1529963942,496454251,-0.149632245302,-0.0
3161,1529963942,496454251,-0.149632245302,-0.0
3162,1529963942,496454251,-0.149632245302,-0.0
3163,1529963942,496454251,-0.149632245302,-0.0
3164,1529963942,496454251,-0.149632245302,-0.0
3165,1529963942,496454251,-0.149632245302,-0.0
3166,1529963942,496454251,-0.149632245302,-0.0
3167,1529963942,496454251,-0.149632245302,-0.0
3168,1529963942,496454251,-0.149632245302,-0.0
3169,1529963942,496454251,-0.149632245302,-0.0
3170,1529963942,496454251,-0.149632245302,-0.0
3171,1529963942,496454251,-0.149632245302,-0.0
3172,1529963942,496454251,-0.149632245302,-0.0
3173,1529963942,496454251,-0.149632245302,-0.0
3174,1529963942,496454251,-0.149632245302,-0.0
3175,1529963942,496454251,-0.149632245302,-0.0
3176,1529963942,496454251,-0.149632245302,-0.0
3177,1529963942,496454251,-0.149632245302,-0.0
3178,1529963942,496454251,-0.149632245302,-0.0
3179,1529963942,496454251,-0.149632245302,-0.0
3180,1529963942,496454251,-0.149632245302,-0.0
3181,1529963942,496454251,-0.149632245302,-0.0
3182,1529963942,496454251,-0.149632245302,-0.0
3183,1529963942,496454251,-0.149632245302,-0.0
3184,1529963942,496454251,-0.149632245302,-0.0
3185,1529963942,496454251,-0.149632245302,-0.0
3186,1529963942,496454251,-0.149632245302,-0.0
3187,1529963942,496454251,-0.149632245302,-0.0
3188,1529963942,496454251,-0.149632245302,-0.0
3189,1529963942,878150278,-0.148319959641,-0.0
3190,1529963942,878150278,-0.148319959641,-0.0
3191,1529963942,878150278,-0.148319959641,-0.0
3192,1529963942,878150278,-0.148319959641,-0.0
3193,1529963942,878150278,-0.148319959641,-0.0
3194,1529963942,878150278,-0.148319959641,-0.0
3195,1529963942,878150278,-0.148319959641,-0.0
3196,1529963942,878150278,-0.148319959641,-0.0
3197,1529963942,878150278,-0.148319959641,-0.0
3198,1529963942,878150278,-0.148319959641,-0.0
3199,1529963942,878150278,-0.148319959641,-0.0
3200,1529963942,878150278,-0.148319959641,-0.0
3201,1529963942,878150278,-0.148319959641,-0.0
3202,1529963942,878150278,-0.148319959641,-0.0
3203,1529963942,878150278,-0.148319959641,-0.0
3204,1529963942,878150278,-0.148319959641,-0.0
3205,1529963942,878150278,-0.148319959641,-0.0
3206,1529963942,878150278,-0.148319959641,-0.0
3207,1529963942,878150278,-0.148319959641,-0.0
3208,1529963942,878150278,-0.148319959641,-0.0
3209,1529963942,878150278,-0.148319959641,-0.0
3210,1529963942,878150278,-0.148319959641,-0.0
3211,1529963942,878150278,-0.148319959641,-0.0
3212,1529963942,878150278,-0.148319959641,-0.0
3213,1529963942,976449215,-0.147038176656,-0.0
3214,1529963942,976449215,-0.147038176656,-0.0
3215,1529963942,976449215,-0.147038176656,-0.0
3216,1529963942,976449215,-0.147038176656,-0.0
3217,1529963942,976449215,-0.147038176656,-0.0
3218,1529963942,976449215,-0.147038176656,-0.0
3219,1529963942,976449215,-0.147038176656,-0.0
3220,1529963942,976449215,-0.147038176656,-0.0
3221,1529963942,976449215,-0.147038176656,-0.0
3222,1529963942,976449215,-0.147038176656,-0.0
3223,1529963942,976449215,-0.147038176656,-0.0
3224,1529963942,976449215,-0.147038176656,-0.0
3225,1529963942,976449215,-0.147038176656,-0.0
3226,1529963942,976449215,-0.147038176656,-0.0
3227,1529963942,976449215,-0.147038176656,-0.0
3228,1529963942,976449215,-0.147038176656,-0.0
3229,1529963942,976449215,-0.147038176656,-0.0
3230,1529963942,976449215,-0.147038176656,-0.0
3231,1529963942,976449215,-0.147038176656,-0.0
3232,1529963942,976449215,-0.147038176656,-0.0
3233,1529963942,976449215,-0.147038176656,-0.0
3234,1529963942,976449215,-0.147038176656,-0.0
3235,1529963942,976449215,-0.147038176656,-0.0
3236,1529963942,976449215,-0.147038176656,-0.0
3237,1529963942,976449215,-0.147038176656,-0.0
3238,1529963942,976449215,-0.147038176656,-0.0
3239,1529963942,976449215,-0.147038176656,-0.0
3240,1529963942,976449215,-0.147038176656,-0.0
3241,1529963942,976449215,-0.147038176656,-0.0
3242,1529963942,976449215,-0.147038176656,-0.0
3243,1529963943,96452815,-0.145725876093,-0.0
3244,1529963943,96452815,-0.145725876093,-0.0
3245,1529963943,96452815,-0.145725876093,-0.0
3246,1529963943,96452815,-0.145725876093,-0.0
3247,1529963943,112453044,-0.144413590431,-0.0
3248,1529963943,112453044,-0.144413590431,-0.0
3249,1529963943,112453044,-0.144413590431,-0.0
3250,1529963943,112453044,-0.144413590431,-0.0
3251,1529963943,112453044,-0.144413590431,-0.0
3252,1529963943,112453044,-0.144413590431,-0.0
3253,1529963943,136452540,-0.142460405827,-0.0
3254,1529963943,136452540,-0.142460405827,-0.0
3255,1529963943,136452540,-0.142460405827,-0.0
3256,1529963943,136452540,-0.142460405827,-0.0
3257,1529963943,152449124,-0.140507221222,-0.0
3258,1529963943,152449124,-0.140507221222,-0.0
3259,1529963943,152449124,-0.140507221222,-0.0
3260,1529963943,152449124,-0.140507221222,-0.0
3261,1529963943,152449124,-0.140507221222,-0.0
3262,1529963943,152449124,-0.140507221222,-0.0
3263,1529963943,176447967,-0.135319069028,-0.0
3264,1529963943,176447967,-0.135319069028,-0.0
3265,1529963943,176447967,-0.135319069028,-0.0
3266,1529963943,176447967,-0.135319069028,-0.0
3267,1529963943,192449480,-0.132725000381,-0.0
3268,1529963943,192449480,-0.132725000381,-0.0
3269,1529963943,192449480,-0.132725000381,-0.0
3270,1529963943,192449480,-0.132725000381,-0.0
3271,1529963943,192449480,-0.132725000381,-0.0
3272,1529963943,192449480,-0.132725000381,-0.0
3273,1529963943,216448890,-0.125553146005,-0.0
3274,1529963943,216448890,-0.125553146005,-0.0
3275,1529963943,216448890,-0.125553146005,-0.0
3276,1529963943,216448890,-0.125553146005,-0.0
3277,1529963943,232452657,-0.117099523544,-0.0
3278,1529963943,232452657,-0.117099523544,-0.0
3279,1529963943,232452657,-0.117099523544,-0.0
3280,1529963943,232452657,-0.117099523544,-0.0
3281,1529963943,232452657,-0.117099523544,-0.0
3282,1529963943,232452657,-0.117099523544,-0.0
3283,1529963943,256451853,-0.0956144928932,-0.0
3284,1529963943,256451853,-0.0956144928932,-0.0
3285,1529963943,256451853,-0.0956144928932,-0.0
3286,1529963943,256451853,-0.0956144928932,-0.0
3287,1529963943,272457740,-0.0858790874481,-0.0
3288,1529963943,272457740,-0.0858790874481,-0.0
3289,1529963943,272457740,-0.0858790874481,-0.0
3290,1529963943,272457740,-0.0858790874481,-0.0
3291,1529963943,272457740,-0.0858790874481,-0.0
3292,1529963943,272457740,-0.0858790874481,-0.0
3293,1529963943,296452104,-0.055299539119,-0.0
3294,1529963943,296452104,-0.055299539119,-0.0
3295,1529963943,296452104,-0.055299539119,-0.0
3296,1529963943,296452104,-0.055299539119,-0.0
3297,1529963943,312452008,-0.027954954654,-0.0
3298,1529963943,312452008,-0.027954954654,-0.0
3299,1529963943,312452008,-0.027954954654,-0.0
3300,1529963943,312452008,-0.027954954654,-0.0
3301,1529963943,312452008,-0.027954954654,-0.0
3302,1529963943,312452008,-0.027954954654,-0.0
3303,1529963943,336448730,-0.0,-0.0
3304,1529963943,336448730,-0.0,-0.0
3305,1529963943,336448730,-0.0,-0.0
3306,1529963943,336448730,-0.0,-0.0
3307,1529963943,336448730,-0.0,-0.0
3308,1529963943,336448730,-0.0,-0.0
3309,1529963943,336448730,-0.0,-0.0
3310,1529963943,336448730,-0.0,-0.0
3311,1529963943,336448730,-0.0,-0.0
3312,1529963943,336448730,-0.0,-0.0
3313,1529963943,336448730,-0.0,-0.0
3314,1529963943,336448730,-0.0,-0.0
3315,1529963943,336448730,-0.0,-0.0
3316,1529963943,336448730,-0.0,-0.0
3317,1529963943,336448730,-0.0,-0.0
3318,1529963943,336448730,-0.0,-0.0
3319,1529963943,336448730,-0.0,-0.0
3320,1529963943,336448730,-0.0,-0.0
3321,1529963943,336448730,-0.0,-0.0
3322,1529963943,336448730,-0.0,-0.0
3323,1529963943,336448730,-0.0,-0.0
3324,1529963943,336448730,-0.0,-0.0
3325,1529963943,336448730,-0.0,-0.0
3326,1529963943,336448730,-0.0,-0.0
3327,1529963943,336448730,-0.0,-0.0
3328,1529963943,336448730,-0.0,-0.0
3329,1529963943,336448730,-0.0,-0.0
3330,1529963943,336448730,-0.0,-0.0
3331,1529963943,336448730,-0.0,-0.0
3332,1529963943,336448730,-0.0,-0.0
3333,1529963943,336448730,-0.0,-0.0
3334,1529963943,336448730,-0.0,-0.0
3335,1529963943,336448730,-0.0,-0.0
3336,1529963943,336448730,-0.0,-0.0
3337,1529963943,336448730,-0.0,-0.0
3338,1529963943,336448730,-0.0,-0.0
3339,1529963943,336448730,-0.0,-0.0
3340,1529963943,336448730,-0.0,-0.0
3341,1529963943,336448730,-0.0,-0.0
3342,1529963943,336448730,-0.0,-0.0
3343,1529963943,336448730,-0.0,-0.0
3344,1529963943,336448730,-0.0,-0.0
3345,1529963943,336448730,-0.0,-0.0
3346,1529963943,336448730,-0.0,-0.0
3347,1529963943,336448730,-0.0,-0.0
3348,1529963943,336448730,-0.0,-0.0
3349,1529963943,336448730,-0.0,-0.0
3350,1529963943,336448730,-0.0,-0.0
3351,1529963943,336448730,-0.0,-0.0
3352,1529963943,336448730,-0.0,-0.0
3353,1529963943,336448730,-0.0,-0.0
3354,1529963943,336448730,-0.0,-0.0
3355,1529963943,336448730,-0.0,-0.0
3356,1529963943,336448730,-0.0,-0.0
3357,1529963943,336448730,-0.0,-0.0
3358,1529963943,336448730,-0.0,-0.0
3359,1529963943,336448730,-0.0,-0.0
3360,1529963943,336448730,-0.0,-0.0
3361,1529963943,336448730,-0.0,-0.0
3362,1529963943,336448730,-0.0,-0.0
3363,1529963943,336448730,-0.0,-0.0
3364,1529963943,336448730,-0.0,-0.0
3365,1529963943,336448730,-0.0,-0.0
3366,1529963943,336448730,-0.0,-0.0
3367,1529963943,336448730,-0.0,-0.0
3368,1529963943,336448730,-0.0,-0.0
3369,1529963943,336448730,-0.0,-0.0
3370,1529963943,336448730,-0.0,-0.0
3371,1529963943,336448730,-0.0,-0.0
3372,1529963943,336448730,-0.0,-0.0
3373,1529963943,336448730,-0.0,-0.0
3374,1529963943,336448730,-0.0,-0.0
3375,1529963943,336448730,-0.0,-0.0
3376,1529963943,336448730,-0.0,-0.0
3377,1529963943,336448730,-0.0,-0.0
3378,1529963943,336448730,-0.0,-0.0
3379,1529963943,336448730,-0.0,-0.0
3380,1529963943,336448730,-0.0,-0.0
3381,1529963943,336448730,-0.0,-0.0
3382,1529963943,336448730,-0.0,-0.0
3383,1529963943,336448730,-0.0,-0.0
3384,1529963943,336448730,-0.0,-0.0
3385,1529963943,336448730,-0.0,-0.0
3386,1529963943,336448730,-0.0,-0.0
3387,1529963943,336448730,-0.0,-0.0
3388,1529963943,336448730,-0.0,-0.0
3389,1529963943,336448730,-0.0,-0.0
3390,1529963943,336448730,-0.0,-0.0
3391,1529963943,336448730,-0.0,-0.0
3392,1529963943,336448730,-0.0,-0.0
3393,1529963943,336448730,-0.0,-0.0
3394,1529963943,336448730,-0.0,-0.0
3395,1529963943,336448730,-0.0,-0.0
3396,1529963943,336448730,-0.0,-0.0
3397,1529963943,336448730,-0.0,-0.0
3398,1529963943,336448730,-0.0,-0.0
3399,1529963943,336448730,-0.0,-0.0
3400,1529963943,336448730,-0.0,-0.0
3401,1529963943,336448730,-0.0,-0.0
3402,1529963943,336448730,-0.0,-0.0
3403,1529963943,336448730,-0.0,-0.0
3404,1529963943,336448730,-0.0,-0.0
3405,1529963943,336448730,-0.0,-0.0
3406,1529963943,336448730,-0.0,-0.0
3407,1529963943,336448730,-0.0,-0.0
3408,1529963943,336448730,-0.0,-0.0
3409,1529963943,336448730,-0.0,-0.0
3410,1529963943,336448730,-0.0,-0.0
3411,1529963943,336448730,-0.0,-0.0
3412,1529963943,336448730,-0.0,-0.0
3413,1529963943,336448730,-0.0,-0.0
3414,1529963943,336448730,-0.0,-0.0
3415,1529963943,336448730,-0.0,-0.0
3416,1529963943,336448730,-0.0,-0.0
3417,1529963943,336448730,-0.0,-0.0
3418,1529963943,336448730,-0.0,-0.0
3419,1529963943,336448730,-0.0,-0.0
3420,1529963943,336448730,-0.0,-0.0
3421,1529963943,336448730,-0.0,-0.0
3422,1529963943,336448730,-0.0,-0.0
3423,1529963943,336448730,-0.0,-0.0
3424,1529963943,336448730,-0.0,-0.0
3425,1529963943,336448730,-0.0,-0.0
3426,1529963943,336448730,-0.0,-0.0
3427,1529963943,336448730,-0.0,-0.0
3428,1529963943,336448730,-0.0,-0.0
3429,1529963943,336448730,-0.0,-0.0
3430,1529963943,336448730,-0.0,-0.0
3431,1529963943,336448730,-0.0,-0.0
3432,1529963943,336448730,-0.0,-0.0
3433,1529963943,336448730,-0.0,-0.0
3434,1529963943,336448730,-0.0,-0.0
3435,1529963943,336448730,-0.0,-0.0
3436,1529963943,336448730,-0.0,-0.0
3437,1529963943,336448730,-0.0,-0.0
3438,1529963943,336448730,-0.0,-0.0
3439,1529963943,336448730,-0.0,-0.0
3440,1529963943,336448730,-0.0,-0.0
3441,1529963943,336448730,-0.0,-0.0
3442,1529963943,336448730,-0.0,-0.0
3443,1529963943,336448730,-0.0,-0.0
3444,1529963943,336448730,-0.0,-0.0
3445,1529963943,336448730,-0.0,-0.0
3446,1529963943,336448730,-0.0,-0.0
3447,1529963943,336448730,-0.0,-0.0
3448,1529963943,336448730,-0.0,-0.0
3449,1529963943,336448730,-0.0,-0.0
3450,1529963943,336448730,-0.0,-0.0
3451,1529963943,336448730,-0.0,-0.0
3452,1529963943,336448730,-0.0,-0.0
3453,1529963943,336448730,-0.0,-0.0
3454,1529963943,336448730,-0.0,-0.0
3455,1529963943,336448730,-0.0,-0.0
3456,1529963943,336448730,-0.0,-0.0
3457,1529963943,336448730,-0.0,-0.0
3458,1529963943,336448730,-0.0,-0.0
3459,1529963943,336448730,-0.0,-0.0
3460,1529963943,336448730,-0.0,-0.0
3461,1529963943,336448730,-0.0,-0.0
3462,1529963943,336448730,-0.0,-0.0
3463,1529963943,336448730,-0.0,-0.0
3464,1529963943,336448730,-0.0,-0.0
3465,1529963943,336448730,-0.0,-0.0
3466,1529963943,336448730,-0.0,-0.0
3467,1529963943,336448730,-0.0,-0.0
3468,1529963943,336448730,-0.0,-0.0
3469,1529963943,336448730,-0.0,-0.0
3470,1529963943,336448730,-0.0,-0.0
