618,1529963175,611128435,0.0,0.0,0.0,0.0,0.0,0.0
619,1529963175,621148562,0.0,0.0,0.0,0.0,0.0,0.0
620,1529963175,631128759,0.0,0.0,0.0,0.0,0.0,0.0
621,1529963175,641129803,0.0,0.0,0.0,0.0,0.0,0.0
622,1529963175,651125594,0.0,0.0,0.0,0.0,0.0,0.0
623,1529963175,661125110,0.0,0.0,0.0,0.0,0.0,0.0
624,1529963175,671140400,0.0,0.0,0.0,0.0,0.0,0.0
625,1529963175,681135121,0.0,0.0,0.0,0.0,0.0,0.0
626,1529963175,691127304,0.0,0.0,0.0,0.0,0.0,0.0
627,1529963175,701125617,0.0,0.0,0.0,0.0,0.0,0.0
628,1529963175,711124607,0.0,0.0,0.0,0.0,0.0,0.0
629,1529963175,721133638,0.0,0.0,0.0,0.0,0.0,0.0
630,1529963175,731127455,0.0,0.0,0.0,0.0,0.0,0.0
631,1529963175,741159104,0.0,0.0,0.0,0.0,0.0,0.0
632,1529963175,751126203,0.0,0.0,0.0,0.0,0.0,0.0
633,1529963175,761134914,0.0,0.0,0.0,0.0,0.0,0.0
634,1529963175,771132366,0.0,0.0,0.0,0.0,0.0,0.0
635,1529963175,781134827,0.0,0.0,0.0,0.0,0.0,0.0
636,1529963175,791130765,0.0,0.0,0.0,0.0,0.0,0.0
637,1529963175,801120886,0.0,0.0,0.0,0.0,0.0,0.0
638,1529963175,811130949,0.0,0.0,0.0,0.0,0.0,0.0
639,1529963175,821125148,0.0,0.0,0.0,0.0,0.0,0.0
640,1529963175,831131330,0.0,0.0,0.0,0.0,0.0,0.0
641,1529963175,841123975,0.0,0.0,0.0,0.0,0.0,0.0
642,1529963175,851133724,0.0,0.0,0.0,0.0,0.0,0.0
643,1529963175,861127077,0.0,0.0,0.0,0.0,0.0,0.0
644,1529963175,871143906,0.0,0.0,0.0,0.0,0.0,0.0
645,1529963175,881125651,0.0,0.0,0.0,0.0,0.0,0.0
646,1529963175,891138082,0.0,0.0,0.0,0.0,0.0,0.0
647,1529963175,901128487,0.0,0.0,0.0,0.0,0.0,0.0
648,1529963175,911128425,0.0,0.0,0.0,0.0,0.0,0.0
649,1529963175,921123982,0.0,0.0,0.0,0.0,0.0,0.0
650,1529963175,931126521,0.0,0.0,0.0,0.0,0.0,0.0
651,1529963175,941133778,0.0,0.0,0.0,0.0,0.0,0.0
652,1529963175,951125255,0.0,0.0,0.0,0.0,0.0,0.0
653,1529963175,961129787,0.0,0.0,0.0,0.0,0.0,0.0
654,1529963175,971125765,0.0,0.0,0.0,0.0,0.0,0.0
655,1529963175,981138732,0.0,0.0,0.0,0.0,0.0,0.0
656,1529963175,991129277,0.0,0.0,0.0,0.0,0.0,0.0
657,1529963176,1124614,0.0,0.0,0.0,0.0,0.0,0.0
658,1529963176,11129163,0.0,0.0,0.0,0.0,0.0,0.0
659,1529963176,21129624,0.0,0.0,0.0,0.0,0.0,0.0
660,1529963176,31126879,0.0,0.0,0.0,0.0,0.0,0.0
661,1529963176,41132314,0.0,0.0,0.0,0.0,0.0,0.0
662,1529963176,51124592,0.0,0.0,0.0,0.0,0.0,0.0
663,1529963176,61156090,0.0,0.0,0.0,0.0,0.0,0.0
664,1529963176,71145464,0.0,0.0,0.0,0.0,0.0,0.0
665,1529963176,81129809,0.0,0.0,0.0,0.0,0.0,0.0
666,1529963176,91126192,0.0,0.0,0.0,0.0,0.0,0.0
667,1529963176,101124415,0.0,0.0,0.0,0.0,0.0,0.0
668,1529963176,111140831,0.0,0.0,0.0,0.0,0.0,0.0
669,1529963176,121148028,0.0,0.0,0.0,0.0,0.0,0.0
670,1529963176,131126359,0.0,0.0,0.0,0.0,0.0,0.0
671,1529963176,141130102,0.0,0.0,0.0,0.0,0.0,0.0
672,1529963176,151205071,0.0,0.0,0.0,0.0,0.0,0.0
673,1529963176,161127047,0.0,0.0,0.0,0.0,0.0,0.0
674,1529963176,171149045,0.0,0.0,0.0,0.0,0.0,0.0
675,1529963176,181181190,0.0,0.0,0.0,0.0,0.0,0.0
676,1529963176,191124481,0.0,0.0,0.0,0.0,0.0,0.0
677,1529963176,201141129,0.0,0.0,0.0,0.0,0.0,0.0
678,1529963176,211126679,0.0,0.0,0.0,0.0,0.0,0.0
679,1529963176,221131768,0.0,0.0,0.0,0.0,0.0,0.0
680,1529963176,231129430,0.0,0.0,0.0,0.0,0.0,0.0
681,1529963176,241130866,0.0,0.0,0.0,0.0,0.0,0.0
682,1529963176,251127385,0.0,0.0,0.0,0.0,0.0,0.0
683,1529963176,261125828,0.0,0.0,0.0,0.0,0.0,0.0
684,1529963176,271125166,0.0,0.0,0.0,0.0,0.0,0.0
685,1529963176,281125033,0.0,0.0,0.0,0.0,0.0,0.0
686,1529963176,291130992,0.0,0.0,0.0,0.0,0.0,0.0
687,1529963176,301089246,0.0,0.0,0.0,0.0,0.0,0.0
688,1529963176,311126748,0.0,0.0,0.0,0.0,0.0,0.0
689,1529963176,321126665,0.0,0.0,0.0,0.0,0.0,0.0
690,1529963176,331147787,0.0,0.0,0.0,0.0,0.0,0.0
691,1529963176,341128481,0.0,0.0,0.0,0.0,0.0,0.0
692,1529963176,351129846,0.0,0.0,0.0,0.0,0.0,0.0
693,1529963176,361126301,0.0,0.0,0.0,0.0,0.0,0.0
694,1529963176,371135467,0.0,0.0,0.0,0.0,0.0,0.0
695,1529963176,381130192,0.0,0.0,0.0,0.0,0.0,0.0
696,1529963176,391126964,0.0,0.0,0.0,0.0,0.0,0.0
697,1529963176,401124581,0.0,0.0,0.0,0.0,0.0,0.0
698,1529963176,411124375,0.0,0.0,0.0,0.0,0.0,0.0
699,1529963176,421150909,0.0,0.0,0.0,0.0,0.0,0.0
700,1529963176,431130046,0.0,0.0,0.0,0.0,0.0,0.0
701,1529963176,441139277,0.0,0.0,0.0,0.0,0.0,0.0
702,1529963176,451124692,0.0,0.0,0.0,0.0,0.0,0.0
703,1529963176,461135470,0.0,0.0,0.0,0.0,0.0,0.0
704,1529963176,471126140,0.0,0.0,0.0,0.0,0.0,0.0
705,1529963176,481125426,0.0,0.0,0.0,0.0,0.0,0.0
706,1529963176,491129936,0.0,0.0,0.0,0.0,0.0,0.0
707,1529963176,501128352,0.0,0.0,0.0,0.0,0.0,0.0
708,1529963176,511133964,0.0,0.0,0.0,0.0,0.0,0.0
709,1529963176,521135565,0.0,0.0,0.0,0.0,0.0,0.0
710,1529963176,531132870,95.0,95.0,0.0,0.0,0.0,0.0
711,1529963176,541127983,95.0,95.0,0.0,0.0,0.0,0.0
712,1529963176,551136339,95.0,95.0,0.0,0.0,0.0,0.0
713,1529963176,561153661,101.0,101.0,0.0,0.0,0.0,0.0
714,1529963176,571132422,120.0,120.0,0.0,0.0,0.0,0.0
715,1529963176,581133053,120.0,120.0,0.0,0.0,0.0,0.0
716,1529963176,591141522,120.0,120.0,0.0,0.0,0.0,0.0
717,1529963176,601136619,125.0,125.0,0.0,0.0,0.0,0.0
718,1529963176,611132072,125.0,125.0,0.0,0.0,0.0,0.0
719,1529963176,621131883,142.0,142.0,0.0,0.0,0.0,0.0
720,1529963176,631130776,142.0,142.0,0.0,0.0,0.0,0.0
721,1529963176,641132601,146.0,146.0,0.0,0.0,0.0,0.0
722,1529963176,651129820,146.0,146.0,0.0,0.0,0.0,0.0
723,1529963176,661127466,153.0,153.0,0.0,0.0,0.0,0.0
724,1529963176,671128326,153.0,153.0,0.0,0.0,0.0,0.0
725,1529963176,681146748,170.0,170.0,0.0,0.0,0.0,0.0
726,1529963176,691109602,170.0,170.0,0.0,0.0,0.0,0.0
727,1529963176,701128638,175.0,175.0,0.0,0.0,0.0,0.0
728,1529963176,711126865,175.0,175.0,0.0,0.0,0.0,0.0
729,1529963176,721138541,194.0,194.0,0.0,0.0,0.0,0.0
730,1529963176,731141975,194.0,194.0,0.0,0.0,0.0,0.0
731,1529963176,741131207,210.0,210.0,0.0,0.0,0.0,0.0
732,1529963176,751129112,210.0,210.0,0.0,0.0,0.0,0.0
733,1529963176,761136601,229.0,229.0,0.0,0.0,0.0,0.0
734,1529963176,771138708,248.0,248.0,0.0,0.0,0.0,0.0
735,1529963176,781132389,248.0,248.0,0.0,0.0,0.0,0.0
736,1529963176,791131061,248.0,248.0,0.0,0.0,0.0,0.0
737,1529963176,801128598,265.0,265.0,0.0,0.0,0.0,0.0
738,1529963176,811138616,280.0,280.0,0.0,0.0,0.0,0.0
739,1529963176,821150362,280.0,280.0,0.0,0.0,0.0,0.0
740,1529963176,831142353,280.0,280.0,0.0,0.0,0.0,0.0
741,1529963176,841101109,286.0,284.0,0.0,0.0,0.0,0.0
742,1529963176,851138690,302.0,295.0,0.0,0.0,0.0,0.0
743,1529963176,861144757,302.0,295.0,0.0,0.0,0.0,0.0
744,1529963176,871135722,302.0,295.0,0.0,0.0,0.0,0.0
745,1529963176,881127867,306.0,297.0,0.0,0.0,0.0,0.0
746,1529963176,891128193,313.0,303.0,0.0,0.0,0.0,0.0
747,1529963176,901137823,313.0,303.0,0.0,0.0,0.0,0.0
748,1529963176,911130333,313.0,303.0,0.0,0.0,0.0,0.0
749,1529963176,921134590,319.0,309.0,0.0,0.0,0.0,0.0
750,1529963176,931130203,323.0,313.0,0.0,0.0,0.0,0.0
751,1529963176,941134578,323.0,313.0,0.0,0.0,0.0,0.0
752,1529963176,951136288,323.0,313.0,0.0,0.0,0.0,0.0
753,1529963176,961136209,324.0,314.0,0.0,0.0,0.0,0.0
754,1529963176,971133972,324.0,315.0,0.0,0.0,0.0,0.0
755,1529963176,981132228,324.0,315.0,0.0,0.0,0.0,0.0
756,1529963176,991135528,324.0,315.0,0.0,0.0,0.0,0.0
757,1529963177,1132533,324.0,317.0,0.0,0.0,0.0,0.0
758,1529963177,11132025,324.0,319.0,0.0,0.0,0.0,0.0
759,1529963177,21131394,324.0,319.0,0.0,0.0,0.0,0.0
760,1529963177,31139668,324.0,319.0,0.0,0.0,0.0,0.0
761,1529963177,41140617,324.0,324.0,0.0,0.0,0.0,0.0
762,1529963177,51134276,320.0,320.0,0.0,0.0,0.0,0.0
763,1529963177,61129633,320.0,320.0,0.0,0.0,0.0,0.0
764,1529963177,71135269,320.0,320.0,0.0,0.0,0.0,0.0
765,1529963177,81138644,315.0,315.0,0.0,0.0,0.0,0.0
766,1529963177,91127921,309.0,309.0,0.0,0.0,0.0,0.0
767,1529963177,101133607,309.0,309.0,0.0,0.0,0.0,0.0
768,1529963177,111130614,309.0,309.0,0.0,0.0,0.0,0.0
769,1529963177,121146652,302.0,302.0,0.0,0.0,0.0,0.0
770,1529963177,131142047,302.0,302.0,0.0,0.0,0.0,0.0
771,1529963177,141142748,296.0,296.0,0.0,0.0,0.0,0.0
772,1529963177,151139680,296.0,296.0,0.0,0.0,0.0,0.0
773,1529963177,161144576,290.0,290.0,0.0,0.0,0.0,0.0
774,1529963177,171145523,290.0,290.0,0.0,0.0,0.0,0.0
775,1529963177,181142769,285.0,285.0,0.0,0.0,0.0,0.0
776,1529963177,191139950,285.0,285.0,0.0,0.0,0.0,0.0
777,1529963177,201133919,279.0,279.0,0.0,0.0,0.0,0.0
778,1529963177,211134645,276.0,276.0,0.0,0.0,0.0,0.0
779,1529963177,221132726,276.0,276.0,0.0,0.0,0.0,0.0
780,1529963177,231131822,276.0,276.0,0.0,0.0,0.0,0.0
781,1529963177,241129960,274.0,274.0,0.0,0.0,0.0,0.0
782,1529963177,251134466,273.0,273.0,0.0,0.0,0.0,0.0
783,1529963177,261131956,273.0,273.0,0.0,0.0,0.0,0.0
784,1529963177,271131923,273.0,273.0,0.0,0.0,0.0,0.0
785,1529963177,281130246,272.0,272.0,0.0,0.0,0.0,0.0
786,1529963177,291143537,270.0,270.0,0.0,0.0,0.0,0.0
787,1529963177,301152487,270.0,270.0,0.0,0.0,0.0,0.0
788,1529963177,311140310,270.0,270.0,0.0,0.0,0.0,0.0
789,1529963177,321140434,270.0,270.0,0.0,0.0,0.0,0.0
790,1529963177,331135784,270.0,270.0,0.0,0.0,0.0,0.0
791,1529963177,341140719,270.0,270.0,0.0,0.0,0.0,0.0
792,1529963177,351140423,270.0,270.0,0.0,0.0,0.0,0.0
793,1529963177,361153008,270.0,270.0,0.0,0.0,0.0,0.0
794,1529963177,371142237,270.0,270.0,0.0,0.0,0.0,0.0
795,1529963177,381152660,270.0,270.0,0.0,0.0,0.0,0.0
796,1529963177,391148002,270.0,270.0,0.0,0.0,0.0,0.0
797,1529963177,401135441,270.0,270.0,0.0,0.0,0.0,0.0
798,1529963177,411145407,270.0,270.0,0.0,0.0,0.0,0.0
799,1529963177,421131593,270.0,270.0,0.0,0.0,0.0,0.0
800,1529963177,431139467,270.0,270.0,0.0,0.0,0.0,0.0
801,1529963177,441131659,270.0,270.0,0.0,0.0,0.0,0.0
802,1529963177,451129479,270.0,270.0,0.0,0.0,0.0,0.0
803,1529963177,461134027,270.0,270.0,0.0,0.0,0.0,0.0
804,1529963177,471133532,270.0,270.0,0.0,0.0,0.0,0.0
805,1529963177,481131234,270.0,270.0,0.0,0.0,0.0,0.0
806,1529963177,491128599,270.0,270.0,0.0,0.0,0.0,0.0
807,1529963177,501127084,270.0,270.0,0.0,0.0,0.0,0.0
808,1529963177,511136631,270.0,270.0,0.0,0.0,0.0,0.0
809,1529963177,521133255,270.0,270.0,0.0,0.0,0.0,0.0
810,1529963177,531129739,270.0,270.0,0.0,0.0,0.0,0.0
811,1529963177,541133800,270.0,270.0,0.0,0.0,0.0,0.0
812,1529963177,551135684,270.0,270.0,0.0,0.0,0.0,0.0
813,1529963177,561175899,270.0,270.0,0.0,0.0,0.0,0.0
814,1529963177,571129351,270.0,270.0,0.0,0.0,0.0,0.0
815,1529963177,581136874,270.0,270.0,0.0,0.0,0.0,0.0
816,1529963177,591129169,270.0,270.0,0.0,0.0,0.0,0.0
817,1529963177,601146658,269.0,269.0,0.0,0.0,0.0,0.0
818,1529963177,611133846,268.0,268.0,0.0,0.0,0.0,0.0
819,1529963177,621128382,268.0,268.0,0.0,0.0,0.0,0.0
820,1529963177,631134078,268.0,268.0,0.0,0.0,0.0,0.0
821,1529963177,641553006,266.0,266.0,0.0,0.0,0.0,0.0
822,1529963177,651145871,266.0,266.0,0.0,0.0,0.0,0.0
823,1529963177,661129533,265.0,265.0,0.0,0.0,0.0,0.0
824,1529963177,671127412,265.0,265.0,0.0,0.0,0.0,0.0
825,1529963177,681142101,264.0,264.0,0.0,0.0,0.0,0.0
826,1529963177,691133294,263.0,263.0,0.0,0.0,0.0,0.0
827,1529963177,701127884,263.0,263.0,0.0,0.0,0.0,0.0
828,1529963177,711131432,263.0,263.0,0.0,0.0,0.0,0.0
829,1529963177,721163798,262.0,262.0,0.0,0.0,0.0,0.0
830,1529963177,731146370,260.0,260.0,0.0,0.0,0.0,0.0
831,1529963177,741130716,260.0,260.0,0.0,0.0,0.0,0.0
832,1529963177,751129695,260.0,260.0,0.0,0.0,0.0,0.0
833,1529963177,761136206,259.0,259.0,0.0,0.0,0.0,0.0
834,1529963177,771136390,255.0,255.0,0.0,0.0,0.0,0.0
835,1529963177,781136397,255.0,255.0,0.0,0.0,0.0,0.0
836,1529963177,791129393,255.0,255.0,0.0,0.0,0.0,0.0
837,1529963177,801133860,254.0,254.0,0.0,0.0,0.0,0.0
838,1529963177,811129221,252.0,252.0,0.0,0.0,0.0,0.0
839,1529963177,821136978,252.0,252.0,0.0,0.0,0.0,0.0
840,1529963177,831131923,252.0,252.0,0.0,0.0,0.0,0.0
841,1529963177,841128262,251.0,251.0,0.0,0.0,0.0,0.0
842,1529963177,851130984,250.0,250.0,0.0,0.0,0.0,0.0
843,1529963177,861154040,250.0,250.0,0.0,0.0,0.0,0.0
844,1529963177,871132849,250.0,250.0,0.0,0.0,0.0,0.0
845,1529963177,881129942,250.0,250.0,0.0,0.0,0.0,0.0
846,1529963177,891125984,250.0,250.0,0.0,0.0,0.0,0.0
847,1529963177,901125880,250.0,250.0,0.0,0.0,0.0,0.0
848,1529963177,911135678,250.0,250.0,0.0,0.0,0.0,0.0
849,1529963177,921133603,250.0,250.0,0.0,0.0,0.0,0.0
850,1529963177,931128804,250.0,250.0,0.0,0.0,0.0,0.0
851,1529963177,941128188,250.0,250.0,0.0,0.0,0.0,0.0
852,1529963177,951134917,250.0,250.0,0.0,0.0,0.0,0.0
853,1529963177,961128671,250.0,250.0,0.0,0.0,0.0,0.0
854,1529963177,971126883,250.0,250.0,0.0,0.0,0.0,0.0
855,1529963177,981129777,250.0,250.0,0.0,0.0,0.0,0.0
856,1529963177,991138100,250.0,250.0,0.0,0.0,0.0,0.0
857,1529963178,1140821,250.0,250.0,0.0,0.0,0.0,0.0
858,1529963178,11129425,250.0,250.0,0.0,0.0,0.0,0.0
859,1529963178,21129422,250.0,250.0,0.0,0.0,0.0,0.0
860,1529963178,31125985,250.0,250.0,0.0,0.0,0.0,0.0
861,1529963178,41144167,250.0,250.0,0.0,0.0,0.0,0.0
862,1529963178,51130348,250.0,250.0,0.0,0.0,0.0,0.0
863,1529963178,61127535,250.0,250.0,0.0,0.0,0.0,0.0
864,1529963178,71127353,250.0,250.0,0.0,0.0,0.0,0.0
865,1529963178,81146689,250.0,250.0,0.0,0.0,0.0,0.0
866,1529963178,91129736,250.0,250.0,0.0,0.0,0.0,0.0
867,1529963178,101127855,249.0,249.0,0.0,0.0,0.0,0.0
868,1529963178,111130084,249.0,249.0,0.0,0.0,0.0,0.0
869,1529963178,121137511,248.0,248.0,0.0,0.0,0.0,0.0
870,1529963178,131137041,246.0,246.0,0.0,0.0,0.0,0.0
871,1529963178,141128761,246.0,246.0,0.0,0.0,0.0,0.0
872,1529963178,151127622,246.0,246.0,0.0,0.0,0.0,0.0
873,1529963178,161124523,242.0,242.0,0.0,0.0,0.0,0.0
874,1529963178,171140138,221.0,238.0,0.0,0.0,0.0,0.0
875,1529963178,181128437,221.0,238.0,0.0,0.0,0.0,0.0
876,1529963178,191129008,221.0,238.0,0.0,0.0,0.0,0.0
877,1529963178,201126677,216.0,234.0,0.0,0.0,0.0,0.0
878,1529963178,211131058,205.0,231.0,0.0,0.0,0.0,0.0
879,1529963178,221129252,205.0,231.0,0.0,0.0,0.0,0.0
880,1529963178,231128838,205.0,231.0,0.0,0.0,0.0,0.0
881,1529963178,241137295,197.0,231.0,0.0,0.0,0.0,0.0
882,1529963178,251134462,189.0,230.0,0.0,0.0,0.0,0.0
883,1529963178,261136868,189.0,230.0,0.0,0.0,0.0,0.0
884,1529963178,271129349,189.0,230.0,0.0,0.0,0.0,0.0
885,1529963178,281130837,182.0,230.0,0.0,0.0,0.0,0.0
886,1529963178,291128540,178.0,231.0,0.0,0.0,0.0,0.0
887,1529963178,301134943,178.0,231.0,0.0,0.0,0.0,0.0
888,1529963178,311128913,178.0,231.0,0.0,0.0,0.0,0.0
889,1529963178,321127238,176.0,230.0,0.0,0.0,0.0,0.0
890,1529963178,331130036,172.0,231.0,0.0,0.0,0.0,0.0
891,1529963178,341183163,172.0,231.0,0.0,0.0,0.0,0.0
892,1529963178,351133557,172.0,231.0,0.0,0.0,0.0,0.0
893,1529963178,361157941,171.0,232.0,0.0,0.0,0.0,0.0
894,1529963178,371129365,171.0,234.0,0.0,0.0,0.0,0.0
895,1529963178,381135432,171.0,234.0,0.0,0.0,0.0,0.0
896,1529963178,391144512,171.0,234.0,0.0,0.0,0.0,0.0
897,1529963178,401138626,174.0,238.0,0.0,0.0,0.0,0.0
898,1529963178,411127475,177.0,241.0,0.0,0.0,0.0,0.0
899,1529963178,421128991,177.0,241.0,0.0,0.0,0.0,0.0
900,1529963178,431134478,177.0,241.0,0.0,0.0,0.0,0.0
901,1529963178,441129802,181.0,245.0,0.0,0.0,0.0,0.0
902,1529963178,451128487,182.0,246.0,0.0,0.0,0.0,0.0
903,1529963178,461126870,182.0,246.0,0.0,0.0,0.0,0.0
904,1529963178,471134997,182.0,246.0,0.0,0.0,0.0,0.0
905,1529963178,481133831,186.0,250.0,0.0,0.0,0.0,0.0
906,1529963178,491129093,189.0,251.0,0.0,0.0,0.0,0.0
907,1529963178,501126557,189.0,251.0,0.0,0.0,0.0,0.0
908,1529963178,511125626,189.0,251.0,0.0,0.0,0.0,0.0
909,1529963178,521137215,192.0,252.0,0.0,0.0,0.0,0.0
910,1529963178,531129835,192.0,252.0,0.0,0.0,0.0,0.0
911,1529963178,541129542,195.0,253.0,0.0,0.0,0.0,0.0
912,1529963178,551128432,195.0,253.0,0.0,0.0,0.0,0.0
913,1529963178,561128506,198.0,253.0,0.0,0.0,0.0,0.0
914,1529963178,571134558,198.0,253.0,0.0,0.0,0.0,0.0
915,1529963178,581129283,198.0,253.0,0.0,0.0,0.0,0.0
916,1529963178,591126395,198.0,253.0,0.0,0.0,0.0,0.0
917,1529963178,601130244,198.0,254.0,0.0,0.0,0.0,0.0
918,1529963178,611127591,198.0,254.0,0.0,0.0,0.0,0.0
919,1529963178,621127970,198.0,254.0,0.0,0.0,0.0,0.0
920,1529963178,631132345,198.0,254.0,0.0,0.0,0.0,0.0
921,1529963178,641128990,197.0,254.0,0.0,0.0,0.0,0.0
922,1529963178,651135197,193.0,255.0,0.0,0.0,0.0,0.0
923,1529963178,661130083,193.0,255.0,0.0,0.0,0.0,0.0
924,1529963178,671129582,193.0,255.0,0.0,0.0,0.0,0.0
925,1529963178,681130077,187.0,255.0,0.0,0.0,0.0,0.0
926,1529963178,691134169,180.0,256.0,0.0,0.0,0.0,0.0
927,1529963178,701129972,180.0,256.0,0.0,0.0,0.0,0.0
928,1529963178,711130121,180.0,256.0,0.0,0.0,0.0,0.0
929,1529963178,721175302,172.0,257.0,0.0,0.0,0.0,0.0
930,1529963178,731144119,153.0,261.0,0.0,0.0,0.0,0.0
931,1529963178,741147771,153.0,261.0,0.0,0.0,0.0,0.0
932,1529963178,751141826,153.0,261.0,0.0,0.0,0.0,0.0
933,1529963178,761133882,147.0,261.0,0.0,0.0,0.0,0.0
934,1529963178,771126906,129.0,267.0,0.0,0.0,0.0,0.0
935,1529963178,781138829,129.0,267.0,0.0,0.0,0.0,0.0
936,1529963178,791132829,129.0,267.0,0.0,0.0,0.0,0.0
937,1529963178,801148922,122.0,269.0,0.0,0.0,0.0,0.0
938,1529963178,811134552,107.0,278.0,0.0,0.0,0.0,0.0
939,1529963178,821132901,107.0,278.0,0.0,0.0,0.0,0.0
940,1529963178,831132942,107.0,278.0,0.0,0.0,0.0,0.0
941,1529963178,841139300,104.0,281.0,0.0,0.0,0.0,0.0
942,1529963178,851130426,101.0,283.0,0.0,0.0,0.0,0.0
943,1529963178,861133235,101.0,283.0,0.0,0.0,0.0,0.0
944,1529963178,871138059,101.0,283.0,0.0,0.0,0.0,0.0
945,1529963178,881132182,100.0,284.0,0.0,0.0,0.0,0.0
946,1529963178,891132235,99.0,285.0,0.0,0.0,0.0,0.0
947,1529963178,901128316,99.0,285.0,0.0,0.0,0.0,0.0
948,1529963178,911135716,99.0,285.0,0.0,0.0,0.0,0.0
949,1529963178,921174101,100.0,286.0,0.0,0.0,0.0,0.0
950,1529963178,931133945,105.0,288.0,0.0,0.0,0.0,0.0
951,1529963178,941132885,105.0,288.0,0.0,0.0,0.0,0.0
952,1529963178,951129270,105.0,288.0,0.0,0.0,0.0,0.0
953,1529963178,961165821,112.0,287.0,0.0,0.0,0.0,0.0
954,1529963178,971134059,120.0,286.0,0.0,0.0,0.0,0.0
955,1529963178,981129843,120.0,286.0,0.0,0.0,0.0,0.0
956,1529963178,991129987,120.0,286.0,0.0,0.0,0.0,0.0
957,1529963179,1151424,139.0,279.0,0.0,0.0,0.0,0.0
958,1529963179,11152652,139.0,279.0,0.0,0.0,0.0,0.0
959,1529963179,21141873,157.0,274.0,0.0,0.0,0.0,0.0
960,1529963179,31148656,157.0,274.0,0.0,0.0,0.0,0.0
961,1529963179,41132715,177.0,270.0,0.0,0.0,0.0,0.0
962,1529963179,51135738,198.0,267.0,0.0,0.0,0.0,0.0
963,1529963179,61132413,198.0,267.0,0.0,0.0,0.0,0.0
964,1529963179,71126656,198.0,267.0,0.0,0.0,0.0,0.0
965,1529963179,81130538,216.0,264.0,0.0,0.0,0.0,0.0
966,1529963179,94025827,225.0,264.0,0.0,0.0,0.0,0.0
967,1529963179,101128645,225.0,264.0,0.0,0.0,0.0,0.0
968,1529963179,111129142,225.0,264.0,0.0,0.0,0.0,0.0
969,1529963179,121131861,248.0,262.0,0.0,0.0,0.0,0.0
970,1529963179,131138180,257.0,263.0,0.0,0.0,0.0,0.0
971,1529963179,141130431,257.0,263.0,0.0,0.0,0.0,0.0
972,1529963179,151126896,257.0,263.0,0.0,0.0,0.0,0.0
973,1529963179,161127066,264.0,264.0,0.0,0.0,0.0,0.0
974,1529963179,171137064,265.0,265.0,0.0,0.0,0.0,0.0
975,1529963179,181148838,265.0,265.0,0.0,0.0,0.0,0.0
976,1529963179,191128039,265.0,265.0,0.0,0.0,0.0,0.0
977,1529963179,201141795,267.0,267.0,0.0,0.0,0.0,0.0
978,1529963179,211131275,267.0,267.0,0.0,0.0,0.0,0.0
979,1529963179,221136021,268.0,268.0,0.0,0.0,0.0,0.0
980,1529963179,231131458,268.0,268.0,0.0,0.0,0.0,0.0
981,1529963179,241146329,268.0,268.0,0.0,0.0,0.0,0.0
982,1529963179,251128285,268.0,268.0,0.0,0.0,0.0,0.0
983,1529963179,261144967,268.0,268.0,0.0,0.0,0.0,0.0
984,1529963179,271131030,268.0,268.0,0.0,0.0,0.0,0.0
985,1529963179,281132370,269.0,269.0,0.0,0.0,0.0,0.0
986,1529963179,291126438,269.0,269.0,0.0,0.0,0.0,0.0
987,1529963179,301131303,269.0,269.0,0.0,0.0,0.0,0.0
988,1529963179,311149815,269.0,269.0,0.0,0.0,0.0,0.0
989,1529963179,321127666,269.0,269.0,0.0,0.0,0.0,0.0
990,1529963179,331130998,269.0,269.0,0.0,0.0,0.0,0.0
991,1529963179,341128822,269.0,269.0,0.0,0.0,0.0,0.0
992,1529963179,351133913,269.0,269.0,0.0,0.0,0.0,0.0
993,1529963179,361131733,269.0,269.0,0.0,0.0,0.0,0.0
994,1529963179,371131658,269.0,269.0,0.0,0.0,0.0,0.0
995,1529963179,381130162,269.0,269.0,0.0,0.0,0.0,0.0
996,1529963179,391433978,269.0,269.0,0.0,0.0,0.0,0.0
997,1529963179,401138762,268.0,268.0,0.0,0.0,0.0,0.0
998,1529963179,411125343,267.0,267.0,0.0,0.0,0.0,0.0
999,1529963179,421129882,267.0,267.0,0.0,0.0,0.0,0.0
1000,1529963179,431131631,267.0,267.0,0.0,0.0,0.0,0.0
1001,1529963179,441139014,265.0,265.0,0.0,0.0,0.0,0.0
1002,1529963179,451142772,264.0,264.0,0.0,0.0,0.0,0.0
1003,1529963179,461129420,264.0,264.0,0.0,0.0,0.0,0.0
1004,1529963179,471126780,264.0,264.0,0.0,0.0,0.0,0.0
1005,1529963179,481150251,263.0,263.0,0.0,0.0,0.0,0.0
1006,1529963179,491147640,263.0,263.0,0.0,0.0,0.0,0.0
1007,1529963179,501129567,262.0,262.0,0.0,0.0,0.0,0.0
1008,1529963179,511132119,262.0,262.0,0.0,0.0,0.0,0.0
1009,1529963179,521140486,261.0,261.0,0.0,0.0,0.0,0.0
1010,1529963179,531130645,261.0,261.0,0.0,0.0,0.0,0.0
1011,1529963179,541127184,261.0,261.0,0.0,0.0,0.0,0.0
1012,1529963179,551128026,261.0,261.0,0.0,0.0,0.0,0.0
1013,1529963179,561128432,261.0,261.0,0.0,0.0,0.0,0.0
1014,1529963179,571134023,261.0,261.0,0.0,0.0,0.0,0.0
1015,1529963179,581159898,260.0,260.0,0.0,0.0,0.0,0.0
1016,1529963179,591142751,260.0,260.0,0.0,0.0,0.0,0.0
1017,1529963179,601136820,260.0,260.0,0.0,0.0,0.0,0.0
1018,1529963179,611151331,260.0,260.0,0.0,0.0,0.0,0.0
1019,1529963179,621149287,260.0,260.0,0.0,0.0,0.0,0.0
1020,1529963179,631148494,260.0,260.0,0.0,0.0,0.0,0.0
1021,1529963179,641140304,260.0,260.0,0.0,0.0,0.0,0.0
1022,1529963179,651132837,260.0,260.0,0.0,0.0,0.0,0.0
1023,1529963179,661135848,260.0,260.0,0.0,0.0,0.0,0.0
1024,1529963179,671132050,260.0,260.0,0.0,0.0,0.0,0.0
1025,1529963179,681129069,260.0,260.0,0.0,0.0,0.0,0.0
1026,1529963179,691111599,260.0,260.0,0.0,0.0,0.0,0.0
1027,1529963179,701130473,260.0,260.0,0.0,0.0,0.0,0.0
1028,1529963179,711130089,260.0,260.0,0.0,0.0,0.0,0.0
1029,1529963179,721129797,260.0,260.0,0.0,0.0,0.0,0.0
1030,1529963179,731132459,260.0,260.0,0.0,0.0,0.0,0.0
1031,1529963179,741135819,260.0,260.0,0.0,0.0,0.0,0.0
1032,1529963179,751139281,260.0,260.0,0.0,0.0,0.0,0.0
1033,1529963179,761129777,260.0,260.0,0.0,0.0,0.0,0.0
1034,1529963179,771127764,260.0,260.0,0.0,0.0,0.0,0.0
1035,1529963179,781138609,260.0,260.0,0.0,0.0,0.0,0.0
1036,1529963179,791132272,260.0,260.0,0.0,0.0,0.0,0.0
1037,1529963179,801131563,260.0,260.0,0.0,0.0,0.0,0.0
1038,1529963179,811129027,260.0,260.0,0.0,0.0,0.0,0.0
1039,1529963179,821136642,260.0,260.0,0.0,0.0,0.0,0.0
1040,1529963179,831128067,260.0,260.0,0.0,0.0,0.0,0.0
1041,1529963179,841130592,260.0,260.0,0.0,0.0,0.0,0.0
1042,1529963179,851126458,260.0,260.0,0.0,0.0,0.0,0.0
1043,1529963179,861125408,260.0,260.0,0.0,0.0,0.0,0.0
1044,1529963179,871132202,260.0,260.0,0.0,0.0,0.0,0.0
1045,1529963179,881129508,260.0,260.0,0.0,0.0,0.0,0.0
1046,1529963179,891131296,260.0,260.0,0.0,0.0,0.0,0.0
1047,1529963179,901129626,260.0,260.0,0.0,0.0,0.0,0.0
1048,1529963179,911136069,260.0,260.0,0.0,0.0,0.0,0.0
1049,1529963179,921129766,260.0,260.0,0.0,0.0,0.0,0.0
1050,1529963179,931135772,260.0,260.0,0.0,0.0,0.0,0.0
1051,1529963179,941130548,260.0,260.0,0.0,0.0,0.0,0.0
1052,1529963179,951129561,260.0,260.0,0.0,0.0,0.0,0.0
1053,1529963179,961134039,260.0,260.0,0.0,0.0,0.0,0.0
1054,1529963179,971130636,260.0,260.0,0.0,0.0,0.0,0.0
1055,1529963179,981127762,260.0,260.0,0.0,0.0,0.0,0.0
1056,1529963179,991128104,260.0,260.0,0.0,0.0,0.0,0.0
1057,1529963180,1137286,260.0,260.0,0.0,0.0,0.0,0.0
1058,1529963180,11134887,260.0,260.0,0.0,0.0,0.0,0.0
1059,1529963180,21133557,260.0,260.0,0.0,0.0,0.0,0.0
1060,1529963180,31136364,260.0,260.0,0.0,0.0,0.0,0.0
1061,1529963180,41087722,260.0,260.0,0.0,0.0,0.0,0.0
1062,1529963180,51152539,260.0,260.0,0.0,0.0,0.0,0.0
1063,1529963180,61129786,260.0,260.0,0.0,0.0,0.0,0.0
1064,1529963180,71127775,260.0,260.0,0.0,0.0,0.0,0.0
1065,1529963180,81140178,260.0,260.0,0.0,0.0,0.0,0.0
1066,1529963180,91132698,260.0,260.0,0.0,0.0,0.0,0.0
1067,1529963180,101128044,260.0,260.0,0.0,0.0,0.0,0.0
1068,1529963180,111129652,260.0,260.0,0.0,0.0,0.0,0.0
1069,1529963180,121129730,260.0,260.0,0.0,0.0,0.0,0.0
1070,1529963180,131130587,260.0,260.0,0.0,0.0,0.0,0.0
1071,1529963180,141136763,260.0,260.0,0.0,0.0,0.0,0.0
1072,1529963180,151131945,260.0,260.0,0.0,0.0,0.0,0.0
1073,1529963180,161129125,260.0,260.0,0.0,0.0,0.0,0.0
1074,1529963180,171126931,260.0,260.0,0.0,0.0,0.0,0.0
1075,1529963180,181132529,260.0,260.0,0.0,0.0,0.0,0.0
1076,1529963180,191132392,260.0,260.0,0.0,0.0,0.0,0.0
1077,1529963180,201128722,259.0,259.0,0.0,0.0,0.0,0.0
1078,1529963180,211126618,259.0,259.0,0.0,0.0,0.0,0.0
1079,1529963180,221135200,259.0,259.0,0.0,0.0,0.0,0.0
1080,1529963180,231128690,259.0,259.0,0.0,0.0,0.0,0.0
1081,1529963180,241130030,259.0,259.0,0.0,0.0,0.0,0.0
1082,1529963180,251125645,257.0,257.0,0.0,0.0,0.0,0.0
1083,1529963180,261132419,257.0,257.0,0.0,0.0,0.0,0.0
1084,1529963180,271130689,257.0,257.0,0.0,0.0,0.0,0.0
1085,1529963180,281128794,256.0,256.0,0.0,0.0,0.0,0.0
1086,1529963180,291137904,255.0,255.0,0.0,0.0,0.0,0.0
1087,1529963180,301127341,255.0,255.0,0.0,0.0,0.0,0.0
1088,1529963180,311140612,255.0,255.0,0.0,0.0,0.0,0.0
1089,1529963180,321127457,254.0,254.0,0.0,0.0,0.0,0.0
1090,1529963180,331129356,254.0,254.0,0.0,0.0,0.0,0.0
1091,1529963180,341128164,254.0,254.0,0.0,0.0,0.0,0.0
1092,1529963180,351137989,254.0,254.0,0.0,0.0,0.0,0.0
1093,1529963180,361141638,254.0,254.0,0.0,0.0,0.0,0.0
1094,1529963180,371136040,254.0,254.0,0.0,0.0,0.0,0.0
1095,1529963180,381151293,254.0,254.0,0.0,0.0,0.0,0.0
1096,1529963180,391154284,254.0,254.0,0.0,0.0,0.0,0.0
1097,1529963180,401138635,254.0,254.0,0.0,0.0,0.0,0.0
1098,1529963180,411152536,254.0,254.0,0.0,0.0,0.0,0.0
1099,1529963180,421130873,254.0,254.0,0.0,0.0,0.0,0.0
1100,1529963180,434268177,254.0,254.0,0.0,0.0,0.0,0.0
1101,1529963180,441128246,254.0,254.0,0.0,0.0,0.0,0.0
1102,1529963180,451128801,254.0,254.0,0.0,0.0,0.0,0.0
1103,1529963180,461130341,254.0,254.0,0.0,0.0,0.0,0.0
1104,1529963180,471133000,254.0,254.0,0.0,0.0,0.0,0.0
1105,1529963180,481134911,254.0,254.0,0.0,0.0,0.0,0.0
1106,1529963180,491130663,254.0,254.0,0.0,0.0,0.0,0.0
1107,1529963180,501127159,254.0,254.0,0.0,0.0,0.0,0.0
1108,1529963180,511130442,254.0,254.0,0.0,0.0,0.0,0.0
1109,1529963180,521134065,254.0,254.0,0.0,0.0,0.0,0.0
1110,1529963180,531129058,254.0,254.0,0.0,0.0,0.0,0.0
1111,1529963180,541125089,254.0,254.0,0.0,0.0,0.0,0.0
1112,1529963180,551131846,254.0,254.0,0.0,0.0,0.0,0.0
1113,1529963180,562814066,254.0,254.0,0.0,0.0,0.0,0.0
1114,1529963180,571129889,254.0,254.0,0.0,0.0,0.0,0.0
1115,1529963180,581130273,254.0,254.0,0.0,0.0,0.0,0.0
1116,1529963180,591128551,254.0,254.0,0.0,0.0,0.0,0.0
1117,1529963180,601140513,254.0,254.0,0.0,0.0,0.0,0.0
1118,1529963180,611150862,254.0,254.0,0.0,0.0,0.0,0.0
1119,1529963180,621131575,254.0,254.0,0.0,0.0,0.0,0.0
1120,1529963180,631129080,254.0,254.0,0.0,0.0,0.0,0.0
1121,1529963180,641135113,254.0,254.0,0.0,0.0,0.0,0.0
1122,1529963180,651150008,254.0,240.0,0.0,0.0,0.0,0.0
1123,1529963180,661138456,254.0,240.0,0.0,0.0,0.0,0.0
1124,1529963180,671146105,254.0,240.0,0.0,0.0,0.0,0.0
1125,1529963180,681129751,256.0,219.0,0.0,0.0,0.0,0.0
1126,1529963180,691130628,261.0,199.0,0.0,0.0,0.0,0.0
1127,1529963180,701135065,261.0,199.0,0.0,0.0,0.0,0.0
1128,1529963180,711127509,261.0,199.0,0.0,0.0,0.0,0.0
1129,1529963180,721130653,267.0,181.0,0.0,0.0,0.0,0.0
1130,1529963180,731127799,274.0,165.0,0.0,0.0,0.0,0.0
1131,1529963180,741173875,274.0,165.0,0.0,0.0,0.0,0.0
1132,1529963180,751146249,274.0,165.0,0.0,0.0,0.0,0.0
1133,1529963180,761130308,281.0,151.0,0.0,0.0,0.0,0.0
1134,1529963180,771126967,284.0,145.0,0.0,0.0,0.0,0.0
1135,1529963180,781136261,284.0,145.0,0.0,0.0,0.0,0.0
1136,1529963180,791129038,284.0,145.0,0.0,0.0,0.0,0.0
1137,1529963180,801143085,287.0,138.0,0.0,0.0,0.0,0.0
1138,1529963180,811137988,290.0,131.0,0.0,0.0,0.0,0.0
1139,1529963180,821147468,290.0,131.0,0.0,0.0,0.0,0.0
1140,1529963180,831145110,290.0,131.0,0.0,0.0,0.0,0.0
1141,1529963180,841131917,292.0,125.0,0.0,0.0,0.0,0.0
1142,1529963180,851129875,293.0,119.0,0.0,0.0,0.0,0.0
1143,1529963180,861132598,293.0,119.0,0.0,0.0,0.0,0.0
1144,1529963180,871135306,293.0,119.0,0.0,0.0,0.0,0.0
1145,1529963180,881139653,292.0,118.0,0.0,0.0,0.0,0.0
1146,1529963180,891131731,292.0,118.0,0.0,0.0,0.0,0.0
1147,1529963180,901129673,292.0,118.0,0.0,0.0,0.0,0.0
1148,1529963180,911130973,292.0,118.0,0.0,0.0,0.0,0.0
1149,1529963180,921132139,292.0,118.0,0.0,0.0,0.0,0.0
1150,1529963180,931130459,292.0,118.0,0.0,0.0,0.0,0.0
1151,1529963180,941129931,292.0,118.0,0.0,0.0,0.0,0.0
1152,1529963180,951129881,292.0,118.0,0.0,0.0,0.0,0.0
1153,1529963180,961140682,290.0,117.0,0.0,0.0,0.0,0.0
1154,1529963180,971131105,290.0,117.0,0.0,0.0,0.0,0.0
1155,1529963180,981132694,287.0,122.0,0.0,0.0,0.0,0.0
1156,1529963180,991130001,287.0,122.0,0.0,0.0,0.0,0.0
1157,1529963181,1135619,273.0,141.0,0.0,0.0,0.0,0.0
1158,1529963181,11129873,260.0,162.0,0.0,0.0,0.0,0.0
1159,1529963181,21132279,260.0,162.0,0.0,0.0,0.0,0.0
1160,1529963181,31127191,260.0,162.0,0.0,0.0,0.0,0.0
1161,1529963181,41104850,248.0,188.0,0.0,0.0,0.0,0.0
1162,1529963181,51132586,248.0,188.0,0.0,0.0,0.0,0.0
1163,1529963181,61130926,239.0,214.0,0.0,0.0,0.0,0.0
1164,1529963181,71139443,239.0,214.0,0.0,0.0,0.0,0.0
1165,1529963181,81128480,236.0,236.0,0.0,0.0,0.0,0.0
1166,1529963181,91133585,234.0,234.0,0.0,0.0,0.0,0.0
1167,1529963181,101136391,234.0,234.0,0.0,0.0,0.0,0.0
1168,1529963181,111127074,234.0,234.0,0.0,0.0,0.0,0.0
1169,1529963181,121133200,232.0,232.0,0.0,0.0,0.0,0.0
1170,1529963181,131156113,231.0,231.0,0.0,0.0,0.0,0.0
1171,1529963181,141144016,231.0,231.0,0.0,0.0,0.0,0.0
1172,1529963181,151131244,231.0,231.0,0.0,0.0,0.0,0.0
1173,1529963181,161129374,229.0,229.0,0.0,0.0,0.0,0.0
1174,1529963181,171127086,228.0,228.0,0.0,0.0,0.0,0.0
1175,1529963181,181135616,228.0,228.0,0.0,0.0,0.0,0.0
1176,1529963181,191130025,228.0,228.0,0.0,0.0,0.0,0.0
1177,1529963181,201126358,228.0,228.0,0.0,0.0,0.0,0.0
1178,1529963181,211128103,227.0,227.0,0.0,0.0,0.0,0.0
1179,1529963181,221135357,227.0,227.0,0.0,0.0,0.0,0.0
1180,1529963181,231131840,227.0,227.0,0.0,0.0,0.0,0.0
1181,1529963181,241132023,225.0,225.0,0.0,0.0,0.0,0.0
1182,1529963181,251126719,225.0,225.0,0.0,0.0,0.0,0.0
1183,1529963181,261131411,224.0,224.0,0.0,0.0,0.0,0.0
1184,1529963181,271140937,224.0,224.0,0.0,0.0,0.0,0.0
1185,1529963181,281129280,223.0,223.0,0.0,0.0,0.0,0.0
1186,1529963181,291130139,222.0,222.0,0.0,0.0,0.0,0.0
1187,1529963181,301131920,222.0,222.0,0.0,0.0,0.0,0.0
1188,1529963181,311137426,222.0,222.0,0.0,0.0,0.0,0.0
1189,1529963181,321131588,222.0,222.0,0.0,0.0,0.0,0.0
1190,1529963181,331129820,222.0,222.0,0.0,0.0,0.0,0.0
1191,1529963181,341128817,222.0,222.0,0.0,0.0,0.0,0.0
1192,1529963181,351132640,222.0,222.0,0.0,0.0,0.0,0.0
1193,1529963181,361130589,222.0,222.0,0.0,0.0,0.0,0.0
1194,1529963181,371129711,222.0,222.0,0.0,0.0,0.0,0.0
1195,1529963181,381128395,222.0,222.0,0.0,0.0,0.0,0.0
1196,1529963181,391130951,222.0,222.0,0.0,0.0,0.0,0.0
1197,1529963181,401134937,222.0,222.0,0.0,0.0,0.0,0.0
1198,1529963181,411130393,222.0,222.0,0.0,0.0,0.0,0.0
1199,1529963181,421130018,222.0,222.0,0.0,0.0,0.0,0.0
1200,1529963181,431132530,222.0,222.0,0.0,0.0,0.0,0.0
1201,1529963181,441136508,222.0,222.0,0.0,0.0,0.0,0.0
1202,1529963181,451127816,222.0,222.0,0.0,0.0,0.0,0.0
1203,1529963181,461127611,222.0,222.0,0.0,0.0,0.0,0.0
1204,1529963181,471127201,222.0,222.0,0.0,0.0,0.0,0.0
1205,1529963181,481128932,221.0,221.0,0.0,0.0,0.0,0.0
1206,1529963181,491126983,221.0,221.0,0.0,0.0,0.0,0.0
1207,1529963181,501136037,221.0,221.0,0.0,0.0,0.0,0.0
1208,1529963181,511130982,221.0,221.0,0.0,0.0,0.0,0.0
1209,1529963181,521127469,221.0,221.0,0.0,0.0,0.0,0.0
1210,1529963181,531127437,221.0,221.0,0.0,0.0,0.0,0.0
1211,1529963181,541141430,221.0,221.0,0.0,0.0,0.0,0.0
1212,1529963181,551132312,221.0,221.0,0.0,0.0,0.0,0.0
1213,1529963181,561130864,221.0,221.0,0.0,0.0,0.0,0.0
1214,1529963181,571131824,221.0,221.0,0.0,0.0,0.0,0.0
1215,1529963181,581128391,221.0,221.0,0.0,0.0,0.0,0.0
1216,1529963181,591131198,221.0,221.0,0.0,0.0,0.0,0.0
1217,1529963181,601128660,221.0,221.0,0.0,0.0,0.0,0.0
1218,1529963181,611126295,221.0,221.0,0.0,0.0,0.0,0.0
1219,1529963181,621128732,221.0,221.0,0.0,0.0,0.0,0.0
1220,1529963181,631103122,221.0,221.0,0.0,0.0,0.0,0.0
1221,1529963181,641126708,221.0,221.0,0.0,0.0,0.0,0.0
1222,1529963181,651126682,221.0,221.0,0.0,0.0,0.0,0.0
1223,1529963181,661133109,221.0,221.0,0.0,0.0,0.0,0.0
1224,1529963181,671131915,221.0,221.0,0.0,0.0,0.0,0.0
1225,1529963181,681132242,221.0,221.0,0.0,0.0,0.0,0.0
1226,1529963181,691128299,221.0,221.0,0.0,0.0,0.0,0.0
1227,1529963181,701134133,221.0,221.0,0.0,0.0,0.0,0.0
1228,1529963181,711127271,221.0,221.0,0.0,0.0,0.0,0.0
1229,1529963181,721133847,220.0,220.0,0.0,0.0,0.0,0.0
1230,1529963181,731127052,220.0,220.0,0.0,0.0,0.0,0.0
1231,1529963181,741132131,220.0,220.0,0.0,0.0,0.0,0.0
1232,1529963181,751129293,220.0,220.0,0.0,0.0,0.0,0.0
1233,1529963181,761152546,219.0,219.0,0.0,0.0,0.0,0.0
1234,1529963181,771131221,219.0,219.0,0.0,0.0,0.0,0.0
1235,1529963181,781131553,218.0,218.0,0.0,0.0,0.0,0.0
1236,1529963181,791127079,218.0,218.0,0.0,0.0,0.0,0.0
1237,1529963181,801130376,218.0,218.0,0.0,0.0,0.0,0.0
1238,1529963181,811128811,218.0,218.0,0.0,0.0,0.0,0.0
1239,1529963181,821128494,218.0,218.0,0.0,0.0,0.0,0.0
1240,1529963181,831129178,218.0,218.0,0.0,0.0,0.0,0.0
1241,1529963181,841128077,217.0,217.0,0.0,0.0,0.0,0.0
1242,1529963181,851133846,216.0,216.0,0.0,0.0,0.0,0.0
1243,1529963181,861129209,216.0,216.0,0.0,0.0,0.0,0.0
1244,1529963181,871137238,216.0,216.0,0.0,0.0,0.0,0.0
1245,1529963181,881135572,216.0,216.0,0.0,0.0,0.0,0.0
1246,1529963181,891128605,214.0,214.0,0.0,0.0,0.0,0.0
1247,1529963181,901132209,214.0,214.0,0.0,0.0,0.0,0.0
1248,1529963181,911129845,214.0,214.0,0.0,0.0,0.0,0.0
1249,1529963181,921147518,213.0,213.0,0.0,0.0,0.0,0.0
1250,1529963181,931126347,212.0,212.0,0.0,0.0,0.0,0.0
1251,1529963181,941139891,212.0,212.0,0.0,0.0,0.0,0.0
1252,1529963181,951130509,212.0,212.0,0.0,0.0,0.0,0.0
1253,1529963181,961127521,211.0,211.0,0.0,0.0,0.0,0.0
1254,1529963181,971131248,209.0,209.0,0.0,0.0,0.0,0.0
1255,1529963181,981126991,209.0,209.0,0.0,0.0,0.0,0.0
1256,1529963181,991132182,209.0,209.0,0.0,0.0,0.0,0.0
1257,1529963182,1144581,205.0,205.0,0.0,0.0,0.0,0.0
1258,1529963182,11132715,201.0,201.0,0.0,0.0,0.0,0.0
1259,1529963182,21126550,201.0,201.0,0.0,0.0,0.0,0.0
1260,1529963182,31133031,201.0,201.0,0.0,0.0,0.0,0.0
1261,1529963182,41149820,196.0,196.0,0.0,0.0,0.0,0.0
1262,1529963182,51128772,190.0,190.0,0.0,0.0,0.0,0.0
1263,1529963182,61125084,190.0,190.0,0.0,0.0,0.0,0.0
1264,1529963182,72067849,190.0,190.0,0.0,0.0,0.0,0.0
1265,1529963182,81134513,184.0,184.0,0.0,0.0,0.0,0.0
1266,1529963182,91128930,184.0,184.0,0.0,0.0,0.0,0.0
1267,1529963182,101127823,178.0,178.0,0.0,0.0,0.0,0.0
1268,1529963182,111128464,178.0,178.0,0.0,0.0,0.0,0.0
1269,1529963182,121141920,171.0,171.0,0.0,0.0,0.0,0.0
1270,1529963182,131131478,157.0,157.0,0.0,0.0,0.0,0.0
1271,1529963182,141129641,157.0,157.0,0.0,0.0,0.0,0.0
1272,1529963182,151129664,157.0,157.0,0.0,0.0,0.0,0.0
1273,1529963182,161144943,152.0,152.0,0.0,0.0,0.0,0.0
1274,1529963182,171133295,152.0,152.0,0.0,0.0,0.0,0.0
1275,1529963182,181131490,146.0,146.0,0.0,0.0,0.0,0.0
1276,1529963182,191130372,146.0,146.0,0.0,0.0,0.0,0.0
1277,1529963182,201143067,139.0,139.0,0.0,0.0,0.0,0.0
1278,1529963182,211134684,134.0,134.0,0.0,0.0,0.0,0.0
1279,1529963182,221132544,134.0,134.0,0.0,0.0,0.0,0.0
1280,1529963182,231129209,134.0,134.0,0.0,0.0,0.0,0.0
1281,1529963182,241146082,130.0,130.0,0.0,0.0,0.0,0.0
1282,1529963182,251136303,126.0,126.0,0.0,0.0,0.0,0.0
1283,1529963182,261131416,126.0,126.0,0.0,0.0,0.0,0.0
1284,1529963182,271129641,126.0,126.0,0.0,0.0,0.0,0.0
1285,1529963182,281133344,124.0,124.0,0.0,0.0,0.0,0.0
1286,1529963182,291147705,123.0,123.0,0.0,0.0,0.0,0.0
1287,1529963182,301134023,123.0,123.0,0.0,0.0,0.0,0.0
1288,1529963182,311131567,123.0,123.0,0.0,0.0,0.0,0.0
1289,1529963182,321136919,121.0,121.0,0.0,0.0,0.0,0.0
1290,1529963182,331133791,119.0,119.0,0.0,0.0,0.0,0.0
1291,1529963182,341140668,119.0,119.0,0.0,0.0,0.0,0.0
1292,1529963182,351132018,119.0,119.0,0.0,0.0,0.0,0.0
1293,1529963182,361138070,118.0,118.0,0.0,0.0,0.0,0.0
1294,1529963182,371132876,113.0,113.0,0.0,0.0,0.0,0.0
1295,1529963182,381137689,113.0,113.0,0.0,0.0,0.0,0.0
1296,1529963182,391136242,113.0,113.0,0.0,0.0,0.0,0.0
1297,1529963182,401138515,110.0,110.0,0.0,0.0,0.0,0.0
1298,1529963182,411130800,106.0,106.0,0.0,0.0,0.0,0.0
1299,1529963182,421140196,106.0,106.0,0.0,0.0,0.0,0.0
1300,1529963182,431134487,106.0,106.0,0.0,0.0,0.0,0.0
1301,1529963182,441151788,101.0,101.0,0.0,0.0,0.0,0.0
1302,1529963182,451141714,95.0,95.0,0.0,0.0,0.0,0.0
1303,1529963182,461129434,95.0,95.0,0.0,0.0,0.0,0.0
1304,1529963182,471130638,95.0,95.0,0.0,0.0,0.0,0.0
1305,1529963182,481132047,0.0,0.0,0.0,0.0,0.0,0.0
1306,1529963182,491127403,0.0,0.0,0.0,0.0,0.0,0.0
1307,1529963182,501134093,0.0,0.0,0.0,0.0,0.0,0.0
1308,1529963182,511134854,0.0,0.0,0.0,0.0,0.0,0.0
1309,1529963182,521130034,0.0,0.0,0.0,0.0,0.0,0.0
1310,1529963182,531127115,0.0,0.0,0.0,0.0,0.0,0.0
1311,1529963182,541125797,0.0,0.0,0.0,0.0,0.0,0.0
1312,1529963182,551131212,0.0,0.0,0.0,0.0,0.0,0.0
1313,1529963182,561129673,0.0,0.0,0.0,0.0,0.0,0.0
1314,1529963182,571129080,0.0,0.0,0.0,0.0,0.0,0.0
1315,1529963182,581125200,0.0,0.0,0.0,0.0,0.0,0.0
1316,1529963182,591125213,0.0,0.0,0.0,0.0,0.0,0.0
1317,1529963182,601134771,0.0,0.0,0.0,0.0,0.0,0.0
1318,1529963182,611126438,0.0,0.0,0.0,0.0,0.0,0.0
1319,1529963182,621124839,0.0,0.0,0.0,0.0,0.0,0.0
1320,1529963182,631127960,0.0,0.0,0.0,0.0,0.0,0.0
1321,1529963182,641141364,0.0,0.0,0.0,0.0,0.0,0.0
1322,1529963182,651133925,0.0,0.0,0.0,0.0,0.0,0.0
1323,1529963182,661126533,0.0,0.0,0.0,0.0,0.0,0.0
1324,1529963182,671127140,0.0,0.0,0.0,0.0,0.0,0.0
1325,1529963182,681126061,0.0,0.0,0.0,0.0,0.0,0.0
1326,1529963182,691134416,0.0,0.0,0.0,0.0,0.0,0.0
1327,1529963182,701125526,0.0,0.0,0.0,0.0,0.0,0.0
1328,1529963182,711124255,0.0,0.0,0.0,0.0,0.0,0.0
1329,1529963182,721127919,0.0,0.0,0.0,0.0,0.0,0.0
1330,1529963182,731136700,0.0,0.0,0.0,0.0,0.0,0.0
1331,1529963182,741128589,0.0,0.0,0.0,0.0,0.0,0.0
1332,1529963182,751130099,0.0,0.0,0.0,0.0,0.0,0.0
1333,1529963182,761125852,0.0,0.0,0.0,0.0,0.0,0.0
1334,1529963182,771130457,0.0,0.0,0.0,0.0,0.0,0.0
1335,1529963182,781127759,0.0,0.0,0.0,0.0,0.0,0.0
1336,1529963182,791124702,0.0,0.0,0.0,0.0,0.0,0.0
1337,1529963182,801125047,0.0,0.0,0.0,0.0,0.0,0.0
1338,1529963182,811125925,0.0,0.0,0.0,0.0,0.0,0.0
1339,1529963182,821129537,0.0,0.0,0.0,0.0,0.0,0.0
1340,1529963182,831126386,0.0,0.0,0.0,0.0,0.0,0.0
1341,1529963182,841126362,0.0,0.0,0.0,0.0,0.0,0.0
1342,1529963182,851122995,0.0,0.0,0.0,0.0,0.0,0.0
1343,1529963182,861136292,0.0,0.0,0.0,0.0,0.0,0.0
1344,1529963182,871128037,0.0,0.0,0.0,0.0,0.0,0.0
1345,1529963182,881122967,0.0,0.0,0.0,0.0,0.0,0.0
1346,1529963182,891125077,0.0,0.0,0.0,0.0,0.0,0.0
1347,1529963182,901130037,0.0,0.0,0.0,0.0,0.0,0.0
1348,1529963182,911127833,0.0,0.0,0.0,0.0,0.0,0.0
1349,1529963182,921126180,0.0,0.0,0.0,0.0,0.0,0.0
1350,1529963182,931124368,0.0,0.0,0.0,0.0,0.0,0.0
1351,1529963182,941123772,0.0,0.0,0.0,0.0,0.0,0.0
1352,1529963182,951129758,0.0,0.0,0.0,0.0,0.0,0.0
1353,1529963182,961126662,0.0,0.0,0.0,0.0,0.0,0.0
1354,1529963182,971124721,0.0,0.0,0.0,0.0,0.0,0.0
1355,1529963182,981126720,0.0,0.0,0.0,0.0,0.0,0.0
1356,1529963182,991130685,0.0,0.0,0.0,0.0,0.0,0.0
1357,1529963183,1129267,0.0,0.0,0.0,0.0,0.0,0.0
1358,1529963183,11122670,0.0,0.0,0.0,0.0,0.0,0.0
1359,1529963183,21122305,0.0,0.0,0.0,0.0,0.0,0.0
1360,1529963183,31132704,0.0,0.0,0.0,0.0,0.0,0.0
1361,1529963183,41130483,0.0,0.0,0.0,0.0,0.0,0.0
1362,1529963183,51125180,0.0,0.0,0.0,0.0,0.0,0.0
1363,1529963183,61126021,0.0,0.0,0.0,0.0,0.0,0.0
1364,1529963183,71122879,0.0,0.0,0.0,0.0,0.0,0.0
1365,1529963183,81140638,0.0,0.0,0.0,0.0,0.0,0.0
1366,1529963183,91129227,0.0,0.0,0.0,0.0,0.0,0.0
1367,1529963183,101125550,0.0,0.0,0.0,0.0,0.0,0.0
1368,1529963183,111124544,0.0,0.0,0.0,0.0,0.0,0.0
1369,1529963183,121127914,0.0,0.0,0.0,0.0,0.0,0.0
1370,1529963183,131129909,0.0,0.0,0.0,0.0,0.0,0.0
1371,1529963183,141124605,0.0,0.0,0.0,0.0,0.0,0.0
1372,1529963183,151123887,0.0,0.0,0.0,0.0,0.0,0.0
1373,1529963183,161124257,0.0,0.0,0.0,0.0,0.0,0.0
1374,1529963183,171131112,0.0,0.0,0.0,0.0,0.0,0.0
1375,1529963183,181129079,0.0,0.0,0.0,0.0,0.0,0.0
1376,1529963183,191125086,0.0,0.0,0.0,0.0,0.0,0.0
1377,1529963183,201125203,0.0,0.0,0.0,0.0,0.0,0.0
1378,1529963183,211139860,0.0,0.0,0.0,0.0,0.0,0.0
1379,1529963183,221127402,0.0,0.0,0.0,0.0,0.0,0.0
1380,1529963183,231126425,0.0,0.0,0.0,0.0,0.0,0.0
1381,1529963183,241123246,0.0,0.0,0.0,0.0,0.0,0.0
1382,1529963183,251125146,0.0,0.0,0.0,0.0,0.0,0.0
1383,1529963183,261126169,0.0,0.0,0.0,0.0,0.0,0.0
1384,1529963183,271123632,0.0,0.0,0.0,0.0,0.0,0.0
1385,1529963183,281126788,0.0,0.0,0.0,0.0,0.0,0.0
1386,1529963183,291123918,0.0,0.0,0.0,0.0,0.0,0.0
1387,1529963183,301133758,0.0,0.0,0.0,0.0,0.0,0.0
1388,1529963183,311126359,0.0,0.0,0.0,0.0,0.0,0.0
1389,1529963183,321124927,0.0,0.0,0.0,0.0,0.0,0.0
1390,1529963183,331124130,0.0,0.0,0.0,0.0,0.0,0.0
1391,1529963183,341141011,0.0,0.0,0.0,0.0,0.0,0.0
1392,1529963183,351088664,0.0,0.0,0.0,0.0,0.0,0.0
1393,1529963183,361125670,0.0,0.0,0.0,0.0,0.0,0.0
1394,1529963183,371126601,0.0,0.0,0.0,0.0,0.0,0.0
1395,1529963183,381128083,0.0,0.0,0.0,0.0,0.0,0.0
1396,1529963183,391127080,0.0,0.0,0.0,0.0,0.0,0.0
1397,1529963183,401127835,0.0,0.0,0.0,0.0,0.0,0.0
1398,1529963183,411123591,0.0,0.0,0.0,0.0,0.0,0.0
1399,1529963183,421123016,0.0,0.0,0.0,0.0,0.0,0.0
1400,1529963183,431131999,0.0,0.0,0.0,0.0,0.0,0.0
