734,1529963022,277606210,0.0,0.0,0.0,0.0,0.0,0.0
735,1529963022,287598847,0.0,0.0,0.0,0.0,0.0,0.0
736,1529963022,297594486,0.0,0.0,0.0,0.0,0.0,0.0
737,1529963022,307589433,0.0,0.0,0.0,0.0,0.0,0.0
738,1529963022,317598821,0.0,0.0,0.0,0.0,0.0,0.0
739,1529963022,327599406,0.0,0.0,0.0,0.0,0.0,0.0
740,1529963022,337597296,0.0,0.0,0.0,0.0,0.0,0.0
741,1529963022,347598223,0.0,0.0,0.0,0.0,0.0,0.0
742,1529963022,357599545,0.0,0.0,0.0,0.0,0.0,0.0
743,1529963022,367599901,0.0,0.0,0.0,0.0,0.0,0.0
744,1529963022,377594609,0.0,0.0,0.0,0.0,0.0,0.0
745,1529963022,387593562,0.0,0.0,0.0,0.0,0.0,0.0
746,1529963022,397593446,0.0,0.0,0.0,0.0,0.0,0.0
747,1529963022,407600933,0.0,0.0,0.0,0.0,0.0,0.0
748,1529963022,417598816,0.0,0.0,0.0,0.0,0.0,0.0
749,1529963022,427594442,0.0,0.0,0.0,0.0,0.0,0.0
750,1529963022,437593493,0.0,0.0,0.0,0.0,0.0,0.0
751,1529963022,447598062,0.0,0.0,0.0,0.0,0.0,0.0
752,1529963022,457616042,0.0,0.0,0.0,0.0,0.0,0.0
753,1529963022,467595767,0.0,0.0,0.0,0.0,0.0,0.0
754,1529963022,477597275,0.0,0.0,0.0,0.0,0.0,0.0
755,1529963022,487594504,0.0,0.0,0.0,0.0,0.0,0.0
756,1529963022,497606462,0.0,0.0,0.0,0.0,0.0,0.0
757,1529963022,507602164,0.0,0.0,0.0,0.0,0.0,0.0
758,1529963022,517593901,0.0,0.0,0.0,0.0,0.0,0.0
759,1529963022,527607405,0.0,0.0,0.0,0.0,0.0,0.0
760,1529963022,537601371,0.0,0.0,0.0,0.0,0.0,0.0
761,1529963022,547600251,0.0,0.0,0.0,0.0,0.0,0.0
762,1529963022,557598516,0.0,0.0,0.0,0.0,0.0,0.0
763,1529963022,567604851,0.0,0.0,0.0,0.0,0.0,0.0
764,1529963022,577598756,0.0,0.0,0.0,0.0,0.0,0.0
765,1529963022,587604068,0.0,0.0,0.0,0.0,0.0,0.0
766,1529963022,597600203,0.0,0.0,0.0,0.0,0.0,0.0
767,1529963022,607595597,0.0,0.0,0.0,0.0,0.0,0.0
768,1529963022,617594996,0.0,0.0,0.0,0.0,0.0,0.0
769,1529963022,628296047,0.0,0.0,0.0,0.0,0.0,0.0
770,1529963022,637600536,0.0,0.0,0.0,0.0,0.0,0.0
771,1529963022,647593796,0.0,0.0,0.0,0.0,0.0,0.0
772,1529963022,657595411,0.0,0.0,0.0,0.0,0.0,0.0
773,1529963022,667597456,0.0,0.0,0.0,0.0,0.0,0.0
774,1529963022,677600435,0.0,0.0,0.0,0.0,0.0,0.0
775,1529963022,687594381,0.0,0.0,0.0,0.0,0.0,0.0
776,1529963022,697594893,0.0,0.0,0.0,0.0,0.0,0.0
777,1529963022,707593069,0.0,0.0,0.0,0.0,0.0,0.0
778,1529963022,717602333,0.0,0.0,0.0,0.0,0.0,0.0
779,1529963022,727598371,0.0,0.0,0.0,0.0,0.0,0.0
780,1529963022,737599069,0.0,0.0,0.0,0.0,0.0,0.0
781,1529963022,747596207,0.0,0.0,0.0,0.0,0.0,0.0
782,1529963022,757598641,0.0,0.0,0.0,0.0,0.0,0.0
783,1529963022,767593677,0.0,0.0,0.0,0.0,0.0,0.0
784,1529963022,777594316,0.0,0.0,0.0,0.0,0.0,0.0
785,1529963022,787596958,0.0,0.0,0.0,0.0,0.0,0.0
786,1529963022,797589807,0.0,0.0,0.0,0.0,0.0,0.0
787,1529963022,807619552,0.0,0.0,0.0,0.0,0.0,0.0
788,1529963022,817599343,0.0,0.0,0.0,0.0,0.0,0.0
789,1529963022,827598554,0.0,0.0,0.0,0.0,0.0,0.0
790,1529963022,837607280,0.0,0.0,0.0,0.0,0.0,0.0
791,1529963022,847613210,0.0,0.0,0.0,0.0,0.0,0.0
792,1529963022,857604642,0.0,0.0,0.0,0.0,0.0,0.0
793,1529963022,867601488,0.0,0.0,0.0,0.0,0.0,0.0
794,1529963022,877604567,0.0,0.0,0.0,0.0,0.0,0.0
795,1529963022,887612831,0.0,0.0,0.0,0.0,0.0,0.0
796,1529963022,897607578,0.0,0.0,0.0,0.0,0.0,0.0
797,1529963022,907596848,0.0,0.0,0.0,0.0,0.0,0.0
798,1529963022,917600031,0.0,0.0,0.0,0.0,0.0,0.0
799,1529963022,927605869,0.0,0.0,0.0,0.0,0.0,0.0
800,1529963022,937602788,0.0,0.0,0.0,0.0,0.0,0.0
801,1529963022,947598431,0.0,0.0,0.0,0.0,0.0,0.0
802,1529963022,957607694,0.0,0.0,0.0,0.0,0.0,0.0
803,1529963022,967607228,0.0,0.0,0.0,0.0,0.0,0.0
804,1529963022,977602362,0.0,0.0,0.0,0.0,0.0,0.0
805,1529963022,987604957,0.0,0.0,0.0,0.0,0.0,0.0
806,1529963022,997596025,0.0,0.0,0.0,0.0,0.0,0.0
807,1529963023,7614399,0.0,0.0,0.0,0.0,0.0,0.0
808,1529963023,17593860,0.0,0.0,0.0,0.0,0.0,0.0
809,1529963023,27604318,0.0,0.0,0.0,0.0,0.0,0.0
810,1529963023,37599037,0.0,0.0,0.0,0.0,0.0,0.0
811,1529963023,47596635,0.0,0.0,0.0,0.0,0.0,0.0
812,1529963023,57595104,0.0,0.0,0.0,0.0,0.0,0.0
813,1529963023,67598743,0.0,0.0,0.0,0.0,0.0,0.0
814,1529963023,77602938,0.0,0.0,0.0,0.0,0.0,0.0
815,1529963023,87596647,0.0,0.0,0.0,0.0,0.0,0.0
816,1529963023,97596799,0.0,0.0,0.0,0.0,0.0,0.0
817,1529963023,107596393,0.0,0.0,0.0,0.0,0.0,0.0
818,1529963023,117598990,0.0,0.0,0.0,0.0,0.0,0.0
819,1529963023,127609719,0.0,0.0,0.0,0.0,0.0,0.0
820,1529963023,137594309,0.0,0.0,0.0,0.0,0.0,0.0
821,1529963023,147592452,0.0,0.0,0.0,0.0,0.0,0.0
822,1529963023,157603665,0.0,0.0,0.0,0.0,0.0,0.0
823,1529963023,167599144,0.0,0.0,0.0,0.0,0.0,0.0
824,1529963023,177598462,0.0,0.0,0.0,0.0,0.0,0.0
825,1529963023,187596575,0.0,0.0,0.0,0.0,0.0,0.0
826,1529963023,197600959,0.0,0.0,0.0,0.0,0.0,0.0
827,1529963023,207609240,0.0,0.0,0.0,0.0,0.0,0.0
828,1529963023,217595684,0.0,0.0,0.0,0.0,0.0,0.0
829,1529963023,227598103,0.0,0.0,0.0,0.0,0.0,0.0
830,1529963023,237593886,0.0,0.0,0.0,0.0,0.0,0.0
831,1529963023,247599673,0.0,0.0,0.0,0.0,0.0,0.0
832,1529963023,257597873,0.0,0.0,0.0,0.0,0.0,0.0
833,1529963023,267598319,0.0,0.0,0.0,0.0,0.0,0.0
834,1529963023,277600708,114.0,114.0,0.0,0.0,0.0,0.0
835,1529963023,287605240,114.0,114.0,0.0,0.0,0.0,0.0
836,1529963023,297609531,114.0,114.0,0.0,0.0,0.0,0.0
837,1529963023,307602228,135.0,135.0,0.0,0.0,0.0,0.0
838,1529963023,317604284,158.0,141.0,0.0,0.0,0.0,0.0
839,1529963023,327623705,158.0,141.0,0.0,0.0,0.0,0.0
840,1529963023,338178066,158.0,141.0,0.0,0.0,0.0,0.0
841,1529963023,347604883,184.0,139.0,0.0,0.0,0.0,0.0
842,1529963023,357600212,210.0,138.0,0.0,0.0,0.0,0.0
843,1529963023,367600211,210.0,138.0,0.0,0.0,0.0,0.0
844,1529963023,377605065,210.0,138.0,0.0,0.0,0.0,0.0
845,1529963023,387607180,232.0,139.0,0.0,0.0,0.0,0.0
846,1529963023,397601247,241.0,139.0,0.0,0.0,0.0,0.0
847,1529963023,407598355,241.0,139.0,0.0,0.0,0.0,0.0
848,1529963023,417599007,241.0,139.0,0.0,0.0,0.0,0.0
849,1529963023,427600700,266.0,140.0,0.0,0.0,0.0,0.0
850,1529963023,437604553,275.0,140.0,0.0,0.0,0.0,0.0
851,1529963023,447608950,275.0,140.0,0.0,0.0,0.0,0.0
852,1529963023,457602191,275.0,140.0,0.0,0.0,0.0,0.0
853,1529963023,467607206,297.0,136.0,0.0,0.0,0.0,0.0
854,1529963023,477596817,303.0,134.0,0.0,0.0,0.0,0.0
855,1529963023,487602140,303.0,134.0,0.0,0.0,0.0,0.0
856,1529963023,497602536,303.0,134.0,0.0,0.0,0.0,0.0
857,1529963023,507606063,317.0,126.0,0.0,0.0,0.0,0.0
858,1529963023,517604862,331.0,134.0,0.0,0.0,0.0,0.0
859,1529963023,527599918,331.0,134.0,0.0,0.0,0.0,0.0
860,1529963023,537602261,331.0,134.0,0.0,0.0,0.0,0.0
861,1529963023,547611817,345.0,126.0,0.0,0.0,0.0,0.0
862,1529963023,557606674,360.0,137.0,0.0,0.0,0.0,0.0
863,1529963023,567600814,360.0,137.0,0.0,0.0,0.0,0.0
864,1529963023,577600794,360.0,137.0,0.0,0.0,0.0,0.0
865,1529963023,587602175,366.0,136.0,0.0,0.0,0.0,0.0
866,1529963023,597606787,372.0,136.0,0.0,0.0,0.0,0.0
867,1529963023,607632518,372.0,136.0,0.0,0.0,0.0,0.0
868,1529963023,617615563,372.0,136.0,0.0,0.0,0.0,0.0
869,1529963023,627613143,373.0,134.0,0.0,0.0,0.0,0.0
870,1529963023,637623320,375.0,131.0,0.0,0.0,0.0,0.0
871,1529963023,647627262,375.0,131.0,0.0,0.0,0.0,0.0
872,1529963023,657616485,375.0,131.0,0.0,0.0,0.0,0.0
873,1529963023,667604223,377.0,128.0,0.0,0.0,0.0,0.0
874,1529963023,677615227,379.0,123.0,0.0,0.0,0.0,0.0
875,1529963023,687617471,379.0,123.0,0.0,0.0,0.0,0.0
876,1529963023,697600451,379.0,123.0,0.0,0.0,0.0,0.0
877,1529963023,707602890,379.0,115.0,0.0,0.0,0.0,0.0
878,1529963023,717601869,378.0,108.0,0.0,0.0,0.0,0.0
879,1529963023,727607975,378.0,108.0,0.0,0.0,0.0,0.0
880,1529963023,737607414,378.0,108.0,0.0,0.0,0.0,0.0
881,1529963023,747605635,379.0,100.0,0.0,0.0,0.0,0.0
882,1529963023,757601001,381.0,95.0,0.0,0.0,0.0,0.0
883,1529963023,767608877,381.0,95.0,0.0,0.0,0.0,0.0
884,1529963023,777607594,381.0,95.0,0.0,0.0,0.0,0.0
885,1529963023,787603921,380.0,88.0,0.0,0.0,0.0,0.0
886,1529963023,797605394,379.0,83.0,0.0,0.0,0.0,0.0
887,1529963023,807602385,379.0,83.0,0.0,0.0,0.0,0.0
888,1529963023,817615088,379.0,83.0,0.0,0.0,0.0,0.0
889,1529963023,827602434,379.0,80.0,0.0,0.0,0.0,0.0
890,1529963023,837600317,379.0,78.0,0.0,0.0,0.0,0.0
891,1529963023,847600610,379.0,78.0,0.0,0.0,0.0,0.0
892,1529963023,857614537,379.0,78.0,0.0,0.0,0.0,0.0
893,1529963023,867602106,377.0,77.0,0.0,0.0,0.0,0.0
894,1529963023,877602339,360.0,96.0,0.0,0.0,0.0,0.0
895,1529963023,887596634,360.0,96.0,0.0,0.0,0.0,0.0
896,1529963023,897611122,360.0,96.0,0.0,0.0,0.0,0.0
897,1529963023,907615534,338.0,121.0,0.0,0.0,0.0,0.0
898,1529963023,917600339,309.0,155.0,0.0,0.0,0.0,0.0
899,1529963023,927605573,309.0,155.0,0.0,0.0,0.0,0.0
900,1529963023,937605866,309.0,155.0,0.0,0.0,0.0,0.0
901,1529963023,947604744,281.0,195.0,0.0,0.0,0.0,0.0
902,1529963023,957599126,256.0,229.0,0.0,0.0,0.0,0.0
903,1529963023,967602118,256.0,229.0,0.0,0.0,0.0,0.0
904,1529963023,977611988,256.0,229.0,0.0,0.0,0.0,0.0
905,1529963023,987613890,251.0,251.0,0.0,0.0,0.0,0.0
906,1529963023,997624112,245.0,245.0,0.0,0.0,0.0,0.0
907,1529963024,7624854,245.0,245.0,0.0,0.0,0.0,0.0
908,1529963024,17615486,245.0,245.0,0.0,0.0,0.0,0.0
909,1529963024,27616160,239.0,239.0,0.0,0.0,0.0,0.0
910,1529963024,37604921,233.0,233.0,0.0,0.0,0.0,0.0
911,1529963024,47604499,233.0,233.0,0.0,0.0,0.0,0.0
912,1529963024,57603687,233.0,233.0,0.0,0.0,0.0,0.0
913,1529963024,67600714,228.0,228.0,0.0,0.0,0.0,0.0
914,1529963024,77604860,224.0,224.0,0.0,0.0,0.0,0.0
915,1529963024,87605218,224.0,224.0,0.0,0.0,0.0,0.0
916,1529963024,97601958,224.0,224.0,0.0,0.0,0.0,0.0
917,1529963024,107603117,223.0,223.0,0.0,0.0,0.0,0.0
918,1529963024,117605978,221.0,221.0,0.0,0.0,0.0,0.0
919,1529963024,127606024,221.0,221.0,0.0,0.0,0.0,0.0
920,1529963024,137600702,221.0,221.0,0.0,0.0,0.0,0.0
921,1529963024,147614296,220.0,220.0,0.0,0.0,0.0,0.0
922,1529963024,157601456,218.0,218.0,0.0,0.0,0.0,0.0
923,1529963024,167583726,218.0,218.0,0.0,0.0,0.0,0.0
924,1529963024,177604988,218.0,218.0,0.0,0.0,0.0,0.0
925,1529963024,187599053,218.0,218.0,0.0,0.0,0.0,0.0
926,1529963024,197601658,218.0,218.0,0.0,0.0,0.0,0.0
927,1529963024,207609814,218.0,218.0,0.0,0.0,0.0,0.0
928,1529963024,217602655,218.0,218.0,0.0,0.0,0.0,0.0
929,1529963024,227603242,218.0,218.0,0.0,0.0,0.0,0.0
930,1529963024,237598035,218.0,218.0,0.0,0.0,0.0,0.0
931,1529963024,247621517,218.0,218.0,0.0,0.0,0.0,0.0
932,1529963024,257607778,218.0,218.0,0.0,0.0,0.0,0.0
933,1529963024,267620614,219.0,219.0,0.0,0.0,0.0,0.0
934,1529963024,277624417,220.0,220.0,0.0,0.0,0.0,0.0
935,1529963024,287617819,220.0,220.0,0.0,0.0,0.0,0.0
936,1529963024,297604428,220.0,220.0,0.0,0.0,0.0,0.0
937,1529963024,307610569,221.0,221.0,0.0,0.0,0.0,0.0
938,1529963024,317608736,222.0,222.0,0.0,0.0,0.0,0.0
939,1529963024,327616130,222.0,222.0,0.0,0.0,0.0,0.0
940,1529963024,337613327,222.0,222.0,0.0,0.0,0.0,0.0
941,1529963024,347607722,225.0,225.0,0.0,0.0,0.0,0.0
942,1529963024,357601508,226.0,226.0,0.0,0.0,0.0,0.0
943,1529963024,367600636,226.0,226.0,0.0,0.0,0.0,0.0
944,1529963024,377606998,226.0,226.0,0.0,0.0,0.0,0.0
945,1529963024,387604305,228.0,228.0,0.0,0.0,0.0,0.0
946,1529963024,397599313,229.0,229.0,0.0,0.0,0.0,0.0
947,1529963024,407604442,229.0,229.0,0.0,0.0,0.0,0.0
948,1529963024,417599080,229.0,229.0,0.0,0.0,0.0,0.0
949,1529963024,427619635,229.0,229.0,0.0,0.0,0.0,0.0
950,1529963024,437605110,225.0,230.0,0.0,0.0,0.0,0.0
951,1529963024,447603416,225.0,230.0,0.0,0.0,0.0,0.0
952,1529963024,457600206,225.0,230.0,0.0,0.0,0.0,0.0
953,1529963024,467608641,218.0,231.0,0.0,0.0,0.0,0.0
954,1529963024,477606200,214.0,232.0,0.0,0.0,0.0,0.0
955,1529963024,487604366,214.0,232.0,0.0,0.0,0.0,0.0
956,1529963024,497600018,214.0,232.0,0.0,0.0,0.0,0.0
957,1529963024,507605406,209.0,233.0,0.0,0.0,0.0,0.0
958,1529963024,517601907,204.0,234.0,0.0,0.0,0.0,0.0
959,1529963024,527601620,204.0,234.0,0.0,0.0,0.0,0.0
960,1529963024,537602580,204.0,234.0,0.0,0.0,0.0,0.0
961,1529963024,547601527,197.0,235.0,0.0,0.0,0.0,0.0
962,1529963024,557609842,191.0,237.0,0.0,0.0,0.0,0.0
963,1529963024,567601150,191.0,237.0,0.0,0.0,0.0,0.0
964,1529963024,577601444,191.0,237.0,0.0,0.0,0.0,0.0
965,1529963024,587600219,186.0,239.0,0.0,0.0,0.0,0.0
966,1529963024,597604852,181.0,240.0,0.0,0.0,0.0,0.0
967,1529963024,607604008,181.0,240.0,0.0,0.0,0.0,0.0
968,1529963024,617602250,181.0,240.0,0.0,0.0,0.0,0.0
969,1529963024,627602476,177.0,242.0,0.0,0.0,0.0,0.0
970,1529963024,637600900,173.0,243.0,0.0,0.0,0.0,0.0
971,1529963024,647605505,173.0,243.0,0.0,0.0,0.0,0.0
972,1529963024,657600294,173.0,243.0,0.0,0.0,0.0,0.0
973,1529963024,667601312,169.0,246.0,0.0,0.0,0.0,0.0
974,1529963024,677601250,163.0,248.0,0.0,0.0,0.0,0.0
975,1529963024,687612887,163.0,248.0,0.0,0.0,0.0,0.0
976,1529963024,697602916,163.0,248.0,0.0,0.0,0.0,0.0
977,1529963024,707606927,157.0,251.0,0.0,0.0,0.0,0.0
978,1529963024,717601556,143.0,259.0,0.0,0.0,0.0,0.0
979,1529963024,727624985,143.0,259.0,0.0,0.0,0.0,0.0
980,1529963024,737603890,143.0,259.0,0.0,0.0,0.0,0.0
981,1529963024,747601125,140.0,261.0,0.0,0.0,0.0,0.0
982,1529963024,757602908,137.0,264.0,0.0,0.0,0.0,0.0
983,1529963024,767603505,137.0,264.0,0.0,0.0,0.0,0.0
984,1529963024,777606723,137.0,264.0,0.0,0.0,0.0,0.0
985,1529963024,787605596,134.0,267.0,0.0,0.0,0.0,0.0
986,1529963024,797606479,134.0,269.0,0.0,0.0,0.0,0.0
987,1529963024,807603090,134.0,269.0,0.0,0.0,0.0,0.0
988,1529963024,817613737,134.0,269.0,0.0,0.0,0.0,0.0
989,1529963024,827603661,137.0,272.0,0.0,0.0,0.0,0.0
990,1529963024,837603296,140.0,275.0,0.0,0.0,0.0,0.0
991,1529963024,847598863,140.0,275.0,0.0,0.0,0.0,0.0
992,1529963024,857606671,140.0,275.0,0.0,0.0,0.0,0.0
993,1529963024,867603439,141.0,276.0,0.0,0.0,0.0,0.0
994,1529963024,877605837,142.0,277.0,0.0,0.0,0.0,0.0
995,1529963024,887601428,142.0,277.0,0.0,0.0,0.0,0.0
996,1529963024,897602410,142.0,277.0,0.0,0.0,0.0,0.0
997,1529963024,907608152,143.0,279.0,0.0,0.0,0.0,0.0
998,1529963024,917600171,144.0,280.0,0.0,0.0,0.0,0.0
999,1529963024,927621296,144.0,280.0,0.0,0.0,0.0,0.0
1000,1529963024,937599451,144.0,280.0,0.0,0.0,0.0,0.0
1001,1529963024,947610031,145.0,281.0,0.0,0.0,0.0,0.0
1002,1529963024,957604776,149.0,284.0,0.0,0.0,0.0,0.0
1003,1529963024,967618441,149.0,284.0,0.0,0.0,0.0,0.0
1004,1529963024,977600784,149.0,284.0,0.0,0.0,0.0,0.0
1005,1529963024,987604875,153.0,283.0,0.0,0.0,0.0,0.0
1006,1529963024,997606752,161.0,284.0,0.0,0.0,0.0,0.0
1007,1529963025,7605730,161.0,284.0,0.0,0.0,0.0,0.0
1008,1529963025,17602779,161.0,284.0,0.0,0.0,0.0,0.0
1009,1529963025,27601154,168.0,283.0,0.0,0.0,0.0,0.0
1010,1529963025,37608108,187.0,276.0,0.0,0.0,0.0,0.0
1011,1529963025,47603595,187.0,276.0,0.0,0.0,0.0,0.0
1012,1529963025,57601246,187.0,276.0,0.0,0.0,0.0,0.0
1013,1529963025,67599760,205.0,272.0,0.0,0.0,0.0,0.0
1014,1529963025,77606705,225.0,269.0,0.0,0.0,0.0,0.0
1015,1529963025,87606232,225.0,269.0,0.0,0.0,0.0,0.0
1016,1529963025,97604319,225.0,269.0,0.0,0.0,0.0,0.0
1017,1529963025,107600654,245.0,268.0,0.0,0.0,0.0,0.0
1018,1529963025,117601229,253.0,269.0,0.0,0.0,0.0,0.0
1019,1529963025,127605139,253.0,269.0,0.0,0.0,0.0,0.0
1020,1529963025,137603207,253.0,269.0,0.0,0.0,0.0,0.0
1021,1529963025,147600805,270.0,270.0,0.0,0.0,0.0,0.0
1022,1529963025,157600250,270.0,270.0,0.0,0.0,0.0,0.0
1023,1529963025,167625962,270.0,270.0,0.0,0.0,0.0,0.0
1024,1529963025,177608375,270.0,270.0,0.0,0.0,0.0,0.0
1025,1529963025,187602549,270.0,270.0,0.0,0.0,0.0,0.0
1026,1529963025,197601333,271.0,271.0,0.0,0.0,0.0,0.0
1027,1529963025,207625631,271.0,271.0,0.0,0.0,0.0,0.0
1028,1529963025,217607022,271.0,271.0,0.0,0.0,0.0,0.0
1029,1529963025,227600369,271.0,271.0,0.0,0.0,0.0,0.0
1030,1529963025,237596328,271.0,271.0,0.0,0.0,0.0,0.0
1031,1529963025,247621171,271.0,271.0,0.0,0.0,0.0,0.0
1032,1529963025,257607450,271.0,271.0,0.0,0.0,0.0,0.0
1033,1529963025,267607399,271.0,271.0,0.0,0.0,0.0,0.0
1034,1529963025,277606460,271.0,271.0,0.0,0.0,0.0,0.0
1035,1529963025,287620235,271.0,271.0,0.0,0.0,0.0,0.0
1036,1529963025,297621058,271.0,271.0,0.0,0.0,0.0,0.0
1037,1529963025,307605645,271.0,271.0,0.0,0.0,0.0,0.0
1038,1529963025,317606293,272.0,272.0,0.0,0.0,0.0,0.0
1039,1529963025,327613196,272.0,272.0,0.0,0.0,0.0,0.0
1040,1529963025,337604957,272.0,272.0,0.0,0.0,0.0,0.0
1041,1529963025,347608944,272.0,272.0,0.0,0.0,0.0,0.0
1042,1529963025,357603720,272.0,272.0,0.0,0.0,0.0,0.0
1043,1529963025,367595924,272.0,272.0,0.0,0.0,0.0,0.0
1044,1529963025,377602667,272.0,272.0,0.0,0.0,0.0,0.0
1045,1529963025,387608354,272.0,272.0,0.0,0.0,0.0,0.0
1046,1529963025,397604033,272.0,272.0,0.0,0.0,0.0,0.0
1047,1529963025,407603167,272.0,272.0,0.0,0.0,0.0,0.0
1048,1529963025,417600335,272.0,272.0,0.0,0.0,0.0,0.0
1049,1529963025,427604260,272.0,272.0,0.0,0.0,0.0,0.0
1050,1529963025,437582306,272.0,272.0,0.0,0.0,0.0,0.0
1051,1529963025,447637068,272.0,272.0,0.0,0.0,0.0,0.0
1052,1529963025,457613458,272.0,272.0,0.0,0.0,0.0,0.0
1053,1529963025,467614820,272.0,272.0,0.0,0.0,0.0,0.0
1054,1529963025,477607907,272.0,272.0,0.0,0.0,0.0,0.0
1055,1529963025,487601236,272.0,272.0,0.0,0.0,0.0,0.0
1056,1529963025,497608291,272.0,272.0,0.0,0.0,0.0,0.0
1057,1529963025,507606654,272.0,272.0,0.0,0.0,0.0,0.0
1058,1529963025,517613847,272.0,272.0,0.0,0.0,0.0,0.0
1059,1529963025,527636108,272.0,272.0,0.0,0.0,0.0,0.0
1060,1529963025,537609779,272.0,272.0,0.0,0.0,0.0,0.0
1061,1529963025,547615872,272.0,272.0,0.0,0.0,0.0,0.0
1062,1529963025,557605876,272.0,272.0,0.0,0.0,0.0,0.0
1063,1529963025,567607788,272.0,272.0,0.0,0.0,0.0,0.0
1064,1529963025,577602974,272.0,272.0,0.0,0.0,0.0,0.0
1065,1529963025,587604018,272.0,272.0,0.0,0.0,0.0,0.0
1066,1529963025,597602263,272.0,272.0,0.0,0.0,0.0,0.0
1067,1529963025,607668858,272.0,272.0,0.0,0.0,0.0,0.0
1068,1529963025,617604634,272.0,272.0,0.0,0.0,0.0,0.0
1069,1529963025,627614019,272.0,272.0,0.0,0.0,0.0,0.0
1070,1529963025,637603302,272.0,272.0,0.0,0.0,0.0,0.0
1071,1529963025,647608905,272.0,272.0,0.0,0.0,0.0,0.0
1072,1529963025,657608545,272.0,272.0,0.0,0.0,0.0,0.0
1073,1529963025,667615818,271.0,271.0,0.0,0.0,0.0,0.0
1074,1529963025,677601966,270.0,270.0,0.0,0.0,0.0,0.0
1075,1529963025,687603002,270.0,270.0,0.0,0.0,0.0,0.0
1076,1529963025,697607826,270.0,270.0,0.0,0.0,0.0,0.0
1077,1529963025,707604924,269.0,269.0,0.0,0.0,0.0,0.0
1078,1529963025,717597215,268.0,268.0,0.0,0.0,0.0,0.0
1079,1529963025,727616519,268.0,268.0,0.0,0.0,0.0,0.0
1080,1529963025,737611734,268.0,268.0,0.0,0.0,0.0,0.0
1081,1529963025,747605982,266.0,266.0,0.0,0.0,0.0,0.0
1082,1529963025,757605327,265.0,265.0,0.0,0.0,0.0,0.0
1083,1529963025,767599939,265.0,265.0,0.0,0.0,0.0,0.0
1084,1529963025,777603868,265.0,265.0,0.0,0.0,0.0,0.0
1085,1529963025,787606146,263.0,263.0,0.0,0.0,0.0,0.0
1086,1529963025,797602092,261.0,261.0,0.0,0.0,0.0,0.0
1087,1529963025,807602277,261.0,261.0,0.0,0.0,0.0,0.0
1088,1529963025,817601854,261.0,261.0,0.0,0.0,0.0,0.0
1089,1529963025,827611882,257.0,257.0,0.0,0.0,0.0,0.0
1090,1529963025,837603036,256.0,256.0,0.0,0.0,0.0,0.0
1091,1529963025,847601097,256.0,256.0,0.0,0.0,0.0,0.0
1092,1529963025,857601533,256.0,256.0,0.0,0.0,0.0,0.0
1093,1529963025,867604039,255.0,255.0,0.0,0.0,0.0,0.0
1094,1529963025,877881133,255.0,255.0,0.0,0.0,0.0,0.0
1095,1529963025,887624731,254.0,254.0,0.0,0.0,0.0,0.0
1096,1529963025,897604040,254.0,254.0,0.0,0.0,0.0,0.0
1097,1529963025,907618341,253.0,253.0,0.0,0.0,0.0,0.0
1098,1529963025,917606938,252.0,252.0,0.0,0.0,0.0,0.0
1099,1529963025,927603979,252.0,252.0,0.0,0.0,0.0,0.0
1100,1529963025,937605213,252.0,252.0,0.0,0.0,0.0,0.0
1101,1529963025,947600402,251.0,251.0,0.0,0.0,0.0,0.0
1102,1529963025,958300809,250.0,250.0,0.0,0.0,0.0,0.0
1103,1529963025,967604791,250.0,250.0,0.0,0.0,0.0,0.0
1104,1529963025,977601618,250.0,250.0,0.0,0.0,0.0,0.0
1105,1529963025,987602417,249.0,249.0,0.0,0.0,0.0,0.0
1106,1529963025,997602638,248.0,248.0,0.0,0.0,0.0,0.0
1107,1529963026,7610011,248.0,248.0,0.0,0.0,0.0,0.0
1108,1529963026,17601193,248.0,248.0,0.0,0.0,0.0,0.0
1109,1529963026,27600829,247.0,247.0,0.0,0.0,0.0,0.0
1110,1529963026,37599422,246.0,246.0,0.0,0.0,0.0,0.0
1111,1529963026,47605616,246.0,246.0,0.0,0.0,0.0,0.0
1112,1529963026,57600381,246.0,246.0,0.0,0.0,0.0,0.0
1113,1529963026,67604412,245.0,245.0,0.0,0.0,0.0,0.0
1114,1529963026,77602727,240.0,244.0,0.0,0.0,0.0,0.0
1115,1529963026,87628377,240.0,244.0,0.0,0.0,0.0,0.0
1116,1529963026,97627951,240.0,244.0,0.0,0.0,0.0,0.0
1117,1529963026,107604056,232.0,243.0,0.0,0.0,0.0,0.0
1118,1529963026,117617654,224.0,242.0,0.0,0.0,0.0,0.0
1119,1529963026,127619222,224.0,242.0,0.0,0.0,0.0,0.0
1120,1529963026,137609673,224.0,242.0,0.0,0.0,0.0,0.0
1121,1529963026,147615523,217.0,241.0,0.0,0.0,0.0,0.0
1122,1529963026,157603512,211.0,241.0,0.0,0.0,0.0,0.0
1123,1529963026,167626091,211.0,241.0,0.0,0.0,0.0,0.0
1124,1529963026,177613544,211.0,241.0,0.0,0.0,0.0,0.0
1125,1529963026,187612976,203.0,240.0,0.0,0.0,0.0,0.0
1126,1529963026,197612660,195.0,241.0,0.0,0.0,0.0,0.0
1127,1529963026,207630933,195.0,241.0,0.0,0.0,0.0,0.0
1128,1529963026,217618662,195.0,241.0,0.0,0.0,0.0,0.0
1129,1529963026,227629193,180.0,244.0,0.0,0.0,0.0,0.0
1130,1529963026,237615916,179.0,244.0,0.0,0.0,0.0,0.0
1131,1529963026,247629856,179.0,244.0,0.0,0.0,0.0,0.0
1132,1529963026,257613524,179.0,244.0,0.0,0.0,0.0,0.0
1133,1529963026,267611474,175.0,246.0,0.0,0.0,0.0,0.0
1134,1529963026,277615890,173.0,246.0,0.0,0.0,0.0,0.0
1135,1529963026,287620417,173.0,246.0,0.0,0.0,0.0,0.0
1136,1529963026,297608506,173.0,246.0,0.0,0.0,0.0,0.0
1137,1529963026,307626858,171.0,246.0,0.0,0.0,0.0,0.0
1138,1529963026,317606087,171.0,246.0,0.0,0.0,0.0,0.0
1139,1529963026,327618248,171.0,246.0,0.0,0.0,0.0,0.0
1140,1529963026,337603239,171.0,246.0,0.0,0.0,0.0,0.0
1141,1529963026,347604457,170.0,246.0,0.0,0.0,0.0,0.0
1142,1529963026,357631204,170.0,246.0,0.0,0.0,0.0,0.0
1143,1529963026,367614642,170.0,246.0,0.0,0.0,0.0,0.0
1144,1529963026,377604226,170.0,246.0,0.0,0.0,0.0,0.0
1145,1529963026,387610492,170.0,246.0,0.0,0.0,0.0,0.0
1146,1529963026,397612664,170.0,246.0,0.0,0.0,0.0,0.0
1147,1529963026,407624470,170.0,246.0,0.0,0.0,0.0,0.0
1148,1529963026,417614808,170.0,246.0,0.0,0.0,0.0,0.0
1149,1529963026,427610330,170.0,246.0,0.0,0.0,0.0,0.0
1150,1529963026,437611385,170.0,246.0,0.0,0.0,0.0,0.0
1151,1529963026,447606230,170.0,246.0,0.0,0.0,0.0,0.0
1152,1529963026,457616120,170.0,246.0,0.0,0.0,0.0,0.0
1153,1529963026,467601937,170.0,246.0,0.0,0.0,0.0,0.0
1154,1529963026,477598310,170.0,246.0,0.0,0.0,0.0,0.0
1155,1529963026,487603308,170.0,246.0,0.0,0.0,0.0,0.0
1156,1529963026,497602153,170.0,246.0,0.0,0.0,0.0,0.0
1157,1529963026,507610790,172.0,247.0,0.0,0.0,0.0,0.0
1158,1529963026,517613892,174.0,247.0,0.0,0.0,0.0,0.0
1159,1529963026,527622021,174.0,247.0,0.0,0.0,0.0,0.0
1160,1529963026,537621510,174.0,247.0,0.0,0.0,0.0,0.0
1161,1529963026,547602776,174.0,248.0,0.0,0.0,0.0,0.0
1162,1529963026,557615697,175.0,249.0,0.0,0.0,0.0,0.0
1163,1529963026,567624096,175.0,249.0,0.0,0.0,0.0,0.0
1164,1529963026,577609415,175.0,249.0,0.0,0.0,0.0,0.0
1165,1529963026,587602694,177.0,249.0,0.0,0.0,0.0,0.0
1166,1529963026,597602687,178.0,250.0,0.0,0.0,0.0,0.0
1167,1529963026,607604064,178.0,250.0,0.0,0.0,0.0,0.0
1168,1529963026,617603403,178.0,250.0,0.0,0.0,0.0,0.0
1169,1529963026,627594574,178.0,250.0,0.0,0.0,0.0,0.0
1170,1529963026,637602115,179.0,251.0,0.0,0.0,0.0,0.0
1171,1529963026,647600481,179.0,251.0,0.0,0.0,0.0,0.0
1172,1529963026,657629823,179.0,251.0,0.0,0.0,0.0,0.0
1173,1529963026,667604481,179.0,251.0,0.0,0.0,0.0,0.0
1174,1529963026,677603587,180.0,252.0,0.0,0.0,0.0,0.0
1175,1529963026,687599625,180.0,252.0,0.0,0.0,0.0,0.0
1176,1529963026,697602087,180.0,252.0,0.0,0.0,0.0,0.0
1177,1529963026,707602466,181.0,253.0,0.0,0.0,0.0,0.0
1178,1529963026,717604638,181.0,253.0,0.0,0.0,0.0,0.0
1179,1529963026,727601035,181.0,253.0,0.0,0.0,0.0,0.0
1180,1529963026,737600200,181.0,253.0,0.0,0.0,0.0,0.0
1181,1529963026,747607394,182.0,254.0,0.0,0.0,0.0,0.0
1182,1529963026,757614017,182.0,254.0,0.0,0.0,0.0,0.0
1183,1529963026,767629747,182.0,255.0,0.0,0.0,0.0,0.0
1184,1529963026,777607559,182.0,255.0,0.0,0.0,0.0,0.0
1185,1529963026,787617294,183.0,255.0,0.0,0.0,0.0,0.0
1186,1529963026,797604414,183.0,255.0,0.0,0.0,0.0,0.0
1187,1529963026,807600448,183.0,255.0,0.0,0.0,0.0,0.0
1188,1529963026,817608329,183.0,255.0,0.0,0.0,0.0,0.0
1189,1529963026,827608013,183.0,255.0,0.0,0.0,0.0,0.0
1190,1529963026,837605373,184.0,256.0,0.0,0.0,0.0,0.0
1191,1529963026,847600598,184.0,256.0,0.0,0.0,0.0,0.0
1192,1529963026,857601749,184.0,256.0,0.0,0.0,0.0,0.0
1193,1529963026,867600584,184.0,256.0,0.0,0.0,0.0,0.0
1194,1529963026,877574948,184.0,256.0,0.0,0.0,0.0,0.0
1195,1529963026,887600582,184.0,256.0,0.0,0.0,0.0,0.0
1196,1529963026,897601811,184.0,256.0,0.0,0.0,0.0,0.0
1197,1529963026,907603535,184.0,256.0,0.0,0.0,0.0,0.0
1198,1529963026,917627786,184.0,256.0,0.0,0.0,0.0,0.0
1199,1529963026,927604580,184.0,256.0,0.0,0.0,0.0,0.0
1200,1529963026,937605278,184.0,256.0,0.0,0.0,0.0,0.0
1201,1529963026,947599735,184.0,256.0,0.0,0.0,0.0,0.0
1202,1529963026,957604214,184.0,256.0,0.0,0.0,0.0,0.0
1203,1529963026,967607613,184.0,256.0,0.0,0.0,0.0,0.0
1204,1529963026,977608356,184.0,256.0,0.0,0.0,0.0,0.0
1205,1529963026,987602107,184.0,256.0,0.0,0.0,0.0,0.0
1206,1529963026,997604408,186.0,256.0,0.0,0.0,0.0,0.0
1207,1529963027,7607269,186.0,256.0,0.0,0.0,0.0,0.0
1208,1529963027,17602129,186.0,256.0,0.0,0.0,0.0,0.0
1209,1529963027,27601095,188.0,257.0,0.0,0.0,0.0,0.0
1210,1529963027,37600743,192.0,255.0,0.0,0.0,0.0,0.0
1211,1529963027,47602360,192.0,255.0,0.0,0.0,0.0,0.0
1212,1529963027,57606743,192.0,255.0,0.0,0.0,0.0,0.0
1213,1529963027,67601530,196.0,254.0,0.0,0.0,0.0,0.0
1214,1529963027,77601983,200.0,253.0,0.0,0.0,0.0,0.0
1215,1529963027,87600943,200.0,253.0,0.0,0.0,0.0,0.0
1216,1529963027,97601042,200.0,253.0,0.0,0.0,0.0,0.0
1217,1529963027,107600005,205.0,253.0,0.0,0.0,0.0,0.0
1218,1529963027,117603832,210.0,253.0,0.0,0.0,0.0,0.0
1219,1529963027,127623812,210.0,253.0,0.0,0.0,0.0,0.0
1220,1529963027,137607012,210.0,253.0,0.0,0.0,0.0,0.0
1221,1529963027,147607932,215.0,253.0,0.0,0.0,0.0,0.0
1222,1529963027,157603058,220.0,252.0,0.0,0.0,0.0,0.0
1223,1529963027,167624010,220.0,252.0,0.0,0.0,0.0,0.0
1224,1529963027,177607780,220.0,252.0,0.0,0.0,0.0,0.0
1225,1529963027,187602581,225.0,252.0,0.0,0.0,0.0,0.0
1226,1529963027,197599084,231.0,253.0,0.0,0.0,0.0,0.0
1227,1529963027,207600191,231.0,253.0,0.0,0.0,0.0,0.0
1228,1529963027,217604901,231.0,253.0,0.0,0.0,0.0,0.0
1229,1529963027,227607354,236.0,253.0,0.0,0.0,0.0,0.0
1230,1529963027,237604067,241.0,254.0,0.0,0.0,0.0,0.0
1231,1529963027,247604851,241.0,254.0,0.0,0.0,0.0,0.0
1232,1529963027,257603339,241.0,254.0,0.0,0.0,0.0,0.0
1233,1529963027,267607469,245.0,255.0,0.0,0.0,0.0,0.0
1234,1529963027,277607359,248.0,256.0,0.0,0.0,0.0,0.0
1235,1529963027,287601976,248.0,256.0,0.0,0.0,0.0,0.0
1236,1529963027,297603565,248.0,256.0,0.0,0.0,0.0,0.0
1237,1529963027,307603387,250.0,256.0,0.0,0.0,0.0,0.0
1238,1529963027,317605325,255.0,257.0,0.0,0.0,0.0,0.0
1239,1529963027,327609709,255.0,257.0,0.0,0.0,0.0,0.0
1240,1529963027,337600890,255.0,257.0,0.0,0.0,0.0,0.0
1241,1529963027,347600572,257.0,257.0,0.0,0.0,0.0,0.0
1242,1529963027,357614733,257.0,257.0,0.0,0.0,0.0,0.0
1243,1529963027,367601558,257.0,257.0,0.0,0.0,0.0,0.0
1244,1529963027,377601360,257.0,257.0,0.0,0.0,0.0,0.0
1245,1529963027,387607021,257.0,257.0,0.0,0.0,0.0,0.0
1246,1529963027,397604371,257.0,257.0,0.0,0.0,0.0,0.0
1247,1529963027,407606611,257.0,257.0,0.0,0.0,0.0,0.0
1248,1529963027,417601324,257.0,257.0,0.0,0.0,0.0,0.0
1249,1529963027,427602010,257.0,257.0,0.0,0.0,0.0,0.0
1250,1529963027,437603354,257.0,257.0,0.0,0.0,0.0,0.0
1251,1529963027,447617973,257.0,257.0,0.0,0.0,0.0,0.0
1252,1529963027,457605305,257.0,257.0,0.0,0.0,0.0,0.0
1253,1529963027,467599327,257.0,257.0,0.0,0.0,0.0,0.0
1254,1529963027,477599315,257.0,257.0,0.0,0.0,0.0,0.0
1255,1529963027,487607758,257.0,257.0,0.0,0.0,0.0,0.0
1256,1529963027,497602815,257.0,257.0,0.0,0.0,0.0,0.0
1257,1529963027,507611866,257.0,257.0,0.0,0.0,0.0,0.0
1258,1529963027,517599598,257.0,257.0,0.0,0.0,0.0,0.0
1259,1529963027,527636720,257.0,257.0,0.0,0.0,0.0,0.0
1260,1529963027,537617330,257.0,257.0,0.0,0.0,0.0,0.0
1261,1529963027,547598057,257.0,257.0,0.0,0.0,0.0,0.0
1262,1529963027,557601741,257.0,257.0,0.0,0.0,0.0,0.0
1263,1529963027,567600884,257.0,257.0,0.0,0.0,0.0,0.0
1264,1529963027,577603210,257.0,257.0,0.0,0.0,0.0,0.0
1265,1529963027,587606611,257.0,257.0,0.0,0.0,0.0,0.0
1266,1529963027,597600836,257.0,257.0,0.0,0.0,0.0,0.0
1267,1529963027,607604290,257.0,257.0,0.0,0.0,0.0,0.0
1268,1529963027,617618154,257.0,257.0,0.0,0.0,0.0,0.0
1269,1529963027,627603122,257.0,257.0,0.0,0.0,0.0,0.0
1270,1529963027,637602907,257.0,257.0,0.0,0.0,0.0,0.0
1271,1529963027,647603076,257.0,257.0,0.0,0.0,0.0,0.0
1272,1529963027,657603683,257.0,257.0,0.0,0.0,0.0,0.0
1273,1529963027,667605788,256.0,256.0,0.0,0.0,0.0,0.0
1274,1529963027,677602908,255.0,255.0,0.0,0.0,0.0,0.0
1275,1529963027,687600405,255.0,255.0,0.0,0.0,0.0,0.0
1276,1529963027,697599380,255.0,255.0,0.0,0.0,0.0,0.0
1277,1529963027,707605564,253.0,253.0,0.0,0.0,0.0,0.0
1278,1529963027,717602877,253.0,253.0,0.0,0.0,0.0,0.0
1279,1529963027,727591158,252.0,252.0,0.0,0.0,0.0,0.0
1280,1529963027,737600813,252.0,252.0,0.0,0.0,0.0,0.0
1281,1529963027,747608368,250.0,250.0,0.0,0.0,0.0,0.0
1282,1529963027,757599611,246.0,246.0,0.0,0.0,0.0,0.0
1283,1529963027,767599676,246.0,246.0,0.0,0.0,0.0,0.0
1284,1529963027,777597133,246.0,246.0,0.0,0.0,0.0,0.0
1285,1529963027,787604434,245.0,245.0,0.0,0.0,0.0,0.0
1286,1529963027,797603726,244.0,244.0,0.0,0.0,0.0,0.0
1287,1529963027,807598114,244.0,244.0,0.0,0.0,0.0,0.0
1288,1529963027,817600868,244.0,244.0,0.0,0.0,0.0,0.0
1289,1529963027,827606750,242.0,242.0,0.0,0.0,0.0,0.0
1290,1529963027,837603240,241.0,241.0,0.0,0.0,0.0,0.0
1291,1529963027,847599564,241.0,241.0,0.0,0.0,0.0,0.0
1292,1529963027,857605920,241.0,241.0,0.0,0.0,0.0,0.0
1293,1529963027,867597842,240.0,240.0,0.0,0.0,0.0,0.0
1294,1529963027,877607605,238.0,238.0,0.0,0.0,0.0,0.0
1295,1529963027,887602394,238.0,238.0,0.0,0.0,0.0,0.0
1296,1529963027,897599790,238.0,238.0,0.0,0.0,0.0,0.0
1297,1529963027,907599398,237.0,237.0,0.0,0.0,0.0,0.0
1298,1529963027,917616679,237.0,237.0,0.0,0.0,0.0,0.0
1299,1529963027,927607495,237.0,237.0,0.0,0.0,0.0,0.0
1300,1529963027,937603773,237.0,237.0,0.0,0.0,0.0,0.0
1301,1529963027,947600790,237.0,237.0,0.0,0.0,0.0,0.0
1302,1529963027,957599960,237.0,237.0,0.0,0.0,0.0,0.0
1303,1529963027,967605164,237.0,237.0,0.0,0.0,0.0,0.0
1304,1529963027,977600673,237.0,237.0,0.0,0.0,0.0,0.0
1305,1529963027,987600610,237.0,237.0,0.0,0.0,0.0,0.0
1306,1529963027,997599103,237.0,237.0,0.0,0.0,0.0,0.0
1307,1529963028,7628459,237.0,237.0,0.0,0.0,0.0,0.0
1308,1529963028,17603024,237.0,237.0,0.0,0.0,0.0,0.0
1309,1529963028,27600382,237.0,237.0,0.0,0.0,0.0,0.0
1310,1529963028,37598600,236.0,236.0,0.0,0.0,0.0,0.0
1311,1529963028,47620941,236.0,236.0,0.0,0.0,0.0,0.0
1312,1529963028,57605393,236.0,236.0,0.0,0.0,0.0,0.0
1313,1529963028,67604512,235.0,235.0,0.0,0.0,0.0,0.0
1314,1529963028,77595959,235.0,235.0,0.0,0.0,0.0,0.0
1315,1529963028,87598407,235.0,235.0,0.0,0.0,0.0,0.0
1316,1529963028,97605558,235.0,235.0,0.0,0.0,0.0,0.0
1317,1529963028,107599203,234.0,234.0,0.0,0.0,0.0,0.0
1318,1529963028,117599443,232.0,232.0,0.0,0.0,0.0,0.0
1319,1529963028,127599154,232.0,232.0,0.0,0.0,0.0,0.0
1320,1529963028,137601258,232.0,232.0,0.0,0.0,0.0,0.0
1321,1529963028,147600272,231.0,231.0,0.0,0.0,0.0,0.0
1322,1529963028,157599869,229.0,229.0,0.0,0.0,0.0,0.0
1323,1529963028,167596069,229.0,229.0,0.0,0.0,0.0,0.0
1324,1529963028,177598610,229.0,229.0,0.0,0.0,0.0,0.0
1325,1529963028,187602400,224.0,224.0,0.0,0.0,0.0,0.0
1326,1529963028,197601380,221.0,221.0,0.0,0.0,0.0,0.0
1327,1529963028,207600200,221.0,221.0,0.0,0.0,0.0,0.0
1328,1529963028,217598579,221.0,221.0,0.0,0.0,0.0,0.0
1329,1529963028,227601794,219.0,219.0,0.0,0.0,0.0,0.0
1330,1529963028,237605278,215.0,215.0,0.0,0.0,0.0,0.0
1331,1529963028,247597240,215.0,215.0,0.0,0.0,0.0,0.0
1332,1529963028,257601549,215.0,215.0,0.0,0.0,0.0,0.0
1333,1529963028,267599486,213.0,213.0,0.0,0.0,0.0,0.0
1334,1529963028,277600226,212.0,212.0,0.0,0.0,0.0,0.0
1335,1529963028,287601920,212.0,212.0,0.0,0.0,0.0,0.0
1336,1529963028,297601723,212.0,212.0,0.0,0.0,0.0,0.0
1337,1529963028,307598111,211.0,211.0,0.0,0.0,0.0,0.0
1338,1529963028,317609674,209.0,209.0,0.0,0.0,0.0,0.0
1339,1529963028,327607027,209.0,209.0,0.0,0.0,0.0,0.0
1340,1529963028,337598537,209.0,209.0,0.0,0.0,0.0,0.0
1341,1529963028,347604631,207.0,207.0,0.0,0.0,0.0,0.0
1342,1529963028,357600163,206.0,206.0,0.0,0.0,0.0,0.0
1343,1529963028,367623306,206.0,206.0,0.0,0.0,0.0,0.0
1344,1529963028,377600679,206.0,206.0,0.0,0.0,0.0,0.0
1345,1529963028,387597410,205.0,205.0,0.0,0.0,0.0,0.0
1346,1529963028,397606699,205.0,205.0,0.0,0.0,0.0,0.0
1347,1529963028,407606746,205.0,205.0,0.0,0.0,0.0,0.0
1348,1529963028,417662349,205.0,205.0,0.0,0.0,0.0,0.0
1349,1529963028,427606515,205.0,205.0,0.0,0.0,0.0,0.0
1350,1529963028,437600590,205.0,205.0,0.0,0.0,0.0,0.0
1351,1529963028,447599988,205.0,205.0,0.0,0.0,0.0,0.0
1352,1529963028,457607112,205.0,205.0,0.0,0.0,0.0,0.0
1353,1529963028,467601841,205.0,205.0,0.0,0.0,0.0,0.0
1354,1529963028,477597602,205.0,205.0,0.0,0.0,0.0,0.0
1355,1529963028,487609533,205.0,205.0,0.0,0.0,0.0,0.0
1356,1529963028,497614421,205.0,205.0,0.0,0.0,0.0,0.0
1357,1529963028,507603619,205.0,205.0,0.0,0.0,0.0,0.0
1358,1529963028,517605964,205.0,205.0,0.0,0.0,0.0,0.0
1359,1529963028,527601369,205.0,205.0,0.0,0.0,0.0,0.0
1360,1529963028,537603247,205.0,205.0,0.0,0.0,0.0,0.0
1361,1529963028,547601226,205.0,205.0,0.0,0.0,0.0,0.0
1362,1529963028,557600205,205.0,205.0,0.0,0.0,0.0,0.0
1363,1529963028,567610727,205.0,205.0,0.0,0.0,0.0,0.0
1364,1529963028,577599401,205.0,205.0,0.0,0.0,0.0,0.0
1365,1529963028,587606118,205.0,205.0,0.0,0.0,0.0,0.0
1366,1529963028,597602171,205.0,205.0,0.0,0.0,0.0,0.0
1367,1529963028,607616372,205.0,205.0,0.0,0.0,0.0,0.0
1368,1529963028,617600642,205.0,205.0,0.0,0.0,0.0,0.0
1369,1529963028,627607097,204.0,204.0,0.0,0.0,0.0,0.0
1370,1529963028,637605192,203.0,203.0,0.0,0.0,0.0,0.0
1371,1529963028,647610443,203.0,203.0,0.0,0.0,0.0,0.0
1372,1529963028,657611832,203.0,203.0,0.0,0.0,0.0,0.0
1373,1529963028,667612675,202.0,202.0,0.0,0.0,0.0,0.0
1374,1529963028,677603014,202.0,202.0,0.0,0.0,0.0,0.0
1375,1529963028,687611845,202.0,202.0,0.0,0.0,0.0,0.0
1376,1529963028,697601987,202.0,202.0,0.0,0.0,0.0,0.0
1377,1529963028,707598601,201.0,201.0,0.0,0.0,0.0,0.0
1378,1529963028,717606454,200.0,200.0,0.0,0.0,0.0,0.0
1379,1529963028,727601704,200.0,200.0,0.0,0.0,0.0,0.0
1380,1529963028,737603350,200.0,200.0,0.0,0.0,0.0,0.0
1381,1529963028,747636475,199.0,199.0,0.0,0.0,0.0,0.0
1382,1529963028,757603855,198.0,198.0,0.0,0.0,0.0,0.0
1383,1529963028,767622957,198.0,198.0,0.0,0.0,0.0,0.0
1384,1529963028,777598400,198.0,198.0,0.0,0.0,0.0,0.0
1385,1529963028,787601533,198.0,198.0,0.0,0.0,0.0,0.0
1386,1529963028,797598084,196.0,196.0,0.0,0.0,0.0,0.0
1387,1529963028,807646631,196.0,196.0,0.0,0.0,0.0,0.0
1388,1529963028,817607826,196.0,196.0,0.0,0.0,0.0,0.0
1389,1529963028,827599706,195.0,195.0,0.0,0.0,0.0,0.0
1390,1529963028,837600081,195.0,195.0,0.0,0.0,0.0,0.0
1391,1529963028,847622163,195.0,195.0,0.0,0.0,0.0,0.0
1392,1529963028,857607848,195.0,195.0,0.0,0.0,0.0,0.0
1393,1529963028,867613679,194.0,194.0,0.0,0.0,0.0,0.0
1394,1529963028,877598139,194.0,194.0,0.0,0.0,0.0,0.0
1395,1529963028,887601769,194.0,194.0,0.0,0.0,0.0,0.0
1396,1529963028,897602336,194.0,194.0,0.0,0.0,0.0,0.0
1397,1529963028,907606040,194.0,194.0,0.0,0.0,0.0,0.0
1398,1529963028,917609905,193.0,193.0,0.0,0.0,0.0,0.0
1399,1529963028,927598839,193.0,193.0,0.0,0.0,0.0,0.0
1400,1529963028,937606864,193.0,193.0,0.0,0.0,0.0,0.0
1401,1529963028,947600696,193.0,193.0,0.0,0.0,0.0,0.0
1402,1529963028,957600953,193.0,193.0,0.0,0.0,0.0,0.0
1403,1529963028,967599028,193.0,193.0,0.0,0.0,0.0,0.0
1404,1529963028,977605377,193.0,193.0,0.0,0.0,0.0,0.0
1405,1529963028,987610283,193.0,193.0,0.0,0.0,0.0,0.0
1406,1529963028,997603585,192.0,192.0,0.0,0.0,0.0,0.0
1407,1529963029,7598922,192.0,192.0,0.0,0.0,0.0,0.0
1408,1529963029,17609616,192.0,192.0,0.0,0.0,0.0,0.0
1409,1529963029,27598532,192.0,192.0,0.0,0.0,0.0,0.0
1410,1529963029,37635488,192.0,192.0,0.0,0.0,0.0,0.0
1411,1529963029,47600859,192.0,192.0,0.0,0.0,0.0,0.0
1412,1529963029,57602678,192.0,192.0,0.0,0.0,0.0,0.0
1413,1529963029,67605129,190.0,190.0,0.0,0.0,0.0,0.0
1414,1529963029,77612874,190.0,190.0,0.0,0.0,0.0,0.0
1415,1529963029,87607314,190.0,190.0,0.0,0.0,0.0,0.0
1416,1529963029,97600042,190.0,190.0,0.0,0.0,0.0,0.0
1417,1529963029,107612102,189.0,189.0,0.0,0.0,0.0,0.0
1418,1529963029,117604537,188.0,188.0,0.0,0.0,0.0,0.0
1419,1529963029,127600119,188.0,188.0,0.0,0.0,0.0,0.0
1420,1529963029,137601728,188.0,188.0,0.0,0.0,0.0,0.0
1421,1529963029,147599444,186.0,186.0,0.0,0.0,0.0,0.0
1422,1529963029,157607673,186.0,181.0,0.0,0.0,0.0,0.0
1423,1529963029,167596560,186.0,181.0,0.0,0.0,0.0,0.0
1424,1529963029,177600445,186.0,181.0,0.0,0.0,0.0,0.0
1425,1529963029,187600201,184.0,178.0,0.0,0.0,0.0,0.0
1426,1529963029,197604237,183.0,175.0,0.0,0.0,0.0,0.0
1427,1529963029,207606706,183.0,175.0,0.0,0.0,0.0,0.0
1428,1529963029,217600697,183.0,175.0,0.0,0.0,0.0,0.0
1429,1529963029,227600812,183.0,172.0,0.0,0.0,0.0,0.0
1430,1529963029,237600396,183.0,167.0,0.0,0.0,0.0,0.0
1431,1529963029,247600890,183.0,167.0,0.0,0.0,0.0,0.0
1432,1529963029,257603926,183.0,167.0,0.0,0.0,0.0,0.0
1433,1529963029,267598738,183.0,166.0,0.0,0.0,0.0,0.0
1434,1529963029,277598043,183.0,163.0,0.0,0.0,0.0,0.0
1435,1529963029,287614407,183.0,163.0,0.0,0.0,0.0,0.0
1436,1529963029,297600900,183.0,163.0,0.0,0.0,0.0,0.0
1437,1529963029,307599741,183.0,162.0,0.0,0.0,0.0,0.0
1438,1529963029,317599850,182.0,159.0,0.0,0.0,0.0,0.0
1439,1529963029,327600075,182.0,159.0,0.0,0.0,0.0,0.0
1440,1529963029,337619487,182.0,159.0,0.0,0.0,0.0,0.0
1441,1529963029,347607641,182.0,158.0,0.0,0.0,0.0,0.0
1442,1529963029,357611177,183.0,157.0,0.0,0.0,0.0,0.0
1443,1529963029,367619838,183.0,157.0,0.0,0.0,0.0,0.0
1444,1529963029,377600705,183.0,157.0,0.0,0.0,0.0,0.0
1445,1529963029,387603421,183.0,156.0,0.0,0.0,0.0,0.0
1446,1529963029,397599779,183.0,156.0,0.0,0.0,0.0,0.0
1447,1529963029,407599530,183.0,156.0,0.0,0.0,0.0,0.0
1448,1529963029,417604680,183.0,156.0,0.0,0.0,0.0,0.0
1449,1529963029,427613407,183.0,155.0,0.0,0.0,0.0,0.0
1450,1529963029,437614419,183.0,154.0,0.0,0.0,0.0,0.0
1451,1529963029,447619808,183.0,154.0,0.0,0.0,0.0,0.0
1452,1529963029,457612443,183.0,154.0,0.0,0.0,0.0,0.0
1453,1529963029,467612441,183.0,154.0,0.0,0.0,0.0,0.0
1454,1529963029,477616016,184.0,153.0,0.0,0.0,0.0,0.0
1455,1529963029,487618090,184.0,153.0,0.0,0.0,0.0,0.0
1456,1529963029,497599177,184.0,153.0,0.0,0.0,0.0,0.0
1457,1529963029,507602826,184.0,152.0,0.0,0.0,0.0,0.0
1458,1529963029,517601554,184.0,152.0,0.0,0.0,0.0,0.0
1459,1529963029,527599940,184.0,152.0,0.0,0.0,0.0,0.0
1460,1529963029,537606355,184.0,152.0,0.0,0.0,0.0,0.0
1461,1529963029,547616483,184.0,152.0,0.0,0.0,0.0,0.0
1462,1529963029,557605857,184.0,152.0,0.0,0.0,0.0,0.0
1463,1529963029,567601204,184.0,152.0,0.0,0.0,0.0,0.0
1464,1529963029,577603580,184.0,152.0,0.0,0.0,0.0,0.0
1465,1529963029,587608669,184.0,152.0,0.0,0.0,0.0,0.0
1466,1529963029,597602276,184.0,152.0,0.0,0.0,0.0,0.0
1467,1529963029,607603409,184.0,152.0,0.0,0.0,0.0,0.0
1468,1529963029,617600903,184.0,152.0,0.0,0.0,0.0,0.0
1469,1529963029,627597426,183.0,151.0,0.0,0.0,0.0,0.0
1470,1529963029,637606452,183.0,151.0,0.0,0.0,0.0,0.0
1471,1529963029,647593919,183.0,151.0,0.0,0.0,0.0,0.0
1472,1529963029,657598433,183.0,151.0,0.0,0.0,0.0,0.0
1473,1529963029,667563622,183.0,151.0,0.0,0.0,0.0,0.0
1474,1529963029,677603303,183.0,151.0,0.0,0.0,0.0,0.0
1475,1529963029,687606674,183.0,151.0,0.0,0.0,0.0,0.0
1476,1529963029,697597226,183.0,151.0,0.0,0.0,0.0,0.0
1477,1529963029,707599468,182.0,150.0,0.0,0.0,0.0,0.0
1478,1529963029,717598933,181.0,149.0,0.0,0.0,0.0,0.0
1479,1529963029,727623166,181.0,149.0,0.0,0.0,0.0,0.0
1480,1529963029,737602863,181.0,149.0,0.0,0.0,0.0,0.0
1481,1529963029,747611498,181.0,148.0,0.0,0.0,0.0,0.0
1482,1529963029,757599680,181.0,148.0,0.0,0.0,0.0,0.0
1483,1529963029,767606775,181.0,148.0,0.0,0.0,0.0,0.0
1484,1529963029,777601928,181.0,148.0,0.0,0.0,0.0,0.0
1485,1529963029,787601381,179.0,146.0,0.0,0.0,0.0,0.0
1486,1529963029,797600744,178.0,143.0,0.0,0.0,0.0,0.0
1487,1529963029,807616136,178.0,143.0,0.0,0.0,0.0,0.0
1488,1529963029,817608610,178.0,143.0,0.0,0.0,0.0,0.0
1489,1529963029,827599340,178.0,143.0,0.0,0.0,0.0,0.0
1490,1529963029,837598866,176.0,141.0,0.0,0.0,0.0,0.0
1491,1529963029,847597753,176.0,141.0,0.0,0.0,0.0,0.0
1492,1529963029,857602951,176.0,141.0,0.0,0.0,0.0,0.0
1493,1529963029,867602518,175.0,139.0,0.0,0.0,0.0,0.0
1494,1529963029,877598998,171.0,135.0,0.0,0.0,0.0,0.0
1495,1529963029,887623491,171.0,135.0,0.0,0.0,0.0,0.0
1496,1529963029,897607629,171.0,135.0,0.0,0.0,0.0,0.0
1497,1529963029,907599710,164.0,131.0,0.0,0.0,0.0,0.0
1498,1529963029,917598244,142.0,127.0,0.0,0.0,0.0,0.0
1499,1529963029,927596717,142.0,127.0,0.0,0.0,0.0,0.0
1500,1529963029,937648190,142.0,127.0,0.0,0.0,0.0,0.0
1501,1529963029,947620938,123.0,116.0,0.0,0.0,0.0,0.0
1502,1529963029,957609808,95.0,95.0,0.0,0.0,0.0,0.0
1503,1529963029,967622550,95.0,95.0,0.0,0.0,0.0,0.0
1504,1529963029,977603095,95.0,95.0,0.0,0.0,0.0,0.0
1505,1529963029,987613363,0.0,0.0,0.0,0.0,0.0,0.0
1506,1529963029,997608788,0.0,0.0,0.0,0.0,0.0,0.0
1507,1529963030,7619539,0.0,0.0,0.0,0.0,0.0,0.0
1508,1529963030,17608954,0.0,0.0,0.0,0.0,0.0,0.0
1509,1529963030,27604500,0.0,0.0,0.0,0.0,0.0,0.0
1510,1529963030,37598388,0.0,0.0,0.0,0.0,0.0,0.0
1511,1529963030,47597672,0.0,0.0,0.0,0.0,0.0,0.0
1512,1529963030,57594221,0.0,0.0,0.0,0.0,0.0,0.0
1513,1529963030,67606978,0.0,0.0,0.0,0.0,0.0,0.0
1514,1529963030,77599771,0.0,0.0,0.0,0.0,0.0,0.0
1515,1529963030,87615064,0.0,0.0,0.0,0.0,0.0,0.0
1516,1529963030,97599104,0.0,0.0,0.0,0.0,0.0,0.0
1517,1529963030,107614651,0.0,0.0,0.0,0.0,0.0,0.0
1518,1529963030,117605316,0.0,0.0,0.0,0.0,0.0,0.0
1519,1529963030,127627991,0.0,0.0,0.0,0.0,0.0,0.0
1520,1529963030,137599788,0.0,0.0,0.0,0.0,0.0,0.0
1521,1529963030,147614704,0.0,0.0,0.0,0.0,0.0,0.0
1522,1529963030,157608065,0.0,0.0,0.0,0.0,0.0,0.0
1523,1529963030,167599296,0.0,0.0,0.0,0.0,0.0,0.0
1524,1529963030,177597511,0.0,0.0,0.0,0.0,0.0,0.0
1525,1529963030,187593547,0.0,0.0,0.0,0.0,0.0,0.0
1526,1529963030,197627155,0.0,0.0,0.0,0.0,0.0,0.0
1527,1529963030,207602799,0.0,0.0,0.0,0.0,0.0,0.0
1528,1529963030,217607501,0.0,0.0,0.0,0.0,0.0,0.0
1529,1529963030,227595222,0.0,0.0,0.0,0.0,0.0,0.0
1530,1529963030,237596933,0.0,0.0,0.0,0.0,0.0,0.0
1531,1529963030,247597330,0.0,0.0,0.0,0.0,0.0,0.0
1532,1529963030,257668908,0.0,0.0,0.0,0.0,0.0,0.0
1533,1529963030,267595150,0.0,0.0,0.0,0.0,0.0,0.0
1534,1529963030,277596043,0.0,0.0,0.0,0.0,0.0,0.0
1535,1529963030,287623445,0.0,0.0,0.0,0.0,0.0,0.0
1536,1529963030,297614086,0.0,0.0,0.0,0.0,0.0,0.0
1537,1529963030,307608631,0.0,0.0,0.0,0.0,0.0,0.0
1538,1529963030,317614644,0.0,0.0,0.0,0.0,0.0,0.0
1539,1529963030,327617576,0.0,0.0,0.0,0.0,0.0,0.0
1540,1529963030,337605676,0.0,0.0,0.0,0.0,0.0,0.0
1541,1529963030,347605808,0.0,0.0,0.0,0.0,0.0,0.0
1542,1529963030,357599493,0.0,0.0,0.0,0.0,0.0,0.0
1543,1529963030,367598742,0.0,0.0,0.0,0.0,0.0,0.0
1544,1529963030,377596563,0.0,0.0,0.0,0.0,0.0,0.0
1545,1529963030,387598585,0.0,0.0,0.0,0.0,0.0,0.0
1546,1529963030,397594891,0.0,0.0,0.0,0.0,0.0,0.0
1547,1529963030,407593311,0.0,0.0,0.0,0.0,0.0,0.0
1548,1529963030,417620208,0.0,0.0,0.0,0.0,0.0,0.0
1549,1529963030,427607014,0.0,0.0,0.0,0.0,0.0,0.0
1550,1529963030,437614918,0.0,0.0,0.0,0.0,0.0,0.0
1551,1529963030,447603564,0.0,0.0,0.0,0.0,0.0,0.0
1552,1529963030,457598171,0.0,0.0,0.0,0.0,0.0,0.0
1553,1529963030,467613098,0.0,0.0,0.0,0.0,0.0,0.0
1554,1529963030,477596645,0.0,0.0,0.0,0.0,0.0,0.0
1555,1529963030,487593765,0.0,0.0,0.0,0.0,0.0,0.0
1556,1529963030,497627542,0.0,0.0,0.0,0.0,0.0,0.0
1557,1529963030,507610755,0.0,0.0,0.0,0.0,0.0,0.0
1558,1529963030,517598591,0.0,0.0,0.0,0.0,0.0,0.0
1559,1529963030,527598807,0.0,0.0,0.0,0.0,0.0,0.0
1560,1529963030,537596819,0.0,0.0,0.0,0.0,0.0,0.0
1561,1529963030,547615485,0.0,0.0,0.0,0.0,0.0,0.0
1562,1529963030,557601161,0.0,0.0,0.0,0.0,0.0,0.0
1563,1529963030,567592850,0.0,0.0,0.0,0.0,0.0,0.0
1564,1529963030,577597428,0.0,0.0,0.0,0.0,0.0,0.0
1565,1529963030,587597711,0.0,0.0,0.0,0.0,0.0,0.0
1566,1529963030,597620830,0.0,0.0,0.0,0.0,0.0,0.0
1567,1529963030,607608007,0.0,0.0,0.0,0.0,0.0,0.0
1568,1529963030,617605427,0.0,0.0,0.0,0.0,0.0,0.0
1569,1529963030,627604998,0.0,0.0,0.0,0.0,0.0,0.0
1570,1529963030,637620933,0.0,0.0,0.0,0.0,0.0,0.0
1571,1529963030,647613195,0.0,0.0,0.0,0.0,0.0,0.0
1572,1529963030,657612338,0.0,0.0,0.0,0.0,0.0,0.0
1573,1529963030,667610138,0.0,0.0,0.0,0.0,0.0,0.0
1574,1529963030,677621138,0.0,0.0,0.0,0.0,0.0,0.0
1575,1529963030,687611229,0.0,0.0,0.0,0.0,0.0,0.0
1576,1529963030,697595363,0.0,0.0,0.0,0.0,0.0,0.0
1577,1529963030,707599370,0.0,0.0,0.0,0.0,0.0,0.0
1578,1529963030,717604495,0.0,0.0,0.0,0.0,0.0,0.0
1579,1529963030,727614952,0.0,0.0,0.0,0.0,0.0,0.0
1580,1529963030,737598608,0.0,0.0,0.0,0.0,0.0,0.0
1581,1529963030,747599112,0.0,0.0,0.0,0.0,0.0,0.0
1582,1529963030,757592898,0.0,0.0,0.0,0.0,0.0,0.0
1583,1529963030,767606806,0.0,0.0,0.0,0.0,0.0,0.0
1584,1529963030,777600113,0.0,0.0,0.0,0.0,0.0,0.0
1585,1529963030,787598775,0.0,0.0,0.0,0.0,0.0,0.0
1586,1529963030,797595055,0.0,0.0,0.0,0.0,0.0,0.0
1587,1529963030,807601961,0.0,0.0,0.0,0.0,0.0,0.0
1588,1529963030,817602588,0.0,0.0,0.0,0.0,0.0,0.0
1589,1529963030,827599426,0.0,0.0,0.0,0.0,0.0,0.0
1590,1529963030,837594924,0.0,0.0,0.0,0.0,0.0,0.0
1591,1529963030,847594381,0.0,0.0,0.0,0.0,0.0,0.0
1592,1529963030,857604682,0.0,0.0,0.0,0.0,0.0,0.0
1593,1529963030,867614882,0.0,0.0,0.0,0.0,0.0,0.0
