937,1529962985,911228200,0.0,0.0,0.0,0.0,0.0,0.0
938,1529962985,921225189,0.0,0.0,0.0,0.0,0.0,0.0
939,1529962985,931256533,0.0,0.0,0.0,0.0,0.0,0.0
940,1529962985,941243481,0.0,0.0,0.0,0.0,0.0,0.0
941,1529962985,951223333,0.0,0.0,0.0,0.0,0.0,0.0
942,1529962985,961225794,0.0,0.0,0.0,0.0,0.0,0.0
943,1529962985,971221925,0.0,0.0,0.0,0.0,0.0,0.0
944,1529962985,981221257,0.0,0.0,0.0,0.0,0.0,0.0
945,1529962985,991218660,0.0,0.0,0.0,0.0,0.0,0.0
946,1529962986,1231924,0.0,0.0,0.0,0.0,0.0,0.0
947,1529962986,11226253,0.0,0.0,0.0,0.0,0.0,0.0
948,1529962986,21221240,0.0,0.0,0.0,0.0,0.0,0.0
949,1529962986,31228741,0.0,0.0,0.0,0.0,0.0,0.0
950,1529962986,41230555,0.0,0.0,0.0,0.0,0.0,0.0
951,1529962986,51232211,0.0,0.0,0.0,0.0,0.0,0.0
952,1529962986,61224174,0.0,0.0,0.0,0.0,0.0,0.0
953,1529962986,71221718,0.0,0.0,0.0,0.0,0.0,0.0
954,1529962986,81222101,0.0,0.0,0.0,0.0,0.0,0.0
955,1529962986,91230375,0.0,0.0,0.0,0.0,0.0,0.0
956,1529962986,101226708,0.0,0.0,0.0,0.0,0.0,0.0
957,1529962986,111227879,0.0,0.0,0.0,0.0,0.0,0.0
958,1529962986,121221068,0.0,0.0,0.0,0.0,0.0,0.0
959,1529962986,131234282,0.0,0.0,0.0,0.0,0.0,0.0
960,1529962986,141227300,0.0,0.0,0.0,0.0,0.0,0.0
961,1529962986,151220475,0.0,0.0,0.0,0.0,0.0,0.0
962,1529962986,161221506,0.0,0.0,0.0,0.0,0.0,0.0
963,1529962986,171229274,0.0,0.0,0.0,0.0,0.0,0.0
964,1529962986,181226726,0.0,0.0,0.0,0.0,0.0,0.0
965,1529962986,191221949,0.0,0.0,0.0,0.0,0.0,0.0
966,1529962986,201229656,0.0,0.0,0.0,0.0,0.0,0.0
967,1529962986,211223204,0.0,0.0,0.0,0.0,0.0,0.0
968,1529962986,221226743,0.0,0.0,0.0,0.0,0.0,0.0
969,1529962986,231222400,0.0,0.0,0.0,0.0,0.0,0.0
970,1529962986,241221237,0.0,0.0,0.0,0.0,0.0,0.0
971,1529962986,251219924,0.0,0.0,0.0,0.0,0.0,0.0
972,1529962986,261229264,0.0,0.0,0.0,0.0,0.0,0.0
973,1529962986,271227774,0.0,0.0,0.0,0.0,0.0,0.0
974,1529962986,281231300,0.0,0.0,0.0,0.0,0.0,0.0
975,1529962986,291221168,0.0,0.0,0.0,0.0,0.0,0.0
976,1529962986,301226175,0.0,0.0,0.0,0.0,0.0,0.0
977,1529962986,311225433,0.0,0.0,0.0,0.0,0.0,0.0
978,1529962986,321220188,0.0,0.0,0.0,0.0,0.0,0.0
979,1529962986,331223079,0.0,0.0,0.0,0.0,0.0,0.0
980,1529962986,341223960,0.0,0.0,0.0,0.0,0.0,0.0
981,1529962986,356391254,0.0,0.0,0.0,0.0,0.0,0.0
982,1529962986,361226998,0.0,0.0,0.0,0.0,0.0,0.0
983,1529962986,371220804,0.0,0.0,0.0,0.0,0.0,0.0
984,1529962986,381216193,0.0,0.0,0.0,0.0,0.0,0.0
985,1529962986,391298887,0.0,0.0,0.0,0.0,0.0,0.0
986,1529962986,401219439,0.0,0.0,0.0,0.0,0.0,0.0
987,1529962986,411221549,0.0,0.0,0.0,0.0,0.0,0.0
988,1529962986,421221750,0.0,0.0,0.0,0.0,0.0,0.0
989,1529962986,431223774,0.0,0.0,0.0,0.0,0.0,0.0
990,1529962986,441226908,0.0,0.0,0.0,0.0,0.0,0.0
991,1529962986,451216549,0.0,0.0,0.0,0.0,0.0,0.0
992,1529962986,461230557,0.0,0.0,0.0,0.0,0.0,0.0
993,1529962986,471218064,0.0,0.0,0.0,0.0,0.0,0.0
994,1529962986,481234282,0.0,0.0,0.0,0.0,0.0,0.0
995,1529962986,491225405,0.0,0.0,0.0,0.0,0.0,0.0
996,1529962986,501218820,0.0,0.0,0.0,0.0,0.0,0.0
997,1529962986,511222583,0.0,0.0,0.0,0.0,0.0,0.0
998,1529962986,521226463,0.0,0.0,0.0,0.0,0.0,0.0
999,1529962986,531224286,0.0,0.0,0.0,0.0,0.0,0.0
1000,1529962986,541217273,0.0,0.0,0.0,0.0,0.0,0.0
1001,1529962986,551217365,0.0,0.0,0.0,0.0,0.0,0.0
1002,1529962986,561217547,0.0,0.0,0.0,0.0,0.0,0.0
1003,1529962986,571222165,0.0,0.0,0.0,0.0,0.0,0.0
1004,1529962986,581218913,0.0,0.0,0.0,0.0,0.0,0.0
1005,1529962986,591220587,0.0,0.0,0.0,0.0,0.0,0.0
1006,1529962986,601217089,0.0,0.0,0.0,0.0,0.0,0.0
1007,1529962986,611224100,0.0,0.0,0.0,0.0,0.0,0.0
1008,1529962986,621218633,0.0,0.0,0.0,0.0,0.0,0.0
1009,1529962986,631226963,0.0,0.0,0.0,0.0,0.0,0.0
1010,1529962986,641217598,0.0,0.0,0.0,0.0,0.0,0.0
1011,1529962986,651228472,0.0,0.0,0.0,0.0,0.0,0.0
1012,1529962986,661222215,0.0,0.0,0.0,0.0,0.0,0.0
1013,1529962986,671219908,0.0,0.0,0.0,0.0,0.0,0.0
1014,1529962986,681216513,0.0,0.0,0.0,0.0,0.0,0.0
1015,1529962986,691223159,0.0,0.0,0.0,0.0,0.0,0.0
1016,1529962986,701229535,0.0,0.0,0.0,0.0,0.0,0.0
1017,1529962986,711224696,0.0,0.0,0.0,0.0,0.0,0.0
1018,1529962986,721228677,0.0,0.0,0.0,0.0,0.0,0.0
1019,1529962986,731216556,0.0,0.0,0.0,0.0,0.0,0.0
1020,1529962986,741225627,0.0,0.0,0.0,0.0,0.0,0.0
1021,1529962986,751223026,0.0,0.0,0.0,0.0,0.0,0.0
1022,1529962986,761219530,0.0,0.0,0.0,0.0,0.0,0.0
1023,1529962986,771218718,0.0,0.0,0.0,0.0,0.0,0.0
1024,1529962986,781224793,0.0,0.0,0.0,0.0,0.0,0.0
1025,1529962986,791223413,0.0,0.0,0.0,0.0,0.0,0.0
1026,1529962986,801219319,0.0,0.0,0.0,0.0,0.0,0.0
1027,1529962986,811220094,0.0,0.0,0.0,0.0,0.0,0.0
1028,1529962986,821218654,0.0,0.0,0.0,0.0,0.0,0.0
1029,1529962986,831222704,0.0,0.0,0.0,0.0,0.0,0.0
1030,1529962986,841223046,0.0,0.0,0.0,0.0,0.0,0.0
1031,1529962986,851216345,0.0,0.0,0.0,0.0,0.0,0.0
1032,1529962986,861219239,0.0,0.0,0.0,0.0,0.0,0.0
1033,1529962986,871299106,0.0,0.0,0.0,0.0,0.0,0.0
1034,1529962986,881226207,0.0,0.0,0.0,0.0,0.0,0.0
1035,1529962986,891218584,0.0,0.0,0.0,0.0,0.0,0.0
1036,1529962986,901219791,0.0,0.0,0.0,0.0,0.0,0.0
1037,1529962986,911220307,0.0,0.0,0.0,0.0,0.0,0.0
1038,1529962986,921222855,0.0,0.0,0.0,0.0,0.0,0.0
1039,1529962986,931227161,0.0,0.0,0.0,0.0,0.0,0.0
1040,1529962986,941218241,0.0,0.0,0.0,0.0,0.0,0.0
1041,1529962986,951219174,0.0,0.0,0.0,0.0,0.0,0.0
1042,1529962986,961223013,0.0,0.0,0.0,0.0,0.0,0.0
1043,1529962986,971232435,97.0,97.0,0.0,0.0,0.0,0.0
1044,1529962986,981233702,113.0,113.0,0.0,0.0,0.0,0.0
1045,1529962986,991226854,113.0,113.0,0.0,0.0,0.0,0.0
1046,1529962987,1228536,113.0,113.0,0.0,0.0,0.0,0.0
1047,1529962987,11236469,118.0,118.0,0.0,0.0,0.0,0.0
1048,1529962987,21236544,136.0,136.0,0.0,0.0,0.0,0.0
1049,1529962987,31231580,136.0,136.0,0.0,0.0,0.0,0.0
1050,1529962987,41223206,136.0,136.0,0.0,0.0,0.0,0.0
1051,1529962987,51242026,142.0,142.0,0.0,0.0,0.0,0.0
1052,1529962987,61225363,158.0,145.0,0.0,0.0,0.0,0.0
1053,1529962987,71225290,158.0,145.0,0.0,0.0,0.0,0.0
1054,1529962987,81220440,158.0,145.0,0.0,0.0,0.0,0.0
1055,1529962987,91227579,164.0,142.0,0.0,0.0,0.0,0.0
1056,1529962987,101245674,182.0,141.0,0.0,0.0,0.0,0.0
1057,1529962987,111225627,182.0,141.0,0.0,0.0,0.0,0.0
1058,1529962987,121223929,182.0,141.0,0.0,0.0,0.0,0.0
1059,1529962987,131220506,187.0,142.0,0.0,0.0,0.0,0.0
1060,1529962987,141228262,202.0,149.0,0.0,0.0,0.0,0.0
1061,1529962987,151225598,202.0,149.0,0.0,0.0,0.0,0.0
1062,1529962987,161222190,202.0,149.0,0.0,0.0,0.0,0.0
1063,1529962987,171237073,214.0,136.0,0.0,0.0,0.0,0.0
1064,1529962987,182099204,234.0,138.0,0.0,0.0,0.0,0.0
1065,1529962987,191228436,234.0,138.0,0.0,0.0,0.0,0.0
1066,1529962987,201242231,234.0,138.0,0.0,0.0,0.0,0.0
1067,1529962987,211222623,243.0,137.0,0.0,0.0,0.0,0.0
1068,1529962987,221225014,267.0,139.0,0.0,0.0,0.0,0.0
1069,1529962987,231229463,267.0,139.0,0.0,0.0,0.0,0.0
1070,1529962987,241232565,267.0,139.0,0.0,0.0,0.0,0.0
1071,1529962987,251233380,273.0,143.0,0.0,0.0,0.0,0.0
1072,1529962987,261224540,286.0,155.0,0.0,0.0,0.0,0.0
1073,1529962987,271243093,286.0,155.0,0.0,0.0,0.0,0.0
1074,1529962987,281227540,286.0,155.0,0.0,0.0,0.0,0.0
1075,1529962987,291225614,287.0,154.0,0.0,0.0,0.0,0.0
1076,1529962987,301222751,290.0,152.0,0.0,0.0,0.0,0.0
1077,1529962987,311230032,290.0,152.0,0.0,0.0,0.0,0.0
1078,1529962987,321226759,290.0,152.0,0.0,0.0,0.0,0.0
1079,1529962987,331226698,292.0,148.0,0.0,0.0,0.0,0.0
1080,1529962987,341223068,296.0,142.0,0.0,0.0,0.0,0.0
1081,1529962987,351223897,296.0,142.0,0.0,0.0,0.0,0.0
1082,1529962987,361228346,296.0,142.0,0.0,0.0,0.0,0.0
1083,1529962987,371225289,305.0,128.0,0.0,0.0,0.0,0.0
1084,1529962987,381230337,309.0,123.0,0.0,0.0,0.0,0.0
1085,1529962987,391222279,309.0,123.0,0.0,0.0,0.0,0.0
1086,1529962987,401225813,309.0,123.0,0.0,0.0,0.0,0.0
1087,1529962987,411225664,318.0,109.0,0.0,0.0,0.0,0.0
1088,1529962987,421223154,320.0,105.0,0.0,0.0,0.0,0.0
1089,1529962987,431225440,320.0,105.0,0.0,0.0,0.0,0.0
1090,1529962987,441241568,320.0,105.0,0.0,0.0,0.0,0.0
1091,1529962987,451229609,322.0,95.0,0.0,0.0,0.0,0.0
1092,1529962987,461225475,334.0,77.0,0.0,0.0,0.0,0.0
1093,1529962987,471224598,334.0,77.0,0.0,0.0,0.0,0.0
1094,1529962987,481228141,334.0,77.0,0.0,0.0,0.0,0.0
1095,1529962987,491233191,335.0,69.0,0.0,0.0,0.0,0.0
1096,1529962987,501226663,346.0,54.0,0.0,0.0,0.0,0.0
1097,1529962987,511218185,346.0,54.0,0.0,0.0,0.0,0.0
1098,1529962987,521222204,346.0,54.0,0.0,0.0,0.0,0.0
1099,1529962987,531231272,347.0,52.0,0.0,0.0,0.0,0.0
1100,1529962987,541225781,348.0,51.0,0.0,0.0,0.0,0.0
1101,1529962987,551220773,348.0,51.0,0.0,0.0,0.0,0.0
1102,1529962987,561227348,348.0,51.0,0.0,0.0,0.0,0.0
1103,1529962987,571229195,348.0,51.0,0.0,0.0,0.0,0.0
1104,1529962987,581242241,347.0,52.0,0.0,0.0,0.0,0.0
1105,1529962987,591225561,347.0,52.0,0.0,0.0,0.0,0.0
1106,1529962987,601225514,347.0,52.0,0.0,0.0,0.0,0.0
1107,1529962987,611228960,323.0,77.0,0.0,0.0,0.0,0.0
1108,1529962987,621429602,289.0,109.0,0.0,0.0,0.0,0.0
1109,1529962987,631228481,289.0,109.0,0.0,0.0,0.0,0.0
1110,1529962987,641223742,289.0,109.0,0.0,0.0,0.0,0.0
1111,1529962987,651224526,254.0,150.0,0.0,0.0,0.0,0.0
1112,1529962987,666215815,231.0,195.0,0.0,0.0,0.0,0.0
1113,1529962987,671221658,231.0,195.0,0.0,0.0,0.0,0.0
1114,1529962987,681223382,231.0,195.0,0.0,0.0,0.0,0.0
1115,1529962987,691225679,224.0,224.0,0.0,0.0,0.0,0.0
1116,1529962987,701178448,224.0,224.0,0.0,0.0,0.0,0.0
1117,1529962987,711240232,224.0,224.0,0.0,0.0,0.0,0.0
1118,1529962987,721240734,224.0,224.0,0.0,0.0,0.0,0.0
1119,1529962987,731246880,224.0,224.0,0.0,0.0,0.0,0.0
1120,1529962987,741225556,223.0,223.0,0.0,0.0,0.0,0.0
1121,1529962987,751237032,223.0,223.0,0.0,0.0,0.0,0.0
1122,1529962987,761248048,223.0,223.0,0.0,0.0,0.0,0.0
1123,1529962987,771232301,222.0,222.0,0.0,0.0,0.0,0.0
1124,1529962987,781316637,222.0,222.0,0.0,0.0,0.0,0.0
1125,1529962987,791230499,222.0,222.0,0.0,0.0,0.0,0.0
1126,1529962987,801230645,222.0,222.0,0.0,0.0,0.0,0.0
1127,1529962987,811227018,222.0,222.0,0.0,0.0,0.0,0.0
1128,1529962987,821234910,221.0,221.0,0.0,0.0,0.0,0.0
1129,1529962987,831227639,221.0,221.0,0.0,0.0,0.0,0.0
1130,1529962987,841227882,221.0,221.0,0.0,0.0,0.0,0.0
1131,1529962987,851228935,221.0,221.0,0.0,0.0,0.0,0.0
1132,1529962987,861226141,221.0,221.0,0.0,0.0,0.0,0.0
1133,1529962987,871224780,221.0,221.0,0.0,0.0,0.0,0.0
1134,1529962987,881269356,221.0,221.0,0.0,0.0,0.0,0.0
1135,1529962987,891227731,220.0,220.0,0.0,0.0,0.0,0.0
1136,1529962987,901228051,220.0,220.0,0.0,0.0,0.0,0.0
1137,1529962987,911228208,220.0,220.0,0.0,0.0,0.0,0.0
1138,1529962987,921224985,220.0,220.0,0.0,0.0,0.0,0.0
1139,1529962987,931231237,219.0,219.0,0.0,0.0,0.0,0.0
1140,1529962987,941226623,218.0,218.0,0.0,0.0,0.0,0.0
1141,1529962987,951229720,218.0,218.0,0.0,0.0,0.0,0.0
1142,1529962987,961228882,218.0,218.0,0.0,0.0,0.0,0.0
1143,1529962987,971244341,217.0,217.0,0.0,0.0,0.0,0.0
1144,1529962987,981242211,216.0,216.0,0.0,0.0,0.0,0.0
1145,1529962987,991231513,216.0,216.0,0.0,0.0,0.0,0.0
1146,1529962988,1228265,216.0,216.0,0.0,0.0,0.0,0.0
1147,1529962988,11228047,214.0,214.0,0.0,0.0,0.0,0.0
1148,1529962988,21230756,213.0,213.0,0.0,0.0,0.0,0.0
1149,1529962988,31223096,213.0,213.0,0.0,0.0,0.0,0.0
1150,1529962988,41225737,213.0,213.0,0.0,0.0,0.0,0.0
1151,1529962988,51223825,211.0,211.0,0.0,0.0,0.0,0.0
1152,1529962988,61240989,207.0,207.0,0.0,0.0,0.0,0.0
1153,1529962988,71228548,207.0,207.0,0.0,0.0,0.0,0.0
1154,1529962988,81226896,207.0,207.0,0.0,0.0,0.0,0.0
1155,1529962988,91223531,206.0,206.0,0.0,0.0,0.0,0.0
1156,1529962988,101232581,201.0,201.0,0.0,0.0,0.0,0.0
1157,1529962988,111231997,201.0,201.0,0.0,0.0,0.0,0.0
1158,1529962988,121222764,201.0,201.0,0.0,0.0,0.0,0.0
1159,1529962988,131224705,199.0,199.0,0.0,0.0,0.0,0.0
1160,1529962988,145093998,196.0,196.0,0.0,0.0,0.0,0.0
1161,1529962988,151233757,196.0,196.0,0.0,0.0,0.0,0.0
1162,1529962988,161226154,196.0,196.0,0.0,0.0,0.0,0.0
1163,1529962988,171223794,194.0,194.0,0.0,0.0,0.0,0.0
1164,1529962988,181231676,192.0,192.0,0.0,0.0,0.0,0.0
1165,1529962988,191230524,192.0,192.0,0.0,0.0,0.0,0.0
1166,1529962988,201225794,192.0,192.0,0.0,0.0,0.0,0.0
1167,1529962988,211226906,191.0,191.0,0.0,0.0,0.0,0.0
1168,1529962988,221226070,182.0,190.0,0.0,0.0,0.0,0.0
1169,1529962988,231240739,182.0,190.0,0.0,0.0,0.0,0.0
1170,1529962988,241226205,182.0,190.0,0.0,0.0,0.0,0.0
1171,1529962988,251228766,162.0,191.0,0.0,0.0,0.0,0.0
1172,1529962988,261240794,158.0,192.0,0.0,0.0,0.0,0.0
1173,1529962988,271228217,158.0,192.0,0.0,0.0,0.0,0.0
1174,1529962988,281243199,158.0,192.0,0.0,0.0,0.0,0.0
1175,1529962988,291237366,142.0,197.0,0.0,0.0,0.0,0.0
1176,1529962988,301228804,138.0,199.0,0.0,0.0,0.0,0.0
1177,1529962988,311222014,138.0,199.0,0.0,0.0,0.0,0.0
1178,1529962988,321229069,138.0,199.0,0.0,0.0,0.0,0.0
1179,1529962988,331233956,131.0,202.0,0.0,0.0,0.0,0.0
1180,1529962988,341225437,118.0,210.0,0.0,0.0,0.0,0.0
1181,1529962988,351227778,118.0,210.0,0.0,0.0,0.0,0.0
1182,1529962988,361229968,118.0,210.0,0.0,0.0,0.0,0.0
1183,1529962988,371228049,117.0,211.0,0.0,0.0,0.0,0.0
1184,1529962988,381245125,114.0,214.0,0.0,0.0,0.0,0.0
1185,1529962988,391246375,114.0,214.0,0.0,0.0,0.0,0.0
1186,1529962988,401233481,114.0,214.0,0.0,0.0,0.0,0.0
1187,1529962988,411240565,111.0,217.0,0.0,0.0,0.0,0.0
1188,1529962988,421234248,111.0,219.0,0.0,0.0,0.0,0.0
1189,1529962988,431244443,111.0,219.0,0.0,0.0,0.0,0.0
1190,1529962988,441230110,111.0,219.0,0.0,0.0,0.0,0.0
1191,1529962988,451233528,113.0,223.0,0.0,0.0,0.0,0.0
1192,1529962988,461231337,113.0,224.0,0.0,0.0,0.0,0.0
1193,1529962988,471226461,113.0,224.0,0.0,0.0,0.0,0.0
1194,1529962988,481225673,113.0,224.0,0.0,0.0,0.0,0.0
1195,1529962988,491225545,113.0,226.0,0.0,0.0,0.0,0.0
1196,1529962988,501241605,115.0,227.0,0.0,0.0,0.0,0.0
1197,1529962988,511234010,115.0,227.0,0.0,0.0,0.0,0.0
1198,1529962988,521225726,115.0,227.0,0.0,0.0,0.0,0.0
1199,1529962988,531223433,115.0,229.0,0.0,0.0,0.0,0.0
1200,1529962988,541231922,117.0,230.0,0.0,0.0,0.0,0.0
1201,1529962988,551228415,117.0,230.0,0.0,0.0,0.0,0.0
1202,1529962988,561230336,117.0,230.0,0.0,0.0,0.0,0.0
1203,1529962988,571227740,117.0,230.0,0.0,0.0,0.0,0.0
1204,1529962988,586006975,118.0,231.0,0.0,0.0,0.0,0.0
1205,1529962988,591237550,118.0,231.0,0.0,0.0,0.0,0.0
1206,1529962988,601228588,118.0,231.0,0.0,0.0,0.0,0.0
1207,1529962988,611227033,119.0,232.0,0.0,0.0,0.0,0.0
1208,1529962988,621226377,120.0,233.0,0.0,0.0,0.0,0.0
1209,1529962988,631233121,120.0,233.0,0.0,0.0,0.0,0.0
1210,1529962988,641232877,120.0,233.0,0.0,0.0,0.0,0.0
1211,1529962988,651229834,124.0,236.0,0.0,0.0,0.0,0.0
1212,1529962988,661240536,125.0,237.0,0.0,0.0,0.0,0.0
1213,1529962988,671237496,125.0,237.0,0.0,0.0,0.0,0.0
1214,1529962988,681228772,125.0,237.0,0.0,0.0,0.0,0.0
1215,1529962988,691227932,125.0,237.0,0.0,0.0,0.0,0.0
1216,1529962988,701231452,126.0,238.0,0.0,0.0,0.0,0.0
1217,1529962988,711227439,126.0,238.0,0.0,0.0,0.0,0.0
1218,1529962988,721243068,126.0,238.0,0.0,0.0,0.0,0.0
1219,1529962988,731229536,127.0,239.0,0.0,0.0,0.0,0.0
1220,1529962988,741225539,129.0,240.0,0.0,0.0,0.0,0.0
1221,1529962988,751235084,129.0,240.0,0.0,0.0,0.0,0.0
1222,1529962988,761237863,129.0,240.0,0.0,0.0,0.0,0.0
1223,1529962988,771240797,131.0,240.0,0.0,0.0,0.0,0.0
1224,1529962988,781224636,134.0,241.0,0.0,0.0,0.0,0.0
1225,1529962988,791222531,134.0,241.0,0.0,0.0,0.0,0.0
1226,1529962988,801224556,134.0,241.0,0.0,0.0,0.0,0.0
1227,1529962988,811228276,137.0,241.0,0.0,0.0,0.0,0.0
1228,1529962988,821239475,144.0,241.0,0.0,0.0,0.0,0.0
1229,1529962988,831233799,144.0,241.0,0.0,0.0,0.0,0.0
1230,1529962988,841238081,144.0,241.0,0.0,0.0,0.0,0.0
1231,1529962988,851231498,146.0,241.0,0.0,0.0,0.0,0.0
1232,1529962988,861225448,150.0,241.0,0.0,0.0,0.0,0.0
1233,1529962988,871225370,150.0,241.0,0.0,0.0,0.0,0.0
1234,1529962988,881224336,150.0,241.0,0.0,0.0,0.0,0.0
1235,1529962988,891231183,153.0,241.0,0.0,0.0,0.0,0.0
1236,1529962988,901233489,155.0,242.0,0.0,0.0,0.0,0.0
1237,1529962988,911226015,155.0,242.0,0.0,0.0,0.0,0.0
1238,1529962988,921232134,155.0,242.0,0.0,0.0,0.0,0.0
1239,1529962988,931232818,158.0,242.0,0.0,0.0,0.0,0.0
1240,1529962988,941228212,160.0,243.0,0.0,0.0,0.0,0.0
1241,1529962988,951224912,160.0,243.0,0.0,0.0,0.0,0.0
1242,1529962988,961225963,160.0,243.0,0.0,0.0,0.0,0.0
1243,1529962988,971225646,161.0,243.0,0.0,0.0,0.0,0.0
1244,1529962988,981239902,162.0,243.0,0.0,0.0,0.0,0.0
1245,1529962988,991234350,162.0,243.0,0.0,0.0,0.0,0.0
1246,1529962989,1227760,162.0,243.0,0.0,0.0,0.0,0.0
1247,1529962989,11227358,163.0,243.0,0.0,0.0,0.0,0.0
1248,1529962989,21240482,165.0,245.0,0.0,0.0,0.0,0.0
1249,1529962989,31227108,165.0,245.0,0.0,0.0,0.0,0.0
1250,1529962989,41223614,165.0,245.0,0.0,0.0,0.0,0.0
1251,1529962989,51229350,167.0,245.0,0.0,0.0,0.0,0.0
1252,1529962989,61236239,170.0,246.0,0.0,0.0,0.0,0.0
1253,1529962989,71234163,170.0,246.0,0.0,0.0,0.0,0.0
1254,1529962989,81225630,170.0,246.0,0.0,0.0,0.0,0.0
1255,1529962989,91224806,173.0,247.0,0.0,0.0,0.0,0.0
1256,1529962989,101224070,180.0,248.0,0.0,0.0,0.0,0.0
1257,1529962989,111270108,180.0,248.0,0.0,0.0,0.0,0.0
1258,1529962989,121225725,180.0,248.0,0.0,0.0,0.0,0.0
1259,1529962989,131225646,186.0,248.0,0.0,0.0,0.0,0.0
1260,1529962989,141224644,192.0,248.0,0.0,0.0,0.0,0.0
1261,1529962989,151223154,192.0,248.0,0.0,0.0,0.0,0.0
1262,1529962989,161232885,192.0,248.0,0.0,0.0,0.0,0.0
1263,1529962989,171224515,201.0,250.0,0.0,0.0,0.0,0.0
1264,1529962989,181228928,206.0,250.0,0.0,0.0,0.0,0.0
1265,1529962989,191225058,206.0,250.0,0.0,0.0,0.0,0.0
1266,1529962989,201234866,206.0,250.0,0.0,0.0,0.0,0.0
1267,1529962989,211231537,209.0,251.0,0.0,0.0,0.0,0.0
1268,1529962989,221222896,214.0,252.0,0.0,0.0,0.0,0.0
1269,1529962989,231226661,214.0,252.0,0.0,0.0,0.0,0.0
1270,1529962989,241230128,214.0,252.0,0.0,0.0,0.0,0.0
1271,1529962989,251228035,220.0,253.0,0.0,0.0,0.0,0.0
1272,1529962989,261227229,226.0,253.0,0.0,0.0,0.0,0.0
1273,1529962989,271226863,226.0,253.0,0.0,0.0,0.0,0.0
1274,1529962989,281225036,226.0,253.0,0.0,0.0,0.0,0.0
1275,1529962989,291233222,234.0,254.0,0.0,0.0,0.0,0.0
1276,1529962989,301229471,234.0,254.0,0.0,0.0,0.0,0.0
1277,1529962989,311228137,244.0,257.0,0.0,0.0,0.0,0.0
1278,1529962989,321226758,244.0,257.0,0.0,0.0,0.0,0.0
1279,1529962989,331239039,254.0,258.0,0.0,0.0,0.0,0.0
1280,1529962989,341229281,262.0,262.0,0.0,0.0,0.0,0.0
1281,1529962989,351228636,262.0,262.0,0.0,0.0,0.0,0.0
1282,1529962989,361225686,262.0,262.0,0.0,0.0,0.0,0.0
1283,1529962989,371230401,265.0,265.0,0.0,0.0,0.0,0.0
1284,1529962989,381231652,267.0,267.0,0.0,0.0,0.0,0.0
1285,1529962989,391227734,267.0,267.0,0.0,0.0,0.0,0.0
1286,1529962989,401223364,267.0,267.0,0.0,0.0,0.0,0.0
1287,1529962989,411223422,270.0,270.0,0.0,0.0,0.0,0.0
1288,1529962989,421273017,271.0,271.0,0.0,0.0,0.0,0.0
1289,1529962989,431225997,271.0,271.0,0.0,0.0,0.0,0.0
1290,1529962989,441226821,271.0,271.0,0.0,0.0,0.0,0.0
1291,1529962989,451224199,275.0,275.0,0.0,0.0,0.0,0.0
1292,1529962989,461240759,276.0,276.0,0.0,0.0,0.0,0.0
1293,1529962989,471235689,276.0,276.0,0.0,0.0,0.0,0.0
1294,1529962989,481258949,276.0,276.0,0.0,0.0,0.0,0.0
1295,1529962989,491225469,277.0,277.0,0.0,0.0,0.0,0.0
1296,1529962989,501225466,278.0,278.0,0.0,0.0,0.0,0.0
1297,1529962989,513366904,278.0,278.0,0.0,0.0,0.0,0.0
1298,1529962989,521228158,279.0,279.0,0.0,0.0,0.0,0.0
1299,1529962989,531226355,279.0,279.0,0.0,0.0,0.0,0.0
1300,1529962989,541226772,280.0,280.0,0.0,0.0,0.0,0.0
1301,1529962989,551242690,280.0,280.0,0.0,0.0,0.0,0.0
1302,1529962989,561229034,280.0,280.0,0.0,0.0,0.0,0.0
1303,1529962989,571224611,280.0,280.0,0.0,0.0,0.0,0.0
1304,1529962989,581226630,281.0,281.0,0.0,0.0,0.0,0.0
1305,1529962989,591232579,281.0,281.0,0.0,0.0,0.0,0.0
1306,1529962989,601230248,281.0,281.0,0.0,0.0,0.0,0.0
1307,1529962989,611229273,282.0,282.0,0.0,0.0,0.0,0.0
1308,1529962989,621222419,282.0,282.0,0.0,0.0,0.0,0.0
1309,1529962989,631228811,282.0,282.0,0.0,0.0,0.0,0.0
1310,1529962989,641241228,282.0,282.0,0.0,0.0,0.0,0.0
1311,1529962989,651227265,282.0,282.0,0.0,0.0,0.0,0.0
1312,1529962989,661228700,282.0,282.0,0.0,0.0,0.0,0.0
1313,1529962989,671226761,282.0,282.0,0.0,0.0,0.0,0.0
1314,1529962989,681244419,282.0,282.0,0.0,0.0,0.0,0.0
1315,1529962989,691232725,282.0,282.0,0.0,0.0,0.0,0.0
1316,1529962989,701225669,282.0,282.0,0.0,0.0,0.0,0.0
1317,1529962989,711226394,282.0,282.0,0.0,0.0,0.0,0.0
1318,1529962989,721222509,282.0,282.0,0.0,0.0,0.0,0.0
1319,1529962989,731234879,282.0,282.0,0.0,0.0,0.0,0.0
1320,1529962989,741226816,282.0,282.0,0.0,0.0,0.0,0.0
1321,1529962989,751224604,282.0,282.0,0.0,0.0,0.0,0.0
1322,1529962989,761225779,282.0,282.0,0.0,0.0,0.0,0.0
1323,1529962989,771234019,282.0,282.0,0.0,0.0,0.0,0.0
1324,1529962989,781231489,282.0,282.0,0.0,0.0,0.0,0.0
1325,1529962989,791226814,282.0,282.0,0.0,0.0,0.0,0.0
1326,1529962989,801225474,282.0,282.0,0.0,0.0,0.0,0.0
1327,1529962989,811227489,282.0,282.0,0.0,0.0,0.0,0.0
1328,1529962989,821227068,282.0,282.0,0.0,0.0,0.0,0.0
1329,1529962989,831228238,282.0,282.0,0.0,0.0,0.0,0.0
1330,1529962989,841224503,282.0,282.0,0.0,0.0,0.0,0.0
1331,1529962989,851224699,282.0,282.0,0.0,0.0,0.0,0.0
1332,1529962989,861266431,282.0,282.0,0.0,0.0,0.0,0.0
1333,1529962989,871225774,282.0,282.0,0.0,0.0,0.0,0.0
1334,1529962989,881224922,282.0,282.0,0.0,0.0,0.0,0.0
1335,1529962989,891225651,282.0,282.0,0.0,0.0,0.0,0.0
1336,1529962989,901570054,282.0,282.0,0.0,0.0,0.0,0.0
1337,1529962989,911229817,282.0,282.0,0.0,0.0,0.0,0.0
1338,1529962989,921225961,282.0,282.0,0.0,0.0,0.0,0.0
1339,1529962989,931226137,282.0,282.0,0.0,0.0,0.0,0.0
1340,1529962989,941233126,282.0,282.0,0.0,0.0,0.0,0.0
1341,1529962989,951229292,282.0,282.0,0.0,0.0,0.0,0.0
1342,1529962989,961228335,282.0,282.0,0.0,0.0,0.0,0.0
1343,1529962989,971223782,282.0,282.0,0.0,0.0,0.0,0.0
1344,1529962989,981225573,282.0,282.0,0.0,0.0,0.0,0.0
1345,1529962989,991236963,282.0,282.0,0.0,0.0,0.0,0.0
1346,1529962990,1227429,282.0,282.0,0.0,0.0,0.0,0.0
1347,1529962990,11226916,282.0,282.0,0.0,0.0,0.0,0.0
1348,1529962990,21226499,282.0,282.0,0.0,0.0,0.0,0.0
1349,1529962990,31232779,282.0,282.0,0.0,0.0,0.0,0.0
1350,1529962990,41228725,282.0,282.0,0.0,0.0,0.0,0.0
1351,1529962990,51225374,282.0,282.0,0.0,0.0,0.0,0.0
1352,1529962990,61223913,282.0,282.0,0.0,0.0,0.0,0.0
1353,1529962990,71226600,282.0,282.0,0.0,0.0,0.0,0.0
1354,1529962990,81231030,282.0,282.0,0.0,0.0,0.0,0.0
1355,1529962990,91227988,282.0,282.0,0.0,0.0,0.0,0.0
1356,1529962990,101224853,282.0,282.0,0.0,0.0,0.0,0.0
1357,1529962990,111227243,282.0,282.0,0.0,0.0,0.0,0.0
1358,1529962990,121244915,282.0,282.0,0.0,0.0,0.0,0.0
1359,1529962990,131228678,282.0,282.0,0.0,0.0,0.0,0.0
1360,1529962990,141225861,282.0,282.0,0.0,0.0,0.0,0.0
1361,1529962990,151224707,282.0,282.0,0.0,0.0,0.0,0.0
1362,1529962990,161234293,282.0,282.0,0.0,0.0,0.0,0.0
1363,1529962990,171224895,282.0,282.0,0.0,0.0,0.0,0.0
1364,1529962990,181224346,282.0,282.0,0.0,0.0,0.0,0.0
1365,1529962990,191224395,282.0,282.0,0.0,0.0,0.0,0.0
1366,1529962990,201237363,282.0,282.0,0.0,0.0,0.0,0.0
1367,1529962990,211243198,280.0,280.0,0.0,0.0,0.0,0.0
1368,1529962990,221238957,279.0,279.0,0.0,0.0,0.0,0.0
1369,1529962990,231239278,279.0,279.0,0.0,0.0,0.0,0.0
1370,1529962990,241231046,279.0,279.0,0.0,0.0,0.0,0.0
1371,1529962990,251234584,278.0,278.0,0.0,0.0,0.0,0.0
1372,1529962990,261228692,277.0,277.0,0.0,0.0,0.0,0.0
1373,1529962990,271225607,277.0,277.0,0.0,0.0,0.0,0.0
1374,1529962990,281223598,277.0,277.0,0.0,0.0,0.0,0.0
1375,1529962990,291231763,277.0,277.0,0.0,0.0,0.0,0.0
1376,1529962990,301229537,277.0,277.0,0.0,0.0,0.0,0.0
1377,1529962990,311222530,277.0,277.0,0.0,0.0,0.0,0.0
1378,1529962990,321225248,277.0,277.0,0.0,0.0,0.0,0.0
1379,1529962990,331229794,277.0,277.0,0.0,0.0,0.0,0.0
1380,1529962990,341232395,276.0,276.0,0.0,0.0,0.0,0.0
1381,1529962990,351224012,276.0,276.0,0.0,0.0,0.0,0.0
1382,1529962990,361227279,276.0,276.0,0.0,0.0,0.0,0.0
1383,1529962990,371223035,275.0,275.0,0.0,0.0,0.0,0.0
1384,1529962990,381237403,274.0,274.0,0.0,0.0,0.0,0.0
1385,1529962990,391238747,274.0,274.0,0.0,0.0,0.0,0.0
1386,1529962990,401232638,274.0,274.0,0.0,0.0,0.0,0.0
1387,1529962990,411246920,274.0,274.0,0.0,0.0,0.0,0.0
1388,1529962990,421248764,274.0,274.0,0.0,0.0,0.0,0.0
1389,1529962990,431236760,274.0,274.0,0.0,0.0,0.0,0.0
1390,1529962990,441228191,274.0,274.0,0.0,0.0,0.0,0.0
1391,1529962990,451231303,273.0,273.0,0.0,0.0,0.0,0.0
1392,1529962990,461227334,272.0,272.0,0.0,0.0,0.0,0.0
1393,1529962990,471227234,272.0,272.0,0.0,0.0,0.0,0.0
1394,1529962990,481227410,272.0,272.0,0.0,0.0,0.0,0.0
1395,1529962990,491225172,272.0,272.0,0.0,0.0,0.0,0.0
1396,1529962990,501225179,271.0,271.0,0.0,0.0,0.0,0.0
1397,1529962990,511242366,271.0,271.0,0.0,0.0,0.0,0.0
1398,1529962990,521225751,271.0,271.0,0.0,0.0,0.0,0.0
1399,1529962990,531227664,270.0,270.0,0.0,0.0,0.0,0.0
1400,1529962990,541187463,270.0,270.0,0.0,0.0,0.0,0.0
1401,1529962990,551231263,270.0,270.0,0.0,0.0,0.0,0.0
1402,1529962990,561213579,270.0,270.0,0.0,0.0,0.0,0.0
1403,1529962990,571232713,269.0,269.0,0.0,0.0,0.0,0.0
1404,1529962990,581225725,268.0,268.0,0.0,0.0,0.0,0.0
1405,1529962990,591231132,268.0,268.0,0.0,0.0,0.0,0.0
1406,1529962990,601228985,268.0,268.0,0.0,0.0,0.0,0.0
1407,1529962990,611224897,267.0,267.0,0.0,0.0,0.0,0.0
1408,1529962990,621222681,265.0,265.0,0.0,0.0,0.0,0.0
1409,1529962990,631225208,265.0,265.0,0.0,0.0,0.0,0.0
1410,1529962990,641237356,265.0,265.0,0.0,0.0,0.0,0.0
1411,1529962990,651230470,264.0,264.0,0.0,0.0,0.0,0.0
1412,1529962990,661184545,264.0,264.0,0.0,0.0,0.0,0.0
1413,1529962990,671232133,264.0,264.0,0.0,0.0,0.0,0.0
1414,1529962990,681232074,264.0,264.0,0.0,0.0,0.0,0.0
1415,1529962990,691229356,264.0,264.0,0.0,0.0,0.0,0.0
1416,1529962990,701231386,263.0,263.0,0.0,0.0,0.0,0.0
1417,1529962990,711227369,263.0,263.0,0.0,0.0,0.0,0.0
1418,1529962990,721227506,263.0,263.0,0.0,0.0,0.0,0.0
1419,1529962990,731229178,262.0,262.0,0.0,0.0,0.0,0.0
1420,1529962990,741227632,262.0,262.0,0.0,0.0,0.0,0.0
1421,1529962990,751226334,262.0,262.0,0.0,0.0,0.0,0.0
1422,1529962990,761225920,262.0,262.0,0.0,0.0,0.0,0.0
1423,1529962990,771246286,262.0,262.0,0.0,0.0,0.0,0.0
1424,1529962990,781194082,262.0,262.0,0.0,0.0,0.0,0.0
1425,1529962990,791227285,262.0,262.0,0.0,0.0,0.0,0.0
1426,1529962990,801224471,262.0,262.0,0.0,0.0,0.0,0.0
1427,1529962990,811228112,262.0,262.0,0.0,0.0,0.0,0.0
1428,1529962990,821234267,262.0,262.0,0.0,0.0,0.0,0.0
1429,1529962990,831224720,262.0,262.0,0.0,0.0,0.0,0.0
1430,1529962990,841226135,262.0,262.0,0.0,0.0,0.0,0.0
1431,1529962990,851224165,262.0,262.0,0.0,0.0,0.0,0.0
1432,1529962990,861231595,262.0,262.0,0.0,0.0,0.0,0.0
1433,1529962990,871225569,262.0,262.0,0.0,0.0,0.0,0.0
1434,1529962990,881224002,262.0,262.0,0.0,0.0,0.0,0.0
1435,1529962990,891223728,261.0,261.0,0.0,0.0,0.0,0.0
1436,1529962990,901243215,260.0,260.0,0.0,0.0,0.0,0.0
1437,1529962990,911230763,260.0,260.0,0.0,0.0,0.0,0.0
1438,1529962990,921226664,260.0,260.0,0.0,0.0,0.0,0.0
1439,1529962990,931226901,259.0,259.0,0.0,0.0,0.0,0.0
1440,1529962990,941240293,259.0,259.0,0.0,0.0,0.0,0.0
1441,1529962990,951246073,259.0,259.0,0.0,0.0,0.0,0.0
1442,1529962990,961230408,259.0,259.0,0.0,0.0,0.0,0.0
1443,1529962990,971223155,259.0,259.0,0.0,0.0,0.0,0.0
1444,1529962990,981224339,259.0,259.0,0.0,0.0,0.0,0.0
1445,1529962990,991240904,259.0,259.0,0.0,0.0,0.0,0.0
1446,1529962991,1225556,259.0,259.0,0.0,0.0,0.0,0.0
1447,1529962991,11229896,258.0,258.0,0.0,0.0,0.0,0.0
1448,1529962991,21231909,258.0,258.0,0.0,0.0,0.0,0.0
1449,1529962991,31232360,258.0,258.0,0.0,0.0,0.0,0.0
1450,1529962991,41237124,258.0,258.0,0.0,0.0,0.0,0.0
1451,1529962991,51223347,258.0,258.0,0.0,0.0,0.0,0.0
1452,1529962991,61236870,258.0,258.0,0.0,0.0,0.0,0.0
1453,1529962991,71229322,258.0,258.0,0.0,0.0,0.0,0.0
1454,1529962991,81232329,258.0,258.0,0.0,0.0,0.0,0.0
1455,1529962991,91223674,257.0,257.0,0.0,0.0,0.0,0.0
1456,1529962991,101222341,257.0,257.0,0.0,0.0,0.0,0.0
1457,1529962991,111223985,257.0,257.0,0.0,0.0,0.0,0.0
1458,1529962991,121242629,257.0,257.0,0.0,0.0,0.0,0.0
1459,1529962991,131227177,256.0,256.0,0.0,0.0,0.0,0.0
1460,1529962991,141221991,256.0,256.0,0.0,0.0,0.0,0.0
1461,1529962991,151220678,256.0,256.0,0.0,0.0,0.0,0.0
1462,1529962991,161234205,256.0,256.0,0.0,0.0,0.0,0.0
1463,1529962991,171228240,256.0,256.0,0.0,0.0,0.0,0.0
1464,1529962991,181224126,256.0,256.0,0.0,0.0,0.0,0.0
1465,1529962991,191226647,256.0,256.0,0.0,0.0,0.0,0.0
1466,1529962991,201227396,256.0,256.0,0.0,0.0,0.0,0.0
1467,1529962991,211234600,255.0,255.0,0.0,0.0,0.0,0.0
1468,1529962991,221232110,254.0,254.0,0.0,0.0,0.0,0.0
1469,1529962991,231232020,254.0,254.0,0.0,0.0,0.0,0.0
1470,1529962991,241232027,254.0,254.0,0.0,0.0,0.0,0.0
1471,1529962991,251233466,254.0,254.0,0.0,0.0,0.0,0.0
1472,1529962991,261229262,254.0,254.0,0.0,0.0,0.0,0.0
1473,1529962991,271226392,254.0,254.0,0.0,0.0,0.0,0.0
1474,1529962991,281225078,254.0,254.0,0.0,0.0,0.0,0.0
1475,1529962991,291227005,254.0,254.0,0.0,0.0,0.0,0.0
1476,1529962991,301227638,254.0,254.0,0.0,0.0,0.0,0.0
1477,1529962991,311228499,254.0,254.0,0.0,0.0,0.0,0.0
1478,1529962991,321225818,254.0,254.0,0.0,0.0,0.0,0.0
1479,1529962991,331226568,254.0,254.0,0.0,0.0,0.0,0.0
1480,1529962991,341239820,253.0,253.0,0.0,0.0,0.0,0.0
1481,1529962991,351255609,253.0,253.0,0.0,0.0,0.0,0.0
1482,1529962991,361239143,253.0,253.0,0.0,0.0,0.0,0.0
1483,1529962991,371238539,253.0,253.0,0.0,0.0,0.0,0.0
1484,1529962991,381250078,253.0,253.0,0.0,0.0,0.0,0.0
1485,1529962991,391226307,253.0,253.0,0.0,0.0,0.0,0.0
1486,1529962991,401226081,253.0,253.0,0.0,0.0,0.0,0.0
1487,1529962991,411227421,253.0,253.0,0.0,0.0,0.0,0.0
1488,1529962991,421230438,253.0,253.0,0.0,0.0,0.0,0.0
1489,1529962991,431229783,253.0,253.0,0.0,0.0,0.0,0.0
1490,1529962991,441222108,253.0,253.0,0.0,0.0,0.0,0.0
1491,1529962991,451226041,253.0,253.0,0.0,0.0,0.0,0.0
1492,1529962991,461224741,253.0,253.0,0.0,0.0,0.0,0.0
1493,1529962991,471231667,253.0,253.0,0.0,0.0,0.0,0.0
1494,1529962991,481225940,253.0,253.0,0.0,0.0,0.0,0.0
1495,1529962991,491225801,253.0,253.0,0.0,0.0,0.0,0.0
1496,1529962991,501225040,253.0,253.0,0.0,0.0,0.0,0.0
1497,1529962991,511238401,253.0,253.0,0.0,0.0,0.0,0.0
1498,1529962991,521238887,253.0,253.0,0.0,0.0,0.0,0.0
1499,1529962991,531252708,253.0,253.0,0.0,0.0,0.0,0.0
1500,1529962991,541233317,253.0,253.0,0.0,0.0,0.0,0.0
1501,1529962991,551237636,253.0,253.0,0.0,0.0,0.0,0.0
1502,1529962991,561231516,253.0,253.0,0.0,0.0,0.0,0.0
1503,1529962991,571236580,253.0,253.0,0.0,0.0,0.0,0.0
1504,1529962991,581225034,252.0,252.0,0.0,0.0,0.0,0.0
1505,1529962991,591224700,252.0,252.0,0.0,0.0,0.0,0.0
1506,1529962991,601223262,252.0,252.0,0.0,0.0,0.0,0.0
1507,1529962991,611226170,252.0,252.0,0.0,0.0,0.0,0.0
1508,1529962991,621225247,252.0,252.0,0.0,0.0,0.0,0.0
1509,1529962991,631227453,252.0,252.0,0.0,0.0,0.0,0.0
1510,1529962991,641253466,252.0,252.0,0.0,0.0,0.0,0.0
1511,1529962991,651232969,252.0,252.0,0.0,0.0,0.0,0.0
1512,1529962991,661222750,252.0,252.0,0.0,0.0,0.0,0.0
1513,1529962991,671224715,252.0,252.0,0.0,0.0,0.0,0.0
1514,1529962991,681239834,252.0,252.0,0.0,0.0,0.0,0.0
1515,1529962991,691227416,252.0,252.0,0.0,0.0,0.0,0.0
1516,1529962991,701225409,252.0,252.0,0.0,0.0,0.0,0.0
1517,1529962991,711230611,252.0,252.0,0.0,0.0,0.0,0.0
1518,1529962991,721225935,252.0,252.0,0.0,0.0,0.0,0.0
1519,1529962991,731230938,252.0,252.0,0.0,0.0,0.0,0.0
1520,1529962991,741246868,252.0,252.0,0.0,0.0,0.0,0.0
1521,1529962991,751224592,252.0,252.0,0.0,0.0,0.0,0.0
1522,1529962991,761224154,252.0,252.0,0.0,0.0,0.0,0.0
1523,1529962991,771241565,252.0,252.0,0.0,0.0,0.0,0.0
1524,1529962991,781228911,252.0,252.0,0.0,0.0,0.0,0.0
1525,1529962991,791235813,252.0,252.0,0.0,0.0,0.0,0.0
1526,1529962991,801237784,252.0,252.0,0.0,0.0,0.0,0.0
1527,1529962991,811222566,252.0,252.0,0.0,0.0,0.0,0.0
1528,1529962991,821229374,252.0,252.0,0.0,0.0,0.0,0.0
1529,1529962991,831228265,252.0,252.0,0.0,0.0,0.0,0.0
1530,1529962991,841226703,252.0,252.0,0.0,0.0,0.0,0.0
1531,1529962991,851225540,252.0,252.0,0.0,0.0,0.0,0.0
1532,1529962991,861234811,252.0,252.0,0.0,0.0,0.0,0.0
1533,1529962991,871231005,252.0,252.0,0.0,0.0,0.0,0.0
1534,1529962991,881226723,252.0,252.0,0.0,0.0,0.0,0.0
1535,1529962991,891225156,252.0,252.0,0.0,0.0,0.0,0.0
1536,1529962991,901231382,253.0,253.0,0.0,0.0,0.0,0.0
1537,1529962991,911227011,253.0,253.0,0.0,0.0,0.0,0.0
1538,1529962991,921225314,253.0,253.0,0.0,0.0,0.0,0.0
1539,1529962991,931229965,254.0,254.0,0.0,0.0,0.0,0.0
1540,1529962991,941229210,254.0,254.0,0.0,0.0,0.0,0.0
1541,1529962991,951237929,254.0,254.0,0.0,0.0,0.0,0.0
1542,1529962991,961226251,254.0,254.0,0.0,0.0,0.0,0.0
1543,1529962991,971228331,254.0,254.0,0.0,0.0,0.0,0.0
1544,1529962991,981226448,255.0,255.0,0.0,0.0,0.0,0.0
1545,1529962991,991231078,255.0,255.0,0.0,0.0,0.0,0.0
1546,1529962992,1237732,255.0,255.0,0.0,0.0,0.0,0.0
1547,1529962992,11223978,255.0,255.0,0.0,0.0,0.0,0.0
1548,1529962992,21226166,255.0,255.0,0.0,0.0,0.0,0.0
1549,1529962992,31225915,255.0,255.0,0.0,0.0,0.0,0.0
1550,1529962992,41228619,255.0,255.0,0.0,0.0,0.0,0.0
1551,1529962992,51226849,255.0,255.0,0.0,0.0,0.0,0.0
1552,1529962992,61226714,255.0,255.0,0.0,0.0,0.0,0.0
1553,1529962992,71223670,255.0,255.0,0.0,0.0,0.0,0.0
1554,1529962992,81242884,255.0,255.0,0.0,0.0,0.0,0.0
1555,1529962992,91227475,255.0,255.0,0.0,0.0,0.0,0.0
1556,1529962992,101228456,255.0,255.0,0.0,0.0,0.0,0.0
1557,1529962992,111227003,255.0,255.0,0.0,0.0,0.0,0.0
1558,1529962992,121243999,255.0,255.0,0.0,0.0,0.0,0.0
1559,1529962992,131245508,255.0,255.0,0.0,0.0,0.0,0.0
1560,1529962992,141231159,255.0,255.0,0.0,0.0,0.0,0.0
1561,1529962992,151203006,255.0,255.0,0.0,0.0,0.0,0.0
1562,1529962992,161230850,255.0,255.0,0.0,0.0,0.0,0.0
1563,1529962992,171227488,255.0,255.0,0.0,0.0,0.0,0.0
1564,1529962992,181226863,254.0,254.0,0.0,0.0,0.0,0.0
1565,1529962992,191225244,254.0,254.0,0.0,0.0,0.0,0.0
1566,1529962992,201224761,254.0,254.0,0.0,0.0,0.0,0.0
1567,1529962992,211245034,253.0,253.0,0.0,0.0,0.0,0.0
1568,1529962992,221229518,252.0,252.0,0.0,0.0,0.0,0.0
1569,1529962992,231229781,252.0,252.0,0.0,0.0,0.0,0.0
1570,1529962992,241269612,252.0,252.0,0.0,0.0,0.0,0.0
1571,1529962992,251231307,252.0,252.0,0.0,0.0,0.0,0.0
1572,1529962992,261228579,251.0,251.0,0.0,0.0,0.0,0.0
1573,1529962992,271235230,251.0,251.0,0.0,0.0,0.0,0.0
1574,1529962992,281226055,251.0,251.0,0.0,0.0,0.0,0.0
1575,1529962992,291227283,250.0,250.0,0.0,0.0,0.0,0.0
1576,1529962992,301237556,248.0,248.0,0.0,0.0,0.0,0.0
1577,1529962992,311220761,248.0,248.0,0.0,0.0,0.0,0.0
1578,1529962992,321228189,248.0,248.0,0.0,0.0,0.0,0.0
1579,1529962992,331224426,246.0,246.0,0.0,0.0,0.0,0.0
1580,1529962992,341238048,244.0,244.0,0.0,0.0,0.0,0.0
1581,1529962992,351229446,244.0,244.0,0.0,0.0,0.0,0.0
1582,1529962992,361226374,244.0,244.0,0.0,0.0,0.0,0.0
1583,1529962992,371224545,240.0,240.0,0.0,0.0,0.0,0.0
1584,1529962992,381228073,239.0,239.0,0.0,0.0,0.0,0.0
1585,1529962992,391226138,239.0,239.0,0.0,0.0,0.0,0.0
1586,1529962992,401225194,239.0,239.0,0.0,0.0,0.0,0.0
1587,1529962992,411225454,237.0,237.0,0.0,0.0,0.0,0.0
1588,1529962992,421248113,235.0,235.0,0.0,0.0,0.0,0.0
1589,1529962992,431241214,235.0,235.0,0.0,0.0,0.0,0.0
1590,1529962992,441237780,235.0,235.0,0.0,0.0,0.0,0.0
1591,1529962992,451232954,234.0,234.0,0.0,0.0,0.0,0.0
1592,1529962992,461230405,232.0,232.0,0.0,0.0,0.0,0.0
1593,1529962992,471226289,232.0,232.0,0.0,0.0,0.0,0.0
1594,1529962992,481225960,232.0,232.0,0.0,0.0,0.0,0.0
1595,1529962992,491220335,228.0,228.0,0.0,0.0,0.0,0.0
1596,1529962992,501229345,226.0,226.0,0.0,0.0,0.0,0.0
1597,1529962992,511223149,226.0,226.0,0.0,0.0,0.0,0.0
1598,1529962992,521231001,226.0,226.0,0.0,0.0,0.0,0.0
1599,1529962992,531235829,222.0,222.0,0.0,0.0,0.0,0.0
1600,1529962992,541224522,220.0,220.0,0.0,0.0,0.0,0.0
1601,1529962992,551236764,220.0,220.0,0.0,0.0,0.0,0.0
1602,1529962992,561233511,220.0,220.0,0.0,0.0,0.0,0.0
1603,1529962992,571229589,219.0,219.0,0.0,0.0,0.0,0.0
1604,1529962992,581265850,218.0,218.0,0.0,0.0,0.0,0.0
1605,1529962992,591224442,218.0,218.0,0.0,0.0,0.0,0.0
1606,1529962992,601227829,218.0,218.0,0.0,0.0,0.0,0.0
1607,1529962992,611225518,216.0,216.0,0.0,0.0,0.0,0.0
1608,1529962992,621239739,215.0,215.0,0.0,0.0,0.0,0.0
1609,1529962992,631221445,215.0,215.0,0.0,0.0,0.0,0.0
1610,1529962992,641225471,215.0,215.0,0.0,0.0,0.0,0.0
1611,1529962992,651238272,214.0,214.0,0.0,0.0,0.0,0.0
1612,1529962992,661233074,213.0,213.0,0.0,0.0,0.0,0.0
1613,1529962992,671415054,213.0,213.0,0.0,0.0,0.0,0.0
1614,1529962992,681224259,213.0,213.0,0.0,0.0,0.0,0.0
1615,1529962992,691241860,213.0,213.0,0.0,0.0,0.0,0.0
1616,1529962992,701239478,212.0,212.0,0.0,0.0,0.0,0.0
1617,1529962992,711239396,212.0,212.0,0.0,0.0,0.0,0.0
1618,1529962992,721234621,212.0,212.0,0.0,0.0,0.0,0.0
1619,1529962992,731288165,211.0,211.0,0.0,0.0,0.0,0.0
1620,1529962992,741243859,211.0,211.0,0.0,0.0,0.0,0.0
1621,1529962992,751238965,211.0,211.0,0.0,0.0,0.0,0.0
1622,1529962992,761230591,211.0,211.0,0.0,0.0,0.0,0.0
1623,1529962992,771222653,211.0,211.0,0.0,0.0,0.0,0.0
1624,1529962992,781231034,209.0,210.0,0.0,0.0,0.0,0.0
1625,1529962992,791230492,209.0,210.0,0.0,0.0,0.0,0.0
1626,1529962992,801222202,209.0,210.0,0.0,0.0,0.0,0.0
1627,1529962992,811229446,207.0,209.0,0.0,0.0,0.0,0.0
1628,1529962992,821223878,204.0,207.0,0.0,0.0,0.0,0.0
1629,1529962992,831228473,204.0,207.0,0.0,0.0,0.0,0.0
1630,1529962992,841238096,204.0,207.0,0.0,0.0,0.0,0.0
1631,1529962992,851226332,198.0,206.0,0.0,0.0,0.0,0.0
1632,1529962992,861225156,192.0,202.0,0.0,0.0,0.0,0.0
1633,1529962992,871232346,192.0,202.0,0.0,0.0,0.0,0.0
1634,1529962992,881228325,192.0,202.0,0.0,0.0,0.0,0.0
1635,1529962992,891227242,186.0,195.0,0.0,0.0,0.0,0.0
1636,1529962992,901224867,169.0,178.0,0.0,0.0,0.0,0.0
1637,1529962992,911222493,169.0,178.0,0.0,0.0,0.0,0.0
1638,1529962992,921248309,169.0,178.0,0.0,0.0,0.0,0.0
1639,1529962992,931249242,168.0,171.0,0.0,0.0,0.0,0.0
1640,1529962992,941251109,151.0,151.0,0.0,0.0,0.0,0.0
1641,1529962992,951231109,151.0,151.0,0.0,0.0,0.0,0.0
1642,1529962992,961232887,151.0,151.0,0.0,0.0,0.0,0.0
1643,1529962992,971229906,136.0,136.0,0.0,0.0,0.0,0.0
1644,1529962992,981236866,122.0,122.0,0.0,0.0,0.0,0.0
1645,1529962992,991231843,122.0,122.0,0.0,0.0,0.0,0.0
1646,1529962993,1231616,122.0,122.0,0.0,0.0,0.0,0.0
1647,1529962993,11245028,116.0,116.0,0.0,0.0,0.0,0.0
1648,1529962993,21222745,102.0,102.0,0.0,0.0,0.0,0.0
1649,1529962993,31227768,102.0,102.0,0.0,0.0,0.0,0.0
1650,1529962993,41231894,102.0,102.0,0.0,0.0,0.0,0.0
1651,1529962993,51235271,97.0,97.0,0.0,0.0,0.0,0.0
1652,1529962993,61228902,0.0,0.0,0.0,0.0,0.0,0.0
1653,1529962993,71237135,0.0,0.0,0.0,0.0,0.0,0.0
1654,1529962993,81232691,0.0,0.0,0.0,0.0,0.0,0.0
1655,1529962993,91226062,0.0,0.0,0.0,0.0,0.0,0.0
1656,1529962993,101235598,0.0,0.0,0.0,0.0,0.0,0.0
1657,1529962993,111223062,0.0,0.0,0.0,0.0,0.0,0.0
1658,1529962993,121228252,0.0,0.0,0.0,0.0,0.0,0.0
1659,1529962993,131244157,0.0,0.0,0.0,0.0,0.0,0.0
1660,1529962993,141231266,0.0,0.0,0.0,0.0,0.0,0.0
1661,1529962993,151233725,0.0,0.0,0.0,0.0,0.0,0.0
1662,1529962993,161228448,0.0,0.0,0.0,0.0,0.0,0.0
1663,1529962993,171219754,0.0,0.0,0.0,0.0,0.0,0.0
1664,1529962993,181230712,0.0,0.0,0.0,0.0,0.0,0.0
1665,1529962993,191237868,0.0,0.0,0.0,0.0,0.0,0.0
1666,1529962993,201229218,0.0,0.0,0.0,0.0,0.0,0.0
1667,1529962993,211257638,0.0,0.0,0.0,0.0,0.0,0.0
1668,1529962993,221222051,0.0,0.0,0.0,0.0,0.0,0.0
1669,1529962993,231464871,0.0,0.0,0.0,0.0,0.0,0.0
1670,1529962993,241228198,0.0,0.0,0.0,0.0,0.0,0.0
1671,1529962993,251222128,0.0,0.0,0.0,0.0,0.0,0.0
1672,1529962993,261217503,0.0,0.0,0.0,0.0,0.0,0.0
1673,1529962993,271226875,0.0,0.0,0.0,0.0,0.0,0.0
1674,1529962993,281234440,0.0,0.0,0.0,0.0,0.0,0.0
1675,1529962993,291222858,0.0,0.0,0.0,0.0,0.0,0.0
1676,1529962993,301218396,0.0,0.0,0.0,0.0,0.0,0.0
1677,1529962993,311223600,0.0,0.0,0.0,0.0,0.0,0.0
1678,1529962993,321231118,0.0,0.0,0.0,0.0,0.0,0.0
1679,1529962993,331222042,0.0,0.0,0.0,0.0,0.0,0.0
1680,1529962993,341220446,0.0,0.0,0.0,0.0,0.0,0.0
1681,1529962993,351215486,0.0,0.0,0.0,0.0,0.0,0.0
1682,1529962993,361393581,0.0,0.0,0.0,0.0,0.0,0.0
1683,1529962993,371224867,0.0,0.0,0.0,0.0,0.0,0.0
1684,1529962993,381220766,0.0,0.0,0.0,0.0,0.0,0.0
1685,1529962993,391227096,0.0,0.0,0.0,0.0,0.0,0.0
1686,1529962993,401239990,0.0,0.0,0.0,0.0,0.0,0.0
1687,1529962993,411231438,0.0,0.0,0.0,0.0,0.0,0.0
1688,1529962993,421223378,0.0,0.0,0.0,0.0,0.0,0.0
1689,1529962993,431235091,0.0,0.0,0.0,0.0,0.0,0.0
1690,1529962993,441313346,0.0,0.0,0.0,0.0,0.0,0.0
1691,1529962993,451228629,0.0,0.0,0.0,0.0,0.0,0.0
1692,1529962993,461224676,0.0,0.0,0.0,0.0,0.0,0.0
1693,1529962993,471222224,0.0,0.0,0.0,0.0,0.0,0.0
1694,1529962993,481218891,0.0,0.0,0.0,0.0,0.0,0.0
1695,1529962993,491228885,0.0,0.0,0.0,0.0,0.0,0.0
1696,1529962993,501224545,0.0,0.0,0.0,0.0,0.0,0.0
1697,1529962993,511216230,0.0,0.0,0.0,0.0,0.0,0.0
1698,1529962993,521221105,0.0,0.0,0.0,0.0,0.0,0.0
1699,1529962993,531224079,0.0,0.0,0.0,0.0,0.0,0.0
1700,1529962993,541221716,0.0,0.0,0.0,0.0,0.0,0.0
1701,1529962993,551220692,0.0,0.0,0.0,0.0,0.0,0.0
1702,1529962993,561222003,0.0,0.0,0.0,0.0,0.0,0.0
1703,1529962993,571241973,0.0,0.0,0.0,0.0,0.0,0.0
1704,1529962993,581227139,0.0,0.0,0.0,0.0,0.0,0.0
1705,1529962993,591227448,0.0,0.0,0.0,0.0,0.0,0.0
1706,1529962993,601228014,0.0,0.0,0.0,0.0,0.0,0.0
1707,1529962993,611221094,0.0,0.0,0.0,0.0,0.0,0.0
1708,1529962993,621240198,0.0,0.0,0.0,0.0,0.0,0.0
1709,1529962993,631232739,0.0,0.0,0.0,0.0,0.0,0.0
1710,1529962993,641218510,0.0,0.0,0.0,0.0,0.0,0.0
1711,1529962993,651222824,0.0,0.0,0.0,0.0,0.0,0.0
1712,1529962993,661225242,0.0,0.0,0.0,0.0,0.0,0.0
1713,1529962993,671233348,0.0,0.0,0.0,0.0,0.0,0.0
1714,1529962993,681227102,0.0,0.0,0.0,0.0,0.0,0.0
1715,1529962993,691221694,0.0,0.0,0.0,0.0,0.0,0.0
1716,1529962993,701217938,0.0,0.0,0.0,0.0,0.0,0.0
1717,1529962993,711250416,0.0,0.0,0.0,0.0,0.0,0.0
1718,1529962993,721225159,0.0,0.0,0.0,0.0,0.0,0.0
1719,1529962993,731221922,0.0,0.0,0.0,0.0,0.0,0.0
1720,1529962993,741216502,0.0,0.0,0.0,0.0,0.0,0.0
1721,1529962993,751223461,0.0,0.0,0.0,0.0,0.0,0.0
1722,1529962993,761222735,0.0,0.0,0.0,0.0,0.0,0.0
1723,1529962993,771233255,0.0,0.0,0.0,0.0,0.0,0.0
1724,1529962993,781218553,0.0,0.0,0.0,0.0,0.0,0.0
1725,1529962993,791226083,0.0,0.0,0.0,0.0,0.0,0.0
1726,1529962993,801259465,0.0,0.0,0.0,0.0,0.0,0.0
1727,1529962993,811227474,0.0,0.0,0.0,0.0,0.0,0.0
1728,1529962993,821228389,0.0,0.0,0.0,0.0,0.0,0.0
1729,1529962993,831218117,0.0,0.0,0.0,0.0,0.0,0.0
1730,1529962993,841224975,0.0,0.0,0.0,0.0,0.0,0.0
1731,1529962993,851221574,0.0,0.0,0.0,0.0,0.0,0.0
1732,1529962993,861222561,0.0,0.0,0.0,0.0,0.0,0.0
1733,1529962993,871220491,0.0,0.0,0.0,0.0,0.0,0.0
1734,1529962993,881226737,0.0,0.0,0.0,0.0,0.0,0.0
1735,1529962993,891225315,0.0,0.0,0.0,0.0,0.0,0.0
1736,1529962993,901238428,0.0,0.0,0.0,0.0,0.0,0.0
1737,1529962993,911237343,0.0,0.0,0.0,0.0,0.0,0.0
1738,1529962993,921216943,0.0,0.0,0.0,0.0,0.0,0.0
1739,1529962993,931234844,0.0,0.0,0.0,0.0,0.0,0.0
1740,1529962993,941222894,0.0,0.0,0.0,0.0,0.0,0.0
1741,1529962993,951227242,0.0,0.0,0.0,0.0,0.0,0.0
1742,1529962993,961220083,0.0,0.0,0.0,0.0,0.0,0.0
1743,1529962993,971221669,0.0,0.0,0.0,0.0,0.0,0.0
1744,1529962993,981227146,0.0,0.0,0.0,0.0,0.0,0.0
1745,1529962993,991221863,0.0,0.0,0.0,0.0,0.0,0.0
1746,1529962994,1227797,0.0,0.0,0.0,0.0,0.0,0.0
1747,1529962994,11227397,0.0,0.0,0.0,0.0,0.0,0.0
1748,1529962994,21232855,0.0,0.0,0.0,0.0,0.0,0.0
1749,1529962994,31226014,0.0,0.0,0.0,0.0,0.0,0.0
1750,1529962994,41216169,0.0,0.0,0.0,0.0,0.0,0.0
1751,1529962994,51218926,0.0,0.0,0.0,0.0,0.0,0.0
1752,1529962994,61224781,0.0,0.0,0.0,0.0,0.0,0.0
1753,1529962994,71222900,0.0,0.0,0.0,0.0,0.0,0.0
1754,1529962994,81228117,0.0,0.0,0.0,0.0,0.0,0.0
1755,1529962994,91220028,0.0,0.0,0.0,0.0,0.0,0.0
1756,1529962994,101217851,0.0,0.0,0.0,0.0,0.0,0.0
1757,1529962994,111221225,0.0,0.0,0.0,0.0,0.0,0.0
1758,1529962994,121220339,0.0,0.0,0.0,0.0,0.0,0.0
1759,1529962994,131220237,0.0,0.0,0.0,0.0,0.0,0.0
1760,1529962994,141217140,0.0,0.0,0.0,0.0,0.0,0.0
1761,1529962994,151226348,0.0,0.0,0.0,0.0,0.0,0.0
1762,1529962994,161224714,0.0,0.0,0.0,0.0,0.0,0.0
1763,1529962994,171221004,0.0,0.0,0.0,0.0,0.0,0.0
1764,1529962994,181220321,0.0,0.0,0.0,0.0,0.0,0.0
1765,1529962994,191223655,0.0,0.0,0.0,0.0,0.0,0.0
1766,1529962994,201222492,0.0,0.0,0.0,0.0,0.0,0.0
1767,1529962994,211221672,0.0,0.0,0.0,0.0,0.0,0.0
