759,1529961124,353954810,0.0,0.0,0.0,0.0,0.0,0.0
760,1529961124,363970457,0.0,0.0,0.0,0.0,0.0,0.0
761,1529961124,373999130,0.0,0.0,0.0,0.0,0.0,0.0
762,1529961124,383967095,0.0,0.0,0.0,0.0,0.0,0.0
763,1529961124,393967555,0.0,0.0,0.0,0.0,0.0,0.0
764,1529961124,403962578,0.0,0.0,0.0,0.0,0.0,0.0
765,1529961124,413963131,0.0,0.0,0.0,0.0,0.0,0.0
766,1529961124,423961121,0.0,0.0,0.0,0.0,0.0,0.0
767,1529961124,433963879,0.0,0.0,0.0,0.0,0.0,0.0
768,1529961124,443959067,0.0,0.0,0.0,0.0,0.0,0.0
769,1529961124,453963741,0.0,0.0,0.0,0.0,0.0,0.0
770,1529961124,463961687,0.0,0.0,0.0,0.0,0.0,0.0
771,1529961124,473961746,0.0,0.0,0.0,0.0,0.0,0.0
772,1529961124,483957223,0.0,0.0,0.0,0.0,0.0,0.0
773,1529961124,493958177,0.0,0.0,0.0,0.0,0.0,0.0
774,1529961124,505843248,0.0,0.0,0.0,0.0,0.0,0.0
775,1529961124,513956557,0.0,0.0,0.0,0.0,0.0,0.0
776,1529961124,523955974,0.0,0.0,0.0,0.0,0.0,0.0
777,1529961124,533953945,0.0,0.0,0.0,0.0,0.0,0.0
778,1529961124,543973083,0.0,0.0,0.0,0.0,0.0,0.0
779,1529961124,553958676,0.0,0.0,0.0,0.0,0.0,0.0
780,1529961124,563969819,0.0,0.0,0.0,0.0,0.0,0.0
781,1529961124,573967402,0.0,0.0,0.0,0.0,0.0,0.0
782,1529961124,583964785,0.0,0.0,0.0,0.0,0.0,0.0
783,1529961124,593960191,0.0,0.0,0.0,0.0,0.0,0.0
784,1529961124,603958094,0.0,0.0,0.0,0.0,0.0,0.0
785,1529961124,613959075,0.0,0.0,0.0,0.0,0.0,0.0
786,1529961124,623963889,0.0,0.0,0.0,0.0,0.0,0.0
787,1529961124,633962284,0.0,0.0,0.0,0.0,0.0,0.0
788,1529961124,643972276,0.0,0.0,0.0,0.0,0.0,0.0
789,1529961124,653957233,0.0,0.0,0.0,0.0,0.0,0.0
790,1529961124,663960014,0.0,0.0,0.0,0.0,0.0,0.0
791,1529961124,673970644,0.0,0.0,0.0,0.0,0.0,0.0
792,1529961124,683969277,0.0,0.0,0.0,0.0,0.0,0.0
793,1529961124,693968670,0.0,0.0,0.0,0.0,0.0,0.0
794,1529961124,703967787,0.0,0.0,0.0,0.0,0.0,0.0
795,1529961124,713966458,0.0,0.0,0.0,0.0,0.0,0.0
796,1529961124,723963292,0.0,0.0,0.0,0.0,0.0,0.0
797,1529961124,733960418,0.0,0.0,0.0,0.0,0.0,0.0
798,1529961124,743955005,0.0,0.0,0.0,0.0,0.0,0.0
799,1529961124,753960395,0.0,0.0,0.0,0.0,0.0,0.0
800,1529961124,763965861,0.0,0.0,0.0,0.0,0.0,0.0
801,1529961124,773979818,0.0,0.0,0.0,0.0,0.0,0.0
802,1529961124,783972292,0.0,0.0,0.0,0.0,0.0,0.0
803,1529961124,793972704,0.0,0.0,0.0,0.0,0.0,0.0
804,1529961124,804478555,0.0,0.0,0.0,0.0,0.0,0.0
805,1529961124,813982275,0.0,0.0,0.0,0.0,0.0,0.0
806,1529961124,823968553,0.0,0.0,0.0,0.0,0.0,0.0
807,1529961124,833966572,0.0,0.0,0.0,0.0,0.0,0.0
808,1529961124,843974351,0.0,0.0,0.0,0.0,0.0,0.0
809,1529961124,853983024,0.0,0.0,0.0,0.0,0.0,0.0
810,1529961124,863980191,0.0,0.0,0.0,0.0,0.0,0.0
811,1529961124,873966102,0.0,0.0,0.0,0.0,0.0,0.0
812,1529961124,883973626,0.0,0.0,0.0,0.0,0.0,0.0
813,1529961124,893960758,0.0,0.0,0.0,0.0,0.0,0.0
814,1529961124,903958388,0.0,0.0,0.0,0.0,0.0,0.0
815,1529961124,913960203,0.0,0.0,0.0,0.0,0.0,0.0
816,1529961124,923954882,0.0,0.0,0.0,0.0,0.0,0.0
817,1529961124,933965336,0.0,0.0,0.0,0.0,0.0,0.0
818,1529961124,943964452,0.0,0.0,0.0,0.0,0.0,0.0
819,1529961124,953956965,0.0,0.0,0.0,0.0,0.0,0.0
820,1529961124,963957589,0.0,0.0,0.0,0.0,0.0,0.0
821,1529961124,973960557,0.0,0.0,0.0,0.0,0.0,0.0
822,1529961124,983959457,0.0,0.0,0.0,0.0,0.0,0.0
823,1529961124,993961011,0.0,0.0,0.0,0.0,0.0,0.0
824,1529961125,3956324,0.0,0.0,0.0,0.0,0.0,0.0
825,1529961125,13969810,0.0,0.0,0.0,0.0,0.0,0.0
826,1529961125,23965317,0.0,0.0,0.0,0.0,0.0,0.0
827,1529961125,33956068,0.0,0.0,0.0,0.0,0.0,0.0
828,1529961125,43955205,0.0,0.0,0.0,0.0,0.0,0.0
829,1529961125,53965573,0.0,0.0,0.0,0.0,0.0,0.0
830,1529961125,63974862,0.0,0.0,0.0,0.0,0.0,0.0
831,1529961125,73963164,0.0,0.0,0.0,0.0,0.0,0.0
832,1529961125,83959044,0.0,0.0,0.0,0.0,0.0,0.0
833,1529961125,93955131,0.0,0.0,0.0,0.0,0.0,0.0
834,1529961125,103955156,0.0,0.0,0.0,0.0,0.0,0.0
835,1529961125,113977886,0.0,0.0,0.0,0.0,0.0,0.0
836,1529961125,123959852,0.0,0.0,0.0,0.0,0.0,0.0
837,1529961125,133959288,0.0,0.0,0.0,0.0,0.0,0.0
838,1529961125,143954871,0.0,0.0,0.0,0.0,0.0,0.0
839,1529961125,153964184,0.0,0.0,0.0,0.0,0.0,0.0
840,1529961125,163962969,0.0,0.0,0.0,0.0,0.0,0.0
841,1529961125,173957169,0.0,0.0,0.0,0.0,0.0,0.0
842,1529961125,183959119,0.0,0.0,0.0,0.0,0.0,0.0
843,1529961125,193956123,0.0,0.0,0.0,0.0,0.0,0.0
844,1529961125,203963520,0.0,0.0,0.0,0.0,0.0,0.0
845,1529961125,213962805,97.0,97.0,0.0,0.0,0.0,0.0
846,1529961125,223955927,97.0,97.0,0.0,0.0,0.0,0.0
847,1529961125,233926638,113.0,113.0,0.0,0.0,0.0,0.0
848,1529961125,243970638,113.0,113.0,0.0,0.0,0.0,0.0
849,1529961125,253969357,128.0,128.0,0.0,0.0,0.0,0.0
850,1529961125,263969222,128.0,128.0,0.0,0.0,0.0,0.0
851,1529961125,273962627,143.0,143.0,0.0,0.0,0.0,0.0
852,1529961125,283970049,143.0,143.0,0.0,0.0,0.0,0.0
853,1529961125,293963852,157.0,157.0,0.0,0.0,0.0,0.0
854,1529961125,303962134,157.0,157.0,0.0,0.0,0.0,0.0
855,1529961125,313963561,171.0,171.0,0.0,0.0,0.0,0.0
856,1529961125,323960942,171.0,171.0,0.0,0.0,0.0,0.0
857,1529961125,333966393,177.0,177.0,0.0,0.0,0.0,0.0
858,1529961125,343958191,177.0,177.0,0.0,0.0,0.0,0.0
859,1529961125,353958621,190.0,190.0,0.0,0.0,0.0,0.0
860,1529961125,363957752,190.0,190.0,0.0,0.0,0.0,0.0
861,1529961125,373967491,191.0,191.0,0.0,0.0,0.0,0.0
862,1529961125,383962368,191.0,191.0,0.0,0.0,0.0,0.0
863,1529961125,393960226,193.0,193.0,0.0,0.0,0.0,0.0
864,1529961125,403960839,193.0,193.0,0.0,0.0,0.0,0.0
865,1529961125,413964610,193.0,193.0,0.0,0.0,0.0,0.0
866,1529961125,423968631,193.0,193.0,0.0,0.0,0.0,0.0
867,1529961125,433961711,193.0,193.0,0.0,0.0,0.0,0.0
868,1529961125,443962381,193.0,193.0,0.0,0.0,0.0,0.0
869,1529961125,453959776,194.0,194.0,0.0,0.0,0.0,0.0
870,1529961125,463993358,194.0,194.0,0.0,0.0,0.0,0.0
871,1529961125,473968770,194.0,194.0,0.0,0.0,0.0,0.0
872,1529961125,483964780,194.0,194.0,0.0,0.0,0.0,0.0
873,1529961125,493959746,196.0,196.0,0.0,0.0,0.0,0.0
874,1529961125,503967119,196.0,196.0,0.0,0.0,0.0,0.0
875,1529961125,513970745,196.0,196.0,0.0,0.0,0.0,0.0
876,1529961125,523983871,196.0,196.0,0.0,0.0,0.0,0.0
877,1529961125,533962636,196.0,196.0,0.0,0.0,0.0,0.0
878,1529961125,543964183,196.0,196.0,0.0,0.0,0.0,0.0
879,1529961125,553967039,196.0,196.0,0.0,0.0,0.0,0.0
880,1529961125,563962446,196.0,196.0,0.0,0.0,0.0,0.0
881,1529961125,573964673,196.0,196.0,0.0,0.0,0.0,0.0
882,1529961125,583961039,196.0,196.0,0.0,0.0,0.0,0.0
883,1529961125,593977952,196.0,196.0,0.0,0.0,0.0,0.0
884,1529961125,603966824,196.0,196.0,0.0,0.0,0.0,0.0
885,1529961125,613966729,196.0,196.0,0.0,0.0,0.0,0.0
886,1529961125,623966943,196.0,196.0,0.0,0.0,0.0,0.0
887,1529961125,633967284,196.0,196.0,0.0,0.0,0.0,0.0
888,1529961125,643965433,196.0,196.0,0.0,0.0,0.0,0.0
889,1529961125,653962229,196.0,196.0,0.0,0.0,0.0,0.0
890,1529961125,663962850,196.0,196.0,0.0,0.0,0.0,0.0
891,1529961125,673964012,196.0,196.0,0.0,0.0,0.0,0.0
892,1529961125,685619486,196.0,196.0,0.0,0.0,0.0,0.0
893,1529961125,693960337,196.0,196.0,0.0,0.0,0.0,0.0
894,1529961125,703964783,196.0,196.0,0.0,0.0,0.0,0.0
895,1529961125,713963119,196.0,196.0,0.0,0.0,0.0,0.0
896,1529961125,723964513,196.0,196.0,0.0,0.0,0.0,0.0
897,1529961125,733968426,197.0,197.0,0.0,0.0,0.0,0.0
898,1529961125,743961806,197.0,197.0,0.0,0.0,0.0,0.0
899,1529961125,753961111,198.0,198.0,0.0,0.0,0.0,0.0
900,1529961125,763963631,198.0,198.0,0.0,0.0,0.0,0.0
901,1529961125,773969994,199.0,199.0,0.0,0.0,0.0,0.0
902,1529961125,783979537,199.0,199.0,0.0,0.0,0.0,0.0
903,1529961125,793979256,200.0,200.0,0.0,0.0,0.0,0.0
904,1529961125,803968803,200.0,200.0,0.0,0.0,0.0,0.0
905,1529961125,813971176,201.0,201.0,0.0,0.0,0.0,0.0
906,1529961125,823963359,201.0,201.0,0.0,0.0,0.0,0.0
907,1529961125,833964096,201.0,201.0,0.0,0.0,0.0,0.0
908,1529961125,843957499,201.0,201.0,0.0,0.0,0.0,0.0
909,1529961125,853972877,202.0,202.0,0.0,0.0,0.0,0.0
910,1529961125,863966551,202.0,202.0,0.0,0.0,0.0,0.0
911,1529961125,873963625,204.0,203.0,0.0,0.0,0.0,0.0
912,1529961125,883960818,204.0,203.0,0.0,0.0,0.0,0.0
913,1529961125,893965408,205.0,200.0,0.0,0.0,0.0,0.0
914,1529961125,903964334,205.0,200.0,0.0,0.0,0.0,0.0
915,1529961125,913960440,207.0,196.0,0.0,0.0,0.0,0.0
916,1529961125,923962521,207.0,196.0,0.0,0.0,0.0,0.0
917,1529961125,933962065,209.0,191.0,0.0,0.0,0.0,0.0
918,1529961125,943966191,209.0,191.0,0.0,0.0,0.0,0.0
919,1529961125,953963785,211.0,186.0,0.0,0.0,0.0,0.0
920,1529961125,963962575,211.0,186.0,0.0,0.0,0.0,0.0
921,1529961125,973958219,217.0,174.0,0.0,0.0,0.0,0.0
922,1529961125,983966409,217.0,174.0,0.0,0.0,0.0,0.0
923,1529961125,993961628,220.0,169.0,0.0,0.0,0.0,0.0
924,1529961126,3960940,220.0,169.0,0.0,0.0,0.0,0.0
925,1529961126,13962477,229.0,158.0,0.0,0.0,0.0,0.0
926,1529961126,23965153,229.0,158.0,0.0,0.0,0.0,0.0
927,1529961126,33965060,232.0,154.0,0.0,0.0,0.0,0.0
928,1529961126,43963757,232.0,154.0,0.0,0.0,0.0,0.0
929,1529961126,53963197,234.0,152.0,0.0,0.0,0.0,0.0
930,1529961126,63959835,234.0,152.0,0.0,0.0,0.0,0.0
931,1529961126,73976153,235.0,150.0,0.0,0.0,0.0,0.0
932,1529961126,83964963,235.0,150.0,0.0,0.0,0.0,0.0
933,1529961126,93961687,236.0,150.0,0.0,0.0,0.0,0.0
934,1529961126,103963634,236.0,150.0,0.0,0.0,0.0,0.0
935,1529961126,113959981,236.0,150.0,0.0,0.0,0.0,0.0
936,1529961126,123965658,236.0,150.0,0.0,0.0,0.0,0.0
937,1529961126,133964990,237.0,151.0,0.0,0.0,0.0,0.0
938,1529961126,143966918,237.0,151.0,0.0,0.0,0.0,0.0
939,1529961126,153961026,238.0,152.0,0.0,0.0,0.0,0.0
940,1529961126,163975864,238.0,152.0,0.0,0.0,0.0,0.0
941,1529961126,173978757,239.0,153.0,0.0,0.0,0.0,0.0
942,1529961126,183973808,239.0,153.0,0.0,0.0,0.0,0.0
943,1529961126,193973727,239.0,154.0,0.0,0.0,0.0,0.0
944,1529961126,203971248,239.0,154.0,0.0,0.0,0.0,0.0
945,1529961126,213969169,239.0,156.0,0.0,0.0,0.0,0.0
946,1529961126,223974049,239.0,156.0,0.0,0.0,0.0,0.0
947,1529961126,233972819,239.0,162.0,0.0,0.0,0.0,0.0
948,1529961126,243972294,239.0,162.0,0.0,0.0,0.0,0.0
949,1529961126,253974187,240.0,171.0,0.0,0.0,0.0,0.0
950,1529961126,263963580,240.0,171.0,0.0,0.0,0.0,0.0
951,1529961126,273960412,239.0,178.0,0.0,0.0,0.0,0.0
952,1529961126,283966158,239.0,178.0,0.0,0.0,0.0,0.0
953,1529961126,293970682,241.0,187.0,0.0,0.0,0.0,0.0
954,1529961126,303963745,241.0,187.0,0.0,0.0,0.0,0.0
955,1529961126,313963574,240.0,192.0,0.0,0.0,0.0,0.0
956,1529961126,323959222,240.0,192.0,0.0,0.0,0.0,0.0
957,1529961126,333965980,241.0,195.0,0.0,0.0,0.0,0.0
958,1529961126,343963187,241.0,195.0,0.0,0.0,0.0,0.0
959,1529961126,353962069,240.0,199.0,0.0,0.0,0.0,0.0
960,1529961126,363960447,240.0,199.0,0.0,0.0,0.0,0.0
961,1529961126,373958011,241.0,201.0,0.0,0.0,0.0,0.0
962,1529961126,383965869,241.0,201.0,0.0,0.0,0.0,0.0
963,1529961126,393963169,241.0,206.0,0.0,0.0,0.0,0.0
964,1529961126,403961994,241.0,206.0,0.0,0.0,0.0,0.0
965,1529961126,413961653,241.0,211.0,0.0,0.0,0.0,0.0
966,1529961126,423982952,241.0,211.0,0.0,0.0,0.0,0.0
967,1529961126,433967877,241.0,216.0,0.0,0.0,0.0,0.0
968,1529961126,443963853,241.0,216.0,0.0,0.0,0.0,0.0
969,1529961126,453941649,242.0,221.0,0.0,0.0,0.0,0.0
970,1529961126,463965114,242.0,221.0,0.0,0.0,0.0,0.0
971,1529961126,473965478,242.0,221.0,0.0,0.0,0.0,0.0
972,1529961126,483962212,242.0,222.0,0.0,0.0,0.0,0.0
973,1529961126,493963753,242.0,224.0,0.0,0.0,0.0,0.0
974,1529961126,503964101,242.0,224.0,0.0,0.0,0.0,0.0
975,1529961126,513968160,241.0,226.0,0.0,0.0,0.0,0.0
976,1529961126,523962405,241.0,226.0,0.0,0.0,0.0,0.0
977,1529961126,533962567,241.0,226.0,0.0,0.0,0.0,0.0
978,1529961126,543960983,241.0,226.0,0.0,0.0,0.0,0.0
979,1529961126,553971337,241.0,227.0,0.0,0.0,0.0,0.0
980,1529961126,563968207,241.0,227.0,0.0,0.0,0.0,0.0
981,1529961126,573982669,241.0,227.0,0.0,0.0,0.0,0.0
982,1529961126,583959278,241.0,227.0,0.0,0.0,0.0,0.0
983,1529961126,593963657,241.0,228.0,0.0,0.0,0.0,0.0
984,1529961126,603967759,241.0,228.0,0.0,0.0,0.0,0.0
985,1529961126,613963280,241.0,228.0,0.0,0.0,0.0,0.0
986,1529961126,623966138,241.0,229.0,0.0,0.0,0.0,0.0
987,1529961126,633959708,241.0,229.0,0.0,0.0,0.0,0.0
988,1529961126,643973187,241.0,229.0,0.0,0.0,0.0,0.0
989,1529961126,653963425,241.0,229.0,0.0,0.0,0.0,0.0
990,1529961126,663960650,241.0,229.0,0.0,0.0,0.0,0.0
991,1529961126,673959765,241.0,229.0,0.0,0.0,0.0,0.0
992,1529961126,683971184,241.0,229.0,0.0,0.0,0.0,0.0
993,1529961126,693966652,241.0,229.0,0.0,0.0,0.0,0.0
994,1529961126,703958099,241.0,229.0,0.0,0.0,0.0,0.0
995,1529961126,713960836,241.0,230.0,0.0,0.0,0.0,0.0
996,1529961126,723964610,241.0,230.0,0.0,0.0,0.0,0.0
997,1529961126,733967809,241.0,230.0,0.0,0.0,0.0,0.0
998,1529961126,743965319,241.0,230.0,0.0,0.0,0.0,0.0
999,1529961126,753961107,241.0,230.0,0.0,0.0,0.0,0.0
1000,1529961126,763956344,241.0,230.0,0.0,0.0,0.0,0.0
1001,1529961126,778229089,241.0,230.0,0.0,0.0,0.0,0.0
1002,1529961126,783963425,241.0,230.0,0.0,0.0,0.0,0.0
1003,1529961126,793962541,242.0,231.0,0.0,0.0,0.0,0.0
1004,1529961126,803961073,242.0,231.0,0.0,0.0,0.0,0.0
1005,1529961126,813962494,243.0,233.0,0.0,0.0,0.0,0.0
1006,1529961126,823960434,243.0,233.0,0.0,0.0,0.0,0.0
1007,1529961126,833960477,243.0,238.0,0.0,0.0,0.0,0.0
1008,1529961126,843959937,243.0,238.0,0.0,0.0,0.0,0.0
1009,1529961126,853960565,243.0,243.0,0.0,0.0,0.0,0.0
1010,1529961126,863960061,243.0,243.0,0.0,0.0,0.0,0.0
1011,1529961126,873963489,243.0,243.0,0.0,0.0,0.0,0.0
1012,1529961126,883970233,243.0,243.0,0.0,0.0,0.0,0.0
1013,1529961126,893960904,243.0,243.0,0.0,0.0,0.0,0.0
1014,1529961126,904103480,243.0,243.0,0.0,0.0,0.0,0.0
1015,1529961126,913961590,243.0,243.0,0.0,0.0,0.0,0.0
1016,1529961126,923967261,243.0,243.0,0.0,0.0,0.0,0.0
1017,1529961126,933958569,243.0,243.0,0.0,0.0,0.0,0.0
1018,1529961126,943967175,243.0,243.0,0.0,0.0,0.0,0.0
1019,1529961126,953964060,243.0,243.0,0.0,0.0,0.0,0.0
1020,1529961126,963968477,243.0,243.0,0.0,0.0,0.0,0.0
1021,1529961126,973959130,244.0,244.0,0.0,0.0,0.0,0.0
1022,1529961126,983964433,244.0,244.0,0.0,0.0,0.0,0.0
1023,1529961126,993965214,244.0,244.0,0.0,0.0,0.0,0.0
1024,1529961127,3974449,244.0,244.0,0.0,0.0,0.0,0.0
1025,1529961127,13960460,244.0,244.0,0.0,0.0,0.0,0.0
1026,1529961127,23960137,244.0,244.0,0.0,0.0,0.0,0.0
1027,1529961127,33965194,244.0,244.0,0.0,0.0,0.0,0.0
1028,1529961127,43963377,244.0,244.0,0.0,0.0,0.0,0.0
1029,1529961127,53960808,244.0,244.0,0.0,0.0,0.0,0.0
1030,1529961127,63959843,244.0,244.0,0.0,0.0,0.0,0.0
1031,1529961127,73970175,244.0,244.0,0.0,0.0,0.0,0.0
1032,1529961127,83963454,244.0,244.0,0.0,0.0,0.0,0.0
1033,1529961127,93960652,244.0,244.0,0.0,0.0,0.0,0.0
1034,1529961127,103961024,244.0,244.0,0.0,0.0,0.0,0.0
1035,1529961127,113962477,244.0,244.0,0.0,0.0,0.0,0.0
1036,1529961127,123966481,244.0,244.0,0.0,0.0,0.0,0.0
1037,1529961127,133964354,244.0,244.0,0.0,0.0,0.0,0.0
1038,1529961127,143961858,244.0,244.0,0.0,0.0,0.0,0.0
1039,1529961127,153957683,244.0,244.0,0.0,0.0,0.0,0.0
1040,1529961127,164015272,244.0,244.0,0.0,0.0,0.0,0.0
1041,1529961127,173967362,244.0,244.0,0.0,0.0,0.0,0.0
1042,1529961127,183962352,244.0,244.0,0.0,0.0,0.0,0.0
1043,1529961127,193959541,244.0,244.0,0.0,0.0,0.0,0.0
1044,1529961127,203967320,244.0,244.0,0.0,0.0,0.0,0.0
1045,1529961127,213988330,244.0,244.0,0.0,0.0,0.0,0.0
1046,1529961127,223959966,244.0,244.0,0.0,0.0,0.0,0.0
1047,1529961127,233964120,244.0,244.0,0.0,0.0,0.0,0.0
1048,1529961127,243965141,244.0,244.0,0.0,0.0,0.0,0.0
1049,1529961127,253970136,244.0,244.0,0.0,0.0,0.0,0.0
1050,1529961127,263966204,244.0,244.0,0.0,0.0,0.0,0.0
1051,1529961127,273958009,244.0,244.0,0.0,0.0,0.0,0.0
1052,1529961127,283971432,244.0,244.0,0.0,0.0,0.0,0.0
1053,1529961127,293973352,244.0,244.0,0.0,0.0,0.0,0.0
1054,1529961127,303966417,244.0,244.0,0.0,0.0,0.0,0.0
1055,1529961127,313970854,244.0,244.0,0.0,0.0,0.0,0.0
1056,1529961127,323957974,244.0,244.0,0.0,0.0,0.0,0.0
1057,1529961127,333965177,244.0,244.0,0.0,0.0,0.0,0.0
1058,1529961127,343963308,244.0,244.0,0.0,0.0,0.0,0.0
1059,1529961127,353963484,244.0,244.0,0.0,0.0,0.0,0.0
1060,1529961127,363958437,244.0,244.0,0.0,0.0,0.0,0.0
1061,1529961127,373964738,244.0,244.0,0.0,0.0,0.0,0.0
1062,1529961127,383964941,244.0,244.0,0.0,0.0,0.0,0.0
1063,1529961127,393960563,244.0,244.0,0.0,0.0,0.0,0.0
1064,1529961127,403960598,244.0,244.0,0.0,0.0,0.0,0.0
1065,1529961127,413959789,244.0,244.0,0.0,0.0,0.0,0.0
1066,1529961127,423968111,244.0,244.0,0.0,0.0,0.0,0.0
1067,1529961127,433997707,244.0,244.0,0.0,0.0,0.0,0.0
1068,1529961127,443961976,244.0,244.0,0.0,0.0,0.0,0.0
1069,1529961127,453959192,244.0,244.0,0.0,0.0,0.0,0.0
1070,1529961127,463961965,244.0,244.0,0.0,0.0,0.0,0.0
1071,1529961127,473968358,244.0,244.0,0.0,0.0,0.0,0.0
1072,1529961127,483961498,244.0,244.0,0.0,0.0,0.0,0.0
1073,1529961127,493959860,245.0,245.0,0.0,0.0,0.0,0.0
1074,1529961127,503964381,245.0,245.0,0.0,0.0,0.0,0.0
1075,1529961127,513983485,246.0,246.0,0.0,0.0,0.0,0.0
1076,1529961127,523962412,246.0,246.0,0.0,0.0,0.0,0.0
1077,1529961127,533962732,246.0,246.0,0.0,0.0,0.0,0.0
1078,1529961127,543959073,246.0,246.0,0.0,0.0,0.0,0.0
1079,1529961127,553967218,246.0,246.0,0.0,0.0,0.0,0.0
1080,1529961127,563962417,246.0,246.0,0.0,0.0,0.0,0.0
1081,1529961127,573959677,246.0,246.0,0.0,0.0,0.0,0.0
1082,1529961127,583958202,246.0,246.0,0.0,0.0,0.0,0.0
1083,1529961127,596521157,246.0,246.0,0.0,0.0,0.0,0.0
1084,1529961127,603962796,246.0,246.0,0.0,0.0,0.0,0.0
1085,1529961127,613963189,246.0,246.0,0.0,0.0,0.0,0.0
1086,1529961127,623960422,246.0,246.0,0.0,0.0,0.0,0.0
1087,1529961127,633960598,246.0,246.0,0.0,0.0,0.0,0.0
1088,1529961127,643973518,246.0,246.0,0.0,0.0,0.0,0.0
1089,1529961127,653965541,246.0,246.0,0.0,0.0,0.0,0.0
1090,1529961127,663958219,246.0,246.0,0.0,0.0,0.0,0.0
1091,1529961127,673961977,246.0,246.0,0.0,0.0,0.0,0.0
1092,1529961127,683968326,246.0,246.0,0.0,0.0,0.0,0.0
1093,1529961127,693986476,246.0,246.0,0.0,0.0,0.0,0.0
1094,1529961127,703966586,246.0,246.0,0.0,0.0,0.0,0.0
1095,1529961127,713960903,246.0,246.0,0.0,0.0,0.0,0.0
1096,1529961127,723961776,246.0,246.0,0.0,0.0,0.0,0.0
1097,1529961127,733966977,246.0,246.0,0.0,0.0,0.0,0.0
1098,1529961127,743963905,246.0,246.0,0.0,0.0,0.0,0.0
1099,1529961127,753960573,246.0,246.0,0.0,0.0,0.0,0.0
1100,1529961127,763959325,246.0,246.0,0.0,0.0,0.0,0.0
1101,1529961127,773972346,246.0,246.0,0.0,0.0,0.0,0.0
1102,1529961127,783970394,246.0,246.0,0.0,0.0,0.0,0.0
1103,1529961127,793960882,246.0,246.0,0.0,0.0,0.0,0.0
1104,1529961127,803960882,246.0,246.0,0.0,0.0,0.0,0.0
1105,1529961127,813967756,246.0,246.0,0.0,0.0,0.0,0.0
1106,1529961127,823971027,246.0,246.0,0.0,0.0,0.0,0.0
1107,1529961127,833964013,246.0,246.0,0.0,0.0,0.0,0.0
1108,1529961127,843971644,246.0,246.0,0.0,0.0,0.0,0.0
1109,1529961127,853960996,246.0,246.0,0.0,0.0,0.0,0.0
1110,1529961127,863965993,246.0,246.0,0.0,0.0,0.0,0.0
1111,1529961127,873967984,246.0,246.0,0.0,0.0,0.0,0.0
1112,1529961127,883963034,246.0,246.0,0.0,0.0,0.0,0.0
1113,1529961127,893963554,246.0,246.0,0.0,0.0,0.0,0.0
1114,1529961127,903970499,246.0,246.0,0.0,0.0,0.0,0.0
1115,1529961127,913974551,246.0,246.0,0.0,0.0,0.0,0.0
1116,1529961127,923962206,246.0,246.0,0.0,0.0,0.0,0.0
1117,1529961127,933961554,246.0,246.0,0.0,0.0,0.0,0.0
1118,1529961127,943961067,246.0,246.0,0.0,0.0,0.0,0.0
1119,1529961127,953969073,246.0,246.0,0.0,0.0,0.0,0.0
1120,1529961127,963963670,246.0,246.0,0.0,0.0,0.0,0.0
1121,1529961127,973960124,245.0,245.0,0.0,0.0,0.0,0.0
1122,1529961127,983960477,245.0,245.0,0.0,0.0,0.0,0.0
1123,1529961127,993969317,244.0,244.0,0.0,0.0,0.0,0.0
1124,1529961128,3963551,244.0,244.0,0.0,0.0,0.0,0.0
1125,1529961128,13959814,243.0,243.0,0.0,0.0,0.0,0.0
1126,1529961128,23958559,243.0,243.0,0.0,0.0,0.0,0.0
1127,1529961128,33969401,242.0,242.0,0.0,0.0,0.0,0.0
1128,1529961128,43964039,242.0,242.0,0.0,0.0,0.0,0.0
1129,1529961128,53963086,242.0,242.0,0.0,0.0,0.0,0.0
1130,1529961128,63960199,242.0,242.0,0.0,0.0,0.0,0.0
1131,1529961128,73969841,242.0,242.0,0.0,0.0,0.0,0.0
1132,1529961128,83968186,242.0,242.0,0.0,0.0,0.0,0.0
1133,1529961128,93963278,242.0,242.0,0.0,0.0,0.0,0.0
1134,1529961128,103958721,242.0,242.0,0.0,0.0,0.0,0.0
1135,1529961128,113958900,242.0,242.0,0.0,0.0,0.0,0.0
1136,1529961128,123971364,242.0,242.0,0.0,0.0,0.0,0.0
1137,1529961128,133961168,242.0,242.0,0.0,0.0,0.0,0.0
1138,1529961128,143963502,242.0,242.0,0.0,0.0,0.0,0.0
1139,1529961128,153961156,242.0,242.0,0.0,0.0,0.0,0.0
1140,1529961128,163963998,242.0,242.0,0.0,0.0,0.0,0.0
1141,1529961128,173965624,242.0,242.0,0.0,0.0,0.0,0.0
1142,1529961128,183964199,242.0,242.0,0.0,0.0,0.0,0.0
1143,1529961128,193960137,242.0,242.0,0.0,0.0,0.0,0.0
1144,1529961128,203958441,242.0,242.0,0.0,0.0,0.0,0.0
1145,1529961128,213999692,242.0,242.0,0.0,0.0,0.0,0.0
1146,1529961128,223964640,242.0,242.0,0.0,0.0,0.0,0.0
1147,1529961128,233958346,242.0,242.0,0.0,0.0,0.0,0.0
1148,1529961128,243960867,242.0,242.0,0.0,0.0,0.0,0.0
1149,1529961128,253967210,242.0,242.0,0.0,0.0,0.0,0.0
1150,1529961128,263967514,242.0,242.0,0.0,0.0,0.0,0.0
1151,1529961128,273962829,242.0,242.0,0.0,0.0,0.0,0.0
1152,1529961128,283961646,242.0,242.0,0.0,0.0,0.0,0.0
1153,1529961128,293960846,242.0,242.0,0.0,0.0,0.0,0.0
1154,1529961128,303967069,242.0,242.0,0.0,0.0,0.0,0.0
1155,1529961128,313961431,242.0,242.0,0.0,0.0,0.0,0.0
1156,1529961128,323961283,242.0,242.0,0.0,0.0,0.0,0.0
1157,1529961128,333958396,242.0,242.0,0.0,0.0,0.0,0.0
1158,1529961128,343970753,242.0,242.0,0.0,0.0,0.0,0.0
1159,1529961128,353973156,242.0,242.0,0.0,0.0,0.0,0.0
1160,1529961128,363960506,242.0,242.0,0.0,0.0,0.0,0.0
1161,1529961128,373962584,242.0,242.0,0.0,0.0,0.0,0.0
1162,1529961128,383962278,242.0,242.0,0.0,0.0,0.0,0.0
1163,1529961128,393961635,242.0,242.0,0.0,0.0,0.0,0.0
1164,1529961128,403963698,242.0,242.0,0.0,0.0,0.0,0.0
1165,1529961128,413957614,241.0,241.0,0.0,0.0,0.0,0.0
1166,1529961128,423958044,241.0,241.0,0.0,0.0,0.0,0.0
1167,1529961128,433964196,241.0,241.0,0.0,0.0,0.0,0.0
1168,1529961128,443968578,241.0,241.0,0.0,0.0,0.0,0.0
1169,1529961128,453962493,241.0,241.0,0.0,0.0,0.0,0.0
1170,1529961128,463966627,241.0,241.0,0.0,0.0,0.0,0.0
1171,1529961128,473973078,241.0,241.0,0.0,0.0,0.0,0.0
1172,1529961128,483961836,241.0,241.0,0.0,0.0,0.0,0.0
1173,1529961128,493964705,240.0,240.0,0.0,0.0,0.0,0.0
1174,1529961128,503958793,240.0,240.0,0.0,0.0,0.0,0.0
1175,1529961128,513965297,240.0,240.0,0.0,0.0,0.0,0.0
1176,1529961128,523962819,240.0,240.0,0.0,0.0,0.0,0.0
1177,1529961128,533977952,239.0,239.0,0.0,0.0,0.0,0.0
1178,1529961128,543969962,239.0,239.0,0.0,0.0,0.0,0.0
1179,1529961128,553966918,239.0,239.0,0.0,0.0,0.0,0.0
1180,1529961128,563975526,239.0,239.0,0.0,0.0,0.0,0.0
1181,1529961128,573961670,239.0,239.0,0.0,0.0,0.0,0.0
1182,1529961128,583970092,239.0,239.0,0.0,0.0,0.0,0.0
1183,1529961128,593962549,239.0,239.0,0.0,0.0,0.0,0.0
1184,1529961128,603972415,239.0,239.0,0.0,0.0,0.0,0.0
1185,1529961128,613965534,239.0,239.0,0.0,0.0,0.0,0.0
1186,1529961128,623960659,239.0,239.0,0.0,0.0,0.0,0.0
1187,1529961128,633963883,239.0,239.0,0.0,0.0,0.0,0.0
1188,1529961128,643966779,239.0,239.0,0.0,0.0,0.0,0.0
1189,1529961128,653971433,239.0,239.0,0.0,0.0,0.0,0.0
1190,1529961128,663958669,239.0,239.0,0.0,0.0,0.0,0.0
1191,1529961128,673962549,239.0,239.0,0.0,0.0,0.0,0.0
1192,1529961128,683959362,239.0,239.0,0.0,0.0,0.0,0.0
1193,1529961128,693966301,239.0,239.0,0.0,0.0,0.0,0.0
1194,1529961128,703960720,239.0,239.0,0.0,0.0,0.0,0.0
1195,1529961128,713960067,239.0,239.0,0.0,0.0,0.0,0.0
1196,1529961128,723958510,239.0,239.0,0.0,0.0,0.0,0.0
1197,1529961128,733973512,239.0,239.0,0.0,0.0,0.0,0.0
1198,1529961128,743985841,239.0,239.0,0.0,0.0,0.0,0.0
1199,1529961128,753966914,239.0,239.0,0.0,0.0,0.0,0.0
1200,1529961128,763985318,239.0,239.0,0.0,0.0,0.0,0.0
1201,1529961128,773977643,239.0,239.0,0.0,0.0,0.0,0.0
1202,1529961128,783967608,239.0,239.0,0.0,0.0,0.0,0.0
1203,1529961128,793978453,240.0,240.0,0.0,0.0,0.0,0.0
1204,1529961128,803971288,240.0,240.0,0.0,0.0,0.0,0.0
1205,1529961128,813971607,240.0,240.0,0.0,0.0,0.0,0.0
1206,1529961128,823964906,240.0,240.0,0.0,0.0,0.0,0.0
1207,1529961128,833963349,241.0,241.0,0.0,0.0,0.0,0.0
1208,1529961128,843957810,241.0,241.0,0.0,0.0,0.0,0.0
1209,1529961128,853958312,241.0,241.0,0.0,0.0,0.0,0.0
1210,1529961128,863983094,241.0,241.0,0.0,0.0,0.0,0.0
1211,1529961128,873965974,241.0,241.0,0.0,0.0,0.0,0.0
1212,1529961128,883959103,241.0,241.0,0.0,0.0,0.0,0.0
1213,1529961128,893959605,241.0,241.0,0.0,0.0,0.0,0.0
1214,1529961128,903963105,241.0,241.0,0.0,0.0,0.0,0.0
1215,1529961128,913961683,242.0,242.0,0.0,0.0,0.0,0.0
1216,1529961128,923968073,242.0,242.0,0.0,0.0,0.0,0.0
1217,1529961128,933977994,243.0,243.0,0.0,0.0,0.0,0.0
1218,1529961128,943980599,243.0,243.0,0.0,0.0,0.0,0.0
1219,1529961128,953974174,243.0,243.0,0.0,0.0,0.0,0.0
1220,1529961128,963965863,243.0,243.0,0.0,0.0,0.0,0.0
1221,1529961128,973960782,243.0,243.0,0.0,0.0,0.0,0.0
1222,1529961128,983961371,243.0,243.0,0.0,0.0,0.0,0.0
1223,1529961128,993970899,243.0,243.0,0.0,0.0,0.0,0.0
1224,1529961129,3965017,243.0,243.0,0.0,0.0,0.0,0.0
1225,1529961129,13959499,243.0,243.0,0.0,0.0,0.0,0.0
1226,1529961129,23958977,243.0,243.0,0.0,0.0,0.0,0.0
1227,1529961129,33966753,243.0,243.0,0.0,0.0,0.0,0.0
1228,1529961129,43966817,243.0,243.0,0.0,0.0,0.0,0.0
1229,1529961129,53964015,244.0,244.0,0.0,0.0,0.0,0.0
1230,1529961129,63961893,244.0,244.0,0.0,0.0,0.0,0.0
1231,1529961129,73961383,244.0,244.0,0.0,0.0,0.0,0.0
1232,1529961129,83965167,244.0,244.0,0.0,0.0,0.0,0.0
1233,1529961129,93963857,244.0,244.0,0.0,0.0,0.0,0.0
1234,1529961129,103964078,244.0,244.0,0.0,0.0,0.0,0.0
1235,1529961129,113959660,244.0,244.0,0.0,0.0,0.0,0.0
1236,1529961129,123966993,244.0,244.0,0.0,0.0,0.0,0.0
1237,1529961129,133965137,244.0,244.0,0.0,0.0,0.0,0.0
1238,1529961129,143963367,244.0,244.0,0.0,0.0,0.0,0.0
1239,1529961129,153960933,244.0,244.0,0.0,0.0,0.0,0.0
1240,1529961129,163965989,244.0,244.0,0.0,0.0,0.0,0.0
1241,1529961129,173964832,244.0,244.0,0.0,0.0,0.0,0.0
1242,1529961129,183961470,244.0,244.0,0.0,0.0,0.0,0.0
1243,1529961129,193961044,244.0,244.0,0.0,0.0,0.0,0.0
1244,1529961129,203960332,244.0,244.0,0.0,0.0,0.0,0.0
1245,1529961129,213986836,244.0,244.0,0.0,0.0,0.0,0.0
1246,1529961129,223962817,244.0,244.0,0.0,0.0,0.0,0.0
1247,1529961129,233962837,244.0,244.0,0.0,0.0,0.0,0.0
1248,1529961129,243968730,244.0,244.0,0.0,0.0,0.0,0.0
1249,1529961129,253973822,244.0,244.0,0.0,0.0,0.0,0.0
1250,1529961129,263965486,244.0,244.0,0.0,0.0,0.0,0.0
1251,1529961129,273961263,244.0,244.0,0.0,0.0,0.0,0.0
1252,1529961129,283962372,244.0,244.0,0.0,0.0,0.0,0.0
1253,1529961129,293959418,244.0,244.0,0.0,0.0,0.0,0.0
1254,1529961129,303974643,244.0,244.0,0.0,0.0,0.0,0.0
1255,1529961129,313960799,245.0,245.0,0.0,0.0,0.0,0.0
1256,1529961129,323965720,245.0,245.0,0.0,0.0,0.0,0.0
1257,1529961129,333973427,245.0,245.0,0.0,0.0,0.0,0.0
1258,1529961129,344909082,245.0,245.0,0.0,0.0,0.0,0.0
1259,1529961129,353974496,245.0,245.0,0.0,0.0,0.0,0.0
1260,1529961129,363992841,245.0,245.0,0.0,0.0,0.0,0.0
1261,1529961129,373971061,246.0,246.0,0.0,0.0,0.0,0.0
1262,1529961129,383970756,246.0,246.0,0.0,0.0,0.0,0.0
1263,1529961129,393963485,246.0,246.0,0.0,0.0,0.0,0.0
1264,1529961129,403964553,246.0,246.0,0.0,0.0,0.0,0.0
1265,1529961129,413959012,246.0,246.0,0.0,0.0,0.0,0.0
1266,1529961129,423961839,246.0,246.0,0.0,0.0,0.0,0.0
1267,1529961129,433965973,246.0,246.0,0.0,0.0,0.0,0.0
1268,1529961129,443960967,246.0,246.0,0.0,0.0,0.0,0.0
1269,1529961129,454016018,246.0,246.0,0.0,0.0,0.0,0.0
1270,1529961129,463965910,246.0,246.0,0.0,0.0,0.0,0.0
1271,1529961129,473968980,246.0,246.0,0.0,0.0,0.0,0.0
1272,1529961129,483970749,246.0,246.0,0.0,0.0,0.0,0.0
1273,1529961129,493970184,246.0,246.0,0.0,0.0,0.0,0.0
1274,1529961129,503959568,246.0,246.0,0.0,0.0,0.0,0.0
1275,1529961129,513963270,246.0,246.0,0.0,0.0,0.0,0.0
1276,1529961129,523965136,246.0,246.0,0.0,0.0,0.0,0.0
1277,1529961129,533963822,246.0,246.0,0.0,0.0,0.0,0.0
1278,1529961129,543959066,246.0,246.0,0.0,0.0,0.0,0.0
1279,1529961129,553958373,246.0,246.0,0.0,0.0,0.0,0.0
1280,1529961129,563977373,246.0,246.0,0.0,0.0,0.0,0.0
1281,1529961129,573964768,246.0,246.0,0.0,0.0,0.0,0.0
1282,1529961129,583961867,246.0,246.0,0.0,0.0,0.0,0.0
1283,1529961129,593960949,246.0,246.0,0.0,0.0,0.0,0.0
1284,1529961129,604014724,246.0,246.0,0.0,0.0,0.0,0.0
1285,1529961129,613966104,246.0,246.0,0.0,0.0,0.0,0.0
1286,1529961129,623967842,246.0,246.0,0.0,0.0,0.0,0.0
1287,1529961129,633959204,247.0,247.0,0.0,0.0,0.0,0.0
1288,1529961129,643968585,247.0,247.0,0.0,0.0,0.0,0.0
1289,1529961129,653967115,247.0,247.0,0.0,0.0,0.0,0.0
1290,1529961129,663971971,247.0,247.0,0.0,0.0,0.0,0.0
1291,1529961129,673960012,247.0,247.0,0.0,0.0,0.0,0.0
1292,1529961129,683965034,247.0,247.0,0.0,0.0,0.0,0.0
1293,1529961129,693969990,247.0,247.0,0.0,0.0,0.0,0.0
1294,1529961129,703968895,247.0,247.0,0.0,0.0,0.0,0.0
1295,1529961129,713969453,247.0,247.0,0.0,0.0,0.0,0.0
1296,1529961129,723965184,247.0,247.0,0.0,0.0,0.0,0.0
1297,1529961129,733962687,247.0,247.0,0.0,0.0,0.0,0.0
1298,1529961129,743999023,247.0,247.0,0.0,0.0,0.0,0.0
1299,1529961129,753958773,247.0,247.0,0.0,0.0,0.0,0.0
1300,1529961129,763961728,247.0,247.0,0.0,0.0,0.0,0.0
1301,1529961129,773961186,247.0,247.0,0.0,0.0,0.0,0.0
1302,1529961129,783974982,247.0,247.0,0.0,0.0,0.0,0.0
1303,1529961129,793974390,247.0,247.0,0.0,0.0,0.0,0.0
1304,1529961129,803959714,247.0,247.0,0.0,0.0,0.0,0.0
1305,1529961129,813961237,247.0,247.0,0.0,0.0,0.0,0.0
1306,1529961129,823969022,247.0,247.0,0.0,0.0,0.0,0.0
1307,1529961129,833965380,247.0,247.0,0.0,0.0,0.0,0.0
1308,1529961129,843969520,247.0,247.0,0.0,0.0,0.0,0.0
1309,1529961129,853959553,247.0,247.0,0.0,0.0,0.0,0.0
1310,1529961129,863971788,247.0,247.0,0.0,0.0,0.0,0.0
1311,1529961129,873974567,247.0,247.0,0.0,0.0,0.0,0.0
1312,1529961129,883959690,247.0,247.0,0.0,0.0,0.0,0.0
1313,1529961129,893998903,247.0,247.0,0.0,0.0,0.0,0.0
1314,1529961129,903966680,247.0,247.0,0.0,0.0,0.0,0.0
1315,1529961129,913968035,247.0,247.0,0.0,0.0,0.0,0.0
1316,1529961129,923965522,247.0,247.0,0.0,0.0,0.0,0.0
1317,1529961129,933960897,247.0,247.0,0.0,0.0,0.0,0.0
1318,1529961129,943962186,247.0,247.0,0.0,0.0,0.0,0.0
1319,1529961129,953965589,247.0,247.0,0.0,0.0,0.0,0.0
1320,1529961129,963973823,247.0,247.0,0.0,0.0,0.0,0.0
1321,1529961129,973965309,247.0,247.0,0.0,0.0,0.0,0.0
1322,1529961129,983967304,247.0,247.0,0.0,0.0,0.0,0.0
1323,1529961129,993973913,247.0,247.0,0.0,0.0,0.0,0.0
1324,1529961130,3985756,247.0,247.0,0.0,0.0,0.0,0.0
1325,1529961130,13962471,247.0,247.0,0.0,0.0,0.0,0.0
1326,1529961130,23961342,247.0,247.0,0.0,0.0,0.0,0.0
1327,1529961130,33959060,247.0,247.0,0.0,0.0,0.0,0.0
1328,1529961130,43972495,247.0,247.0,0.0,0.0,0.0,0.0
1329,1529961130,53968707,247.0,247.0,0.0,0.0,0.0,0.0
1330,1529961130,63960343,247.0,247.0,0.0,0.0,0.0,0.0
1331,1529961130,73960228,247.0,247.0,0.0,0.0,0.0,0.0
1332,1529961130,84034673,247.0,247.0,0.0,0.0,0.0,0.0
1333,1529961130,93969192,247.0,247.0,0.0,0.0,0.0,0.0
1334,1529961130,103993990,247.0,247.0,0.0,0.0,0.0,0.0
1335,1529961130,113960243,247.0,247.0,0.0,0.0,0.0,0.0
1336,1529961130,123980078,247.0,247.0,0.0,0.0,0.0,0.0
1337,1529961130,133963269,247.0,247.0,0.0,0.0,0.0,0.0
1338,1529961130,143962296,247.0,247.0,0.0,0.0,0.0,0.0
1339,1529961130,153959168,247.0,247.0,0.0,0.0,0.0,0.0
1340,1529961130,163967959,247.0,247.0,0.0,0.0,0.0,0.0
1341,1529961130,173975804,247.0,247.0,0.0,0.0,0.0,0.0
1342,1529961130,183965244,247.0,247.0,0.0,0.0,0.0,0.0
1343,1529961130,193963248,247.0,247.0,0.0,0.0,0.0,0.0
1344,1529961130,203966004,247.0,247.0,0.0,0.0,0.0,0.0
1345,1529961130,213969031,247.0,247.0,0.0,0.0,0.0,0.0
1346,1529961130,224110976,247.0,247.0,0.0,0.0,0.0,0.0
1347,1529961130,233963597,247.0,247.0,0.0,0.0,0.0,0.0
1348,1529961130,243960553,247.0,247.0,0.0,0.0,0.0,0.0
1349,1529961130,253959536,247.0,247.0,0.0,0.0,0.0,0.0
1350,1529961130,264007128,247.0,247.0,0.0,0.0,0.0,0.0
1351,1529961130,273964090,247.0,247.0,0.0,0.0,0.0,0.0
1352,1529961130,283961695,247.0,247.0,0.0,0.0,0.0,0.0
1353,1529961130,293963981,247.0,247.0,0.0,0.0,0.0,0.0
1354,1529961130,303970748,247.0,247.0,0.0,0.0,0.0,0.0
1355,1529961130,313969428,247.0,247.0,0.0,0.0,0.0,0.0
1356,1529961130,323961116,247.0,247.0,0.0,0.0,0.0,0.0
1357,1529961130,333959365,247.0,247.0,0.0,0.0,0.0,0.0
1358,1529961130,343964474,245.0,245.0,0.0,0.0,0.0,0.0
1359,1529961130,353963230,245.0,245.0,0.0,0.0,0.0,0.0
1360,1529961130,363965875,240.0,240.0,0.0,0.0,0.0,0.0
1361,1529961130,373966310,240.0,240.0,0.0,0.0,0.0,0.0
1362,1529961130,383958892,235.0,235.0,0.0,0.0,0.0,0.0
1363,1529961130,393977130,228.0,228.0,0.0,0.0,0.0,0.0
1364,1529961130,403964625,228.0,228.0,0.0,0.0,0.0,0.0
1365,1529961130,413961124,228.0,228.0,0.0,0.0,0.0,0.0
1366,1529961130,423957442,221.0,221.0,0.0,0.0,0.0,0.0
1367,1529961130,433969314,214.0,214.0,0.0,0.0,0.0,0.0
1368,1529961130,443959496,214.0,214.0,0.0,0.0,0.0,0.0
1369,1529961130,453958386,214.0,214.0,0.0,0.0,0.0,0.0
1370,1529961130,463959474,209.0,209.0,0.0,0.0,0.0,0.0
1371,1529961130,473958473,203.0,203.0,0.0,0.0,0.0,0.0
1372,1529961130,483961967,203.0,203.0,0.0,0.0,0.0,0.0
1373,1529961130,493959658,203.0,203.0,0.0,0.0,0.0,0.0
1374,1529961130,503958645,199.0,199.0,0.0,0.0,0.0,0.0
1375,1529961130,513964131,193.0,193.0,0.0,0.0,0.0,0.0
1376,1529961130,523975038,193.0,193.0,0.0,0.0,0.0,0.0
1377,1529961130,533964715,193.0,193.0,0.0,0.0,0.0,0.0
1378,1529961130,543961974,188.0,188.0,0.0,0.0,0.0,0.0
1379,1529961130,553961438,182.0,182.0,0.0,0.0,0.0,0.0
1380,1529961130,563959548,182.0,182.0,0.0,0.0,0.0,0.0
1381,1529961130,573964689,182.0,182.0,0.0,0.0,0.0,0.0
1382,1529961130,583964840,176.0,176.0,0.0,0.0,0.0,0.0
1383,1529961130,593958148,162.0,162.0,0.0,0.0,0.0,0.0
1384,1529961130,603961424,162.0,162.0,0.0,0.0,0.0,0.0
1385,1529961130,613970318,162.0,162.0,0.0,0.0,0.0,0.0
1386,1529961130,623974062,157.0,157.0,0.0,0.0,0.0,0.0
1387,1529961130,633962019,138.0,138.0,0.0,0.0,0.0,0.0
1388,1529961130,643967925,138.0,138.0,0.0,0.0,0.0,0.0
1389,1529961130,653970788,138.0,138.0,0.0,0.0,0.0,0.0
1390,1529961130,663967955,123.0,123.0,0.0,0.0,0.0,0.0
1391,1529961130,673972840,102.0,102.0,0.0,0.0,0.0,0.0
1392,1529961130,683966336,102.0,102.0,0.0,0.0,0.0,0.0
1393,1529961130,693967139,102.0,102.0,0.0,0.0,0.0,0.0
1394,1529961130,703965790,0.0,0.0,0.0,0.0,0.0,0.0
1395,1529961130,713964521,0.0,0.0,0.0,0.0,0.0,0.0
1396,1529961130,723984425,0.0,0.0,0.0,0.0,0.0,0.0
1397,1529961130,733964465,0.0,0.0,0.0,0.0,0.0,0.0
1398,1529961130,743979897,0.0,0.0,0.0,0.0,0.0,0.0
1399,1529961130,753960935,0.0,0.0,0.0,0.0,0.0,0.0
1400,1529961130,763960594,0.0,0.0,0.0,0.0,0.0,0.0
1401,1529961130,773957165,0.0,0.0,0.0,0.0,0.0,0.0
1402,1529961130,783964425,0.0,0.0,0.0,0.0,0.0,0.0
1403,1529961130,793956866,0.0,0.0,0.0,0.0,0.0,0.0
1404,1529961130,803967512,0.0,0.0,0.0,0.0,0.0,0.0
1405,1529961130,813955156,0.0,0.0,0.0,0.0,0.0,0.0
1406,1529961130,823955641,0.0,0.0,0.0,0.0,0.0,0.0
1407,1529961130,833961300,0.0,0.0,0.0,0.0,0.0,0.0
1408,1529961130,843957442,0.0,0.0,0.0,0.0,0.0,0.0
1409,1529961130,853957259,0.0,0.0,0.0,0.0,0.0,0.0
1410,1529961130,863958103,0.0,0.0,0.0,0.0,0.0,0.0
1411,1529961130,873970147,0.0,0.0,0.0,0.0,0.0,0.0
1412,1529961130,883963050,0.0,0.0,0.0,0.0,0.0,0.0
1413,1529961130,893958151,0.0,0.0,0.0,0.0,0.0,0.0
1414,1529961130,903954222,0.0,0.0,0.0,0.0,0.0,0.0
1415,1529961130,913960316,0.0,0.0,0.0,0.0,0.0,0.0
1416,1529961130,923964847,0.0,0.0,0.0,0.0,0.0,0.0
1417,1529961130,933958463,0.0,0.0,0.0,0.0,0.0,0.0
1418,1529961130,943955256,0.0,0.0,0.0,0.0,0.0,0.0
1419,1529961130,953957307,0.0,0.0,0.0,0.0,0.0,0.0
1420,1529961130,963962511,0.0,0.0,0.0,0.0,0.0,0.0
1421,1529961130,973959843,0.0,0.0,0.0,0.0,0.0,0.0
1422,1529961130,983960696,0.0,0.0,0.0,0.0,0.0,0.0
1423,1529961130,993971704,0.0,0.0,0.0,0.0,0.0,0.0
1424,1529961131,3977576,0.0,0.0,0.0,0.0,0.0,0.0
1425,1529961131,13968740,0.0,0.0,0.0,0.0,0.0,0.0
1426,1529961131,23956914,0.0,0.0,0.0,0.0,0.0,0.0
1427,1529961131,33960762,0.0,0.0,0.0,0.0,0.0,0.0
1428,1529961131,43961346,0.0,0.0,0.0,0.0,0.0,0.0
1429,1529961131,53962925,0.0,0.0,0.0,0.0,0.0,0.0
1430,1529961131,63957172,0.0,0.0,0.0,0.0,0.0,0.0
1431,1529961131,73957772,0.0,0.0,0.0,0.0,0.0,0.0
1432,1529961131,83956598,0.0,0.0,0.0,0.0,0.0,0.0
1433,1529961131,93962684,0.0,0.0,0.0,0.0,0.0,0.0
1434,1529961131,103966316,0.0,0.0,0.0,0.0,0.0,0.0
1435,1529961131,113957638,0.0,0.0,0.0,0.0,0.0,0.0
1436,1529961131,123965453,0.0,0.0,0.0,0.0,0.0,0.0
1437,1529961131,133963754,0.0,0.0,0.0,0.0,0.0,0.0
1438,1529961131,143962134,0.0,0.0,0.0,0.0,0.0,0.0
1439,1529961131,153971875,0.0,0.0,0.0,0.0,0.0,0.0
1440,1529961131,163955608,0.0,0.0,0.0,0.0,0.0,0.0
1441,1529961131,173959772,0.0,0.0,0.0,0.0,0.0,0.0
1442,1529961131,183963239,0.0,0.0,0.0,0.0,0.0,0.0
1443,1529961131,193959431,0.0,0.0,0.0,0.0,0.0,0.0
1444,1529961131,203961758,0.0,0.0,0.0,0.0,0.0,0.0
1445,1529961131,213956734,0.0,0.0,0.0,0.0,0.0,0.0
1446,1529961131,223967269,0.0,0.0,0.0,0.0,0.0,0.0
1447,1529961131,233961391,0.0,0.0,0.0,0.0,0.0,0.0
1448,1529961131,243989256,0.0,0.0,0.0,0.0,0.0,0.0
1449,1529961131,253955800,0.0,0.0,0.0,0.0,0.0,0.0
1450,1529961131,263966645,0.0,0.0,0.0,0.0,0.0,0.0
1451,1529961131,273959422,0.0,0.0,0.0,0.0,0.0,0.0
1452,1529961131,283959060,0.0,0.0,0.0,0.0,0.0,0.0
1453,1529961131,293956666,0.0,0.0,0.0,0.0,0.0,0.0
1454,1529961131,303954024,0.0,0.0,0.0,0.0,0.0,0.0
1455,1529961131,313966763,0.0,0.0,0.0,0.0,0.0,0.0
1456,1529961131,323956341,0.0,0.0,0.0,0.0,0.0,0.0
