1627,1529961053,258349739,0.0,0.0
1628,1529961053,258349739,0.0,0.0
1629,1529961053,258349739,0.0,0.0
1630,1529961053,258349739,0.0,0.0
1631,1529961053,258349739,0.0,0.0
1632,1529961053,258349739,0.0,0.0
1633,1529961053,258349739,0.0,0.0
1634,1529961053,258349739,0.0,0.0
1635,1529961053,258349739,0.0,0.0
1636,1529961053,258349739,0.0,0.0
1637,1529961053,258349739,0.0,0.0
1638,1529961053,258349739,0.0,0.0
1639,1529961053,258349739,0.0,0.0
1640,1529961053,258349739,0.0,0.0
1641,1529961053,258349739,0.0,0.0
1642,1529961053,258349739,0.0,0.0
1643,1529961053,258349739,0.0,0.0
1644,1529961053,258349739,0.0,0.0
1645,1529961053,258349739,0.0,0.0
1646,1529961053,258349739,0.0,0.0
1647,1529961053,258349739,0.0,0.0
1648,1529961053,258349739,0.0,0.0
1649,1529961053,258349739,0.0,0.0
1650,1529961053,258349739,0.0,0.0
1651,1529961053,258349739,0.0,0.0
1652,1529961053,258349739,0.0,0.0
1653,1529961053,258349739,0.0,0.0
1654,1529961053,258349739,0.0,0.0
1655,1529961053,258349739,0.0,0.0
1656,1529961053,258349739,0.0,0.0
1657,1529961053,258349739,0.0,0.0
1658,1529961053,258349739,0.0,0.0
1659,1529961053,258349739,0.0,0.0
1660,1529961053,258349739,0.0,0.0
1661,1529961053,258349739,0.0,0.0
1662,1529961053,258349739,0.0,0.0
1663,1529961053,258349739,0.0,0.0
1664,1529961053,258349739,0.0,0.0
1665,1529961053,258349739,0.0,0.0
1666,1529961053,258349739,0.0,0.0
1667,1529961053,258349739,0.0,0.0
1668,1529961053,258349739,0.0,0.0
1669,1529961053,258349739,0.0,0.0
1670,1529961053,258349739,0.0,0.0
1671,1529961053,258349739,0.0,0.0
1672,1529961053,258349739,0.0,0.0
1673,1529961053,258349739,0.0,0.0
1674,1529961053,258349739,0.0,0.0
1675,1529961053,258349739,0.0,0.0
1676,1529961053,258349739,0.0,0.0
1677,1529961053,258349739,0.0,0.0
1678,1529961053,258349739,0.0,0.0
1679,1529961053,258349739,0.0,0.0
1680,1529961053,258349739,0.0,0.0
1681,1529961053,258349739,0.0,0.0
1682,1529961053,258349739,0.0,0.0
1683,1529961053,258349739,0.0,0.0
1684,1529961053,258349739,0.0,0.0
1685,1529961053,258349739,0.0,0.0
1686,1529961053,258349739,0.0,0.0
1687,1529961053,258349739,0.0,0.0
1688,1529961053,258349739,0.0,0.0
1689,1529961053,258349739,0.0,0.0
1690,1529961053,258349739,0.0,0.0
1691,1529961053,258349739,0.0,0.0
1692,1529961053,258349739,0.0,0.0
1693,1529961053,258349739,0.0,0.0
1694,1529961053,258349739,0.0,0.0
1695,1529961053,258349739,0.0,0.0
1696,1529961053,258349739,0.0,0.0
1697,1529961053,258349739,0.0,0.0
1698,1529961053,258349739,0.0,0.0
1699,1529961053,258349739,0.0,0.0
1700,1529961053,258349739,0.0,0.0
1701,1529961053,258349739,0.0,0.0
1702,1529961053,258349739,0.0,0.0
1703,1529961053,258349739,0.0,0.0
1704,1529961053,258349739,0.0,0.0
1705,1529961053,258349739,0.0,0.0
1706,1529961053,258349739,0.0,0.0
1707,1529961053,258349739,0.0,0.0
1708,1529961053,258349739,0.0,0.0
1709,1529961053,258349739,0.0,0.0
1710,1529961053,258349739,0.0,0.0
1711,1529961053,258349739,0.0,0.0
1712,1529961053,258349739,0.0,0.0
1713,1529961053,258349739,0.0,0.0
1714,1529961053,258349739,0.0,0.0
1715,1529961053,258349739,0.0,0.0
1716,1529961053,258349739,0.0,0.0
1717,1529961053,258349739,0.0,0.0
1718,1529961053,258349739,0.0,0.0
1719,1529961053,258349739,0.0,0.0
1720,1529961053,258349739,0.0,0.0
1721,1529961053,258349739,0.0,0.0
1722,1529961053,258349739,0.0,0.0
1723,1529961053,258349739,0.0,0.0
1724,1529961053,258349739,0.0,0.0
1725,1529961053,258349739,0.0,0.0
1726,1529961053,258349739,0.0,0.0
1727,1529961053,258349739,0.0,0.0
1728,1529961053,258349739,0.0,0.0
1729,1529961053,258349739,0.0,0.0
1730,1529961053,258349739,0.0,0.0
1731,1529961053,258349739,0.0,0.0
1732,1529961053,258349739,0.0,0.0
1733,1529961053,258349739,0.0,0.0
1734,1529961053,258349739,0.0,0.0
1735,1529961053,258349739,0.0,0.0
1736,1529961053,258349739,0.0,0.0
1737,1529961053,258349739,0.0,0.0
1738,1529961053,258349739,0.0,0.0
1739,1529961053,258349739,0.0,0.0
1740,1529961053,258349739,0.0,0.0
1741,1529961053,258349739,0.0,0.0
1742,1529961053,258349739,0.0,0.0
1743,1529961053,258349739,0.0,0.0
1744,1529961053,258349739,0.0,0.0
1745,1529961053,258349739,0.0,0.0
1746,1529961053,258349739,0.0,0.0
1747,1529961053,258349739,0.0,0.0
1748,1529961053,258349739,0.0,0.0
1749,1529961053,258349739,0.0,0.0
1750,1529961053,258349739,0.0,0.0
1751,1529961053,258349739,0.0,0.0
1752,1529961053,258349739,0.0,0.0
1753,1529961053,258349739,0.0,0.0
1754,1529961053,258349739,0.0,0.0
1755,1529961053,258349739,0.0,0.0
1756,1529961053,258349739,0.0,0.0
1757,1529961053,258349739,0.0,0.0
1758,1529961053,258349739,0.0,0.0
1759,1529961053,258349739,0.0,0.0
1760,1529961053,258349739,0.0,0.0
1761,1529961053,258349739,0.0,0.0
1762,1529961053,258349739,0.0,0.0
1763,1529961053,258349739,0.0,0.0
1764,1529961053,258349739,0.0,0.0
1765,1529961053,258349739,0.0,0.0
1766,1529961053,258349739,0.0,0.0
1767,1529961053,258349739,0.0,0.0
1768,1529961053,258349739,0.0,0.0
1769,1529961053,258349739,0.0,0.0
1770,1529961053,258349739,0.0,0.0
1771,1529961053,258349739,0.0,0.0
1772,1529961053,258349739,0.0,0.0
1773,1529961053,258349739,0.0,0.0
1774,1529961053,258349739,0.0,0.0
1775,1529961053,258349739,0.0,0.0
1776,1529961053,258349739,0.0,0.0
1777,1529961053,258349739,0.0,0.0
1778,1529961053,258349739,0.0,0.0
1779,1529961053,258349739,0.0,0.0
1780,1529961053,258349739,0.0,0.0
1781,1529961053,258349739,0.0,0.0
1782,1529961053,258349739,0.0,0.0
1783,1529961053,258349739,0.0,0.0
1784,1529961053,258349739,0.0,0.0
1785,1529961053,258349739,0.0,0.0
1786,1529961053,258349739,0.0,0.0
1787,1529961053,258349739,0.0,0.0
1788,1529961053,258349739,0.0,0.0
1789,1529961053,258349739,0.0,0.0
1790,1529961053,258349739,0.0,0.0
1791,1529961053,258349739,0.0,0.0
1792,1529961053,258349739,0.0,0.0
1793,1529961053,258349739,0.0,0.0
1794,1529961053,258349739,0.0,0.0
1795,1529961053,258349739,0.0,0.0
1796,1529961053,258349739,0.0,0.0
1797,1529961053,258349739,0.0,0.0
1798,1529961053,258349739,0.0,0.0
1799,1529961053,258349739,0.0,0.0
1800,1529961053,258349739,0.0,0.0
1801,1529961053,258349739,0.0,0.0
1802,1529961053,258349739,0.0,0.0
1803,1529961053,258349739,0.0,0.0
1804,1529961053,258349739,0.0,0.0
1805,1529961053,258349739,0.0,0.0
1806,1529961053,258349739,0.0,0.0
1807,1529961053,258349739,0.0,0.0
1808,1529961053,258349739,0.0,0.0
1809,1529961053,258349739,0.0,0.0
1810,1529961053,258349739,0.0,0.0
1811,1529961053,258349739,0.0,0.0
1812,1529961053,258349739,0.0,0.0
1813,1529961053,258349739,0.0,0.0
1814,1529961053,258349739,0.0,0.0
1815,1529961053,258349739,0.0,0.0
1816,1529961053,258349739,0.0,0.0
1817,1529961053,258349739,0.0,0.0
1818,1529961053,258349739,0.0,0.0
1819,1529961053,258349739,0.0,0.0
1820,1529961053,258349739,0.0,0.0
1821,1529961053,258349739,0.0,0.0
1822,1529961053,258349739,0.0,0.0
1823,1529961053,258349739,0.0,0.0
1824,1529961053,258349739,0.0,0.0
1825,1529961053,258349739,0.0,0.0
1826,1529961053,258349739,0.0,0.0
1827,1529961053,258349739,0.0,0.0
1828,1529961053,258349739,0.0,0.0
1829,1529961053,258349739,0.0,0.0
1830,1529961053,258349739,0.0,0.0
1831,1529961060,717806602,0.0,-0.000640888698399
1832,1529961060,717806602,0.0,-0.000640888698399
1833,1529961060,717806602,0.0,-0.000640888698399
1834,1529961060,717806602,0.0,-0.000640888698399
1835,1529961060,717806602,0.0,-0.000640888698399
1836,1529961060,717806602,0.0,-0.000640888698399
1837,1529961060,741807214,-0.02209540084,-0.0286263618618
1838,1529961060,741807214,-0.02209540084,-0.0286263618618
1839,1529961060,741807214,-0.02209540084,-0.0286263618618
1840,1529961060,741807214,-0.02209540084,-0.0286263618618
1841,1529961060,757803643,-0.0474868007004,-0.0533463545144
1842,1529961060,757803643,-0.0474868007004,-0.0533463545144
1843,1529961060,757803643,-0.0474868007004,-0.0533463545144
1844,1529961060,757803643,-0.0474868007004,-0.0533463545144
1845,1529961060,757803643,-0.0474868007004,-0.0533463545144
1846,1529961060,757803643,-0.0474868007004,-0.0533463545144
1847,1529961060,781807947,-0.055299539119,-0.0611590929329
1848,1529961060,781807947,-0.055299539119,-0.0611590929329
1849,1529961060,781807947,-0.055299539119,-0.0611590929329
1850,1529961060,781807947,-0.055299539119,-0.0611590929329
1851,1529961060,797801509,-0.074800863862,-0.0683004260063
1852,1529961060,797801509,-0.074800863862,-0.0683004260063
1853,1529961060,797801509,-0.074800863862,-0.0683004260063
1854,1529961060,797801509,-0.074800863862,-0.0683004260063
1855,1529961060,797801509,-0.074800863862,-0.0683004260063
1856,1529961060,797801509,-0.074800863862,-0.0683004260063
1857,1529961060,821801452,-0.074800863862,-0.0741599798203
1858,1529961060,821801452,-0.074800863862,-0.0741599798203
1859,1529961060,821801452,-0.074800863862,-0.0741599798203
1860,1529961060,821801452,-0.074800863862,-0.0741599798203
1861,1529961060,837799933,-0.074800863862,-0.0754722729325
1862,1529961060,837799933,-0.074800863862,-0.0754722729325
1863,1529961060,837799933,-0.074800863862,-0.0754722729325
1864,1529961060,837799933,-0.074800863862,-0.0754722729325
1865,1529961060,837799933,-0.074800863862,-0.0754722729325
1866,1529961060,837799933,-0.074800863862,-0.0754722729325
1867,1529961060,837799933,-0.074800863862,-0.0754722729325
1868,1529961060,837799933,-0.074800863862,-0.0754722729325
1869,1529961060,837799933,-0.074800863862,-0.0754722729325
1870,1529961060,837799933,-0.074800863862,-0.0754722729325
1871,1529961060,877814672,-0.0754722729325,-0.0767540484667
1872,1529961060,877814672,-0.0754722729325,-0.0767540484667
1873,1529961060,877814672,-0.0754722729325,-0.0767540484667
1874,1529961060,877814672,-0.0754722729325,-0.0767540484667
1875,1529961060,877814672,-0.0754722729325,-0.0767540484667
1876,1529961060,877814672,-0.0754722729325,-0.0767540484667
1877,1529961060,901803985,-0.0767540484667,-0.0767540484667
1878,1529961060,901803985,-0.0767540484667,-0.0767540484667
1879,1529961060,901803985,-0.0767540484667,-0.0767540484667
1880,1529961060,901803985,-0.0767540484667,-0.0767540484667
1881,1529961060,917808616,-0.0767540484667,-0.0780663490295
1882,1529961060,917808616,-0.0767540484667,-0.0780663490295
1883,1529961060,917808616,-0.0767540484667,-0.0780663490295
1884,1529961060,917808616,-0.0767540484667,-0.0780663490295
1885,1529961060,917808616,-0.0767540484667,-0.0780663490295
1886,1529961060,917808616,-0.0767540484667,-0.0780663490295
1887,1529961060,941803595,-0.0767540484667,-0.0793481245637
1888,1529961060,941803595,-0.0767540484667,-0.0793481245637
1889,1529961060,941803595,-0.0767540484667,-0.0793481245637
1890,1529961060,941803595,-0.0767540484667,-0.0793481245637
1891,1529961060,957801267,-0.0767540484667,-0.0813013091683
1892,1529961060,957801267,-0.0767540484667,-0.0813013091683
1893,1529961060,957801267,-0.0767540484667,-0.0813013091683
1894,1529961060,957801267,-0.0767540484667,-0.0813013091683
1895,1529961060,957801267,-0.0767540484667,-0.0813013091683
1896,1529961060,957801267,-0.0767540484667,-0.0813013091683
1897,1529961060,981804344,-0.0767540484667,-0.0826136022806
1898,1529961060,981804344,-0.0767540484667,-0.0826136022806
1899,1529961060,981804344,-0.0767540484667,-0.0826136022806
1900,1529961060,981804344,-0.0767540484667,-0.0826136022806
1901,1529961060,981804344,-0.0767540484667,-0.0826136022806
1902,1529961060,981804344,-0.0767540484667,-0.0826136022806
1903,1529961060,981804344,-0.0767540484667,-0.0826136022806
1904,1529961060,981804344,-0.0767540484667,-0.0826136022806
1905,1529961060,981804344,-0.0767540484667,-0.0826136022806
1906,1529961060,981804344,-0.0767540484667,-0.0826136022806
1907,1529961060,981804344,-0.0767540484667,-0.0826136022806
1908,1529961060,981804344,-0.0767540484667,-0.0826136022806
1909,1529961060,981804344,-0.0767540484667,-0.0826136022806
1910,1529961060,981804344,-0.0767540484667,-0.0826136022806
1911,1529961060,981804344,-0.0767540484667,-0.0826136022806
1912,1529961060,981804344,-0.0767540484667,-0.0826136022806
1913,1529961060,981804344,-0.0767540484667,-0.0826136022806
1914,1529961060,981804344,-0.0767540484667,-0.0826136022806
1915,1529961060,981804344,-0.0767540484667,-0.0826136022806
1916,1529961060,981804344,-0.0767540484667,-0.0826136022806
1917,1529961060,981804344,-0.0767540484667,-0.0826136022806
1918,1529961060,981804344,-0.0767540484667,-0.0826136022806
1919,1529961060,981804344,-0.0767540484667,-0.0826136022806
1920,1529961060,981804344,-0.0767540484667,-0.0826136022806
1921,1529961061,77808642,-0.0767540484667,-0.0813013091683
1922,1529961061,77808642,-0.0767540484667,-0.0813013091683
1923,1529961061,77808642,-0.0767540484667,-0.0813013091683
1924,1529961061,77808642,-0.0767540484667,-0.0813013091683
1925,1529961061,77808642,-0.0767540484667,-0.0813013091683
1926,1529961061,77808642,-0.0767540484667,-0.0813013091683
1927,1529961061,101801639,-0.0767540484667,-0.0793481245637
1928,1529961061,101801639,-0.0767540484667,-0.0793481245637
1929,1529961061,101801639,-0.0767540484667,-0.0793481245637
1930,1529961061,101801639,-0.0767540484667,-0.0793481245637
1931,1529961061,117805269,-0.0767540484667,-0.0767540484667
1932,1529961061,117805269,-0.0767540484667,-0.0767540484667
1933,1529961061,117805269,-0.0767540484667,-0.0767540484667
1934,1529961061,117805269,-0.0767540484667,-0.0767540484667
1935,1529961061,117805269,-0.0767540484667,-0.0767540484667
1936,1529961061,117805269,-0.0767540484667,-0.0767540484667
1937,1529961061,141801599,-0.0767540484667,-0.070253610611
1938,1529961061,141801599,-0.0767540484667,-0.070253610611
1939,1529961061,141801599,-0.0767540484667,-0.070253610611
1940,1529961061,141801599,-0.0767540484667,-0.070253610611
1941,1529961061,157803111,-0.0767540484667,-0.0624408721924
1942,1529961061,157803111,-0.0767540484667,-0.0624408721924
1943,1529961061,157803111,-0.0767540484667,-0.0624408721924
1944,1529961061,157803111,-0.0767540484667,-0.0624408721924
1945,1529961061,157803111,-0.0767540484667,-0.0624408721924
1946,1529961061,157803111,-0.0767540484667,-0.0624408721924
1947,1529961061,181801920,-0.0767540484667,-0.0546281337738
1948,1529961061,181801920,-0.0767540484667,-0.0546281337738
1949,1529961061,181801920,-0.0767540484667,-0.0546281337738
1950,1529961061,181801920,-0.0767540484667,-0.0546281337738
1951,1529961061,197798951,-0.0767540484667,-0.0468153953552
1952,1529961061,197798951,-0.0767540484667,-0.0468153953552
1953,1529961061,197798951,-0.0767540484667,-0.0468153953552
1954,1529961061,197798951,-0.0767540484667,-0.0468153953552
1955,1529961061,197798951,-0.0767540484667,-0.0468153953552
1956,1529961061,197798951,-0.0767540484667,-0.0468153953552
1957,1529961061,221804243,-0.0774254575372,-0.0396740622818
1958,1529961061,221804243,-0.0774254575372,-0.0396740622818
1959,1529961061,221804243,-0.0774254575372,-0.0396740622818
1960,1529961061,221804243,-0.0774254575372,-0.0396740622818
1961,1529961061,237802430,-0.0793481245637,-0.0331736207008
1962,1529961061,237802430,-0.0793481245637,-0.0331736207008
1963,1529961061,237802430,-0.0793481245637,-0.0331736207008
1964,1529961061,237802430,-0.0793481245637,-0.0331736207008
1965,1529961061,237802430,-0.0793481245637,-0.0331736207008
1966,1529961061,237802430,-0.0793481245637,-0.0331736207008
1967,1529961061,261810687,-0.0852076783776,-0.0253608822823
1968,1529961061,261810687,-0.0852076783776,-0.0253608822823
1969,1529961061,261810687,-0.0852076783776,-0.0253608822823
1970,1529961061,261810687,-0.0852076783776,-0.0253608822823
1971,1529961061,277804179,-0.0930204167962,-0.00582903530449
1972,1529961061,277804179,-0.0930204167962,-0.00582903530449
1973,1529961061,277804179,-0.0930204167962,-0.00582903530449
1974,1529961061,277804179,-0.0930204167962,-0.00582903530449
1975,1529961061,277804179,-0.0930204167962,-0.00582903530449
1976,1529961061,277804179,-0.0930204167962,-0.00582903530449
1977,1529961061,301804012,-0.112552262843,-0.0
1978,1529961061,301804012,-0.112552262843,-0.0
1979,1529961061,301804012,-0.112552262843,-0.0
1980,1529961061,301804012,-0.112552262843,-0.0
1981,1529961061,317805723,-0.119052708149,-0.0
1982,1529961061,317805723,-0.119052708149,-0.0
1983,1529961061,317805723,-0.119052708149,-0.0
1984,1529961061,317805723,-0.119052708149,-0.0
1985,1529961061,317805723,-0.119052708149,-0.0
1986,1529961061,317805723,-0.119052708149,-0.0
1987,1529961061,341801225,-0.141178622842,-0.0
1988,1529961061,341801225,-0.141178622842,-0.0
1989,1529961061,341801225,-0.141178622842,-0.0
1990,1529961061,341801225,-0.141178622842,-0.0
1991,1529961061,357804035,-0.148319959641,-0.0
1992,1529961061,357804035,-0.148319959641,-0.0
1993,1529961061,357804035,-0.148319959641,-0.0
1994,1529961061,357804035,-0.148319959641,-0.0
1995,1529961061,357804035,-0.148319959641,-0.0
1996,1529961061,357804035,-0.148319959641,-0.0
1997,1529961061,381804693,-0.170445874333,-0.0
1998,1529961061,381804693,-0.170445874333,-0.0
1999,1529961061,381804693,-0.170445874333,-0.0
2000,1529961061,381804693,-0.170445874333,-0.0
2001,1529961061,397801527,-0.176946312189,-0.0
2002,1529961061,397801527,-0.176946312189,-0.0
2003,1529961061,397801527,-0.176946312189,-0.0
2004,1529961061,397801527,-0.176946312189,-0.0
2005,1529961061,397801527,-0.176946312189,-0.0
2006,1529961061,397801527,-0.176946312189,-0.0
2007,1529961061,422707914,-0.186071351171,-0.0
2008,1529961061,422707914,-0.186071351171,-0.0
2009,1529961061,422707914,-0.186071351171,-0.0
2010,1529961061,422707914,-0.186071351171,-0.0
2011,1529961061,437810315,-0.205572679639,-0.0
2012,1529961061,437810315,-0.205572679639,-0.0
2013,1529961061,437810315,-0.205572679639,-0.0
2014,1529961061,437810315,-0.205572679639,-0.0
2015,1529961061,437810315,-0.205572679639,-0.0
2016,1529961061,437810315,-0.205572679639,-0.0
2017,1529961061,461808578,-0.206884980202,-0.0
2018,1529961061,461808578,-0.206884980202,-0.0
2019,1529961061,461808578,-0.206884980202,-0.0
2020,1529961061,461808578,-0.206884980202,-0.0
2021,1529961061,477801979,-0.212103635073,-0.0
2022,1529961061,477801979,-0.212103635073,-0.0
2023,1529961061,477801979,-0.212103635073,-0.0
2024,1529961061,477801979,-0.212103635073,-0.0
2025,1529961061,477801979,-0.212103635073,-0.0
2026,1529961061,477801979,-0.212103635073,-0.0
2027,1529961061,501800128,-0.214056819677,-0.0
2028,1529961061,501800128,-0.214056819677,-0.0
2029,1529961061,501800128,-0.214056819677,-0.0
2030,1529961061,501800128,-0.214056819677,-0.0
2031,1529961061,517802250,-0.216010004282,-0.0
2032,1529961061,517802250,-0.216010004282,-0.0
2033,1529961061,517802250,-0.216010004282,-0.0
2034,1529961061,517802250,-0.216010004282,-0.0
2035,1529961061,517802250,-0.216010004282,-0.0
2036,1529961061,517802250,-0.216010004282,-0.0
2037,1529961061,541801271,-0.217291787267,-0.0
2038,1529961061,541801271,-0.217291787267,-0.0
2039,1529961061,541801271,-0.217291787267,-0.0
2040,1529961061,541801271,-0.217291787267,-0.0
2041,1529961061,557801103,-0.219244971871,-0.0
2042,1529961061,557801103,-0.219244971871,-0.0
2043,1529961061,557801103,-0.219244971871,-0.0
2044,1529961061,557801103,-0.219244971871,-0.0
2045,1529961061,557801103,-0.219244971871,-0.0
2046,1529961061,557801103,-0.219244971871,-0.0
2047,1529961061,581800587,-0.223792225122,-0.0
2048,1529961061,581800587,-0.223792225122,-0.0
2049,1529961061,581800587,-0.223792225122,-0.0
2050,1529961061,581800587,-0.223792225122,-0.0
2051,1529961061,597805007,-0.228370010853,-0.0
2052,1529961061,597805007,-0.228370010853,-0.0
2053,1529961061,597805007,-0.228370010853,-0.0
2054,1529961061,597805007,-0.228370010853,-0.0
2055,1529961061,597805007,-0.228370010853,-0.0
2056,1529961061,597805007,-0.228370010853,-0.0
2057,1529961061,621801239,-0.234199047089,-0.0
2058,1529961061,621801239,-0.234199047089,-0.0
2059,1529961061,621801239,-0.234199047089,-0.0
2060,1529961061,621801239,-0.234199047089,-0.0
2061,1529961061,637804796,-0.240730002522,-0.0
2062,1529961061,637804796,-0.240730002522,-0.0
2063,1529961061,637804796,-0.240730002522,-0.0
2064,1529961061,637804796,-0.240730002522,-0.0
2065,1529961061,637804796,-0.240730002522,-0.0
2066,1529961061,637804796,-0.240730002522,-0.0
2067,1529961061,661808865,-0.249824523926,0.0325327329338
2068,1529961061,661808865,-0.249824523926,0.0325327329338
2069,1529961061,661808865,-0.249824523926,0.0325327329338
2070,1529961061,661808865,-0.249824523926,0.0325327329338
2071,1529961061,677811010,-0.273262739182,0.0826441273093
2072,1529961061,677811010,-0.273262739182,0.0826441273093
2073,1529961061,677811010,-0.273262739182,0.0826441273093
2074,1529961061,677811010,-0.273262739182,0.0826441273093
2075,1529961061,677811010,-0.273262739182,0.0826441273093
2076,1529961061,677811010,-0.273262739182,0.0826441273093
2077,1529961061,701804409,-0.293435454369,0.145756408572
2078,1529961061,701804409,-0.293435454369,0.145756408572
2079,1529961061,701804409,-0.293435454369,0.145756408572
2080,1529961061,701804409,-0.293435454369,0.145756408572
2081,1529961061,717806939,-0.314889967442,0.220587790012
2082,1529961061,717806939,-0.314889967442,0.220587790012
2083,1529961061,717806939,-0.314889967442,0.220587790012
2084,1529961061,717806939,-0.314889967442,0.220587790012
2085,1529961061,717806939,-0.314889967442,0.220587790012
2086,1529961061,717806939,-0.314889967442,0.220587790012
2087,1529961061,741807998,-0.335703611374,0.298654139042
2088,1529961061,741807998,-0.335703611374,0.298654139042
2089,1529961061,741807998,-0.335703611374,0.298654139042
2090,1529961061,741807998,-0.335703611374,0.298654139042
2091,1529961061,757807977,-0.343516349792,0.369579136372
2092,1529961061,757807977,-0.343516349792,0.369579136372
2093,1529961061,757807977,-0.343516349792,0.369579136372
2094,1529961061,757807977,-0.343516349792,0.369579136372
2095,1529961061,757807977,-0.343516349792,0.369579136372
2096,1529961061,757807977,-0.343516349792,0.369579136372
2097,1529961061,781804915,-0.352641373873,0.425519585609
2098,1529961061,781804915,-0.352641373873,0.425519585609
2099,1529961061,781804915,-0.352641373873,0.425519585609
2100,1529961061,781804915,-0.352641373873,0.425519585609
2101,1529961061,797803994,-0.360423594713,0.461958676577
2102,1529961061,797803994,-0.360423594713,0.461958676577
2103,1529961061,797803994,-0.360423594713,0.461958676577
2104,1529961061,797803994,-0.360423594713,0.461958676577
2105,1529961061,797803994,-0.360423594713,0.461958676577
2106,1529961061,797803994,-0.360423594713,0.461958676577
2107,1529961061,821806449,-0.362376779318,0.471083700657
2108,1529961061,821806449,-0.362376779318,0.471083700657
2109,1529961061,821806449,-0.362376779318,0.471083700657
2110,1529961061,821806449,-0.362376779318,0.471083700657
2111,1529961061,837819365,-0.36368906498,0.476271867752
2112,1529961061,837819365,-0.36368906498,0.476271867752
2113,1529961061,837819365,-0.36368906498,0.476271867752
2114,1529961061,837819365,-0.36368906498,0.476271867752
2115,1529961061,837819365,-0.36368906498,0.476271867752
2116,1529961061,837819365,-0.36368906498,0.476271867752
2117,1529961061,861806268,-0.36368906498,0.4717245996
2118,1529961061,861806268,-0.36368906498,0.4717245996
2119,1529961061,861806268,-0.36368906498,0.4717245996
2120,1529961061,861806268,-0.36368906498,0.4717245996
2121,1529961061,877808979,-0.355876326561,0.440504163504
2122,1529961061,877808979,-0.355876326561,0.440504163504
2123,1529961061,877808979,-0.355876326561,0.440504163504
2124,1529961061,877808979,-0.355876326561,0.440504163504
2125,1529961061,877808979,-0.355876326561,0.440504163504
2126,1529961061,877808979,-0.355876326561,0.440504163504
2127,1529961061,901810167,-0.336374998093,0.40534684062
2128,1529961061,901810167,-0.336374998093,0.40534684062
2129,1529961061,901810167,-0.336374998093,0.40534684062
2130,1529961061,901810167,-0.336374998093,0.40534684062
2131,1529961061,917807335,-0.327890872955,0.365672767162
2132,1529961061,917807335,-0.327890872955,0.365672767162
2133,1529961061,917807335,-0.327890872955,0.365672767162
2134,1529961061,917807335,-0.327890872955,0.365672767162
2135,1529961061,917807335,-0.327890872955,0.365672767162
2136,1529961061,917807335,-0.327890872955,0.365672767162
2137,1529961061,941807906,-0.302529990673,0.323374122381
2138,1529961061,941807906,-0.302529990673,0.323374122381
2139,1529961061,941807906,-0.302529990673,0.323374122381
2140,1529961061,941807906,-0.302529990673,0.323374122381
2141,1529961061,957822949,-0.282998144627,0.283700078726
2142,1529961061,957822949,-0.282998144627,0.283700078726
2143,1529961061,957822949,-0.282998144627,0.283700078726
2144,1529961061,957822949,-0.282998144627,0.283700078726
2145,1529961061,957822949,-0.282998144627,0.283700078726
2146,1529961061,957822949,-0.282998144627,0.283700078726
2147,1529961061,981803355,-0.261543631554,0.238807335496
2148,1529961061,981803355,-0.261543631554,0.238807335496
2149,1529961061,981803355,-0.261543631554,0.238807335496
2150,1529961061,981803355,-0.261543631554,0.238807335496
2151,1529961061,997802265,-0.238105416298,0.188695937395
2152,1529961061,997802265,-0.238105416298,0.188695937395
2153,1529961061,997802265,-0.238105416298,0.188695937395
2154,1529961061,997802265,-0.238105416298,0.188695937395
2155,1529961061,997802265,-0.238105416298,0.188695937395
2156,1529961061,997802265,-0.238105416298,0.188695937395
2157,1529961062,21805173,-0.217291787267,0.138615071774
2158,1529961062,21805173,-0.217291787267,0.138615071774
2159,1529961062,21805173,-0.217291787267,0.138615071774
2160,1529961062,21805173,-0.217291787267,0.138615071774
2161,1529961062,37811492,-0.207525864244,0.0910977497697
2162,1529961062,37811492,-0.207525864244,0.0910977497697
2163,1529961062,37811492,-0.207525864244,0.0910977497697
2164,1529961062,37811492,-0.207525864244,0.0910977497697
2165,1529961062,37811492,-0.207525864244,0.0910977497697
2166,1529961062,37811492,-0.207525864244,0.0910977497697
2167,1529961062,61805672,-0.183477282524,0.0462050251663
2168,1529961062,61805672,-0.183477282524,0.0462050251663
2169,1529961062,61805672,-0.183477282524,0.0462050251663
2170,1529961062,61805672,-0.183477282524,0.0462050251663
2171,1529961062,77844760,-0.175664544106,0.00326548051089
2172,1529961062,77844760,-0.175664544106,0.00326548051089
2173,1529961062,77844760,-0.175664544106,0.00326548051089
2174,1529961062,77844760,-0.175664544106,0.00326548051089
2175,1529961062,77844760,-0.175664544106,0.00326548051089
2176,1529961062,77844760,-0.175664544106,0.00326548051089
2177,1529961062,101804831,-0.154850915074,-0.0
2178,1529961062,101804831,-0.154850915074,-0.0
2179,1529961062,101804831,-0.154850915074,-0.0
2180,1529961062,101804831,-0.154850915074,-0.0
2181,1529961062,117810150,-0.148319959641,-0.0
2182,1529961062,117810150,-0.148319959641,-0.0
2183,1529961062,117810150,-0.148319959641,-0.0
2184,1529961062,117810150,-0.148319959641,-0.0
2185,1529961062,117810150,-0.148319959641,-0.0
2186,1529961062,117810150,-0.148319959641,-0.0
2187,1529961062,141805345,-0.140507221222,-0.0
2188,1529961062,141805345,-0.140507221222,-0.0
2189,1529961062,141805345,-0.140507221222,-0.0
2190,1529961062,141805345,-0.140507221222,-0.0
2191,1529961062,157804210,-0.133365884423,-0.0
2192,1529961062,157804210,-0.133365884423,-0.0
2193,1529961062,157804210,-0.133365884423,-0.0
2194,1529961062,157804210,-0.133365884423,-0.0
2195,1529961062,157804210,-0.133365884423,-0.0
2196,1529961062,157804210,-0.133365884423,-0.0
2197,1529961062,181801960,-0.126865446568,-0.0
2198,1529961062,181801960,-0.126865446568,-0.0
2199,1529961062,181801960,-0.126865446568,-0.0
2200,1529961062,181801960,-0.126865446568,-0.0
2201,1529961062,197801030,-0.124271370471,-0.0
2202,1529961062,197801030,-0.124271370471,-0.0
2203,1529961062,197801030,-0.124271370471,-0.0
2204,1529961062,197801030,-0.124271370471,-0.0
2205,1529961062,197801030,-0.124271370471,-0.0
2206,1529961062,197801030,-0.124271370471,-0.0
2207,1529961062,221803800,-0.119052708149,-0.0
2208,1529961062,221803800,-0.119052708149,-0.0
2209,1529961062,221803800,-0.119052708149,-0.0
2210,1529961062,221803800,-0.119052708149,-0.0
2211,1529961062,237800548,-0.117099523544,-0.0
2212,1529961062,237800548,-0.117099523544,-0.0
2213,1529961062,237800548,-0.117099523544,-0.0
2214,1529961062,237800548,-0.117099523544,-0.0
2215,1529961062,237800548,-0.117099523544,-0.0
2216,1529961062,237800548,-0.117099523544,-0.0
2217,1529961062,261806095,-0.111880853772,-0.0
2218,1529961062,261806095,-0.111880853772,-0.0
2219,1529961062,261806095,-0.111880853772,-0.0
2220,1529961062,261806095,-0.111880853772,-0.0
2221,1529961062,277801459,-0.106692709029,-0.0
2222,1529961062,277801459,-0.106692709029,-0.0
2223,1529961062,277801459,-0.106692709029,-0.0
2224,1529961062,277801459,-0.106692709029,-0.0
2225,1529961062,277801459,-0.106692709029,-0.0
2226,1529961062,277801459,-0.106692709029,-0.0
2227,1529961062,301802584,-0.104098632932,-0.0
2228,1529961062,301802584,-0.104098632932,-0.0
2229,1529961062,301802584,-0.104098632932,-0.0
2230,1529961062,301802584,-0.104098632932,-0.0
2231,1529961062,317829532,-0.101474046707,-0.0
2232,1529961062,317829532,-0.101474046707,-0.0
2233,1529961062,317829532,-0.101474046707,-0.0
2234,1529961062,317829532,-0.101474046707,-0.0
2235,1529961062,317829532,-0.101474046707,-0.0
2236,1529961062,317829532,-0.101474046707,-0.0
2237,1529961062,341802078,-0.0988799706101,-0.0
2238,1529961062,341802078,-0.0988799706101,-0.0
2239,1529961062,341802078,-0.0988799706101,-0.0
2240,1529961062,341802078,-0.0988799706101,-0.0
2241,1529961062,357806658,-0.0962858945131,-0.0
2242,1529961062,357806658,-0.0962858945131,-0.0
2243,1529961062,357806658,-0.0962858945131,-0.0
2244,1529961062,357806658,-0.0962858945131,-0.0
2245,1529961062,357806658,-0.0962858945131,-0.0
2246,1529961062,357806658,-0.0962858945131,-0.0
2247,1529961062,381807844,-0.0943327099085,-0.0
2248,1529961062,381807844,-0.0943327099085,-0.0
2249,1529961062,381807844,-0.0943327099085,-0.0
2250,1529961062,381807844,-0.0943327099085,-0.0
2251,1529961062,397801391,-0.0923795253038,-0.0
2252,1529961062,397801391,-0.0923795253038,-0.0
2253,1529961062,397801391,-0.0923795253038,-0.0
2254,1529961062,397801391,-0.0923795253038,-0.0
2255,1529961062,397801391,-0.0923795253038,-0.0
2256,1529961062,397801391,-0.0923795253038,-0.0
2257,1529961062,421804167,-0.0904263406992,-0.0
2258,1529961062,421804167,-0.0904263406992,-0.0
2259,1529961062,421804167,-0.0904263406992,-0.0
2260,1529961062,421804167,-0.0904263406992,-0.0
2261,1529961062,421804167,-0.0904263406992,-0.0
2262,1529961062,421804167,-0.0904263406992,-0.0
2263,1529961062,421804167,-0.0904263406992,-0.0
2264,1529961062,421804167,-0.0904263406992,-0.0
2265,1529961062,421804167,-0.0904263406992,-0.0
2266,1529961062,421804167,-0.0904263406992,-0.0
2267,1529961062,421804167,-0.0904263406992,-0.0
2268,1529961062,421804167,-0.0904263406992,-0.0
2269,1529961062,421804167,-0.0904263406992,-0.0
2270,1529961062,421804167,-0.0904263406992,-0.0
2271,1529961062,421804167,-0.0904263406992,-0.0
2272,1529961062,421804167,-0.0904263406992,-0.0
2273,1529961062,421804167,-0.0904263406992,-0.0
2274,1529961062,421804167,-0.0904263406992,-0.0
2275,1529961062,421804167,-0.0904263406992,-0.0
2276,1529961062,421804167,-0.0904263406992,-0.0
2277,1529961062,421804167,-0.0904263406992,-0.0
2278,1529961062,421804167,-0.0904263406992,-0.0
2279,1529961062,421804167,-0.0904263406992,-0.0
2280,1529961062,421804167,-0.0904263406992,-0.0
2281,1529961062,421804167,-0.0904263406992,-0.0
2282,1529961062,421804167,-0.0904263406992,-0.0
2283,1529961062,421804167,-0.0904263406992,-0.0
2284,1529961062,421804167,-0.0904263406992,-0.0
2285,1529961062,421804167,-0.0904263406992,-0.0
2286,1529961062,421804167,-0.0904263406992,-0.0
2287,1529961062,421804167,-0.0904263406992,-0.0
2288,1529961062,421804167,-0.0904263406992,-0.0
2289,1529961062,421804167,-0.0904263406992,-0.0
2290,1529961062,421804167,-0.0904263406992,-0.0
2291,1529961062,557818901,-0.0910672321916,-0.0
2292,1529961062,557818901,-0.0910672321916,-0.0
2293,1529961062,557818901,-0.0910672321916,-0.0
2294,1529961062,557818901,-0.0910672321916,-0.0
2295,1529961062,557818901,-0.0910672321916,-0.0
2296,1529961062,557818901,-0.0910672321916,-0.0
2297,1529961062,581811755,-0.0923795253038,-0.0
2298,1529961062,581811755,-0.0923795253038,-0.0
2299,1529961062,581811755,-0.0923795253038,-0.0
2300,1529961062,581811755,-0.0923795253038,-0.0
2301,1529961062,597839312,-0.0936613082886,-0.0
2302,1529961062,597839312,-0.0936613082886,-0.0
2303,1529961062,597839312,-0.0936613082886,-0.0
2304,1529961062,597839312,-0.0936613082886,-0.0
2305,1529961062,597839312,-0.0936613082886,-0.0
2306,1529961062,597839312,-0.0936613082886,-0.0
2307,1529961062,621831386,-0.0956144928932,-0.0
2308,1529961062,621831386,-0.0956144928932,-0.0
2309,1529961062,621831386,-0.0956144928932,-0.0
2310,1529961062,621831386,-0.0956144928932,-0.0
2311,1529961062,637826956,-0.100192263722,-0.0
2312,1529961062,637826956,-0.100192263722,-0.0
2313,1529961062,637826956,-0.100192263722,-0.0
2314,1529961062,637826956,-0.100192263722,-0.0
2315,1529961062,637826956,-0.100192263722,-0.0
2316,1529961062,637826956,-0.100192263722,-0.0
2317,1529961062,661834303,-0.105380415916,-0.0
2318,1529961062,661834303,-0.105380415916,-0.0
2319,1529961062,661834303,-0.105380415916,-0.0
2320,1529961062,661834303,-0.105380415916,-0.0
2321,1529961062,677820767,-0.109927669168,-0.0
2322,1529961062,677820767,-0.109927669168,-0.0
2323,1529961062,677820767,-0.109927669168,-0.0
2324,1529961062,677820767,-0.109927669168,-0.0
2325,1529961062,677820767,-0.109927669168,-0.0
2326,1529961062,677820767,-0.109927669168,-0.0
2327,1529961062,701832489,-0.11514633894,-0.0
2328,1529961062,701832489,-0.11514633894,-0.0
2329,1529961062,701832489,-0.11514633894,-0.0
2330,1529961062,701832489,-0.11514633894,-0.0
2331,1529961062,717813868,-0.120365001261,-0.0
2332,1529961062,717813868,-0.120365001261,-0.0
2333,1529961062,717813868,-0.120365001261,-0.0
2334,1529961062,717813868,-0.120365001261,-0.0
2335,1529961062,717813868,-0.120365001261,-0.0
2336,1529961062,717813868,-0.120365001261,-0.0
2337,1529961062,741830778,-0.124912261963,-0.0
2338,1529961062,741830778,-0.124912261963,-0.0
2339,1529961062,741830778,-0.124912261963,-0.0
2340,1529961062,741830778,-0.124912261963,-0.0
2341,1529961062,757809492,-0.126865446568,-0.0
2342,1529961062,757809492,-0.126865446568,-0.0
2343,1529961062,757809492,-0.126865446568,-0.0
2344,1529961062,757809492,-0.126865446568,-0.0
2345,1529961062,757809492,-0.126865446568,-0.0
2346,1529961062,757809492,-0.126865446568,-0.0
2347,1529961062,781815855,-0.131412699819,-0.0012817773968
2348,1529961062,781815855,-0.131412699819,-0.0012817773968
2349,1529961062,781815855,-0.131412699819,-0.0012817773968
2350,1529961062,781815855,-0.131412699819,-0.0012817773968
2351,1529961062,797836964,-0.133365884423,-0.00650044251233
2352,1529961062,797836964,-0.133365884423,-0.00650044251233
2353,1529961062,797836964,-0.133365884423,-0.00650044251233
2354,1529961062,797836964,-0.133365884423,-0.00650044251233
2355,1529961062,797836964,-0.133365884423,-0.00650044251233
2356,1529961062,797836964,-0.133365884423,-0.00650044251233
2357,1529961062,821814018,-0.135319069028,-0.00778221990913
2358,1529961062,821814018,-0.135319069028,-0.00778221990913
2359,1529961062,821814018,-0.135319069028,-0.00778221990913
2360,1529961062,821814018,-0.135319069028,-0.00778221990913
2361,1529961062,837809410,-0.137272253633,-0.00973540451378
2362,1529961062,837809410,-0.137272253633,-0.00973540451378
2363,1529961062,837809410,-0.137272253633,-0.00973540451378
2364,1529961062,837809410,-0.137272253633,-0.00973540451378
2365,1529961062,837809410,-0.137272253633,-0.00973540451378
2366,1529961062,837809410,-0.137272253633,-0.00973540451378
2367,1529961062,861845478,-0.138584554195,-0.0149540696293
2368,1529961062,861845478,-0.138584554195,-0.0149540696293
2369,1529961062,861845478,-0.138584554195,-0.0149540696293
2370,1529961062,861845478,-0.138584554195,-0.0149540696293
2371,1529961062,877815206,-0.140507221222,-0.0201422162354
2372,1529961062,877815206,-0.140507221222,-0.0201422162354
2373,1529961062,877815206,-0.140507221222,-0.0201422162354
2374,1529961062,877815206,-0.140507221222,-0.0201422162354
2375,1529961062,877815206,-0.140507221222,-0.0201422162354
2376,1529961062,877815206,-0.140507221222,-0.0201422162354
2377,1529961062,901841067,-0.142460405827,-0.021454513073
2378,1529961062,901841067,-0.142460405827,-0.021454513073
2379,1529961062,901841067,-0.142460405827,-0.021454513073
2380,1529961062,901841067,-0.142460405827,-0.021454513073
2381,1529961062,917837110,-0.144413590431,-0.0227668080479
2382,1529961062,917837110,-0.144413590431,-0.0227668080479
2383,1529961062,917837110,-0.144413590431,-0.0227668080479
2384,1529961062,917837110,-0.144413590431,-0.0227668080479
2385,1529961062,917837110,-0.144413590431,-0.0227668080479
2386,1529961062,917837110,-0.144413590431,-0.0227668080479
2387,1529961062,941828558,-0.144413590431,-0.0240485854447
2388,1529961062,941828558,-0.144413590431,-0.0240485854447
2389,1529961062,941828558,-0.144413590431,-0.0240485854447
2390,1529961062,941828558,-0.144413590431,-0.0240485854447
2391,1529961062,957809945,-0.145725876093,-0.0253608822823
2392,1529961062,957809945,-0.145725876093,-0.0253608822823
2393,1529961062,957809945,-0.145725876093,-0.0253608822823
2394,1529961062,957809945,-0.145725876093,-0.0253608822823
2395,1529961062,957809945,-0.145725876093,-0.0253608822823
2396,1529961062,957809945,-0.145725876093,-0.0253608822823
2397,1529961062,981816442,-0.147038176656,-0.0266731772572
2398,1529961062,981816442,-0.147038176656,-0.0266731772572
2399,1529961062,981816442,-0.147038176656,-0.0266731772572
2400,1529961062,981816442,-0.147038176656,-0.0266731772572
2401,1529961062,997818773,-0.14899136126,-0.0286263618618
2402,1529961062,997818773,-0.14899136126,-0.0286263618618
2403,1529961062,997818773,-0.14899136126,-0.0286263618618
2404,1529961062,997818773,-0.14899136126,-0.0286263618618
2405,1529961062,997818773,-0.14899136126,-0.0286263618618
2406,1529961062,997818773,-0.14899136126,-0.0286263618618
2407,1529961063,21841483,-0.150273144245,-0.0338145084679
2408,1529961063,21841483,-0.150273144245,-0.0338145084679
2409,1529961063,21841483,-0.150273144245,-0.0338145084679
2410,1529961063,21841483,-0.150273144245,-0.0338145084679
2411,1529961063,37840400,-0.150273144245,-0.0383617654443
2412,1529961063,37840400,-0.150273144245,-0.0383617654443
2413,1529961063,37840400,-0.150273144245,-0.0383617654443
2414,1529961063,37840400,-0.150273144245,-0.0383617654443
2415,1529961063,37840400,-0.150273144245,-0.0383617654443
2416,1529961063,37840400,-0.150273144245,-0.0383617654443
2417,1529961063,61810964,-0.151585429907,-0.0429395437241
2418,1529961063,61810964,-0.151585429907,-0.0429395437241
2419,1529961063,61810964,-0.151585429907,-0.0429395437241
2420,1529961063,61810964,-0.151585429907,-0.0429395437241
2421,1529961063,77835445,-0.15222632885,-0.0481276884675
2422,1529961063,77835445,-0.15222632885,-0.0481276884675
2423,1529961063,77835445,-0.15222632885,-0.0481276884675
2424,1529961063,77835445,-0.15222632885,-0.0481276884675
2425,1529961063,77835445,-0.15222632885,-0.0481276884675
2426,1529961063,77835445,-0.15222632885,-0.0481276884675
2427,1529961063,101831457,-0.15222632885,-0.0526749491692
2428,1529961063,101831457,-0.15222632885,-0.0526749491692
2429,1529961063,101831457,-0.15222632885,-0.0526749491692
2430,1529961063,101831457,-0.15222632885,-0.0526749491692
2431,1529961063,117810191,-0.15222632885,-0.0572527237236
2432,1529961063,117810191,-0.15222632885,-0.0572527237236
2433,1529961063,117810191,-0.15222632885,-0.0572527237236
2434,1529961063,117810191,-0.15222632885,-0.0572527237236
2435,1529961063,117810191,-0.15222632885,-0.0572527237236
2436,1529961063,117810191,-0.15222632885,-0.0572527237236
2437,1529961063,141840794,-0.15222632885,-0.0617999807
2438,1529961063,141840794,-0.15222632885,-0.0617999807
2439,1529961063,141840794,-0.15222632885,-0.0617999807
2440,1529961063,141840794,-0.15222632885,-0.0617999807
2441,1529961063,157809632,-0.15289773047,-0.0663472414017
2442,1529961063,157809632,-0.15289773047,-0.0663472414017
2443,1529961063,157809632,-0.15289773047,-0.0663472414017
2444,1529961063,157809632,-0.15289773047,-0.0663472414017
2445,1529961063,157809632,-0.15289773047,-0.0663472414017
2446,1529961063,157809632,-0.15289773047,-0.0663472414017
2447,1529961063,181844410,-0.154179513454,-0.0683004260063
2448,1529961063,181844410,-0.154179513454,-0.0683004260063
2449,1529961063,181844410,-0.154179513454,-0.0683004260063
2450,1529961063,181844410,-0.154179513454,-0.0683004260063
2451,1529961063,197813393,-0.154179513454,-0.070253610611
2452,1529961063,197813393,-0.154179513454,-0.070253610611
2453,1529961063,197813393,-0.154179513454,-0.070253610611
2454,1529961063,197813393,-0.154179513454,-0.070253610611
2455,1529961063,197813393,-0.154179513454,-0.070253610611
2456,1529961063,197813393,-0.154179513454,-0.070253610611
2457,1529961063,221830479,-0.154179513454,-0.0722067952156
2458,1529961063,221830479,-0.154179513454,-0.0722067952156
2459,1529961063,221830479,-0.154179513454,-0.0722067952156
2460,1529961063,221830479,-0.154179513454,-0.0722067952156
2461,1529961063,237828970,-0.154179513454,-0.0741599798203
2462,1529961063,237828970,-0.154179513454,-0.0741599798203
2463,1529961063,237828970,-0.154179513454,-0.0741599798203
2464,1529961063,237828970,-0.154179513454,-0.0741599798203
2465,1529961063,237828970,-0.154179513454,-0.0741599798203
2466,1529961063,237828970,-0.154179513454,-0.0741599798203
2467,1529961063,261822356,-0.154850915074,-0.0761131644249
2468,1529961063,261822356,-0.154850915074,-0.0761131644249
2469,1529961063,261822356,-0.154850915074,-0.0761131644249
2470,1529961063,261822356,-0.154850915074,-0.0761131644249
2471,1529961063,277878974,-0.156132698059,-0.0813013091683
2472,1529961063,277878974,-0.156132698059,-0.0813013091683
2473,1529961063,277878974,-0.156132698059,-0.0813013091683
2474,1529961063,277878974,-0.156132698059,-0.0813013091683
2475,1529961063,277878974,-0.156132698059,-0.0813013091683
2476,1529961063,277878974,-0.156132698059,-0.0813013091683
2477,1529961063,301809520,-0.156773582101,-0.0826136022806
2478,1529961063,301809520,-0.156773582101,-0.0826136022806
2479,1529961063,301809520,-0.156773582101,-0.0826136022806
2480,1529961063,301809520,-0.156773582101,-0.0826136022806
2481,1529961063,317806733,-0.158085882664,-0.0845667868853
2482,1529961063,317806733,-0.158085882664,-0.0845667868853
2483,1529961063,317806733,-0.158085882664,-0.0845667868853
2484,1529961063,317806733,-0.158085882664,-0.0845667868853
2485,1529961063,317806733,-0.158085882664,-0.0845667868853
2486,1529961063,317806733,-0.158085882664,-0.0845667868853
2487,1529961063,341817043,-0.158726766706,-0.0865199714899
2488,1529961063,341817043,-0.158726766706,-0.0865199714899
2489,1529961063,341817043,-0.158726766706,-0.0865199714899
2490,1529961063,341817043,-0.158726766706,-0.0865199714899
2491,1529961063,357804640,-0.158726766706,-0.0884731560946
2492,1529961063,357804640,-0.158726766706,-0.0884731560946
2493,1529961063,357804640,-0.158726766706,-0.0884731560946
2494,1529961063,357804640,-0.158726766706,-0.0884731560946
2495,1529961063,357804640,-0.158726766706,-0.0884731560946
2496,1529961063,357804640,-0.158726766706,-0.0884731560946
2497,1529961063,381812680,-0.160039067268,-0.0897854566574
2498,1529961063,381812680,-0.160039067268,-0.0897854566574
2499,1529961063,381812680,-0.160039067268,-0.0897854566574
2500,1529961063,381812680,-0.160039067268,-0.0897854566574
2501,1529961063,397807505,-0.16135135293,-0.0910672321916
2502,1529961063,397807505,-0.16135135293,-0.0910672321916
2503,1529961063,397807505,-0.16135135293,-0.0910672321916
2504,1529961063,397807505,-0.16135135293,-0.0910672321916
2505,1529961063,397807505,-0.16135135293,-0.0910672321916
2506,1529961063,397807505,-0.16135135293,-0.0910672321916
2507,1529961063,421832967,-0.162633135915,-0.0923795253038
2508,1529961063,421832967,-0.162633135915,-0.0923795253038
2509,1529961063,421832967,-0.162633135915,-0.0923795253038
2510,1529961063,421832967,-0.162633135915,-0.0923795253038
2511,1529961063,437805499,-0.163945436478,-0.0943327099085
2512,1529961063,437805499,-0.163945436478,-0.0943327099085
2513,1529961063,437805499,-0.163945436478,-0.0943327099085
2514,1529961063,437805499,-0.163945436478,-0.0943327099085
2515,1529961063,437805499,-0.163945436478,-0.0943327099085
2516,1529961063,437805499,-0.163945436478,-0.0943327099085
2517,1529961063,461832177,-0.165898621082,-0.0956144928932
2518,1529961063,461832177,-0.165898621082,-0.0956144928932
2519,1529961063,461832177,-0.165898621082,-0.0956144928932
2520,1529961063,461832177,-0.165898621082,-0.0956144928932
2521,1529961063,477809550,-0.167851805687,-0.0975676774979
2522,1529961063,477809550,-0.167851805687,-0.0975676774979
2523,1529961063,477809550,-0.167851805687,-0.0975676774979
2524,1529961063,477809550,-0.167851805687,-0.0975676774979
2525,1529961063,477809550,-0.167851805687,-0.0975676774979
2526,1529961063,477809550,-0.167851805687,-0.0975676774979
2527,1529961063,501832311,-0.172399058938,-0.0995208621025
2528,1529961063,501832311,-0.172399058938,-0.0995208621025
2529,1529961063,501832311,-0.172399058938,-0.0995208621025
2530,1529961063,501832311,-0.172399058938,-0.0995208621025
2531,1529961063,517811580,-0.174352243543,-0.100833155215
2532,1529961063,517811580,-0.174352243543,-0.100833155215
2533,1529961063,517811580,-0.174352243543,-0.100833155215
2534,1529961063,517811580,-0.174352243543,-0.100833155215
2535,1529961063,517811580,-0.174352243543,-0.100833155215
2536,1529961063,517811580,-0.174352243543,-0.100833155215
2537,1529961063,541810580,-0.178899496794,-0.101474046707
2538,1529961063,541810580,-0.178899496794,-0.101474046707
2539,1529961063,541810580,-0.178899496794,-0.101474046707
2540,1529961063,541810580,-0.178899496794,-0.101474046707
2541,1529961063,557809546,-0.180211797357,-0.101474046707
2542,1529961063,557809546,-0.180211797357,-0.101474046707
2543,1529961063,557809546,-0.180211797357,-0.101474046707
2544,1529961063,557809546,-0.180211797357,-0.101474046707
2545,1529961063,557809546,-0.180211797357,-0.101474046707
2546,1529961063,557809546,-0.180211797357,-0.101474046707
2547,1529961063,581840109,-0.182164981961,-0.101474046707
2548,1529961063,581840109,-0.182164981961,-0.101474046707
2549,1529961063,581840109,-0.182164981961,-0.101474046707
2550,1529961063,581840109,-0.182164981961,-0.101474046707
2551,1529961063,597800313,-0.184118166566,-0.101474046707
2552,1529961063,597800313,-0.184118166566,-0.101474046707
2553,1529961063,597800313,-0.184118166566,-0.101474046707
2554,1529961063,597800313,-0.184118166566,-0.101474046707
2555,1529961063,597800313,-0.184118166566,-0.101474046707
2556,1529961063,597800313,-0.184118166566,-0.101474046707
2557,1529961063,621838193,-0.185430467129,-0.101474046707
2558,1529961063,621838193,-0.185430467129,-0.101474046707
2559,1529961063,621838193,-0.185430467129,-0.101474046707
2560,1529961063,621838193,-0.185430467129,-0.101474046707
2561,1529961063,637803341,-0.186712235212,-0.101474046707
2562,1529961063,637803341,-0.186712235212,-0.101474046707
2563,1529961063,637803341,-0.186712235212,-0.101474046707
2564,1529961063,637803341,-0.186712235212,-0.101474046707
2565,1529961063,637803341,-0.186712235212,-0.101474046707
2566,1529961063,637803341,-0.186712235212,-0.101474046707
2567,1529961063,637803341,-0.186712235212,-0.101474046707
2568,1529961063,637803341,-0.186712235212,-0.101474046707
2569,1529961063,637803341,-0.186712235212,-0.101474046707
2570,1529961063,637803341,-0.186712235212,-0.101474046707
2571,1529961063,677803311,-0.188665419817,-0.101474046707
2572,1529961063,677803311,-0.188665419817,-0.101474046707
2573,1529961063,677803311,-0.188665419817,-0.101474046707
2574,1529961063,677803311,-0.188665419817,-0.101474046707
2575,1529961063,677803311,-0.188665419817,-0.101474046707
2576,1529961063,677803311,-0.188665419817,-0.101474046707
2577,1529961063,701838149,-0.190618604422,-0.101474046707
2578,1529961063,701838149,-0.190618604422,-0.101474046707
2579,1529961063,701838149,-0.190618604422,-0.101474046707
2580,1529961063,701838149,-0.190618604422,-0.101474046707
2581,1529961063,717813377,-0.191930904984,-0.101474046707
2582,1529961063,717813377,-0.191930904984,-0.101474046707
2583,1529961063,717813377,-0.191930904984,-0.101474046707
2584,1529961063,717813377,-0.191930904984,-0.101474046707
2585,1529961063,717813377,-0.191930904984,-0.101474046707
2586,1529961063,717813377,-0.191930904984,-0.101474046707
2587,1529961063,741847439,-0.193212687969,-0.101474046707
2588,1529961063,741847439,-0.193212687969,-0.101474046707
2589,1529961063,741847439,-0.193212687969,-0.101474046707
2590,1529961063,741847439,-0.193212687969,-0.101474046707
2591,1529961063,741847439,-0.193212687969,-0.101474046707
2592,1529961063,741847439,-0.193212687969,-0.101474046707
2593,1529961063,741847439,-0.193212687969,-0.101474046707
2594,1529961063,741847439,-0.193212687969,-0.101474046707
2595,1529961063,741847439,-0.193212687969,-0.101474046707
2596,1529961063,741847439,-0.193212687969,-0.101474046707
2597,1529961063,781821116,-0.194524973631,-0.101474046707
2598,1529961063,781821116,-0.194524973631,-0.101474046707
2599,1529961063,781821116,-0.194524973631,-0.101474046707
2600,1529961063,781821116,-0.194524973631,-0.101474046707
2601,1529961063,797810598,-0.195837274194,-0.101474046707
2602,1529961063,797810598,-0.195837274194,-0.101474046707
2603,1529961063,797810598,-0.195837274194,-0.101474046707
2604,1529961063,797810598,-0.195837274194,-0.101474046707
2605,1529961063,797810598,-0.195837274194,-0.101474046707
2606,1529961063,797810598,-0.195837274194,-0.101474046707
2607,1529961063,797810598,-0.195837274194,-0.101474046707
2608,1529961063,797810598,-0.195837274194,-0.101474046707
2609,1529961063,797810598,-0.195837274194,-0.101474046707
2610,1529961063,797810598,-0.195837274194,-0.101474046707
2611,1529961063,797810598,-0.195837274194,-0.101474046707
2612,1529961063,797810598,-0.195837274194,-0.101474046707
2613,1529961063,797810598,-0.195837274194,-0.101474046707
2614,1529961063,797810598,-0.195837274194,-0.101474046707
2615,1529961063,797810598,-0.195837274194,-0.101474046707
2616,1529961063,797810598,-0.195837274194,-0.101474046707
2617,1529961063,861840347,-0.197119057178,-0.101474046707
2618,1529961063,861840347,-0.197119057178,-0.101474046707
2619,1529961063,861840347,-0.197119057178,-0.101474046707
2620,1529961063,861840347,-0.197119057178,-0.101474046707
2621,1529961063,877827955,-0.19843134284,-0.101474046707
2622,1529961063,877827955,-0.19843134284,-0.101474046707
2623,1529961063,877827955,-0.19843134284,-0.101474046707
2624,1529961063,877827955,-0.19843134284,-0.101474046707
2625,1529961063,877827955,-0.19843134284,-0.101474046707
2626,1529961063,877827955,-0.19843134284,-0.101474046707
2627,1529961063,901814650,-0.199743643403,-0.100192263722
2628,1529961063,901814650,-0.199743643403,-0.100192263722
2629,1529961063,901814650,-0.199743643403,-0.100192263722
2630,1529961063,901814650,-0.199743643403,-0.100192263722
2631,1529961063,917822172,-0.199743643403,-0.0988799706101
2632,1529961063,917822172,-0.199743643403,-0.0988799706101
2633,1529961063,917822172,-0.199743643403,-0.0988799706101
2634,1529961063,917822172,-0.199743643403,-0.0988799706101
2635,1529961063,917822172,-0.199743643403,-0.0988799706101
2636,1529961063,917822172,-0.199743643403,-0.0988799706101
2637,1529961063,941841972,-0.200384527445,-0.0969267860055
2638,1529961063,941841972,-0.200384527445,-0.0969267860055
2639,1529961063,941841972,-0.200384527445,-0.0969267860055
2640,1529961063,941841972,-0.200384527445,-0.0969267860055
2641,1529961063,958327646,-0.201696828008,-0.0943327099085
2642,1529961063,958327646,-0.201696828008,-0.0943327099085
2643,1529961063,958327646,-0.201696828008,-0.0943327099085
2644,1529961063,958327646,-0.201696828008,-0.0943327099085
2645,1529961063,958327646,-0.201696828008,-0.0943327099085
2646,1529961063,958327646,-0.201696828008,-0.0943327099085
2647,1529961063,981838573,-0.202978610992,-0.0891140475869
2648,1529961063,981838573,-0.202978610992,-0.0891140475869
2649,1529961063,981838573,-0.202978610992,-0.0891140475869
2650,1529961063,981838573,-0.202978610992,-0.0891140475869
2651,1529961063,997810186,-0.204290896654,-0.0839259028435
2652,1529961063,997810186,-0.204290896654,-0.0839259028435
2653,1529961063,997810186,-0.204290896654,-0.0839259028435
2654,1529961063,997810186,-0.204290896654,-0.0839259028435
2655,1529961063,997810186,-0.204290896654,-0.0839259028435
2656,1529961063,997810186,-0.204290896654,-0.0839259028435
2657,1529961064,21832873,-0.205572679639,-0.0787072330713
2658,1529961064,21832873,-0.205572679639,-0.0787072330713
2659,1529961064,21832873,-0.205572679639,-0.0787072330713
2660,1529961064,21832873,-0.205572679639,-0.0787072330713
2661,1529961064,37830475,-0.206884980202,-0.0735190883279
2662,1529961064,37830475,-0.206884980202,-0.0735190883279
2663,1529961064,37830475,-0.206884980202,-0.0735190883279
2664,1529961064,37830475,-0.206884980202,-0.0735190883279
2665,1529961064,37830475,-0.206884980202,-0.0735190883279
2666,1529961064,37830475,-0.206884980202,-0.0735190883279
2667,1529961064,61846208,-0.208197265863,-0.0683004260063
2668,1529961064,61846208,-0.208197265863,-0.0683004260063
2669,1529961064,61846208,-0.208197265863,-0.0683004260063
2670,1529961064,61846208,-0.208197265863,-0.0683004260063
2671,1529961064,77802344,-0.209479048848,-0.0657063499093
2672,1529961064,77802344,-0.209479048848,-0.0657063499093
2673,1529961064,77802344,-0.209479048848,-0.0657063499093
2674,1529961064,77802344,-0.209479048848,-0.0657063499093
2675,1529961064,77802344,-0.209479048848,-0.0657063499093
2676,1529961064,77802344,-0.209479048848,-0.0657063499093
2677,1529961064,101811655,-0.209479048848,-0.0598467960954
2678,1529961064,101811655,-0.209479048848,-0.0598467960954
2679,1529961064,101811655,-0.209479048848,-0.0598467960954
2680,1529961064,101811655,-0.209479048848,-0.0598467960954
2681,1529961064,117804529,-0.211432233453,-0.0539872422814
2682,1529961064,117804529,-0.211432233453,-0.0539872422814
2683,1529961064,117804529,-0.211432233453,-0.0539872422814
2684,1529961064,117804529,-0.211432233453,-0.0539872422814
2685,1529961064,117804529,-0.211432233453,-0.0539872422814
2686,1529961064,117804529,-0.211432233453,-0.0539872422814
2687,1529961064,141813448,-0.213385418057,-0.0474868007004
2688,1529961064,141813448,-0.213385418057,-0.0474868007004
2689,1529961064,141813448,-0.213385418057,-0.0474868007004
2690,1529961064,141813448,-0.213385418057,-0.0474868007004
2691,1529961064,157806958,-0.215338602662,-0.0409863591194
2692,1529961064,157806958,-0.215338602662,-0.0409863591194
2693,1529961064,157806958,-0.215338602662,-0.0409863591194
2694,1529961064,157806958,-0.215338602662,-0.0409863591194
2695,1529961064,157806958,-0.215338602662,-0.0409863591194
2696,1529961064,157806958,-0.215338602662,-0.0409863591194
2697,1529961064,181817795,-0.217291787267,-0.0351268053055
2698,1529961064,181817795,-0.217291787267,-0.0351268053055
2699,1529961064,181817795,-0.217291787267,-0.0351268053055
2700,1529961064,181817795,-0.217291787267,-0.0351268053055
2701,1529961064,197806621,-0.219244971871,-0.0299081392586
2702,1529961064,197806621,-0.219244971871,-0.0299081392586
2703,1529961064,197806621,-0.219244971871,-0.0299081392586
2704,1529961064,197806621,-0.219244971871,-0.0299081392586
2705,1529961064,197806621,-0.219244971871,-0.0299081392586
2706,1529961064,197806621,-0.219244971871,-0.0299081392586
2707,1529961064,221831742,-0.223792225122,-0.0273140668869
2708,1529961064,221831742,-0.223792225122,-0.0273140668869
2709,1529961064,221831742,-0.223792225122,-0.0273140668869
2710,1529961064,221831742,-0.223792225122,-0.0273140668869
2711,1529961064,237807861,-0.225104525685,-0.0208136234432
2712,1529961064,237807861,-0.225104525685,-0.0208136234432
2713,1529961064,237807861,-0.225104525685,-0.0208136234432
2714,1529961064,237807861,-0.225104525685,-0.0208136234432
2715,1529961064,237807861,-0.225104525685,-0.0208136234432
2716,1529961064,237807861,-0.225104525685,-0.0208136234432
2717,1529961064,261817234,-0.22705771029,-0.0149540696293
2718,1529961064,261817234,-0.22705771029,-0.0149540696293
2719,1529961064,261817234,-0.22705771029,-0.0149540696293
2720,1529961064,261817234,-0.22705771029,-0.0149540696293
2721,1529961064,277817482,-0.231604963541,-0.00778221990913
2722,1529961064,277817482,-0.231604963541,-0.00778221990913
2723,1529961064,277817482,-0.231604963541,-0.00778221990913
2724,1529961064,277817482,-0.231604963541,-0.00778221990913
2725,1529961064,277817482,-0.231604963541,-0.00778221990913
2726,1529961064,277817482,-0.231604963541,-0.00778221990913
2727,1529961064,301815582,-0.233558148146,-0.000640888698399
2728,1529961064,301815582,-0.233558148146,-0.000640888698399
2729,1529961064,301815582,-0.233558148146,-0.000640888698399
2730,1529961064,301815582,-0.233558148146,-0.000640888698399
2731,1529961064,317839516,-0.23551133275,-0.0
2732,1529961064,317839516,-0.23551133275,-0.0
2733,1529961064,317839516,-0.23551133275,-0.0
2734,1529961064,317839516,-0.23551133275,-0.0
2735,1529961064,317839516,-0.23551133275,-0.0
2736,1529961064,317839516,-0.23551133275,-0.0
2737,1529961064,341806300,-0.236823633313,-0.0
2738,1529961064,341806300,-0.236823633313,-0.0
2739,1529961064,341806300,-0.236823633313,-0.0
2740,1529961064,341806300,-0.236823633313,-0.0
2741,1529961064,357803443,-0.238776817918,-0.0
2742,1529961064,357803443,-0.238776817918,-0.0
2743,1529961064,357803443,-0.238776817918,-0.0
2744,1529961064,357803443,-0.238776817918,-0.0
2745,1529961064,357803443,-0.238776817918,-0.0
2746,1529961064,357803443,-0.238776817918,-0.0
2747,1529961064,381809388,-0.240730002522,-0.0
2748,1529961064,381809388,-0.240730002522,-0.0
2749,1529961064,381809388,-0.240730002522,-0.0
2750,1529961064,381809388,-0.240730002522,-0.0
2751,1529961064,397806276,-0.245918154716,-0.0
2752,1529961064,397806276,-0.245918154716,-0.0
2753,1529961064,397806276,-0.245918154716,-0.0
2754,1529961064,397806276,-0.245918154716,-0.0
2755,1529961064,397806276,-0.245918154716,-0.0
2756,1529961064,397806276,-0.245918154716,-0.0
2757,1529961064,421819635,-0.247230440378,-0.0
2758,1529961064,421819635,-0.247230440378,-0.0
2759,1529961064,421819635,-0.247230440378,-0.0
2760,1529961064,421819635,-0.247230440378,-0.0
2761,1529961064,437809045,-0.249183624983,-0.0
2762,1529961064,437809045,-0.249183624983,-0.0
2763,1529961064,437809045,-0.249183624983,-0.0
2764,1529961064,437809045,-0.249183624983,-0.0
2765,1529961064,437809045,-0.249183624983,-0.0
2766,1529961064,437809045,-0.249183624983,-0.0
2767,1529961064,461805217,-0.251136809587,-0.0
2768,1529961064,461805217,-0.251136809587,-0.0
2769,1529961064,461805217,-0.251136809587,-0.0
2770,1529961064,461805217,-0.251136809587,-0.0
2771,1529961064,477808395,-0.253089994192,-0.0
2772,1529961064,477808395,-0.253089994192,-0.0
2773,1529961064,477808395,-0.253089994192,-0.0
2774,1529961064,477808395,-0.253089994192,-0.0
2775,1529961064,477808395,-0.253089994192,-0.0
2776,1529961064,477808395,-0.253089994192,-0.0
2777,1529961064,501810904,-0.255043178797,-0.0
2778,1529961064,501810904,-0.255043178797,-0.0
2779,1529961064,501810904,-0.255043178797,-0.0
2780,1529961064,501810904,-0.255043178797,-0.0
2781,1529961064,517808421,-0.256996363401,-0.0
2782,1529961064,517808421,-0.256996363401,-0.0
2783,1529961064,517808421,-0.256996363401,-0.0
2784,1529961064,517808421,-0.256996363401,-0.0
2785,1529961064,517808421,-0.256996363401,-0.0
2786,1529961064,517808421,-0.256996363401,-0.0
2787,1529961064,541804438,-0.258949548006,-0.0
2788,1529961064,541804438,-0.258949548006,-0.0
2789,1529961064,541804438,-0.258949548006,-0.0
2790,1529961064,541804438,-0.258949548006,-0.0
2791,1529961064,541804438,-0.258949548006,-0.0
2792,1529961064,541804438,-0.258949548006,-0.0
2793,1529961064,541804438,-0.258949548006,-0.0
2794,1529961064,541804438,-0.258949548006,-0.0
2795,1529961064,541804438,-0.258949548006,-0.0
2796,1529961064,541804438,-0.258949548006,-0.0
2797,1529961064,541804438,-0.258949548006,-0.0
2798,1529961064,541804438,-0.258949548006,-0.0
2799,1529961064,541804438,-0.258949548006,-0.0
2800,1529961064,541804438,-0.258949548006,-0.0
2801,1529961064,597802128,-0.26023131609,-0.0
2802,1529961064,597802128,-0.26023131609,-0.0
2803,1529961064,597802128,-0.26023131609,-0.0
2804,1529961064,597802128,-0.26023131609,-0.0
2805,1529961064,597802128,-0.26023131609,-0.0
2806,1529961064,597802128,-0.26023131609,-0.0
2807,1529961064,621804420,-0.261543631554,-0.0
2808,1529961064,621804420,-0.261543631554,-0.0
2809,1529961064,621804420,-0.261543631554,-0.0
2810,1529961064,621804420,-0.261543631554,-0.0
2811,1529961064,637806957,-0.262855917215,-0.0
2812,1529961064,637806957,-0.262855917215,-0.0
2813,1529961064,637806957,-0.262855917215,-0.0
2814,1529961064,637806957,-0.262855917215,-0.0
2815,1529961064,637806957,-0.262855917215,-0.0
2816,1529961064,637806957,-0.262855917215,-0.0
2817,1529961064,637806957,-0.262855917215,-0.0
2818,1529961064,637806957,-0.262855917215,-0.0
2819,1529961064,637806957,-0.262855917215,-0.0
2820,1529961064,637806957,-0.262855917215,-0.0
2821,1529961064,637806957,-0.262855917215,-0.0
2822,1529961064,637806957,-0.262855917215,-0.0
2823,1529961064,637806957,-0.262855917215,-0.0
2824,1529961064,637806957,-0.262855917215,-0.0
2825,1529961064,637806957,-0.262855917215,-0.0
2826,1529961064,637806957,-0.262855917215,-0.0
2827,1529961064,637806957,-0.262855917215,-0.0
2828,1529961064,637806957,-0.262855917215,-0.0
2829,1529961064,637806957,-0.262855917215,-0.0
2830,1529961064,637806957,-0.262855917215,-0.0
2831,1529961064,637806957,-0.262855917215,-0.0
2832,1529961064,637806957,-0.262855917215,-0.0
2833,1529961064,637806957,-0.262855917215,-0.0
2834,1529961064,637806957,-0.262855917215,-0.0
2835,1529961064,637806957,-0.262855917215,-0.0
2836,1529961064,637806957,-0.262855917215,-0.0
2837,1529961064,741807802,-0.264137685299,-0.0
2838,1529961064,741807802,-0.264137685299,-0.0
2839,1529961064,741807802,-0.264137685299,-0.0
2840,1529961064,741807802,-0.264137685299,-0.0
2841,1529961064,741807802,-0.264137685299,-0.0
2842,1529961064,741807802,-0.264137685299,-0.0
2843,1529961064,741807802,-0.264137685299,-0.0
2844,1529961064,741807802,-0.264137685299,-0.0
2845,1529961064,741807802,-0.264137685299,-0.0
2846,1529961064,741807802,-0.264137685299,-0.0
2847,1529961064,741807802,-0.264137685299,-0.0
2848,1529961064,741807802,-0.264137685299,-0.0
2849,1529961064,741807802,-0.264137685299,-0.0
2850,1529961064,741807802,-0.264137685299,-0.0
2851,1529961064,741807802,-0.264137685299,-0.0
2852,1529961064,741807802,-0.264137685299,-0.0
2853,1529961064,741807802,-0.264137685299,-0.0
2854,1529961064,741807802,-0.264137685299,-0.0
2855,1529961064,741807802,-0.264137685299,-0.0
2856,1529961064,741807802,-0.264137685299,-0.0
2857,1529961064,741807802,-0.264137685299,-0.0
2858,1529961064,741807802,-0.264137685299,-0.0
2859,1529961064,741807802,-0.264137685299,-0.0
2860,1529961064,741807802,-0.264137685299,-0.0
2861,1529961064,741807802,-0.264137685299,-0.0
2862,1529961064,741807802,-0.264137685299,-0.0
2863,1529961064,741807802,-0.264137685299,-0.0
2864,1529961064,741807802,-0.264137685299,-0.0
2865,1529961064,741807802,-0.264137685299,-0.0
2866,1529961064,741807802,-0.264137685299,-0.0
2867,1529961064,741807802,-0.264137685299,-0.0
2868,1529961064,741807802,-0.264137685299,-0.0
2869,1529961064,741807802,-0.264137685299,-0.0
2870,1529961064,741807802,-0.264137685299,-0.0
2871,1529961064,741807802,-0.264137685299,-0.0
2872,1529961064,741807802,-0.264137685299,-0.0
2873,1529961064,741807802,-0.264137685299,-0.0
2874,1529961064,741807802,-0.264137685299,-0.0
2875,1529961064,741807802,-0.264137685299,-0.0
2876,1529961064,741807802,-0.264137685299,-0.0
2877,1529961064,741807802,-0.264137685299,-0.0
2878,1529961064,741807802,-0.264137685299,-0.0
2879,1529961064,741807802,-0.264137685299,-0.0
2880,1529961064,741807802,-0.264137685299,-0.0
2881,1529961064,741807802,-0.264137685299,-0.0
2882,1529961064,741807802,-0.264137685299,-0.0
2883,1529961064,741807802,-0.264137685299,-0.0
2884,1529961064,741807802,-0.264137685299,-0.0
2885,1529961064,741807802,-0.264137685299,-0.0
2886,1529961064,741807802,-0.264137685299,-0.0
2887,1529961064,741807802,-0.264137685299,-0.0
2888,1529961064,741807802,-0.264137685299,-0.0
2889,1529961064,741807802,-0.264137685299,-0.0
2890,1529961064,741807802,-0.264137685299,-0.0
2891,1529961064,741807802,-0.264137685299,-0.0
2892,1529961064,741807802,-0.264137685299,-0.0
2893,1529961064,741807802,-0.264137685299,-0.0
2894,1529961064,741807802,-0.264137685299,-0.0
2895,1529961064,741807802,-0.264137685299,-0.0
2896,1529961064,741807802,-0.264137685299,-0.0
2897,1529961064,741807802,-0.264137685299,-0.0
2898,1529961064,741807802,-0.264137685299,-0.0
2899,1529961064,741807802,-0.264137685299,-0.0
2900,1529961064,741807802,-0.264137685299,-0.0
2901,1529961064,741807802,-0.264137685299,-0.0
2902,1529961064,741807802,-0.264137685299,-0.0
2903,1529961064,741807802,-0.264137685299,-0.0
2904,1529961064,741807802,-0.264137685299,-0.0
2905,1529961064,741807802,-0.264137685299,-0.0
2906,1529961064,741807802,-0.264137685299,-0.0
2907,1529961064,741807802,-0.264137685299,-0.0
2908,1529961064,741807802,-0.264137685299,-0.0
2909,1529961064,741807802,-0.264137685299,-0.0
2910,1529961064,741807802,-0.264137685299,-0.0
2911,1529961064,741807802,-0.264137685299,-0.0
2912,1529961064,741807802,-0.264137685299,-0.0
2913,1529961064,741807802,-0.264137685299,-0.0
2914,1529961064,741807802,-0.264137685299,-0.0
2915,1529961064,741807802,-0.264137685299,-0.0
2916,1529961064,741807802,-0.264137685299,-0.0
2917,1529961064,741807802,-0.264137685299,-0.0
2918,1529961064,741807802,-0.264137685299,-0.0
2919,1529961064,741807802,-0.264137685299,-0.0
2920,1529961064,741807802,-0.264137685299,-0.0
2921,1529961064,741807802,-0.264137685299,-0.0
2922,1529961064,741807802,-0.264137685299,-0.0
2923,1529961064,741807802,-0.264137685299,-0.0
2924,1529961064,741807802,-0.264137685299,-0.0
2925,1529961064,741807802,-0.264137685299,-0.0
2926,1529961064,741807802,-0.264137685299,-0.0
2927,1529961064,741807802,-0.264137685299,-0.0
2928,1529961064,741807802,-0.264137685299,-0.0
2929,1529961064,741807802,-0.264137685299,-0.0
2930,1529961064,741807802,-0.264137685299,-0.0
2931,1529961064,741807802,-0.264137685299,-0.0
2932,1529961064,741807802,-0.264137685299,-0.0
2933,1529961064,741807802,-0.264137685299,-0.0
2934,1529961064,741807802,-0.264137685299,-0.0
2935,1529961064,741807802,-0.264137685299,-0.0
2936,1529961064,741807802,-0.264137685299,-0.0
2937,1529961064,741807802,-0.264137685299,-0.0
2938,1529961064,741807802,-0.264137685299,-0.0
2939,1529961064,741807802,-0.264137685299,-0.0
2940,1529961064,741807802,-0.264137685299,-0.0
2941,1529961064,741807802,-0.264137685299,-0.0
2942,1529961064,741807802,-0.264137685299,-0.0
2943,1529961064,741807802,-0.264137685299,-0.0
2944,1529961064,741807802,-0.264137685299,-0.0
2945,1529961064,741807802,-0.264137685299,-0.0
2946,1529961064,741807802,-0.264137685299,-0.0
2947,1529961064,741807802,-0.264137685299,-0.0
2948,1529961064,741807802,-0.264137685299,-0.0
2949,1529961064,741807802,-0.264137685299,-0.0
2950,1529961064,741807802,-0.264137685299,-0.0
2951,1529961064,741807802,-0.264137685299,-0.0
2952,1529961064,741807802,-0.264137685299,-0.0
2953,1529961064,741807802,-0.264137685299,-0.0
2954,1529961064,741807802,-0.264137685299,-0.0
2955,1529961064,741807802,-0.264137685299,-0.0
2956,1529961064,741807802,-0.264137685299,-0.0
2957,1529961064,741807802,-0.264137685299,-0.0
2958,1529961064,741807802,-0.264137685299,-0.0
2959,1529961064,741807802,-0.264137685299,-0.0
2960,1529961064,741807802,-0.264137685299,-0.0
2961,1529961064,741807802,-0.264137685299,-0.0
2962,1529961064,741807802,-0.264137685299,-0.0
2963,1529961064,741807802,-0.264137685299,-0.0
2964,1529961064,741807802,-0.264137685299,-0.0
2965,1529961064,741807802,-0.264137685299,-0.0
2966,1529961064,741807802,-0.264137685299,-0.0
2967,1529961064,741807802,-0.264137685299,-0.0
2968,1529961064,741807802,-0.264137685299,-0.0
2969,1529961064,741807802,-0.264137685299,-0.0
2970,1529961064,741807802,-0.264137685299,-0.0
2971,1529961064,741807802,-0.264137685299,-0.0
2972,1529961064,741807802,-0.264137685299,-0.0
2973,1529961064,741807802,-0.264137685299,-0.0
2974,1529961064,741807802,-0.264137685299,-0.0
2975,1529961064,741807802,-0.264137685299,-0.0
2976,1529961064,741807802,-0.264137685299,-0.0
2977,1529961064,741807802,-0.264137685299,-0.0
2978,1529961064,741807802,-0.264137685299,-0.0
2979,1529961064,741807802,-0.264137685299,-0.0
2980,1529961064,741807802,-0.264137685299,-0.0
2981,1529961064,741807802,-0.264137685299,-0.0
2982,1529961064,741807802,-0.264137685299,-0.0
2983,1529961064,741807802,-0.264137685299,-0.0
2984,1529961064,741807802,-0.264137685299,-0.0
2985,1529961064,741807802,-0.264137685299,-0.0
2986,1529961064,741807802,-0.264137685299,-0.0
2987,1529961064,741807802,-0.264137685299,-0.0
2988,1529961064,741807802,-0.264137685299,-0.0
2989,1529961064,741807802,-0.264137685299,-0.0
2990,1529961064,741807802,-0.264137685299,-0.0
2991,1529961064,741807802,-0.264137685299,-0.0
2992,1529961064,741807802,-0.264137685299,-0.0
2993,1529961064,741807802,-0.264137685299,-0.0
2994,1529961064,741807802,-0.264137685299,-0.0
2995,1529961064,741807802,-0.264137685299,-0.0
2996,1529961064,741807802,-0.264137685299,-0.0
2997,1529961064,741807802,-0.264137685299,-0.0
2998,1529961064,741807802,-0.264137685299,-0.0
2999,1529961065,397830112,-0.262855917215,-0.0
3000,1529961065,397830112,-0.262855917215,-0.0
3001,1529961065,397830112,-0.262855917215,-0.0
3002,1529961065,397830112,-0.262855917215,-0.0
3003,1529961065,397830112,-0.262855917215,-0.0
3004,1529961065,397830112,-0.262855917215,-0.0
3005,1529961065,421805218,-0.261543631554,-0.0
3006,1529961065,421805218,-0.261543631554,-0.0
3007,1529961065,421805218,-0.261543631554,-0.0
3008,1529961065,421805218,-0.261543631554,-0.0
3009,1529961065,437809428,-0.26023131609,-0.0
3010,1529961065,437809428,-0.26023131609,-0.0
3011,1529961065,437809428,-0.26023131609,-0.0
3012,1529961065,437809428,-0.26023131609,-0.0
3013,1529961065,437809428,-0.26023131609,-0.0
3014,1529961065,437809428,-0.26023131609,-0.0
3015,1529961065,461805460,-0.258949548006,-0.0
3016,1529961065,461805460,-0.258949548006,-0.0
3017,1529961065,461805460,-0.258949548006,-0.0
3018,1529961065,461805460,-0.258949548006,-0.0
3019,1529961065,461805460,-0.258949548006,-0.0
3020,1529961065,461805460,-0.258949548006,-0.0
3021,1529961065,461805460,-0.258949548006,-0.0
3022,1529961065,461805460,-0.258949548006,-0.0
3023,1529961065,461805460,-0.258949548006,-0.0
3024,1529961065,461805460,-0.258949548006,-0.0
3025,1529961065,461805460,-0.258949548006,-0.0
3026,1529961065,461805460,-0.258949548006,-0.0
3027,1529961065,461805460,-0.258949548006,-0.0
3028,1529961065,461805460,-0.258949548006,-0.0
3029,1529961065,517804775,-0.256996363401,-0.0
3030,1529961065,517804775,-0.256996363401,-0.0
3031,1529961065,517804775,-0.256996363401,-0.0
3032,1529961065,517804775,-0.256996363401,-0.0
3033,1529961065,517804775,-0.256996363401,-0.0
3034,1529961065,517804775,-0.256996363401,-0.0
3035,1529961065,541805958,-0.255043178797,-0.0
3036,1529961065,541805958,-0.255043178797,-0.0
3037,1529961065,541805958,-0.255043178797,-0.0
3038,1529961065,541805958,-0.255043178797,-0.0
3039,1529961065,557811264,-0.253730893135,-0.0
3040,1529961065,557811264,-0.253730893135,-0.0
3041,1529961065,557811264,-0.253730893135,-0.0
3042,1529961065,557811264,-0.253730893135,-0.0
3043,1529961065,557811264,-0.253730893135,-0.0
3044,1529961065,557811264,-0.253730893135,-0.0
3045,1529961065,581808567,-0.25177770853,-0.0
3046,1529961065,581808567,-0.25177770853,-0.0
3047,1529961065,581808567,-0.25177770853,-0.0
3048,1529961065,581808567,-0.25177770853,-0.0
3049,1529961065,597804600,-0.249824523926,-0.0
3050,1529961065,597804600,-0.249824523926,-0.0
3051,1529961065,597804600,-0.249824523926,-0.0
3052,1529961065,597804600,-0.249824523926,-0.0
3053,1529961065,597804600,-0.249824523926,-0.0
3054,1529961065,621805773,-0.244636371732,-0.0
3055,1529961065,621805773,-0.244636371732,-0.0
3056,1529961065,621805773,-0.244636371732,-0.0
3057,1529961065,621805773,-0.244636371732,-0.0
3058,1529961065,637803760,-0.238776817918,-0.0
3059,1529961065,637803760,-0.238776817918,-0.0
3060,1529961065,637803760,-0.238776817918,-0.0
3061,1529961065,637803760,-0.238776817918,-0.0
3062,1529961065,637803760,-0.238776817918,-0.0
3063,1529961065,637803760,-0.238776817918,-0.0
3064,1529961065,661806190,-0.231604963541,-0.0
3065,1529961065,661806190,-0.231604963541,-0.0
3066,1529961065,661806190,-0.231604963541,-0.0
3067,1529961065,661806190,-0.231604963541,-0.0
3068,1529961065,677804686,-0.223151341081,-0.0
3069,1529961065,677804686,-0.223151341081,-0.0
3070,1529961065,677804686,-0.223151341081,-0.0
3071,1529961065,677804686,-0.223151341081,-0.0
3072,1529961065,677804686,-0.223151341081,-0.0
3073,1529961065,677804686,-0.223151341081,-0.0
3074,1529961065,701816388,-0.215338602662,-0.0
3075,1529961065,701816388,-0.215338602662,-0.0
3076,1529961065,701816388,-0.215338602662,-0.0
3077,1529961065,701816388,-0.215338602662,-0.0
3078,1529961065,717806560,-0.207525864244,-0.0
3079,1529961065,717806560,-0.207525864244,-0.0
3080,1529961065,717806560,-0.207525864244,-0.0
3081,1529961065,717806560,-0.207525864244,-0.0
3082,1529961065,717806560,-0.207525864244,-0.0
3083,1529961065,717806560,-0.207525864244,-0.0
3084,1529961065,741806643,-0.201025426388,-0.0
3085,1529961065,741806643,-0.201025426388,-0.0
3086,1529961065,741806643,-0.201025426388,-0.0
3087,1529961065,741806643,-0.201025426388,-0.0
3088,1529961065,757805447,-0.193884089589,-0.0
3089,1529961065,757805447,-0.193884089589,-0.0
3090,1529961065,757805447,-0.193884089589,-0.0
3091,1529961065,757805447,-0.193884089589,-0.0
3092,1529961065,757805447,-0.193884089589,-0.0
3093,1529961065,757805447,-0.193884089589,-0.0
3094,1529961065,781804931,-0.186071351171,-0.0
3095,1529961065,781804931,-0.186071351171,-0.0
3096,1529961065,781804931,-0.186071351171,-0.0
3097,1529961065,781804931,-0.186071351171,-0.0
3098,1529961065,797805628,-0.176946312189,-0.0
3099,1529961065,797805628,-0.176946312189,-0.0
3100,1529961065,797805628,-0.176946312189,-0.0
3101,1529961065,797805628,-0.176946312189,-0.0
3102,1529961065,797805628,-0.176946312189,-0.0
3103,1529961065,797805628,-0.176946312189,-0.0
3104,1529961065,821804354,-0.156773582101,-0.0
3105,1529961065,821804354,-0.156773582101,-0.0
3106,1529961065,821804354,-0.156773582101,-0.0
3107,1529961065,821804354,-0.156773582101,-0.0
3108,1529961065,837804997,-0.151585429907,-0.0
3109,1529961065,837804997,-0.151585429907,-0.0
3110,1529961065,837804997,-0.151585429907,-0.0
3111,1529961065,837804997,-0.151585429907,-0.0
3112,1529961065,837804997,-0.151585429907,-0.0
3113,1529961065,837804997,-0.151585429907,-0.0
3114,1529961065,861805142,-0.143772691488,-0.0
3115,1529961065,861805142,-0.143772691488,-0.0
3116,1529961065,861805142,-0.143772691488,-0.0
3117,1529961065,861805142,-0.143772691488,-0.0
3118,1529961065,877813872,-0.135319069028,-0.0
3119,1529961065,877813872,-0.135319069028,-0.0
3120,1529961065,877813872,-0.135319069028,-0.0
3121,1529961065,877813872,-0.135319069028,-0.0
3122,1529961065,877813872,-0.135319069028,-0.0
3123,1529961065,877813872,-0.135319069028,-0.0
3124,1529961065,901848574,-0.125553146005,-0.0
3125,1529961065,901848574,-0.125553146005,-0.0
3126,1529961065,901848574,-0.125553146005,-0.0
3127,1529961065,901848574,-0.125553146005,-0.0
3128,1529961065,917814346,-0.101474046707,-0.0
3129,1529961065,917814346,-0.101474046707,-0.0
3130,1529961065,917814346,-0.101474046707,-0.0
3131,1529961065,917814346,-0.101474046707,-0.0
3132,1529961065,917814346,-0.101474046707,-0.0
3133,1529961065,917814346,-0.101474046707,-0.0
3134,1529961065,941804709,-0.0943327099085,-0.0
3135,1529961065,941804709,-0.0943327099085,-0.0
3136,1529961065,941804709,-0.0943327099085,-0.0
3137,1529961065,941804709,-0.0943327099085,-0.0
3138,1529961065,957854471,-0.0735190883279,-0.0
3139,1529961065,957854471,-0.0735190883279,-0.0
3140,1529961065,957854471,-0.0735190883279,-0.0
3141,1529961065,957854471,-0.0735190883279,-0.0
3142,1529961065,957854471,-0.0735190883279,-0.0
3143,1529961065,957854471,-0.0735190883279,-0.0
3144,1529961065,981805283,-0.0683004260063,-0.0
3145,1529961065,981805283,-0.0683004260063,-0.0
3146,1529961065,981805283,-0.0683004260063,-0.0
3147,1529961065,981805283,-0.0683004260063,-0.0
3148,1529961065,997804376,-0.0611590929329,-0.0
3149,1529961065,997804376,-0.0611590929329,-0.0
3150,1529961065,997804376,-0.0611590929329,-0.0
3151,1529961065,997804376,-0.0611590929329,-0.0
3152,1529961065,997804376,-0.0611590929329,-0.0
3153,1529961065,997804376,-0.0611590929329,-0.0
3154,1529961066,21808914,-0.0533463545144,-0.0
3155,1529961066,21808914,-0.0533463545144,-0.0
3156,1529961066,21808914,-0.0533463545144,-0.0
3157,1529961066,21808914,-0.0533463545144,-0.0
3158,1529961066,37807400,-0.0442213192582,-0.0
3159,1529961066,37807400,-0.0442213192582,-0.0
3160,1529961066,37807400,-0.0442213192582,-0.0
3161,1529961066,37807400,-0.0442213192582,-0.0
3162,1529961066,37807400,-0.0442213192582,-0.0
3163,1529961066,37807400,-0.0442213192582,-0.0
3164,1529961066,61806172,-0.0181890316308,-0.0
3165,1529961066,61806172,-0.0181890316308,-0.0
3166,1529961066,61806172,-0.0181890316308,-0.0
3167,1529961066,61806172,-0.0181890316308,-0.0
3168,1529961066,77805257,-0.0,-0.0
3169,1529961066,77805257,-0.0,-0.0
3170,1529961066,77805257,-0.0,-0.0
3171,1529961066,77805257,-0.0,-0.0
3172,1529961066,77805257,-0.0,-0.0
3173,1529961066,77805257,-0.0,-0.0
3174,1529961066,77805257,-0.0,-0.0
3175,1529961066,77805257,-0.0,-0.0
3176,1529961066,77805257,-0.0,-0.0
3177,1529961066,77805257,-0.0,-0.0
3178,1529961066,77805257,-0.0,-0.0
3179,1529961066,77805257,-0.0,-0.0
3180,1529961066,77805257,-0.0,-0.0
3181,1529961066,77805257,-0.0,-0.0
3182,1529961066,77805257,-0.0,-0.0
3183,1529961066,77805257,-0.0,-0.0
3184,1529961066,77805257,-0.0,-0.0
3185,1529961066,77805257,-0.0,-0.0
3186,1529961066,77805257,-0.0,-0.0
3187,1529961066,77805257,-0.0,-0.0
3188,1529961066,77805257,-0.0,-0.0
3189,1529961066,77805257,-0.0,-0.0
3190,1529961066,77805257,-0.0,-0.0
3191,1529961066,77805257,-0.0,-0.0
3192,1529961066,77805257,-0.0,-0.0
3193,1529961066,77805257,-0.0,-0.0
3194,1529961066,77805257,-0.0,-0.0
3195,1529961066,77805257,-0.0,-0.0
3196,1529961066,77805257,-0.0,-0.0
3197,1529961066,77805257,-0.0,-0.0
3198,1529961066,77805257,-0.0,-0.0
3199,1529961066,77805257,-0.0,-0.0
3200,1529961066,77805257,-0.0,-0.0
3201,1529961066,77805257,-0.0,-0.0
3202,1529961066,77805257,-0.0,-0.0
3203,1529961066,77805257,-0.0,-0.0
3204,1529961066,77805257,-0.0,-0.0
3205,1529961066,77805257,-0.0,-0.0
3206,1529961066,77805257,-0.0,-0.0
3207,1529961066,77805257,-0.0,-0.0
3208,1529961066,77805257,-0.0,-0.0
3209,1529961066,77805257,-0.0,-0.0
3210,1529961066,77805257,-0.0,-0.0
3211,1529961066,77805257,-0.0,-0.0
3212,1529961066,77805257,-0.0,-0.0
3213,1529961066,77805257,-0.0,-0.0
3214,1529961066,77805257,-0.0,-0.0
3215,1529961066,77805257,-0.0,-0.0
3216,1529961066,77805257,-0.0,-0.0
3217,1529961066,77805257,-0.0,-0.0
3218,1529961066,77805257,-0.0,-0.0
3219,1529961066,77805257,-0.0,-0.0
3220,1529961066,77805257,-0.0,-0.0
3221,1529961066,77805257,-0.0,-0.0
3222,1529961066,77805257,-0.0,-0.0
3223,1529961066,77805257,-0.0,-0.0
3224,1529961066,77805257,-0.0,-0.0
3225,1529961066,77805257,-0.0,-0.0
3226,1529961066,77805257,-0.0,-0.0
3227,1529961066,77805257,-0.0,-0.0
3228,1529961066,77805257,-0.0,-0.0
3229,1529961066,77805257,-0.0,-0.0
3230,1529961066,77805257,-0.0,-0.0
3231,1529961066,77805257,-0.0,-0.0
3232,1529961066,77805257,-0.0,-0.0
3233,1529961066,77805257,-0.0,-0.0
3234,1529961066,77805257,-0.0,-0.0
3235,1529961066,77805257,-0.0,-0.0
3236,1529961066,77805257,-0.0,-0.0
3237,1529961066,77805257,-0.0,-0.0
3238,1529961066,77805257,-0.0,-0.0
3239,1529961066,77805257,-0.0,-0.0
3240,1529961066,77805257,-0.0,-0.0
3241,1529961066,77805257,-0.0,-0.0
3242,1529961066,77805257,-0.0,-0.0
3243,1529961066,77805257,-0.0,-0.0
3244,1529961066,77805257,-0.0,-0.0
3245,1529961066,77805257,-0.0,-0.0
3246,1529961066,77805257,-0.0,-0.0
3247,1529961066,77805257,-0.0,-0.0
3248,1529961066,77805257,-0.0,-0.0
3249,1529961066,77805257,-0.0,-0.0
3250,1529961066,77805257,-0.0,-0.0
3251,1529961066,77805257,-0.0,-0.0
3252,1529961066,77805257,-0.0,-0.0
3253,1529961066,77805257,-0.0,-0.0
3254,1529961066,77805257,-0.0,-0.0
3255,1529961066,77805257,-0.0,-0.0
3256,1529961066,77805257,-0.0,-0.0
3257,1529961066,77805257,-0.0,-0.0
3258,1529961066,77805257,-0.0,-0.0
3259,1529961066,77805257,-0.0,-0.0
3260,1529961066,77805257,-0.0,-0.0
3261,1529961066,77805257,-0.0,-0.0
3262,1529961066,77805257,-0.0,-0.0
3263,1529961066,77805257,-0.0,-0.0
3264,1529961066,77805257,-0.0,-0.0
3265,1529961066,77805257,-0.0,-0.0
3266,1529961066,77805257,-0.0,-0.0
3267,1529961066,77805257,-0.0,-0.0
3268,1529961066,77805257,-0.0,-0.0
3269,1529961066,77805257,-0.0,-0.0
3270,1529961066,77805257,-0.0,-0.0
3271,1529961066,77805257,-0.0,-0.0
3272,1529961066,77805257,-0.0,-0.0
3273,1529961066,77805257,-0.0,-0.0
3274,1529961066,77805257,-0.0,-0.0
3275,1529961066,77805257,-0.0,-0.0
3276,1529961066,77805257,-0.0,-0.0
3277,1529961066,77805257,-0.0,-0.0
3278,1529961066,77805257,-0.0,-0.0
3279,1529961066,77805257,-0.0,-0.0
3280,1529961066,77805257,-0.0,-0.0
3281,1529961066,77805257,-0.0,-0.0
3282,1529961066,77805257,-0.0,-0.0
3283,1529961066,77805257,-0.0,-0.0
3284,1529961066,77805257,-0.0,-0.0
3285,1529961066,77805257,-0.0,-0.0
3286,1529961066,77805257,-0.0,-0.0
3287,1529961066,77805257,-0.0,-0.0
3288,1529961066,77805257,-0.0,-0.0
3289,1529961066,77805257,-0.0,-0.0
3290,1529961066,77805257,-0.0,-0.0
3291,1529961066,77805257,-0.0,-0.0
3292,1529961066,77805257,-0.0,-0.0
3293,1529961066,77805257,-0.0,-0.0
3294,1529961066,77805257,-0.0,-0.0
3295,1529961066,77805257,-0.0,-0.0
3296,1529961066,77805257,-0.0,-0.0
3297,1529961066,77805257,-0.0,-0.0
3298,1529961066,77805257,-0.0,-0.0
3299,1529961066,77805257,-0.0,-0.0
3300,1529961066,77805257,-0.0,-0.0
3301,1529961066,77805257,-0.0,-0.0
3302,1529961066,77805257,-0.0,-0.0
3303,1529961066,77805257,-0.0,-0.0
3304,1529961066,77805257,-0.0,-0.0
3305,1529961066,77805257,-0.0,-0.0
3306,1529961066,77805257,-0.0,-0.0
3307,1529961066,77805257,-0.0,-0.0
3308,1529961066,77805257,-0.0,-0.0
3309,1529961066,77805257,-0.0,-0.0
3310,1529961066,77805257,-0.0,-0.0
3311,1529961066,77805257,-0.0,-0.0
3312,1529961066,77805257,-0.0,-0.0
3313,1529961066,77805257,-0.0,-0.0
3314,1529961066,77805257,-0.0,-0.0
3315,1529961066,77805257,-0.0,-0.0
3316,1529961066,77805257,-0.0,-0.0
3317,1529961066,77805257,-0.0,-0.0
3318,1529961066,77805257,-0.0,-0.0
3319,1529961066,77805257,-0.0,-0.0
3320,1529961066,77805257,-0.0,-0.0
3321,1529961066,77805257,-0.0,-0.0
3322,1529961066,77805257,-0.0,-0.0
3323,1529961066,77805257,-0.0,-0.0
3324,1529961066,77805257,-0.0,-0.0
3325,1529961066,77805257,-0.0,-0.0
3326,1529961066,77805257,-0.0,-0.0
3327,1529961066,77805257,-0.0,-0.0
3328,1529961066,77805257,-0.0,-0.0
3329,1529961066,77805257,-0.0,-0.0
3330,1529961066,77805257,-0.0,-0.0
3331,1529961066,77805257,-0.0,-0.0
3332,1529961066,77805257,-0.0,-0.0
3333,1529961066,77805257,-0.0,-0.0
3334,1529961066,77805257,-0.0,-0.0
3335,1529961066,77805257,-0.0,-0.0
3336,1529961066,77805257,-0.0,-0.0
3337,1529961066,77805257,-0.0,-0.0
3338,1529961066,77805257,-0.0,-0.0
3339,1529961066,77805257,-0.0,-0.0
3340,1529961066,77805257,-0.0,-0.0
3341,1529961066,77805257,-0.0,-0.0
3342,1529961066,77805257,-0.0,-0.0
3343,1529961066,77805257,-0.0,-0.0
3344,1529961066,77805257,-0.0,-0.0
3345,1529961066,77805257,-0.0,-0.0
3346,1529961066,77805257,-0.0,-0.0
