243,1529961220,610904932,lidar0,0.00999999977648,40.0,0.569999992847
244,1529961220,619102001,lidar0,0.00999999977648,40.0,0.560000002384
245,1529961220,627264976,lidar0,0.00999999977648,40.0,0.569999992847
246,1529961220,639600038,lidar0,0.00999999977648,40.0,0.560000002384
247,1529961220,647787094,lidar0,0.00999999977648,40.0,0.569999992847
248,1529961220,705168962,lidar0,0.00999999977648,40.0,0.550000011921
249,1529961220,713336944,lidar0,0.00999999977648,40.0,0.569999992847
250,1529961220,774811983,lidar0,0.00999999977648,40.0,0.560000002384
251,1529961220,832104921,lidar0,0.00999999977648,40.0,0.560000002384
252,1529961220,844326019,lidar0,0.00999999977648,40.0,0.589999973774
253,1529961220,901726007,lidar0,0.00999999977648,40.0,0.560000002384
254,1529961220,909940958,lidar0,0.00999999977648,40.0,0.569999992847
255,1529961220,918098926,lidar0,0.00999999977648,40.0,0.569999992847
256,1529961220,930330991,lidar0,0.00999999977648,40.0,0.560000002384
257,1529961220,938621044,lidar0,0.00999999977648,40.0,0.569999992847
258,1529961220,946790933,lidar0,0.00999999977648,40.0,0.560000002384
259,1529961221,4173040,lidar0,0.00999999977648,40.0,0.579999983311
260,1529961221,12336015,lidar0,0.00999999977648,40.0,0.560000002384
261,1529961221,24585962,lidar0,0.00999999977648,40.0,0.560000002384
262,1529961221,32777070,lidar0,0.00999999977648,40.0,0.569999992847
263,1529961221,90213060,lidar0,0.00999999977648,40.0,0.560000002384
264,1529961221,151511907,lidar0,0.00999999977648,40.0,0.560000002384
265,1529961221,208935022,lidar0,0.00999999977648,40.0,0.560000002384
266,1529961221,266253948,lidar0,0.00999999977648,40.0,0.569999992847
267,1529961221,274478912,lidar0,0.00999999977648,40.0,0.579999983311
268,1529961221,286752939,lidar0,0.00999999977648,40.0,0.569999992847
269,1529961221,344113111,lidar0,0.00999999977648,40.0,0.560000002384
270,1529961221,352277994,lidar0,0.00999999977648,40.0,0.569999992847
271,1529961221,409667015,lidar0,0.00999999977648,40.0,0.569999992847
272,1529961221,470990896,lidar0,0.00999999977648,40.0,0.569999992847
273,1529961221,479214906,lidar0,0.00999999977648,40.0,0.569999992847
274,1529961221,487425088,lidar0,0.00999999977648,40.0,0.569999992847
275,1529961221,545923948,lidar0,0.00999999977648,40.0,0.560000002384
276,1529961221,602125883,lidar0,0.00999999977648,40.0,0.569999992847
277,1529961221,614315032,lidar0,0.00999999977648,40.0,0.579999983311
278,1529961221,671753883,lidar0,0.00999999977648,40.0,0.579999983311
279,1529961221,680051088,lidar0,0.00999999977648,40.0,0.569999992847
280,1529961221,688106060,lidar0,0.00999999977648,40.0,0.560000002384
281,1529961221,696320056,lidar0,0.00999999977648,40.0,0.569999992847
282,1529961221,753673076,lidar0,0.00999999977648,40.0,0.569999992847
283,1529961221,815102100,lidar0,0.00999999977648,40.0,0.560000002384
284,1529961221,823338031,lidar0,0.00999999977648,40.0,0.569999992847
285,1529961221,831465005,lidar0,0.00999999977648,40.0,0.560000002384
286,1529961221,892880916,lidar0,0.00999999977648,40.0,0.560000002384
287,1529961221,901118040,lidar0,0.00999999977648,40.0,0.560000002384
288,1529961221,958442926,lidar0,0.00999999977648,40.0,0.569999992847
289,1529961221,970717906,lidar0,0.00999999977648,40.0,0.560000002384
290,1529961221,978915929,lidar0,0.00999999977648,40.0,0.569999992847
291,1529961221,987170934,lidar0,0.00999999977648,40.0,0.569999992847
292,1529961222,44445991,lidar0,0.00999999977648,40.0,0.560000002384
293,1529961222,105920076,lidar0,0.00999999977648,40.0,0.579999983311
294,1529961222,114129066,lidar0,0.00999999977648,40.0,0.569999992847
295,1529961222,122270107,lidar0,0.00999999977648,40.0,0.560000002384
296,1529961222,179614067,lidar0,0.00999999977648,40.0,0.560000002384
297,1529961222,241105079,lidar0,0.00999999977648,40.0,0.560000002384
298,1529961222,298465967,lidar0,0.00999999977648,40.0,0.560000002384
299,1529961222,306613922,lidar0,0.00999999977648,40.0,0.569999992847
300,1529961222,368025064,lidar0,0.00999999977648,40.0,0.560000002384
301,1529961222,376243114,lidar0,0.00999999977648,40.0,0.560000002384
302,1529961222,384399890,lidar0,0.00999999977648,40.0,0.560000002384
303,1529961222,392611026,lidar0,0.00999999977648,40.0,0.579999983311
304,1529961222,404942989,lidar0,0.00999999977648,40.0,0.579999983311
305,1529961222,413085937,lidar0,0.00999999977648,40.0,0.569999992847
306,1529961222,470427036,lidar0,0.00999999977648,40.0,0.560000002384
307,1529961222,478586912,lidar0,0.00999999977648,40.0,0.560000002384
308,1529961222,540108919,lidar0,0.00999999977648,40.0,0.589999973774
309,1529961222,597475051,lidar0,0.00999999977648,40.0,0.560000002384
310,1529961222,605566024,lidar0,0.00999999977648,40.0,0.569999992847
311,1529961222,617889881,lidar0,0.00999999977648,40.0,0.560000002384
312,1529961222,626085042,lidar0,0.00999999977648,40.0,0.560000002384
313,1529961222,683434009,lidar0,0.00999999977648,40.0,0.560000002384
314,1529961222,691625118,lidar0,0.00999999977648,40.0,0.560000002384
315,1529961222,753035068,lidar0,0.00999999977648,40.0,0.550000011921
316,1529961222,761267900,lidar0,0.00999999977648,40.0,0.569999992847
317,1529961222,769427061,lidar0,0.00999999977648,40.0,0.550000011921
318,1529961222,777647972,lidar0,0.00999999977648,40.0,0.589999973774
319,1529961222,789901018,lidar0,0.00999999977648,40.0,0.569999992847
320,1529961222,798086881,lidar0,0.00999999977648,40.0,0.569999992847
321,1529961222,806299924,lidar0,0.00999999977648,40.0,0.569999992847
322,1529961222,863672971,lidar0,0.00999999977648,40.0,0.569999992847
323,1529961222,925106048,lidar0,0.00999999977648,40.0,0.560000002384
324,1529961222,933263063,lidar0,0.00999999977648,40.0,0.560000002384
325,1529961222,990598917,lidar0,0.00999999977648,40.0,0.550000011921
326,1529961222,998788118,lidar0,0.00999999977648,40.0,0.569999992847
327,1529961223,7029056,lidar0,0.00999999977648,40.0,0.560000002384
328,1529961223,68422079,lidar0,0.00999999977648,40.0,0.560000002384
329,1529961223,76606988,lidar0,0.00999999977648,40.0,0.579999983311
330,1529961223,138077020,lidar0,0.00999999977648,40.0,0.560000002384
331,1529961223,146243095,lidar0,0.00999999977648,40.0,0.550000011921
332,1529961223,154500961,lidar0,0.00999999977648,40.0,0.560000002384
333,1529961223,211774110,lidar0,0.00999999977648,40.0,0.550000011921
334,1529961223,224139928,lidar0,0.00999999977648,40.0,0.569999992847
335,1529961223,232268095,lidar0,0.00999999977648,40.0,0.560000002384
336,1529961223,289583921,lidar0,0.00999999977648,40.0,0.560000002384
337,1529961223,351011991,lidar0,0.00999999977648,40.0,0.550000011921
338,1529961223,408354043,lidar0,0.00999999977648,40.0,0.550000011921
339,1529961223,465758085,lidar0,0.00999999977648,40.0,0.560000002384
340,1529961223,523085117,lidar0,0.00999999977648,40.0,0.569999992847
341,1529961223,535321950,lidar0,0.00999999977648,40.0,0.569999992847
342,1529961223,592724084,lidar0,0.00999999977648,40.0,0.550000011921
343,1529961223,650039911,lidar0,0.00999999977648,40.0,0.560000002384
344,1529961223,711395025,lidar0,0.00999999977648,40.0,0.569999992847
345,1529961223,719701051,lidar0,0.00999999977648,40.0,0.560000002384
346,1529961223,727840900,lidar0,0.00999999977648,40.0,0.569999992847
347,1529961223,736052036,lidar0,0.00999999977648,40.0,0.560000002384
348,1529961223,748370885,lidar0,0.00999999977648,40.0,0.560000002384
349,1529961223,806160926,lidar0,0.00999999977648,40.0,0.550000011921
350,1529961223,863049030,lidar0,0.00999999977648,40.0,0.560000002384
351,1529961223,920373916,lidar0,0.00999999977648,40.0,0.540000021458
352,1529961223,932574987,lidar0,0.00999999977648,40.0,0.560000002384
353,1529961223,990051031,lidar0,0.00999999977648,40.0,0.579999983311
354,1529961223,998167991,lidar0,0.00999999977648,40.0,0.560000002384
355,1529961224,55540084,lidar0,0.00999999977648,40.0,0.550000011921
356,1529961224,117016077,lidar0,0.00999999977648,40.0,0.560000002384
357,1529961224,125181913,lidar0,0.00999999977648,40.0,0.560000002384
358,1529961224,182487010,lidar0,0.00999999977648,40.0,0.560000002384
359,1529961224,243908882,lidar0,0.00999999977648,40.0,0.550000011921
360,1529961224,252156972,lidar0,0.00999999977648,40.0,0.560000002384
361,1529961224,260333061,lidar0,0.00999999977648,40.0,0.550000011921
362,1529961224,268506050,lidar0,0.00999999977648,40.0,0.569999992847
363,1529961224,329931020,lidar0,0.00999999977648,40.0,0.569999992847
364,1529961224,338219881,lidar0,0.00999999977648,40.0,0.560000002384
365,1529961224,346352100,lidar0,0.00999999977648,40.0,0.560000002384
366,1529961224,407717943,lidar0,0.00999999977648,40.0,0.560000002384
367,1529961224,465142965,lidar0,0.00999999977648,40.0,0.540000021458
368,1529961224,473280906,lidar0,0.00999999977648,40.0,0.560000002384
369,1529961224,481465101,lidar0,0.00999999977648,40.0,0.560000002384
370,1529961224,542918920,lidar0,0.00999999977648,40.0,0.579999983311
371,1529961224,551186084,lidar0,0.00999999977648,40.0,0.540000021458
372,1529961224,559289932,lidar0,0.00999999977648,40.0,0.560000002384
373,1529961224,571489095,lidar0,0.00999999977648,40.0,0.560000002384
374,1529961224,579785108,lidar0,0.00999999977648,40.0,0.569999992847
375,1529961224,588031053,lidar0,0.00999999977648,40.0,0.560000002384
376,1529961224,596155881,lidar0,0.00999999977648,40.0,0.569999992847
377,1529961224,604357004,lidar0,0.00999999977648,40.0,0.560000002384
378,1529961224,665762901,lidar0,0.00999999977648,40.0,0.560000002384
379,1529961224,674027919,lidar0,0.00999999977648,40.0,0.569999992847
380,1529961224,682226896,lidar0,0.00999999977648,40.0,0.560000002384
381,1529961224,690387964,lidar0,0.00999999977648,40.0,0.560000002384
382,1529961224,702634096,lidar0,0.00999999977648,40.0,0.560000002384
383,1529961224,710859060,lidar0,0.00999999977648,40.0,0.579999983311
384,1529961224,719054937,lidar0,0.00999999977648,40.0,0.569999992847
385,1529961224,780441045,lidar0,0.00999999977648,40.0,0.569999992847
386,1529961224,788686037,lidar0,0.00999999977648,40.0,0.569999992847
387,1529961224,796855926,lidar0,0.00999999977648,40.0,0.569999992847
388,1529961224,858287096,lidar0,0.00999999977648,40.0,0.560000002384
389,1529961224,915685892,lidar0,0.00999999977648,40.0,0.560000002384
390,1529961224,923846960,lidar0,0.00999999977648,40.0,0.550000011921
391,1529961224,981199026,lidar0,0.00999999977648,40.0,0.560000002384
392,1529961224,989389896,lidar0,0.00999999977648,40.0,0.560000002384
393,1529961225,1693010,lidar0,0.00999999977648,40.0,0.579999983311
394,1529961225,59053897,lidar0,0.00999999977648,40.0,0.560000002384
395,1529961225,116345882,lidar0,0.00999999977648,40.0,0.550000011921
396,1529961225,177833080,lidar0,0.00999999977648,40.0,0.560000002384
397,1529961225,186014890,lidar0,0.00999999977648,40.0,0.569999992847
398,1529961225,194160938,lidar0,0.00999999977648,40.0,0.560000002384
399,1529961225,202364921,lidar0,0.00999999977648,40.0,0.560000002384
400,1529961225,263798952,lidar0,0.00999999977648,40.0,0.569999992847
401,1529961225,321171998,lidar0,0.00999999977648,40.0,0.560000002384
402,1529961225,378508090,lidar0,0.00999999977648,40.0,0.560000002384
403,1529961225,435834884,lidar0,0.00999999977648,40.0,0.560000002384
404,1529961225,497251033,lidar0,0.00999999977648,40.0,0.569999992847
405,1529961225,554630994,lidar0,0.00999999977648,40.0,0.560000002384
406,1529961225,562818050,lidar0,0.00999999977648,40.0,0.569999992847
407,1529961225,620194911,lidar0,0.00999999977648,40.0,0.560000002384
408,1529961225,632329940,lidar0,0.00999999977648,40.0,0.560000002384
409,1529961225,689791917,lidar0,0.00999999977648,40.0,0.560000002384
410,1529961225,697923898,lidar0,0.00999999977648,40.0,0.569999992847
411,1529961225,710118055,lidar0,0.00999999977648,40.0,0.579999983311
412,1529961225,718437910,lidar0,0.00999999977648,40.0,0.569999992847
413,1529961225,726746082,lidar0,0.00999999977648,40.0,0.560000002384
414,1529961225,734783887,lidar0,0.00999999977648,40.0,0.569999992847
415,1529961225,747060060,lidar0,0.00999999977648,40.0,0.569999992847
416,1529961225,804512023,lidar0,0.00999999977648,40.0,0.560000002384
417,1529961225,812652111,lidar0,0.00999999977648,40.0,0.569999992847
418,1529961225,824836015,lidar0,0.00999999977648,40.0,0.550000011921
419,1529961225,833156108,lidar0,0.00999999977648,40.0,0.569999992847
420,1529961225,890465021,lidar0,0.00999999977648,40.0,0.569999992847
421,1529961225,898675918,lidar0,0.00999999977648,40.0,0.550000011921
422,1529961225,910923957,lidar0,0.00999999977648,40.0,0.550000011921
423,1529961225,919184923,lidar0,0.00999999977648,40.0,0.550000011921
424,1529961225,976474046,lidar0,0.00999999977648,40.0,0.550000011921
425,1529961225,988759994,lidar0,0.00999999977648,40.0,0.560000002384
426,1529961226,46099901,lidar0,0.00999999977648,40.0,0.560000002384
427,1529961226,107460021,lidar0,0.00999999977648,40.0,0.550000011921
428,1529961226,115758895,lidar0,0.00999999977648,40.0,0.560000002384
429,1529961226,173089981,lidar0,0.00999999977648,40.0,0.560000002384
430,1529961226,181283950,lidar0,0.00999999977648,40.0,0.579999983311
431,1529961226,193519115,lidar0,0.00999999977648,40.0,0.550000011921
432,1529961226,201734066,lidar0,0.00999999977648,40.0,0.560000002384
433,1529961226,259099006,lidar0,0.00999999977648,40.0,0.560000002384
434,1529961226,267225027,lidar0,0.00999999977648,40.0,0.560000002384
435,1529961226,279541969,lidar0,0.00999999977648,40.0,0.550000011921
436,1529961226,336982965,lidar0,0.00999999977648,40.0,0.569999992847
437,1529961226,345094919,lidar0,0.00999999977648,40.0,0.540000021458
438,1529961226,406481981,lidar0,0.00999999977648,40.0,0.560000002384
439,1529961226,463872909,lidar0,0.00999999977648,40.0,0.560000002384
440,1529961226,472117900,lidar0,0.00999999977648,40.0,0.560000002384
441,1529961226,480232000,lidar0,0.00999999977648,40.0,0.579999983311
442,1529961226,492522001,lidar0,0.00999999977648,40.0,0.569999992847
443,1529961226,500730037,lidar0,0.00999999977648,40.0,0.560000002384
444,1529961226,558146953,lidar0,0.00999999977648,40.0,0.560000002384
445,1529961226,566294908,lidar0,0.00999999977648,40.0,0.560000002384
446,1529961226,578495025,lidar0,0.00999999977648,40.0,0.560000002384
447,1529961226,586771011,lidar0,0.00999999977648,40.0,0.560000002384
448,1529961226,644102096,lidar0,0.00999999977648,40.0,0.560000002384
449,1529961226,652240991,lidar0,0.00999999977648,40.0,0.560000002384
450,1529961226,713711977,lidar0,0.00999999977648,40.0,0.560000002384
451,1529961226,721930980,lidar0,0.00999999977648,40.0,0.569999992847
452,1529961226,779294967,lidar0,0.00999999977648,40.0,0.560000002384
453,1529961226,840655088,lidar0,0.00999999977648,40.0,0.560000002384
454,1529961226,898092031,lidar0,0.00999999977648,40.0,0.550000011921
455,1529961226,906251907,lidar0,0.00999999977648,40.0,0.560000002384
456,1529961226,963592052,lidar0,0.00999999977648,40.0,0.560000002384
457,1529961226,971760034,lidar0,0.00999999977648,40.0,0.550000011921
458,1529961226,983992099,lidar0,0.00999999977648,40.0,0.569999992847
459,1529961227,41379928,lidar0,0.00999999977648,40.0,0.560000002384
460,1529961227,49557924,lidar0,0.00999999977648,40.0,0.560000002384
461,1529961227,57727098,lidar0,0.00999999977648,40.0,0.560000002384
462,1529961227,66025018,lidar0,0.00999999977648,40.0,0.569999992847
463,1529961227,78234910,lidar0,0.00999999977648,40.0,0.569999992847
464,1529961227,86430072,lidar0,0.00999999977648,40.0,0.569999992847
465,1529961227,143780946,lidar0,0.00999999977648,40.0,0.560000002384
466,1529961227,156083106,lidar0,0.00999999977648,40.0,0.569999992847
467,1529961227,164277076,lidar0,0.00999999977648,40.0,0.569999992847
468,1529961227,221626996,lidar0,0.00999999977648,40.0,0.560000002384
469,1529961227,233846902,lidar0,0.00999999977648,40.0,0.560000002384
470,1529961227,291249990,lidar0,0.00999999977648,40.0,0.569999992847
471,1529961227,348548889,lidar0,0.00999999977648,40.0,0.560000002384
472,1529961227,405945062,lidar0,0.00999999977648,40.0,0.560000002384
473,1529961227,467372894,lidar0,0.00999999977648,40.0,0.560000002384
474,1529961227,475621938,lidar0,0.00999999977648,40.0,0.550000011921
475,1529961227,532943964,lidar0,0.00999999977648,40.0,0.550000011921
476,1529961227,545099973,lidar0,0.00999999977648,40.0,0.569999992847
477,1529961227,602535009,lidar0,0.00999999977648,40.0,0.560000002384
478,1529961227,610749959,lidar0,0.00999999977648,40.0,0.560000002384
479,1529961227,668035030,lidar0,0.00999999977648,40.0,0.569999992847
480,1529961227,676215887,lidar0,0.00999999977648,40.0,0.569999992847
481,1529961227,688620090,lidar0,0.00999999977648,40.0,0.560000002384
482,1529961227,745918035,lidar0,0.00999999977648,40.0,0.560000002384
483,1529961227,754089117,lidar0,0.00999999977648,40.0,0.560000002384
484,1529961227,811430931,lidar0,0.00999999977648,40.0,0.560000002384
485,1529961227,824284076,lidar0,0.00999999977648,40.0,0.560000002384
486,1529961227,881036996,lidar0,0.00999999977648,40.0,0.560000002384
487,1529961227,889230966,lidar0,0.00999999977648,40.0,0.569999992847
488,1529961227,901468992,lidar0,0.00999999977648,40.0,0.579999983311
489,1529961227,909702062,lidar0,0.00999999977648,40.0,0.550000011921
490,1529961227,967032909,lidar0,0.00999999977648,40.0,0.560000002384
491,1529961228,28392076,lidar0,0.00999999977648,40.0,0.569999992847
492,1529961228,36694049,lidar0,0.00999999977648,40.0,0.560000002384
493,1529961228,44863939,lidar0,0.00999999977648,40.0,0.569999992847
494,1529961228,53108930,lidar0,0.00999999977648,40.0,0.569999992847
495,1529961228,114464044,lidar0,0.00999999977648,40.0,0.560000002384
496,1529961228,171890020,lidar0,0.00999999977648,40.0,0.550000011921
497,1529961228,180046081,lidar0,0.00999999977648,40.0,0.569999992847
498,1529961228,192323923,lidar0,0.00999999977648,40.0,0.579999983311
499,1529961228,200472116,lidar0,0.00999999977648,40.0,0.560000002384
500,1529961228,257864952,lidar0,0.00999999977648,40.0,0.560000002384
501,1529961228,266128063,lidar0,0.00999999977648,40.0,0.569999992847
502,1529961228,278270959,lidar0,0.00999999977648,40.0,0.550000011921
503,1529961228,286498069,lidar0,0.00999999977648,40.0,0.560000002384
504,1529961228,343885898,lidar0,0.00999999977648,40.0,0.560000002384
505,1529961228,352071046,lidar0,0.00999999977648,40.0,0.569999992847
506,1529961228,413398981,lidar0,0.00999999977648,40.0,0.560000002384
507,1529961228,421658039,lidar0,0.00999999977648,40.0,0.569999992847
508,1529961228,429850101,lidar0,0.00999999977648,40.0,0.560000002384
509,1529961228,438098907,lidar0,0.00999999977648,40.0,0.569999992847
510,1529961228,495419979,lidar0,0.00999999977648,40.0,0.560000002384
511,1529961228,507643938,lidar0,0.00999999977648,40.0,0.560000002384
512,1529961228,515908956,lidar0,0.00999999977648,40.0,0.579999983311
513,1529961228,573225975,lidar0,0.00999999977648,40.0,0.560000002384
514,1529961228,581415891,lidar0,0.00999999977648,40.0,0.560000002384
515,1529961228,593668937,lidar0,0.00999999977648,40.0,0.569999992847
516,1529961228,651041984,lidar0,0.00999999977648,40.0,0.550000011921
517,1529961228,659274101,lidar0,0.00999999977648,40.0,0.550000011921
518,1529961228,720650911,lidar0,0.00999999977648,40.0,0.560000002384
519,1529961228,728902101,lidar0,0.00999999977648,40.0,0.560000002384
520,1529961228,786350965,lidar0,0.00999999977648,40.0,0.550000011921
521,1529961228,794440984,lidar0,0.00999999977648,40.0,0.560000002384
522,1529961228,806670904,lidar0,0.00999999977648,40.0,0.560000002384
523,1529961228,814853906,lidar0,0.00999999977648,40.0,0.560000002384
524,1529961228,872235059,lidar0,0.00999999977648,40.0,0.550000011921
525,1529961228,929613113,lidar0,0.00999999977648,40.0,0.569999992847
526,1529961228,941766023,lidar0,0.00999999977648,40.0,0.560000002384
527,1529961228,950042009,lidar0,0.00999999977648,40.0,0.560000002384
528,1529961228,958225011,lidar0,0.00999999977648,40.0,0.569999992847
529,1529961228,966444015,lidar0,0.00999999977648,40.0,0.560000002384
530,1529961228,974595069,lidar0,0.00999999977648,40.0,0.560000002384
531,1529961228,986942052,lidar0,0.00999999977648,40.0,0.560000002384
532,1529961229,44297933,lidar0,0.00999999977648,40.0,0.560000002384
533,1529961229,52486896,lidar0,0.00999999977648,40.0,0.560000002384
534,1529961229,113876104,lidar0,0.00999999977648,40.0,0.560000002384
535,1529961229,122090101,lidar0,0.00999999977648,40.0,0.560000002384
536,1529961229,181117057,lidar0,0.00999999977648,40.0,0.569999992847
537,1529961229,187603950,lidar0,0.00999999977648,40.0,0.550000011921
538,1529961229,249037981,lidar0,0.00999999977648,40.0,0.560000002384
539,1529961229,306402921,lidar0,0.00999999977648,40.0,0.550000011921
540,1529961229,314610958,lidar0,0.00999999977648,40.0,0.560000002384
541,1529961229,371973037,lidar0,0.00999999977648,40.0,0.560000002384
542,1529961229,384154081,lidar0,0.00999999977648,40.0,0.569999992847
543,1529961229,441564083,lidar0,0.00999999977648,40.0,0.560000002384
544,1529961229,498883962,lidar0,0.00999999977648,40.0,0.560000002384
545,1529961229,507087945,lidar0,0.00999999977648,40.0,0.569999992847
546,1529961229,568530082,lidar0,0.00999999977648,40.0,0.579999983311
547,1529961229,576739072,lidar0,0.00999999977648,40.0,0.569999992847
548,1529961229,634037017,lidar0,0.00999999977648,40.0,0.560000002384
549,1529961229,642256021,lidar0,0.00999999977648,40.0,0.550000011921
550,1529961229,654472112,lidar0,0.00999999977648,40.0,0.569999992847
551,1529961229,711884975,lidar0,0.00999999977648,40.0,0.560000002384
552,1529961229,720091104,lidar0,0.00999999977648,40.0,0.569999992847
553,1529961229,777434110,lidar0,0.00999999977648,40.0,0.579999983311
554,1529961229,789753913,lidar0,0.00999999977648,40.0,0.550000011921
555,1529961229,847059011,lidar0,0.00999999977648,40.0,0.550000011921
556,1529961229,855195999,lidar0,0.00999999977648,40.0,0.569999992847
557,1529961229,863409042,lidar0,0.00999999977648,40.0,0.569999992847
558,1529961229,875765085,lidar0,0.00999999977648,40.0,0.569999992847
559,1529961229,883900880,lidar0,0.00999999977648,40.0,0.560000002384
560,1529961229,941282987,lidar0,0.00999999977648,40.0,0.560000002384
561,1529961229,949525117,lidar0,0.00999999977648,40.0,0.560000002384
562,1529961230,10868072,lidar0,0.00999999977648,40.0,0.569999992847
563,1529961230,19097089,lidar0,0.00999999977648,40.0,0.569999992847
564,1529961230,27249097,lidar0,0.00999999977648,40.0,0.560000002384
565,1529961230,84631919,lidar0,0.00999999977648,40.0,0.550000011921
566,1529961230,96915006,lidar0,0.00999999977648,40.0,0.589999973774
567,1529961230,154251098,lidar0,0.00999999977648,40.0,0.569999992847
568,1529961230,162421941,lidar0,0.00999999977648,40.0,0.579999983311
569,1529961230,174638986,lidar0,0.00999999977648,40.0,0.569999992847
570,1529961230,182914018,lidar0,0.00999999977648,40.0,0.560000002384
571,1529961230,240272045,lidar0,0.00999999977648,40.0,0.569999992847
572,1529961230,248404026,lidar0,0.00999999977648,40.0,0.569999992847
573,1529961230,256604909,lidar0,0.00999999977648,40.0,0.569999992847
574,1529961230,318059921,lidar0,0.00999999977648,40.0,0.560000002384
575,1529961230,375443935,lidar0,0.00999999977648,40.0,0.560000002384
576,1529961230,432799100,lidar0,0.00999999977648,40.0,0.569999992847
577,1529961230,441003084,lidar0,0.00999999977648,40.0,0.569999992847
578,1529961230,502326011,lidar0,0.00999999977648,40.0,0.560000002384
579,1529961230,559762001,lidar0,0.00999999977648,40.0,0.560000002384
580,1529961230,567919969,lidar0,0.00999999977648,40.0,0.569999992847
581,1529961230,576159954,lidar0,0.00999999977648,40.0,0.589999973774
582,1529961230,637444019,lidar0,0.00999999977648,40.0,0.569999992847
583,1529961230,645708084,lidar0,0.00999999977648,40.0,0.579999983311
584,1529961230,653901100,lidar0,0.00999999977648,40.0,0.550000011921
585,1529961230,662173032,lidar0,0.00999999977648,40.0,0.579999983311
586,1529961230,674303054,lidar0,0.00999999977648,40.0,0.560000002384
587,1529961230,731749057,lidar0,0.00999999977648,40.0,0.569999992847
588,1529961230,739958047,lidar0,0.00999999977648,40.0,0.560000002384
589,1529961230,748184919,lidar0,0.00999999977648,40.0,0.560000002384
590,1529961230,756289005,lidar0,0.00999999977648,40.0,0.579999983311
591,1529961230,768616914,lidar0,0.00999999977648,40.0,0.550000011921
592,1529961230,776797056,lidar0,0.00999999977648,40.0,0.579999983311
593,1529961230,838161945,lidar0,0.00999999977648,40.0,0.569999992847
594,1529961230,846431016,lidar0,0.00999999977648,40.0,0.560000002384
595,1529961230,854609012,lidar0,0.00999999977648,40.0,0.569999992847
596,1529961230,862845897,lidar0,0.00999999977648,40.0,0.550000011921
597,1529961230,875089883,lidar0,0.00999999977648,40.0,0.550000011921
598,1529961230,883378982,lidar0,0.00999999977648,40.0,0.560000002384
599,1529961230,891448020,lidar0,0.00999999977648,40.0,0.569999992847
600,1529961230,899743080,lidar0,0.00999999977648,40.0,0.560000002384
601,1529961230,911932945,lidar0,0.00999999977648,40.0,0.569999992847
602,1529961230,920133113,lidar0,0.00999999977648,40.0,0.550000011921
603,1529961230,928391933,lidar0,0.00999999977648,40.0,0.550000011921
604,1529961230,936582088,lidar0,0.00999999977648,40.0,0.569999992847
605,1529961230,944731950,lidar0,0.00999999977648,40.0,0.560000002384
606,1529961230,957015037,lidar0,0.00999999977648,40.0,0.569999992847
607,1529961231,14374017,lidar0,0.00999999977648,40.0,0.589999973774
608,1529961231,22537946,lidar0,0.00999999977648,40.0,0.569999992847
609,1529961231,84049940,lidar0,0.00999999977648,40.0,0.560000002384
610,1529961231,141370058,lidar0,0.00999999977648,40.0,0.560000002384
611,1529961231,202785015,lidar0,0.00999999977648,40.0,0.550000011921
612,1529961231,210915088,lidar0,0.00999999977648,40.0,0.569999992847
613,1529961231,219161033,lidar0,0.00999999977648,40.0,0.560000002384
614,1529961231,280544996,lidar0,0.00999999977648,40.0,0.560000002384
615,1529961231,288742065,lidar0,0.00999999977648,40.0,0.560000002384
616,1529961231,297035932,lidar0,0.00999999977648,40.0,0.569999992847
617,1529961231,305164098,lidar0,0.00999999977648,40.0,0.560000002384
618,1529961231,317435026,lidar0,0.00999999977648,40.0,0.560000002384
619,1529961231,374804973,lidar0,0.00999999977648,40.0,0.589999973774
620,1529961231,383023023,lidar0,0.00999999977648,40.0,0.560000002384
621,1529961231,440381050,lidar0,0.00999999977648,40.0,0.560000002384
622,1529961231,452559947,lidar0,0.00999999977648,40.0,0.550000011921
623,1529961231,509932041,lidar0,0.00999999977648,40.0,0.560000002384
624,1529961231,518125057,lidar0,0.00999999977648,40.0,0.550000011921
625,1529961231,526285886,lidar0,0.00999999977648,40.0,0.560000002384
626,1529961231,538568973,lidar0,0.00999999977648,40.0,0.550000011921
627,1529961231,546782970,lidar0,0.00999999977648,40.0,0.569999992847
628,1529961231,555022001,lidar0,0.00999999977648,40.0,0.589999973774
629,1529961231,612391948,lidar0,0.00999999977648,40.0,0.560000002384
630,1529961231,620582103,lidar0,0.00999999977648,40.0,0.560000002384
631,1529961231,632802009,lidar0,0.00999999977648,40.0,0.560000002384
632,1529961231,641088962,lidar0,0.00999999977648,40.0,0.560000002384
633,1529961231,649205923,lidar0,0.00999999977648,40.0,0.560000002384
634,1529961231,657377958,lidar0,0.00999999977648,40.0,0.569999992847
635,1529961231,669707059,lidar0,0.00999999977648,40.0,0.569999992847
636,1529961231,727058887,lidar0,0.00999999977648,40.0,0.569999992847
637,1529961231,784358978,lidar0,0.00999999977648,40.0,0.560000002384
638,1529961231,792593955,lidar0,0.00999999977648,40.0,0.560000002384
639,1529961231,854017019,lidar0,0.00999999977648,40.0,0.560000002384
640,1529961231,862170934,lidar0,0.00999999977648,40.0,0.560000002384
641,1529961231,919608116,lidar0,0.00999999977648,40.0,0.560000002384
642,1529961231,981062889,lidar0,0.00999999977648,40.0,0.579999983311
643,1529961232,38316011,lidar0,0.00999999977648,40.0,0.579999983311
644,1529961232,99734067,lidar0,0.00999999977648,40.0,0.579999983311
645,1529961232,108036994,lidar0,0.00999999977648,40.0,0.569999992847
646,1529961232,165283918,lidar0,0.00999999977648,40.0,0.569999992847
647,1529961232,173460960,lidar0,0.00999999977648,40.0,0.569999992847
648,1529961232,234946012,lidar0,0.00999999977648,40.0,0.569999992847
649,1529961232,243093013,lidar0,0.00999999977648,40.0,0.589999973774
650,1529961232,300544977,lidar0,0.00999999977648,40.0,0.569999992847
651,1529961232,357805967,lidar0,0.00999999977648,40.0,0.600000023842
652,1529961232,419248104,lidar0,0.00999999977648,40.0,0.569999992847
653,1529961232,427419900,lidar0,0.00999999977648,40.0,0.560000002384
654,1529961232,435611009,lidar0,0.00999999977648,40.0,0.569999992847
655,1529961232,447859048,lidar0,0.00999999977648,40.0,0.569999992847
656,1529961232,505280971,lidar0,0.00999999977648,40.0,0.560000002384
657,1529961232,562619924,lidar0,0.00999999977648,40.0,0.560000002384
658,1529961232,570791959,lidar0,0.00999999977648,40.0,0.560000002384
659,1529961232,583030939,lidar0,0.00999999977648,40.0,0.560000002384
660,1529961232,591296911,lidar0,0.00999999977648,40.0,0.560000002384
661,1529961232,648627042,lidar0,0.00999999977648,40.0,0.550000011921
662,1529961232,660773992,lidar0,0.00999999977648,40.0,0.560000002384
663,1529961232,718254089,lidar0,0.00999999977648,40.0,0.560000002384
664,1529961232,775609016,lidar0,0.00999999977648,40.0,0.550000011921
665,1529961232,783746004,lidar0,0.00999999977648,40.0,0.560000002384
666,1529961232,796046018,lidar0,0.00999999977648,40.0,0.560000002384
667,1529961232,804214954,lidar0,0.00999999977648,40.0,0.550000011921
668,1529961232,812472105,lidar0,0.00999999977648,40.0,0.560000002384
669,1529961232,873804092,lidar0,0.00999999977648,40.0,0.560000002384
670,1529961232,882059097,lidar0,0.00999999977648,40.0,0.560000002384
671,1529961232,939448118,lidar0,0.00999999977648,40.0,0.560000002384
672,1529961232,947602033,lidar0,0.00999999977648,40.0,0.560000002384
673,1529961232,955784082,lidar0,0.00999999977648,40.0,0.560000002384
674,1529961233,17132997,lidar0,0.00999999977648,40.0,0.560000002384
675,1529961233,74563026,lidar0,0.00999999977648,40.0,0.569999992847
676,1529961233,131933927,lidar0,0.00999999977648,40.0,0.560000002384
677,1529961233,193276882,lidar0,0.00999999977648,40.0,0.560000002384
678,1529961233,251020908,lidar0,0.00999999977648,40.0,0.579999983311
679,1529961233,258867979,lidar0,0.00999999977648,40.0,0.550000011921
680,1529961233,320343017,lidar0,0.00999999977648,40.0,0.560000002384
681,1529961233,328488111,lidar0,0.00999999977648,40.0,0.550000011921
682,1529961233,336838006,lidar0,0.00999999977648,40.0,0.550000011921
683,1529961233,349020957,lidar0,0.00999999977648,40.0,0.540000021458
684,1529961233,406318902,lidar0,0.00999999977648,40.0,0.540000021458
685,1529961233,414484024,lidar0,0.00999999977648,40.0,0.569999992847
686,1529961233,422780036,lidar0,0.00999999977648,40.0,0.540000021458
687,1529961233,484181880,lidar0,0.00999999977648,40.0,0.569999992847
688,1529961233,492330074,lidar0,0.00999999977648,40.0,0.560000002384
689,1529961233,500533103,lidar0,0.00999999977648,40.0,0.540000021458
690,1529961233,512742042,lidar0,0.00999999977648,40.0,0.550000011921
691,1529961233,521043062,lidar0,0.00999999977648,40.0,0.52999997139
692,1529961233,578411102,lidar0,0.00999999977648,40.0,0.550000011921
693,1529961233,586517095,lidar0,0.00999999977648,40.0,0.790000021458
694,1529961233,647914886,lidar0,0.00999999977648,40.0,0.879999995232
695,1529961233,656236886,lidar0,0.00999999977648,40.0,1.04999995232
696,1529961233,664333105,lidar0,0.00999999977648,40.0,1.04999995232
697,1529961233,672595024,lidar0,0.00999999977648,40.0,1.07000005245
698,1529961233,734025001,lidar0,0.00999999977648,40.0,1.04999995232
699,1529961233,791383981,lidar0,0.00999999977648,40.0,1.07000005245
700,1529961233,848706007,lidar0,0.00999999977648,40.0,1.05999994278
701,1529961233,860925912,lidar0,0.00999999977648,40.0,1.02999997139
702,1529961233,869215965,lidar0,0.00999999977648,40.0,1.03999996185
703,1529961233,877363920,lidar0,0.00999999977648,40.0,1.05999994278
704,1529961233,885545969,lidar0,0.00999999977648,40.0,1.02999997139
705,1529961233,946974039,lidar0,0.00999999977648,40.0,1.03999996185
706,1529961234,4312038,lidar0,0.00999999977648,40.0,1.07000005245
707,1529961234,61718940,lidar0,0.00999999977648,40.0,1.03999996185
708,1529961234,74023008,lidar0,0.00999999977648,40.0,1.02999997139
709,1529961234,82169055,lidar0,0.00999999977648,40.0,1.02999997139
710,1529961234,90358018,lidar0,0.00999999977648,40.0,1.04999995232
711,1529961234,147691011,lidar0,0.00999999977648,40.0,1.02999997139
712,1529961234,160039901,lidar0,0.00999999977648,40.0,1.02999997139
713,1529961234,217291116,lidar0,0.00999999977648,40.0,1.03999996185
714,1529961234,225509881,lidar0,0.00999999977648,40.0,1.02999997139
715,1529961234,282876968,lidar0,0.00999999977648,40.0,1.01999998093
716,1529961234,344428062,lidar0,0.00999999977648,40.0,1.02999997139
717,1529961234,352472066,lidar0,0.00999999977648,40.0,1.04999995232
718,1529961234,409862995,lidar0,0.00999999977648,40.0,1.03999996185
719,1529961234,422102928,lidar0,0.00999999977648,40.0,1.04999995232
720,1529961234,484625101,lidar0,0.00999999977648,40.0,1.02999997139
721,1529961234,487651109,lidar0,0.00999999977648,40.0,1.01999998093
722,1529961234,549006938,lidar0,0.00999999977648,40.0,1.03999996185
723,1529961234,557235956,lidar0,0.00999999977648,40.0,1.02999997139
724,1529961234,565494060,lidar0,0.00999999977648,40.0,1.02999997139
725,1529961234,573719978,lidar0,0.00999999977648,40.0,1.04999995232
726,1529961234,585906028,lidar0,0.00999999977648,40.0,1.05999994278
727,1529961234,594182968,lidar0,0.00999999977648,40.0,1.01999998093
728,1529961234,602334022,lidar0,0.00999999977648,40.0,1.03999996185
729,1529961234,610500097,lidar0,0.00999999977648,40.0,1.04999995232
730,1529961234,622729063,lidar0,0.00999999977648,40.0,1.01999998093
731,1529961234,631043910,lidar0,0.00999999977648,40.0,1.01999998093
732,1529961234,688350915,lidar0,0.00999999977648,40.0,1.02999997139
733,1529961234,745706081,lidar0,0.00999999977648,40.0,1.04999995232
734,1529961234,753851890,lidar0,0.00999999977648,40.0,1.02999997139
735,1529961234,815315008,lidar0,0.00999999977648,40.0,1.04999995232
736,1529961234,823510885,lidar0,0.00999999977648,40.0,1.02999997139
737,1529961234,831686019,lidar0,0.00999999977648,40.0,1.02999997139
738,1529961234,893064975,lidar0,0.00999999977648,40.0,1.03999996185
739,1529961234,901297092,lidar0,0.00999999977648,40.0,1.01999998093
740,1529961234,909504890,lidar0,0.00999999977648,40.0,1.01999998093
741,1529961234,917721033,lidar0,0.00999999977648,40.0,1.04999995232
742,1529961234,979074001,lidar0,0.00999999977648,40.0,1.02999997139
743,1529961235,36549091,lidar0,0.00999999977648,40.0,1.03999996185
744,1529961235,45159101,lidar0,0.00999999977648,40.0,1.02999997139
745,1529961235,106019973,lidar0,0.00999999977648,40.0,1.05999994278
746,1529961235,114285945,lidar0,0.00999999977648,40.0,1.00999999046
747,1529961235,122469902,lidar0,0.00999999977648,40.0,1.04999995232
748,1529961235,130682945,lidar0,0.00999999977648,40.0,1.03999996185
749,1529961235,192109107,lidar0,0.00999999977648,40.0,1.01999998093
750,1529961235,249464988,lidar0,0.00999999977648,40.0,1.01999998093
751,1529961235,257677078,lidar0,0.00999999977648,40.0,1.00999999046
752,1529961235,319010019,lidar0,0.00999999977648,40.0,1.02999997139
753,1529961235,376383066,lidar0,0.00999999977648,40.0,1.00999999046
754,1529961235,384594917,lidar0,0.00999999977648,40.0,1.01999998093
755,1529961235,392852067,lidar0,0.00999999977648,40.0,1.02999997139
756,1529961235,401073932,lidar0,0.00999999977648,40.0,1.00999999046
757,1529961235,462455034,lidar0,0.00999999977648,40.0,1.04999995232
758,1529961235,470704078,lidar0,0.00999999977648,40.0,1.00999999046
759,1529961235,478960990,lidar0,0.00999999977648,40.0,1.00999999046
760,1529961235,540270090,lidar0,0.00999999977648,40.0,1.02999997139
761,1529961235,597641944,lidar0,0.00999999977648,40.0,1.00999999046
762,1529961235,654952049,lidar0,0.00999999977648,40.0,1.00999999046
763,1529961235,712311983,lidar0,0.00999999977648,40.0,1.02999997139
764,1529961235,773658990,lidar0,0.00999999977648,40.0,1.00999999046
765,1529961235,831155061,lidar0,0.00999999977648,40.0,1.00999999046
766,1529961235,839252948,lidar0,0.00999999977648,40.0,1.04999995232
767,1529961235,847420930,lidar0,0.00999999977648,40.0,1.00999999046
768,1529961235,859704971,lidar0,0.00999999977648,40.0,1.01999998093
769,1529961235,867935895,lidar0,0.00999999977648,40.0,1.00999999046
770,1529961235,925348043,lidar0,0.00999999977648,40.0,1.04999995232
771,1529961235,986701011,lidar0,0.00999999977648,40.0,1.02999997139
772,1529961236,44075012,lidar0,0.00999999977648,40.0,1.02999997139
773,1529961236,52223920,lidar0,0.00999999977648,40.0,1.01999998093
774,1529961236,64462900,lidar0,0.00999999977648,40.0,1.01999998093
775,1529961236,72741031,lidar0,0.00999999977648,40.0,1.00999999046
776,1529961236,80919027,lidar0,0.00999999977648,40.0,1.05999994278
777,1529961236,138279914,lidar0,0.00999999977648,40.0,1.02999997139
778,1529961236,199680089,lidar0,0.00999999977648,40.0,1.0
779,1529961236,207870006,lidar0,0.00999999977648,40.0,1.03999996185
780,1529961236,216101884,lidar0,0.00999999977648,40.0,1.01999998093
781,1529961236,273473978,lidar0,0.00999999977648,40.0,1.0
782,1529961236,285712957,lidar0,0.00999999977648,40.0,1.0
783,1529961236,293911933,lidar0,0.00999999977648,40.0,1.00999999046
784,1529961236,302078962,lidar0,0.00999999977648,40.0,1.02999997139
785,1529961236,310358047,lidar0,0.00999999977648,40.0,1.0
786,1529961236,371697902,lidar0,0.00999999977648,40.0,1.04999995232
787,1529961236,429095983,lidar0,0.00999999977648,40.0,1.02999997139
788,1529961236,486442089,lidar0,0.00999999977648,40.0,1.02999997139
789,1529961236,547861099,lidar0,0.00999999977648,40.0,1.00999999046
790,1529961236,605182886,lidar0,0.00999999977648,40.0,1.02999997139
791,1529961236,613399028,lidar0,0.00999999977648,40.0,1.01999998093
792,1529961236,625608921,lidar0,0.00999999977648,40.0,1.01999998093
793,1529961236,683038949,lidar0,0.00999999977648,40.0,1.00999999046
794,1529961236,740362882,lidar0,0.00999999977648,40.0,1.03999996185
795,1529961236,801717042,lidar0,0.00999999977648,40.0,1.01999998093
796,1529961236,810050010,lidar0,0.00999999977648,40.0,1.01999998093
797,1529961236,818169116,lidar0,0.00999999977648,40.0,1.01999998093
798,1529961236,826333045,lidar0,0.00999999977648,40.0,1.02999997139
799,1529961236,887897968,lidar0,0.00999999977648,40.0,1.01999998093
800,1529961236,896051883,lidar0,0.00999999977648,40.0,1.04999995232
801,1529961236,904175996,lidar0,0.00999999977648,40.0,1.03999996185
802,1529961236,916380882,lidar0,0.00999999977648,40.0,1.02999997139
803,1529961236,973880052,lidar0,0.00999999977648,40.0,1.03999996185
804,1529961237,35135030,lidar0,0.00999999977648,40.0,1.02999997139
805,1529961237,43437004,lidar0,0.00999999977648,40.0,1.03999996185
806,1529961237,100824117,lidar0,0.00999999977648,40.0,1.00999999046
807,1529961237,109049081,lidar0,0.00999999977648,40.0,1.02999997139
808,1529961237,117168903,lidar0,0.00999999977648,40.0,1.02999997139
809,1529961237,129519939,lidar0,0.00999999977648,40.0,1.03999996185
810,1529961237,137691974,lidar0,0.00999999977648,40.0,1.02999997139
811,1529961237,145814895,lidar0,0.00999999977648,40.0,1.03999996185
