631,1529962315,73189153,0.0,0.0,0.0,0.0,0.0,0.0
632,1529962315,83187591,0.0,0.0,0.0,0.0,0.0,0.0
633,1529962315,93201011,0.0,0.0,0.0,0.0,0.0,0.0
634,1529962315,103196231,0.0,0.0,0.0,0.0,0.0,0.0
635,1529962315,113185627,0.0,0.0,0.0,0.0,0.0,0.0
636,1529962315,123187903,0.0,0.0,0.0,0.0,0.0,0.0
637,1529962315,133193807,0.0,0.0,0.0,0.0,0.0,0.0
638,1529962315,143196716,0.0,0.0,0.0,0.0,0.0,0.0
639,1529962315,153191317,0.0,0.0,0.0,0.0,0.0,0.0
640,1529962315,163192260,0.0,0.0,0.0,0.0,0.0,0.0
641,1529962315,173192949,0.0,0.0,0.0,0.0,0.0,0.0
642,1529962315,183212222,0.0,0.0,0.0,0.0,0.0,0.0
643,1529962315,193189222,0.0,0.0,0.0,0.0,0.0,0.0
644,1529962315,203188853,0.0,0.0,0.0,0.0,0.0,0.0
645,1529962315,213190001,0.0,0.0,0.0,0.0,0.0,0.0
646,1529962315,223193921,0.0,0.0,0.0,0.0,0.0,0.0
647,1529962315,233194744,0.0,0.0,0.0,0.0,0.0,0.0
648,1529962315,243191638,0.0,0.0,0.0,0.0,0.0,0.0
649,1529962315,253190519,0.0,0.0,0.0,0.0,0.0,0.0
650,1529962315,263162113,0.0,0.0,0.0,0.0,0.0,0.0
651,1529962315,273208646,0.0,0.0,0.0,0.0,0.0,0.0
652,1529962315,283198280,0.0,0.0,0.0,0.0,0.0,0.0
653,1529962315,293191690,0.0,0.0,0.0,0.0,0.0,0.0
654,1529962315,303193362,0.0,0.0,0.0,0.0,0.0,0.0
655,1529962315,313200361,0.0,0.0,0.0,0.0,0.0,0.0
656,1529962315,323204549,0.0,0.0,0.0,0.0,0.0,0.0
657,1529962315,333193397,0.0,0.0,0.0,0.0,0.0,0.0
658,1529962315,343189593,0.0,0.0,0.0,0.0,0.0,0.0
659,1529962315,353197495,0.0,0.0,0.0,0.0,0.0,0.0
660,1529962315,363195982,0.0,0.0,0.0,0.0,0.0,0.0
661,1529962315,373200939,0.0,0.0,0.0,0.0,0.0,0.0
662,1529962315,383189211,0.0,0.0,0.0,0.0,0.0,0.0
663,1529962315,393190150,0.0,0.0,0.0,0.0,0.0,0.0
664,1529962315,403197789,0.0,0.0,0.0,0.0,0.0,0.0
665,1529962315,413199171,0.0,0.0,0.0,0.0,0.0,0.0
666,1529962315,423190240,0.0,0.0,0.0,0.0,0.0,0.0
667,1529962315,433189144,0.0,0.0,0.0,0.0,0.0,0.0
668,1529962315,443198352,0.0,0.0,0.0,0.0,0.0,0.0
669,1529962315,453196787,0.0,0.0,0.0,0.0,0.0,0.0
670,1529962315,463197215,0.0,0.0,0.0,0.0,0.0,0.0
671,1529962315,473190881,0.0,0.0,0.0,0.0,0.0,0.0
672,1529962315,483194637,0.0,0.0,0.0,0.0,0.0,0.0
673,1529962315,493194503,0.0,0.0,0.0,0.0,0.0,0.0
674,1529962315,503271841,0.0,0.0,0.0,0.0,0.0,0.0
675,1529962315,513195975,0.0,0.0,0.0,0.0,0.0,0.0
676,1529962315,523190199,0.0,0.0,0.0,0.0,0.0,0.0
677,1529962315,533196260,0.0,0.0,0.0,0.0,0.0,0.0
678,1529962315,543192462,0.0,0.0,0.0,0.0,0.0,0.0
679,1529962315,553190268,0.0,0.0,0.0,0.0,0.0,0.0
680,1529962315,563194641,0.0,0.0,0.0,0.0,0.0,0.0
681,1529962315,573197744,0.0,0.0,0.0,0.0,0.0,0.0
682,1529962315,583196428,0.0,0.0,0.0,0.0,0.0,0.0
683,1529962315,593190680,0.0,0.0,0.0,0.0,0.0,0.0
684,1529962315,603191531,0.0,0.0,0.0,0.0,0.0,0.0
685,1529962315,613212138,0.0,0.0,0.0,0.0,0.0,0.0
686,1529962315,623196112,0.0,0.0,0.0,0.0,0.0,0.0
687,1529962315,633190191,0.0,0.0,0.0,0.0,0.0,0.0
688,1529962315,643190869,0.0,0.0,0.0,0.0,0.0,0.0
689,1529962315,653190543,0.0,0.0,0.0,0.0,0.0,0.0
690,1529962315,663199792,0.0,0.0,0.0,0.0,0.0,0.0
691,1529962315,673194797,0.0,0.0,0.0,0.0,0.0,0.0
692,1529962315,683193686,0.0,0.0,0.0,0.0,0.0,0.0
693,1529962315,693190711,0.0,0.0,0.0,0.0,0.0,0.0
694,1529962315,703196804,0.0,0.0,0.0,0.0,0.0,0.0
695,1529962315,713195976,0.0,0.0,0.0,0.0,0.0,0.0
696,1529962315,723192704,0.0,0.0,0.0,0.0,0.0,0.0
697,1529962315,733191292,0.0,0.0,0.0,0.0,0.0,0.0
698,1529962315,743192484,0.0,0.0,0.0,0.0,0.0,0.0
699,1529962315,753195948,0.0,0.0,0.0,0.0,0.0,0.0
700,1529962315,763193433,0.0,0.0,0.0,0.0,0.0,0.0
701,1529962315,773190395,0.0,0.0,0.0,0.0,0.0,0.0
702,1529962315,783186862,0.0,0.0,0.0,0.0,0.0,0.0
703,1529962315,793217881,0.0,0.0,0.0,0.0,0.0,0.0
704,1529962315,803195171,0.0,0.0,0.0,0.0,0.0,0.0
705,1529962315,813191056,0.0,0.0,0.0,0.0,0.0,0.0
706,1529962315,823192630,0.0,0.0,0.0,0.0,0.0,0.0
707,1529962315,833199181,0.0,0.0,0.0,0.0,0.0,0.0
708,1529962315,843191762,0.0,0.0,0.0,0.0,0.0,0.0
709,1529962315,853187576,0.0,0.0,0.0,0.0,0.0,0.0
710,1529962315,863190287,0.0,0.0,0.0,0.0,0.0,0.0
711,1529962315,873190038,0.0,0.0,0.0,0.0,0.0,0.0
712,1529962315,883197330,0.0,0.0,0.0,0.0,0.0,0.0
713,1529962315,893193569,0.0,0.0,0.0,0.0,0.0,0.0
714,1529962315,903194619,0.0,0.0,0.0,0.0,0.0,0.0
715,1529962315,913190893,0.0,0.0,0.0,0.0,0.0,0.0
716,1529962315,923197939,0.0,0.0,0.0,0.0,0.0,0.0
717,1529962315,933199890,0.0,0.0,0.0,0.0,0.0,0.0
718,1529962315,943190354,0.0,0.0,0.0,0.0,0.0,0.0
719,1529962315,953192834,0.0,0.0,0.0,0.0,0.0,0.0
720,1529962315,963189910,0.0,0.0,0.0,0.0,0.0,0.0
721,1529962315,973198287,0.0,0.0,0.0,0.0,0.0,0.0
722,1529962315,983196949,0.0,0.0,0.0,0.0,0.0,0.0
723,1529962315,993191279,0.0,0.0,0.0,0.0,0.0,0.0
724,1529962316,3192522,0.0,0.0,0.0,0.0,0.0,0.0
725,1529962316,13199433,0.0,0.0,0.0,0.0,0.0,0.0
726,1529962316,23195096,0.0,0.0,0.0,0.0,0.0,0.0
727,1529962316,33191974,0.0,0.0,0.0,0.0,0.0,0.0
728,1529962316,43191134,0.0,0.0,0.0,0.0,0.0,0.0
729,1529962316,53193785,0.0,0.0,0.0,0.0,0.0,0.0
730,1529962316,63193809,0.0,0.0,0.0,0.0,0.0,0.0
731,1529962316,73191713,0.0,0.0,0.0,0.0,0.0,0.0
732,1529962316,83191045,0.0,0.0,0.0,0.0,0.0,0.0
733,1529962316,93165508,0.0,0.0,0.0,0.0,0.0,0.0
734,1529962316,103197997,0.0,0.0,0.0,0.0,0.0,0.0
735,1529962316,113193121,0.0,0.0,0.0,0.0,0.0,0.0
736,1529962316,123190255,0.0,0.0,0.0,0.0,0.0,0.0
737,1529962316,133189880,0.0,0.0,0.0,0.0,0.0,0.0
738,1529962316,143215279,0.0,0.0,0.0,0.0,0.0,0.0
739,1529962316,153201594,111.0,111.0,0.0,0.0,0.0,0.0
740,1529962316,163196519,111.0,111.0,0.0,0.0,0.0,0.0
741,1529962316,173195829,133.0,112.0,0.0,0.0,0.0,0.0
742,1529962316,183194720,133.0,112.0,0.0,0.0,0.0,0.0
743,1529962316,193210458,156.0,113.0,0.0,0.0,0.0,0.0
744,1529962316,203198557,156.0,113.0,0.0,0.0,0.0,0.0
745,1529962316,213210018,179.0,113.0,0.0,0.0,0.0,0.0
746,1529962316,223195136,179.0,113.0,0.0,0.0,0.0,0.0
747,1529962316,233206437,204.0,112.0,0.0,0.0,0.0,0.0
748,1529962316,243197270,204.0,112.0,0.0,0.0,0.0,0.0
749,1529962316,253199666,226.0,109.0,0.0,0.0,0.0,0.0
750,1529962316,263193325,226.0,109.0,0.0,0.0,0.0,0.0
751,1529962316,273198113,249.0,105.0,0.0,0.0,0.0,0.0
752,1529962316,283200592,249.0,105.0,0.0,0.0,0.0,0.0
753,1529962316,293197493,263.0,96.0,0.0,0.0,0.0,0.0
754,1529962316,303189228,263.0,96.0,0.0,0.0,0.0,0.0
755,1529962316,313196424,278.0,103.0,0.0,0.0,0.0,0.0
756,1529962316,323196994,278.0,103.0,0.0,0.0,0.0,0.0
757,1529962316,333193458,278.0,103.0,0.0,0.0,0.0,0.0
758,1529962316,343193999,292.0,92.0,0.0,0.0,0.0,0.0
759,1529962316,353198328,299.0,93.0,0.0,0.0,0.0,0.0
760,1529962316,363206097,299.0,93.0,0.0,0.0,0.0,0.0
761,1529962316,373193360,306.0,93.0,0.0,0.0,0.0,0.0
762,1529962316,383196089,306.0,93.0,0.0,0.0,0.0,0.0
763,1529962316,393192787,312.0,91.0,0.0,0.0,0.0,0.0
764,1529962316,403197274,312.0,91.0,0.0,0.0,0.0,0.0
765,1529962316,413195471,317.0,87.0,0.0,0.0,0.0,0.0
766,1529962316,423194639,317.0,87.0,0.0,0.0,0.0,0.0
767,1529962316,433194470,321.0,84.0,0.0,0.0,0.0,0.0
768,1529962316,443202926,321.0,84.0,0.0,0.0,0.0,0.0
769,1529962316,453200206,325.0,81.0,0.0,0.0,0.0,0.0
770,1529962316,463194817,325.0,81.0,0.0,0.0,0.0,0.0
771,1529962316,473196406,330.0,77.0,0.0,0.0,0.0,0.0
772,1529962316,483192813,330.0,77.0,0.0,0.0,0.0,0.0
773,1529962316,493212955,335.0,72.0,0.0,0.0,0.0,0.0
774,1529962316,503196852,335.0,72.0,0.0,0.0,0.0,0.0
775,1529962316,513196254,347.0,57.0,0.0,0.0,0.0,0.0
776,1529962316,523194289,347.0,57.0,0.0,0.0,0.0,0.0
777,1529962316,533200075,352.0,52.0,0.0,0.0,0.0,0.0
778,1529962316,543197328,352.0,52.0,0.0,0.0,0.0,0.0
779,1529962316,553193980,368.0,34.0,0.0,0.0,0.0,0.0
780,1529962316,563196341,368.0,34.0,0.0,0.0,0.0,0.0
781,1529962316,573192650,379.0,22.0,0.0,0.0,0.0,0.0
782,1529962316,583198050,379.0,22.0,0.0,0.0,0.0,0.0
783,1529962316,593195233,392.0,8.0,0.0,0.0,0.0,0.0
784,1529962316,603196337,392.0,8.0,0.0,0.0,0.0,0.0
785,1529962316,613193854,405.0,-4.0,0.0,0.0,0.0,0.0
786,1529962316,623202557,405.0,-4.0,0.0,0.0,0.0,0.0
787,1529962316,633199559,410.0,-8.0,0.0,0.0,0.0,0.0
788,1529962316,643195710,410.0,-8.0,0.0,0.0,0.0,0.0
789,1529962316,653197182,410.0,-9.0,0.0,0.0,0.0,0.0
790,1529962316,663197589,410.0,-9.0,0.0,0.0,0.0,0.0
791,1529962316,673198892,395.0,6.0,0.0,0.0,0.0,0.0
792,1529962316,683194597,395.0,6.0,0.0,0.0,0.0,0.0
793,1529962316,693196753,360.0,39.0,0.0,0.0,0.0,0.0
794,1529962316,703196639,360.0,39.0,0.0,0.0,0.0,0.0
795,1529962316,713201493,304.0,80.0,0.0,0.0,0.0,0.0
796,1529962316,723195429,304.0,80.0,0.0,0.0,0.0,0.0
797,1529962316,733197526,254.0,135.0,0.0,0.0,0.0,0.0
798,1529962316,743194912,254.0,135.0,0.0,0.0,0.0,0.0
799,1529962316,753199164,209.0,177.0,0.0,0.0,0.0,0.0
800,1529962316,763202089,209.0,177.0,0.0,0.0,0.0,0.0
801,1529962316,773195920,193.0,193.0,0.0,0.0,0.0,0.0
802,1529962316,783194673,193.0,193.0,0.0,0.0,0.0,0.0
803,1529962316,793204014,186.0,186.0,0.0,0.0,0.0,0.0
804,1529962316,803198713,186.0,186.0,0.0,0.0,0.0,0.0
805,1529962316,813195365,166.0,166.0,0.0,0.0,0.0,0.0
806,1529962316,823197842,166.0,166.0,0.0,0.0,0.0,0.0
807,1529962316,833193805,159.0,159.0,0.0,0.0,0.0,0.0
808,1529962316,843219380,159.0,159.0,0.0,0.0,0.0,0.0
809,1529962316,853196510,141.0,141.0,0.0,0.0,0.0,0.0
810,1529962316,863191605,141.0,141.0,0.0,0.0,0.0,0.0
811,1529962316,873194256,136.0,136.0,0.0,0.0,0.0,0.0
812,1529962316,883195923,136.0,136.0,0.0,0.0,0.0,0.0
813,1529962316,893195307,131.0,131.0,0.0,0.0,0.0,0.0
814,1529962316,903194618,131.0,131.0,0.0,0.0,0.0,0.0
815,1529962316,913191586,127.0,127.0,0.0,0.0,0.0,0.0
816,1529962316,923193031,127.0,127.0,0.0,0.0,0.0,0.0
817,1529962316,933197923,123.0,123.0,0.0,0.0,0.0,0.0
818,1529962316,943194986,123.0,123.0,0.0,0.0,0.0,0.0
819,1529962316,953196353,107.0,125.0,0.0,0.0,0.0,0.0
820,1529962316,963198257,107.0,125.0,0.0,0.0,0.0,0.0
821,1529962316,973202346,100.0,126.0,0.0,0.0,0.0,0.0
822,1529962316,983200334,100.0,126.0,0.0,0.0,0.0,0.0
823,1529962316,993191002,93.0,129.0,0.0,0.0,0.0,0.0
824,1529962317,3194237,93.0,129.0,0.0,0.0,0.0,0.0
825,1529962317,13192553,88.0,132.0,0.0,0.0,0.0,0.0
826,1529962317,23196368,88.0,132.0,0.0,0.0,0.0,0.0
827,1529962317,33193442,82.0,135.0,0.0,0.0,0.0,0.0
828,1529962317,43194101,82.0,135.0,0.0,0.0,0.0,0.0
829,1529962317,53190674,77.0,138.0,0.0,0.0,0.0,0.0
830,1529962317,63209542,77.0,138.0,0.0,0.0,0.0,0.0
831,1529962317,73194544,73.0,141.0,0.0,0.0,0.0,0.0
832,1529962317,83196588,73.0,141.0,0.0,0.0,0.0,0.0
833,1529962317,93195575,70.0,144.0,0.0,0.0,0.0,0.0
834,1529962317,103194195,70.0,144.0,0.0,0.0,0.0,0.0
835,1529962317,113198076,66.0,148.0,0.0,0.0,0.0,0.0
836,1529962317,123193562,66.0,148.0,0.0,0.0,0.0,0.0
837,1529962317,133192646,63.0,151.0,0.0,0.0,0.0,0.0
838,1529962317,143193344,63.0,151.0,0.0,0.0,0.0,0.0
839,1529962317,153200571,60.0,154.0,0.0,0.0,0.0,0.0
840,1529962317,163194520,60.0,154.0,0.0,0.0,0.0,0.0
841,1529962317,173192996,56.0,157.0,0.0,0.0,0.0,0.0
842,1529962317,183193578,56.0,157.0,0.0,0.0,0.0,0.0
843,1529962317,193199461,53.0,160.0,0.0,0.0,0.0,0.0
844,1529962317,203199386,53.0,160.0,0.0,0.0,0.0,0.0
845,1529962317,213194944,53.0,162.0,0.0,0.0,0.0,0.0
846,1529962317,223195975,53.0,162.0,0.0,0.0,0.0,0.0
847,1529962317,233198178,53.0,164.0,0.0,0.0,0.0,0.0
848,1529962317,243201305,53.0,164.0,0.0,0.0,0.0,0.0
849,1529962317,253197059,56.0,166.0,0.0,0.0,0.0,0.0
850,1529962317,263195714,56.0,166.0,0.0,0.0,0.0,0.0
851,1529962317,273193221,57.0,166.0,0.0,0.0,0.0,0.0
852,1529962317,283206976,57.0,166.0,0.0,0.0,0.0,0.0
853,1529962317,293199789,58.0,167.0,0.0,0.0,0.0,0.0
854,1529962317,303202558,58.0,167.0,0.0,0.0,0.0,0.0
855,1529962317,313193949,60.0,168.0,0.0,0.0,0.0,0.0
856,1529962317,323190444,60.0,168.0,0.0,0.0,0.0,0.0
857,1529962317,333205131,60.0,169.0,0.0,0.0,0.0,0.0
858,1529962317,343193701,60.0,169.0,0.0,0.0,0.0,0.0
859,1529962317,353188918,60.0,170.0,0.0,0.0,0.0,0.0
860,1529962317,363199624,60.0,170.0,0.0,0.0,0.0,0.0
861,1529962317,373199291,60.0,172.0,0.0,0.0,0.0,0.0
862,1529962317,383195490,60.0,172.0,0.0,0.0,0.0,0.0
863,1529962317,393193917,60.0,174.0,0.0,0.0,0.0,0.0
864,1529962317,403193070,60.0,174.0,0.0,0.0,0.0,0.0
865,1529962317,413205741,60.0,176.0,0.0,0.0,0.0,0.0
866,1529962317,423198615,60.0,176.0,0.0,0.0,0.0,0.0
867,1529962317,433195943,62.0,178.0,0.0,0.0,0.0,0.0
868,1529962317,443194588,62.0,178.0,0.0,0.0,0.0,0.0
869,1529962317,453194158,62.0,179.0,0.0,0.0,0.0,0.0
870,1529962317,463197870,62.0,179.0,0.0,0.0,0.0,0.0
871,1529962317,473192819,64.0,180.0,0.0,0.0,0.0,0.0
872,1529962317,483194664,64.0,180.0,0.0,0.0,0.0,0.0
873,1529962317,493195187,65.0,180.0,0.0,0.0,0.0,0.0
874,1529962317,503214975,65.0,180.0,0.0,0.0,0.0,0.0
875,1529962317,513196266,66.0,181.0,0.0,0.0,0.0,0.0
876,1529962317,523194039,66.0,181.0,0.0,0.0,0.0,0.0
877,1529962317,533192544,68.0,182.0,0.0,0.0,0.0,0.0
878,1529962317,543196329,68.0,182.0,0.0,0.0,0.0,0.0
879,1529962317,553199599,68.0,182.0,0.0,0.0,0.0,0.0
880,1529962317,563195178,68.0,182.0,0.0,0.0,0.0,0.0
881,1529962317,573193572,69.0,183.0,0.0,0.0,0.0,0.0
882,1529962317,583194040,69.0,183.0,0.0,0.0,0.0,0.0
883,1529962317,593200832,70.0,183.0,0.0,0.0,0.0,0.0
884,1529962317,603193078,70.0,183.0,0.0,0.0,0.0,0.0
885,1529962317,613192888,72.0,183.0,0.0,0.0,0.0,0.0
886,1529962317,623192580,72.0,183.0,0.0,0.0,0.0,0.0
887,1529962317,633198529,74.0,182.0,0.0,0.0,0.0,0.0
888,1529962317,643201522,74.0,182.0,0.0,0.0,0.0,0.0
889,1529962317,653201317,76.0,182.0,0.0,0.0,0.0,0.0
890,1529962317,663191824,76.0,182.0,0.0,0.0,0.0,0.0
891,1529962317,673211650,77.0,182.0,0.0,0.0,0.0,0.0
892,1529962317,683196537,77.0,182.0,0.0,0.0,0.0,0.0
893,1529962317,693193200,78.0,183.0,0.0,0.0,0.0,0.0
894,1529962317,703191645,78.0,183.0,0.0,0.0,0.0,0.0
895,1529962317,713190709,78.0,183.0,0.0,0.0,0.0,0.0
896,1529962317,723201338,78.0,183.0,0.0,0.0,0.0,0.0
897,1529962317,733210839,78.0,183.0,0.0,0.0,0.0,0.0
898,1529962317,743191557,78.0,183.0,0.0,0.0,0.0,0.0
899,1529962317,753200624,78.0,183.0,0.0,0.0,0.0,0.0
900,1529962317,763192672,78.0,183.0,0.0,0.0,0.0,0.0
901,1529962317,773212568,78.0,183.0,0.0,0.0,0.0,0.0
902,1529962317,783195322,78.0,183.0,0.0,0.0,0.0,0.0
903,1529962317,793193688,78.0,183.0,0.0,0.0,0.0,0.0
904,1529962317,803193822,78.0,183.0,0.0,0.0,0.0,0.0
905,1529962317,813200349,78.0,183.0,0.0,0.0,0.0,0.0
906,1529962317,823195998,78.0,183.0,0.0,0.0,0.0,0.0
907,1529962317,833194522,79.0,183.0,0.0,0.0,0.0,0.0
908,1529962317,843195241,79.0,183.0,0.0,0.0,0.0,0.0
909,1529962317,853195669,80.0,184.0,0.0,0.0,0.0,0.0
910,1529962317,863197248,80.0,184.0,0.0,0.0,0.0,0.0
911,1529962317,873196984,81.0,185.0,0.0,0.0,0.0,0.0
912,1529962317,883191446,81.0,185.0,0.0,0.0,0.0,0.0
913,1529962317,893193623,82.0,186.0,0.0,0.0,0.0,0.0
914,1529962317,903197236,82.0,186.0,0.0,0.0,0.0,0.0
915,1529962317,913205727,83.0,187.0,0.0,0.0,0.0,0.0
916,1529962317,923193819,83.0,187.0,0.0,0.0,0.0,0.0
917,1529962317,933192883,84.0,188.0,0.0,0.0,0.0,0.0
918,1529962317,943201565,84.0,188.0,0.0,0.0,0.0,0.0
919,1529962317,953196792,88.0,189.0,0.0,0.0,0.0,0.0
920,1529962317,963187661,88.0,189.0,0.0,0.0,0.0,0.0
921,1529962317,973186633,96.0,188.0,0.0,0.0,0.0,0.0
922,1529962317,983205078,96.0,188.0,0.0,0.0,0.0,0.0
923,1529962317,993192651,105.0,188.0,0.0,0.0,0.0,0.0
924,1529962318,3201430,105.0,188.0,0.0,0.0,0.0,0.0
925,1529962318,13443088,122.0,183.0,0.0,0.0,0.0,0.0
926,1529962318,23224616,122.0,183.0,0.0,0.0,0.0,0.0
927,1529962318,33200850,131.0,185.0,0.0,0.0,0.0,0.0
928,1529962318,43199933,131.0,185.0,0.0,0.0,0.0,0.0
929,1529962318,53201023,149.0,183.0,0.0,0.0,0.0,0.0
930,1529962318,63197807,149.0,183.0,0.0,0.0,0.0,0.0
931,1529962318,73197998,158.0,186.0,0.0,0.0,0.0,0.0
932,1529962318,83200649,158.0,186.0,0.0,0.0,0.0,0.0
933,1529962318,93202734,169.0,188.0,0.0,0.0,0.0,0.0
934,1529962318,103205707,169.0,188.0,0.0,0.0,0.0,0.0
935,1529962318,113195831,190.0,191.0,0.0,0.0,0.0,0.0
936,1529962318,123199469,190.0,191.0,0.0,0.0,0.0,0.0
937,1529962318,133204482,194.0,194.0,0.0,0.0,0.0,0.0
938,1529962318,143197117,194.0,194.0,0.0,0.0,0.0,0.0
939,1529962318,153196151,196.0,196.0,0.0,0.0,0.0,0.0
940,1529962318,163194853,196.0,196.0,0.0,0.0,0.0,0.0
941,1529962318,173211295,199.0,199.0,0.0,0.0,0.0,0.0
942,1529962318,183195760,199.0,199.0,0.0,0.0,0.0,0.0
943,1529962318,193194421,200.0,200.0,0.0,0.0,0.0,0.0
944,1529962318,203197330,200.0,200.0,0.0,0.0,0.0,0.0
945,1529962318,213200917,201.0,201.0,0.0,0.0,0.0,0.0
946,1529962318,223197627,201.0,201.0,0.0,0.0,0.0,0.0
947,1529962318,233199166,202.0,202.0,0.0,0.0,0.0,0.0
948,1529962318,243195901,202.0,202.0,0.0,0.0,0.0,0.0
949,1529962318,253194925,203.0,203.0,0.0,0.0,0.0,0.0
950,1529962318,263199674,203.0,203.0,0.0,0.0,0.0,0.0
951,1529962318,273196381,204.0,204.0,0.0,0.0,0.0,0.0
952,1529962318,283196521,204.0,204.0,0.0,0.0,0.0,0.0
953,1529962318,293195889,205.0,205.0,0.0,0.0,0.0,0.0
954,1529962318,303199829,205.0,205.0,0.0,0.0,0.0,0.0
955,1529962318,313207181,205.0,205.0,0.0,0.0,0.0,0.0
956,1529962318,323229524,205.0,205.0,0.0,0.0,0.0,0.0
957,1529962318,333193988,206.0,206.0,0.0,0.0,0.0,0.0
958,1529962318,343194419,206.0,206.0,0.0,0.0,0.0,0.0
959,1529962318,353197764,207.0,207.0,0.0,0.0,0.0,0.0
960,1529962318,363195609,207.0,207.0,0.0,0.0,0.0,0.0
961,1529962318,373190656,208.0,208.0,0.0,0.0,0.0,0.0
962,1529962318,383194225,208.0,208.0,0.0,0.0,0.0,0.0
963,1529962318,393201229,208.0,208.0,0.0,0.0,0.0,0.0
964,1529962318,403195427,208.0,208.0,0.0,0.0,0.0,0.0
965,1529962318,413196233,209.0,209.0,0.0,0.0,0.0,0.0
966,1529962318,423195399,209.0,209.0,0.0,0.0,0.0,0.0
967,1529962318,433200002,210.0,210.0,0.0,0.0,0.0,0.0
968,1529962318,443197847,210.0,210.0,0.0,0.0,0.0,0.0
969,1529962318,453189405,210.0,210.0,0.0,0.0,0.0,0.0
970,1529962318,463201420,210.0,210.0,0.0,0.0,0.0,0.0
971,1529962318,473206573,210.0,210.0,0.0,0.0,0.0,0.0
972,1529962318,483198565,210.0,210.0,0.0,0.0,0.0,0.0
973,1529962318,493202079,210.0,210.0,0.0,0.0,0.0,0.0
974,1529962318,503259356,210.0,210.0,0.0,0.0,0.0,0.0
975,1529962318,513199240,210.0,210.0,0.0,0.0,0.0,0.0
976,1529962318,523208127,210.0,210.0,0.0,0.0,0.0,0.0
977,1529962318,533198866,210.0,210.0,0.0,0.0,0.0,0.0
978,1529962318,543208590,210.0,210.0,0.0,0.0,0.0,0.0
979,1529962318,553194404,211.0,211.0,0.0,0.0,0.0,0.0
980,1529962318,563198882,211.0,211.0,0.0,0.0,0.0,0.0
981,1529962318,573203252,212.0,212.0,0.0,0.0,0.0,0.0
982,1529962318,583197045,212.0,212.0,0.0,0.0,0.0,0.0
983,1529962318,593201516,213.0,213.0,0.0,0.0,0.0,0.0
984,1529962318,603195978,213.0,213.0,0.0,0.0,0.0,0.0
985,1529962318,613197916,214.0,214.0,0.0,0.0,0.0,0.0
986,1529962318,623198319,214.0,214.0,0.0,0.0,0.0,0.0
987,1529962318,633198730,215.0,215.0,0.0,0.0,0.0,0.0
988,1529962318,643195622,215.0,215.0,0.0,0.0,0.0,0.0
989,1529962318,653200407,217.0,217.0,0.0,0.0,0.0,0.0
990,1529962318,663200411,217.0,217.0,0.0,0.0,0.0,0.0
991,1529962318,673205031,220.0,220.0,0.0,0.0,0.0,0.0
992,1529962318,683195897,220.0,220.0,0.0,0.0,0.0,0.0
993,1529962318,693200221,222.0,222.0,0.0,0.0,0.0,0.0
994,1529962318,703200254,222.0,222.0,0.0,0.0,0.0,0.0
995,1529962318,713197652,225.0,225.0,0.0,0.0,0.0,0.0
996,1529962318,723194332,225.0,225.0,0.0,0.0,0.0,0.0
997,1529962318,733203181,227.0,227.0,0.0,0.0,0.0,0.0
998,1529962318,743197433,227.0,227.0,0.0,0.0,0.0,0.0
999,1529962318,753197534,228.0,228.0,0.0,0.0,0.0,0.0
1000,1529962318,763221982,228.0,228.0,0.0,0.0,0.0,0.0
1001,1529962318,773200927,229.0,229.0,0.0,0.0,0.0,0.0
1002,1529962318,783202050,229.0,229.0,0.0,0.0,0.0,0.0
1003,1529962318,793203583,231.0,231.0,0.0,0.0,0.0,0.0
1004,1529962318,803196674,231.0,231.0,0.0,0.0,0.0,0.0
1005,1529962318,813201407,232.0,232.0,0.0,0.0,0.0,0.0
1006,1529962318,823199938,232.0,232.0,0.0,0.0,0.0,0.0
1007,1529962318,833194664,232.0,232.0,0.0,0.0,0.0,0.0
1008,1529962318,843196482,232.0,232.0,0.0,0.0,0.0,0.0
1009,1529962318,853196200,233.0,233.0,0.0,0.0,0.0,0.0
1010,1529962318,863202457,233.0,233.0,0.0,0.0,0.0,0.0
1011,1529962318,873197465,234.0,234.0,0.0,0.0,0.0,0.0
1012,1529962318,883196606,234.0,234.0,0.0,0.0,0.0,0.0
1013,1529962318,893189130,235.0,235.0,0.0,0.0,0.0,0.0
1014,1529962318,903195320,235.0,235.0,0.0,0.0,0.0,0.0
1015,1529962318,913201997,236.0,236.0,0.0,0.0,0.0,0.0
1016,1529962318,923199834,236.0,236.0,0.0,0.0,0.0,0.0
1017,1529962318,933194781,237.0,237.0,0.0,0.0,0.0,0.0
1018,1529962318,943197133,237.0,237.0,0.0,0.0,0.0,0.0
1019,1529962318,953196690,238.0,238.0,0.0,0.0,0.0,0.0
1020,1529962318,963196911,238.0,238.0,0.0,0.0,0.0,0.0
1021,1529962318,973199811,239.0,239.0,0.0,0.0,0.0,0.0
1022,1529962318,983195749,239.0,239.0,0.0,0.0,0.0,0.0
1023,1529962318,993194935,240.0,240.0,0.0,0.0,0.0,0.0
1024,1529962319,3210141,240.0,240.0,0.0,0.0,0.0,0.0
1025,1529962319,13197203,240.0,240.0,0.0,0.0,0.0,0.0
1026,1529962319,23195648,241.0,241.0,0.0,0.0,0.0,0.0
1027,1529962319,33199804,242.0,242.0,0.0,0.0,0.0,0.0
1028,1529962319,43213236,242.0,242.0,0.0,0.0,0.0,0.0
1029,1529962319,53200694,243.0,243.0,0.0,0.0,0.0,0.0
1030,1529962319,63194418,243.0,243.0,0.0,0.0,0.0,0.0
1031,1529962319,73195452,244.0,244.0,0.0,0.0,0.0,0.0
1032,1529962319,83195456,244.0,244.0,0.0,0.0,0.0,0.0
1033,1529962319,93196824,244.0,244.0,0.0,0.0,0.0,0.0
1034,1529962319,103195057,244.0,244.0,0.0,0.0,0.0,0.0
1035,1529962319,113196765,244.0,244.0,0.0,0.0,0.0,0.0
1036,1529962319,123198022,244.0,244.0,0.0,0.0,0.0,0.0
1037,1529962319,133204978,244.0,244.0,0.0,0.0,0.0,0.0
1038,1529962319,143202412,244.0,244.0,0.0,0.0,0.0,0.0
1039,1529962319,153194586,244.0,244.0,0.0,0.0,0.0,0.0
1040,1529962319,163196852,244.0,244.0,0.0,0.0,0.0,0.0
1041,1529962319,173207790,245.0,245.0,0.0,0.0,0.0,0.0
1042,1529962319,183202790,245.0,245.0,0.0,0.0,0.0,0.0
1043,1529962319,193189803,246.0,246.0,0.0,0.0,0.0,0.0
1044,1529962319,203196312,246.0,246.0,0.0,0.0,0.0,0.0
1045,1529962319,213195890,246.0,246.0,0.0,0.0,0.0,0.0
1046,1529962319,223197861,246.0,246.0,0.0,0.0,0.0,0.0
1047,1529962319,233196949,246.0,246.0,0.0,0.0,0.0,0.0
1048,1529962319,243196329,246.0,246.0,0.0,0.0,0.0,0.0
1049,1529962319,253195884,246.0,246.0,0.0,0.0,0.0,0.0
1050,1529962319,263228129,246.0,246.0,0.0,0.0,0.0,0.0
1051,1529962319,273198490,246.0,246.0,0.0,0.0,0.0,0.0
1052,1529962319,283203253,246.0,246.0,0.0,0.0,0.0,0.0
1053,1529962319,293196192,246.0,246.0,0.0,0.0,0.0,0.0
1054,1529962319,303203394,246.0,246.0,0.0,0.0,0.0,0.0
1055,1529962319,313196803,246.0,246.0,0.0,0.0,0.0,0.0
1056,1529962319,323195277,246.0,246.0,0.0,0.0,0.0,0.0
1057,1529962319,333197218,246.0,246.0,0.0,0.0,0.0,0.0
1058,1529962319,343194554,246.0,246.0,0.0,0.0,0.0,0.0
1059,1529962319,353215078,246.0,246.0,0.0,0.0,0.0,0.0
1060,1529962319,363195546,246.0,246.0,0.0,0.0,0.0,0.0
1061,1529962319,373201710,246.0,246.0,0.0,0.0,0.0,0.0
1062,1529962319,383200291,246.0,246.0,0.0,0.0,0.0,0.0
1063,1529962319,393200769,246.0,246.0,0.0,0.0,0.0,0.0
1064,1529962319,403198652,246.0,246.0,0.0,0.0,0.0,0.0
1065,1529962319,413198634,246.0,246.0,0.0,0.0,0.0,0.0
1066,1529962319,423196173,246.0,246.0,0.0,0.0,0.0,0.0
1067,1529962319,433195639,247.0,247.0,0.0,0.0,0.0,0.0
1068,1529962319,443199784,247.0,247.0,0.0,0.0,0.0,0.0
1069,1529962319,453197838,248.0,248.0,0.0,0.0,0.0,0.0
1070,1529962319,463197291,248.0,248.0,0.0,0.0,0.0,0.0
1071,1529962319,473200858,248.0,248.0,0.0,0.0,0.0,0.0
1072,1529962319,483215998,248.0,248.0,0.0,0.0,0.0,0.0
1073,1529962319,493197349,249.0,249.0,0.0,0.0,0.0,0.0
1074,1529962319,503196105,249.0,249.0,0.0,0.0,0.0,0.0
1075,1529962319,513201968,250.0,250.0,0.0,0.0,0.0,0.0
1076,1529962319,523198652,250.0,250.0,0.0,0.0,0.0,0.0
1077,1529962319,533198205,250.0,250.0,0.0,0.0,0.0,0.0
1078,1529962319,543199031,250.0,250.0,0.0,0.0,0.0,0.0
1079,1529962319,553202895,251.0,251.0,0.0,0.0,0.0,0.0
1080,1529962319,563195399,251.0,251.0,0.0,0.0,0.0,0.0
1081,1529962319,573201598,251.0,251.0,0.0,0.0,0.0,0.0
1082,1529962319,583194372,251.0,251.0,0.0,0.0,0.0,0.0
1083,1529962319,593206392,251.0,251.0,0.0,0.0,0.0,0.0
1084,1529962319,603195368,251.0,251.0,0.0,0.0,0.0,0.0
1085,1529962319,613213966,251.0,251.0,0.0,0.0,0.0,0.0
1086,1529962319,623205709,251.0,251.0,0.0,0.0,0.0,0.0
1087,1529962319,633219322,251.0,251.0,0.0,0.0,0.0,0.0
1088,1529962319,643194131,251.0,251.0,0.0,0.0,0.0,0.0
1089,1529962319,653197447,251.0,251.0,0.0,0.0,0.0,0.0
1090,1529962319,663195601,251.0,251.0,0.0,0.0,0.0,0.0
1091,1529962319,673194710,251.0,251.0,0.0,0.0,0.0,0.0
1092,1529962319,683194421,251.0,251.0,0.0,0.0,0.0,0.0
1093,1529962319,693204979,252.0,252.0,0.0,0.0,0.0,0.0
1094,1529962319,703230584,252.0,252.0,0.0,0.0,0.0,0.0
1095,1529962319,713197323,252.0,252.0,0.0,0.0,0.0,0.0
1096,1529962319,723196602,252.0,252.0,0.0,0.0,0.0,0.0
1097,1529962319,733195055,252.0,252.0,0.0,0.0,0.0,0.0
1098,1529962319,743200494,252.0,252.0,0.0,0.0,0.0,0.0
1099,1529962319,753198927,253.0,253.0,0.0,0.0,0.0,0.0
1100,1529962319,763197145,253.0,253.0,0.0,0.0,0.0,0.0
1101,1529962319,773192519,254.0,254.0,0.0,0.0,0.0,0.0
1102,1529962319,783198854,254.0,254.0,0.0,0.0,0.0,0.0
1103,1529962319,793206463,254.0,254.0,0.0,0.0,0.0,0.0
1104,1529962319,803194888,254.0,254.0,0.0,0.0,0.0,0.0
1105,1529962319,813195900,254.0,254.0,0.0,0.0,0.0,0.0
1106,1529962319,823192597,254.0,254.0,0.0,0.0,0.0,0.0
1107,1529962319,833207501,254.0,254.0,0.0,0.0,0.0,0.0
1108,1529962319,843195235,254.0,254.0,0.0,0.0,0.0,0.0
1109,1529962319,853194903,254.0,254.0,0.0,0.0,0.0,0.0
1110,1529962319,863196628,254.0,254.0,0.0,0.0,0.0,0.0
1111,1529962319,873199544,254.0,254.0,0.0,0.0,0.0,0.0
1112,1529962319,883205509,254.0,254.0,0.0,0.0,0.0,0.0
1113,1529962319,893199131,254.0,254.0,0.0,0.0,0.0,0.0
1114,1529962319,903201242,254.0,254.0,0.0,0.0,0.0,0.0
1115,1529962319,913201100,254.0,254.0,0.0,0.0,0.0,0.0
1116,1529962319,923201831,254.0,254.0,0.0,0.0,0.0,0.0
1117,1529962319,933195394,254.0,254.0,0.0,0.0,0.0,0.0
1118,1529962319,943201791,254.0,254.0,0.0,0.0,0.0,0.0
1119,1529962319,953194693,254.0,254.0,0.0,0.0,0.0,0.0
1120,1529962319,963203465,254.0,254.0,0.0,0.0,0.0,0.0
1121,1529962319,973196564,254.0,254.0,0.0,0.0,0.0,0.0
1122,1529962319,983193183,254.0,254.0,0.0,0.0,0.0,0.0
1123,1529962319,993195527,254.0,254.0,0.0,0.0,0.0,0.0
1124,1529962320,3194019,254.0,254.0,0.0,0.0,0.0,0.0
1125,1529962320,13196802,254.0,254.0,0.0,0.0,0.0,0.0
1126,1529962320,23207379,254.0,254.0,0.0,0.0,0.0,0.0
1127,1529962320,33196220,255.0,255.0,0.0,0.0,0.0,0.0
1128,1529962320,43267988,255.0,255.0,0.0,0.0,0.0,0.0
1129,1529962320,58255575,255.0,255.0,0.0,0.0,0.0,0.0
1130,1529962320,63192270,255.0,255.0,0.0,0.0,0.0,0.0
1131,1529962320,73196718,255.0,255.0,0.0,0.0,0.0,0.0
1132,1529962320,83194778,255.0,255.0,0.0,0.0,0.0,0.0
1133,1529962320,93200203,255.0,255.0,0.0,0.0,0.0,0.0
1134,1529962320,103196027,255.0,255.0,0.0,0.0,0.0,0.0
1135,1529962320,113210560,255.0,255.0,0.0,0.0,0.0,0.0
1136,1529962320,123194464,255.0,255.0,0.0,0.0,0.0,0.0
1137,1529962320,133199329,255.0,255.0,0.0,0.0,0.0,0.0
1138,1529962320,143210073,255.0,255.0,0.0,0.0,0.0,0.0
1139,1529962320,153201378,255.0,255.0,0.0,0.0,0.0,0.0
1140,1529962320,163197701,255.0,255.0,0.0,0.0,0.0,0.0
1141,1529962320,173213020,256.0,256.0,0.0,0.0,0.0,0.0
1142,1529962320,183211263,256.0,256.0,0.0,0.0,0.0,0.0
1143,1529962320,193198399,257.0,257.0,0.0,0.0,0.0,0.0
1144,1529962320,203197824,257.0,257.0,0.0,0.0,0.0,0.0
1145,1529962320,213193806,257.0,257.0,0.0,0.0,0.0,0.0
1146,1529962320,223199759,257.0,257.0,0.0,0.0,0.0,0.0
1147,1529962320,233199676,257.0,257.0,0.0,0.0,0.0,0.0
1148,1529962320,243196363,257.0,257.0,0.0,0.0,0.0,0.0
1149,1529962320,253193877,257.0,257.0,0.0,0.0,0.0,0.0
1150,1529962320,263195062,257.0,257.0,0.0,0.0,0.0,0.0
1151,1529962320,273218031,257.0,257.0,0.0,0.0,0.0,0.0
1152,1529962320,283198505,257.0,257.0,0.0,0.0,0.0,0.0
1153,1529962320,293207549,257.0,257.0,0.0,0.0,0.0,0.0
1154,1529962320,303207076,257.0,257.0,0.0,0.0,0.0,0.0
1155,1529962320,313194966,257.0,257.0,0.0,0.0,0.0,0.0
1156,1529962320,323199398,257.0,257.0,0.0,0.0,0.0,0.0
1157,1529962320,333196014,257.0,257.0,0.0,0.0,0.0,0.0
1158,1529962320,343197828,257.0,257.0,0.0,0.0,0.0,0.0
1159,1529962320,353195473,257.0,257.0,0.0,0.0,0.0,0.0
1160,1529962320,363213627,257.0,257.0,0.0,0.0,0.0,0.0
1161,1529962320,373207371,257.0,257.0,0.0,0.0,0.0,0.0
1162,1529962320,383202159,257.0,257.0,0.0,0.0,0.0,0.0
1163,1529962320,393210947,257.0,257.0,0.0,0.0,0.0,0.0
1164,1529962320,404504414,257.0,257.0,0.0,0.0,0.0,0.0
1165,1529962320,413204654,257.0,257.0,0.0,0.0,0.0,0.0
1166,1529962320,423195439,257.0,257.0,0.0,0.0,0.0,0.0
1167,1529962320,433205046,257.0,257.0,0.0,0.0,0.0,0.0
1168,1529962320,443196106,257.0,257.0,0.0,0.0,0.0,0.0
1169,1529962320,453200459,257.0,257.0,0.0,0.0,0.0,0.0
1170,1529962320,463205325,257.0,257.0,0.0,0.0,0.0,0.0
1171,1529962320,473193666,257.0,257.0,0.0,0.0,0.0,0.0
1172,1529962320,483193258,257.0,257.0,0.0,0.0,0.0,0.0
1173,1529962320,493201939,257.0,257.0,0.0,0.0,0.0,0.0
1174,1529962320,503195717,257.0,257.0,0.0,0.0,0.0,0.0
1175,1529962320,513200620,257.0,257.0,0.0,0.0,0.0,0.0
1176,1529962320,523198164,257.0,257.0,0.0,0.0,0.0,0.0
1177,1529962320,533204716,257.0,257.0,0.0,0.0,0.0,0.0
1178,1529962320,543209150,257.0,257.0,0.0,0.0,0.0,0.0
1179,1529962320,553158199,257.0,257.0,0.0,0.0,0.0,0.0
1180,1529962320,563193041,257.0,257.0,0.0,0.0,0.0,0.0
1181,1529962320,573196754,257.0,257.0,0.0,0.0,0.0,0.0
1182,1529962320,583201067,257.0,257.0,0.0,0.0,0.0,0.0
1183,1529962320,593197050,257.0,257.0,0.0,0.0,0.0,0.0
1184,1529962320,603202069,257.0,257.0,0.0,0.0,0.0,0.0
1185,1529962320,613198083,257.0,257.0,0.0,0.0,0.0,0.0
1186,1529962320,623245101,257.0,257.0,0.0,0.0,0.0,0.0
1187,1529962320,633198153,257.0,257.0,0.0,0.0,0.0,0.0
1188,1529962320,643195432,257.0,257.0,0.0,0.0,0.0,0.0
1189,1529962320,653193805,257.0,257.0,0.0,0.0,0.0,0.0
1190,1529962320,663197276,257.0,257.0,0.0,0.0,0.0,0.0
1191,1529962320,673198187,257.0,257.0,0.0,0.0,0.0,0.0
1192,1529962320,683193407,257.0,257.0,0.0,0.0,0.0,0.0
1193,1529962320,693195643,257.0,257.0,0.0,0.0,0.0,0.0
1194,1529962320,703196029,257.0,257.0,0.0,0.0,0.0,0.0
1195,1529962320,713214758,257.0,257.0,0.0,0.0,0.0,0.0
1196,1529962320,723203074,257.0,257.0,0.0,0.0,0.0,0.0
1197,1529962320,733192950,257.0,257.0,0.0,0.0,0.0,0.0
1198,1529962320,743193805,257.0,257.0,0.0,0.0,0.0,0.0
1199,1529962320,753204329,257.0,257.0,0.0,0.0,0.0,0.0
1200,1529962320,763198725,257.0,257.0,0.0,0.0,0.0,0.0
1201,1529962320,773190972,257.0,257.0,0.0,0.0,0.0,0.0
1202,1529962320,783196000,257.0,257.0,0.0,0.0,0.0,0.0
1203,1529962320,793193238,257.0,257.0,0.0,0.0,0.0,0.0
1204,1529962320,803198442,257.0,257.0,0.0,0.0,0.0,0.0
1205,1529962320,813193799,257.0,257.0,0.0,0.0,0.0,0.0
1206,1529962320,823194613,257.0,257.0,0.0,0.0,0.0,0.0
1207,1529962320,833192887,257.0,257.0,0.0,0.0,0.0,0.0
1208,1529962320,843204291,257.0,257.0,0.0,0.0,0.0,0.0
1209,1529962320,853196275,257.0,257.0,0.0,0.0,0.0,0.0
1210,1529962320,863198740,257.0,257.0,0.0,0.0,0.0,0.0
1211,1529962320,873192399,257.0,257.0,0.0,0.0,0.0,0.0
1212,1529962320,883197609,257.0,257.0,0.0,0.0,0.0,0.0
1213,1529962320,893198696,257.0,257.0,0.0,0.0,0.0,0.0
1214,1529962320,903195553,257.0,257.0,0.0,0.0,0.0,0.0
1215,1529962320,913195409,257.0,257.0,0.0,0.0,0.0,0.0
1216,1529962320,923194125,257.0,257.0,0.0,0.0,0.0,0.0
1217,1529962320,933200745,257.0,257.0,0.0,0.0,0.0,0.0
1218,1529962320,943196043,257.0,257.0,0.0,0.0,0.0,0.0
1219,1529962320,953196780,257.0,257.0,0.0,0.0,0.0,0.0
1220,1529962320,963203836,257.0,257.0,0.0,0.0,0.0,0.0
1221,1529962320,973201712,257.0,257.0,0.0,0.0,0.0,0.0
1222,1529962320,983196225,257.0,257.0,0.0,0.0,0.0,0.0
1223,1529962320,993203257,257.0,257.0,0.0,0.0,0.0,0.0
1224,1529962321,3196986,257.0,257.0,0.0,0.0,0.0,0.0
1225,1529962321,13193524,257.0,257.0,0.0,0.0,0.0,0.0
1226,1529962321,23196961,257.0,257.0,0.0,0.0,0.0,0.0
1227,1529962321,33202437,257.0,257.0,0.0,0.0,0.0,0.0
1228,1529962321,43195713,257.0,257.0,0.0,0.0,0.0,0.0
1229,1529962321,53196126,257.0,257.0,0.0,0.0,0.0,0.0
1230,1529962321,63197568,257.0,257.0,0.0,0.0,0.0,0.0
1231,1529962321,73202657,257.0,257.0,0.0,0.0,0.0,0.0
1232,1529962321,83192316,257.0,257.0,0.0,0.0,0.0,0.0
1233,1529962321,93194113,257.0,257.0,0.0,0.0,0.0,0.0
1234,1529962321,103271176,257.0,257.0,0.0,0.0,0.0,0.0
1235,1529962321,113195329,257.0,257.0,0.0,0.0,0.0,0.0
1236,1529962321,123194682,257.0,257.0,0.0,0.0,0.0,0.0
1237,1529962321,133195965,257.0,257.0,0.0,0.0,0.0,0.0
1238,1529962321,143196249,257.0,257.0,0.0,0.0,0.0,0.0
1239,1529962321,153200719,257.0,257.0,0.0,0.0,0.0,0.0
1240,1529962321,163192683,257.0,257.0,0.0,0.0,0.0,0.0
1241,1529962321,173193271,257.0,257.0,0.0,0.0,0.0,0.0
1242,1529962321,183192673,257.0,257.0,0.0,0.0,0.0,0.0
1243,1529962321,193198323,257.0,257.0,0.0,0.0,0.0,0.0
1244,1529962321,203200039,257.0,257.0,0.0,0.0,0.0,0.0
1245,1529962321,213204248,257.0,257.0,0.0,0.0,0.0,0.0
1246,1529962321,223194286,257.0,257.0,0.0,0.0,0.0,0.0
1247,1529962321,233199322,257.0,257.0,0.0,0.0,0.0,0.0
1248,1529962321,243202793,257.0,257.0,0.0,0.0,0.0,0.0
1249,1529962321,253197672,256.0,256.0,0.0,0.0,0.0,0.0
1250,1529962321,263194620,256.0,256.0,0.0,0.0,0.0,0.0
1251,1529962321,273205096,256.0,256.0,0.0,0.0,0.0,0.0
1252,1529962321,283203254,256.0,256.0,0.0,0.0,0.0,0.0
1253,1529962321,293220880,256.0,256.0,0.0,0.0,0.0,0.0
1254,1529962321,303197968,256.0,256.0,0.0,0.0,0.0,0.0
1255,1529962321,313194813,256.0,256.0,0.0,0.0,0.0,0.0
1256,1529962321,323194896,256.0,256.0,0.0,0.0,0.0,0.0
1257,1529962321,333204768,256.0,256.0,0.0,0.0,0.0,0.0
1258,1529962321,343204372,256.0,256.0,0.0,0.0,0.0,0.0
1259,1529962321,353195909,256.0,256.0,0.0,0.0,0.0,0.0
1260,1529962321,363196753,256.0,256.0,0.0,0.0,0.0,0.0
1261,1529962321,373201199,256.0,256.0,0.0,0.0,0.0,0.0
1262,1529962321,383197243,256.0,256.0,0.0,0.0,0.0,0.0
1263,1529962321,393196229,256.0,256.0,0.0,0.0,0.0,0.0
1264,1529962321,403193738,256.0,256.0,0.0,0.0,0.0,0.0
1265,1529962321,413200171,256.0,256.0,0.0,0.0,0.0,0.0
1266,1529962321,423200826,256.0,256.0,0.0,0.0,0.0,0.0
1267,1529962321,433191752,256.0,256.0,0.0,0.0,0.0,0.0
1268,1529962321,443194495,256.0,256.0,0.0,0.0,0.0,0.0
1269,1529962321,453194682,256.0,256.0,0.0,0.0,0.0,0.0
1270,1529962321,463200176,256.0,256.0,0.0,0.0,0.0,0.0
1271,1529962321,473195310,256.0,256.0,0.0,0.0,0.0,0.0
1272,1529962321,483194603,256.0,256.0,0.0,0.0,0.0,0.0
1273,1529962321,493193949,256.0,256.0,0.0,0.0,0.0,0.0
1274,1529962321,503202573,256.0,256.0,0.0,0.0,0.0,0.0
1275,1529962321,513196261,256.0,256.0,0.0,0.0,0.0,0.0
1276,1529962321,523198992,256.0,256.0,0.0,0.0,0.0,0.0
1277,1529962321,533196470,256.0,256.0,0.0,0.0,0.0,0.0
1278,1529962321,543196687,256.0,256.0,0.0,0.0,0.0,0.0
1279,1529962321,553198647,256.0,256.0,0.0,0.0,0.0,0.0
1280,1529962321,563195115,256.0,256.0,0.0,0.0,0.0,0.0
1281,1529962321,573196524,256.0,256.0,0.0,0.0,0.0,0.0
1282,1529962321,583197424,256.0,256.0,0.0,0.0,0.0,0.0
1283,1529962321,593204632,256.0,256.0,0.0,0.0,0.0,0.0
1284,1529962321,603193803,256.0,256.0,0.0,0.0,0.0,0.0
1285,1529962321,613197387,256.0,256.0,0.0,0.0,0.0,0.0
1286,1529962321,623196775,256.0,256.0,0.0,0.0,0.0,0.0
1287,1529962321,633206349,256.0,256.0,0.0,0.0,0.0,0.0
1288,1529962321,643202196,256.0,256.0,0.0,0.0,0.0,0.0
1289,1529962321,653198564,256.0,256.0,0.0,0.0,0.0,0.0
1290,1529962321,663204068,256.0,256.0,0.0,0.0,0.0,0.0
1291,1529962321,673195455,256.0,256.0,0.0,0.0,0.0,0.0
1292,1529962321,683199023,256.0,256.0,0.0,0.0,0.0,0.0
1293,1529962321,693192590,256.0,256.0,0.0,0.0,0.0,0.0
1294,1529962321,703194997,256.0,256.0,0.0,0.0,0.0,0.0
1295,1529962321,713196011,256.0,256.0,0.0,0.0,0.0,0.0
1296,1529962321,723215416,256.0,256.0,0.0,0.0,0.0,0.0
1297,1529962321,733194071,256.0,256.0,0.0,0.0,0.0,0.0
1298,1529962321,743202586,256.0,256.0,0.0,0.0,0.0,0.0
1299,1529962321,753194868,256.0,256.0,0.0,0.0,0.0,0.0
1300,1529962321,763197299,256.0,256.0,0.0,0.0,0.0,0.0
1301,1529962321,773196078,256.0,256.0,0.0,0.0,0.0,0.0
1302,1529962321,783194956,256.0,256.0,0.0,0.0,0.0,0.0
1303,1529962321,793191968,255.0,255.0,0.0,0.0,0.0,0.0
1304,1529962321,803194599,255.0,255.0,0.0,0.0,0.0,0.0
1305,1529962321,818229976,251.0,251.0,0.0,0.0,0.0,0.0
1306,1529962321,823193452,246.0,246.0,0.0,0.0,0.0,0.0
1307,1529962321,833194208,246.0,246.0,0.0,0.0,0.0,0.0
1308,1529962321,843194912,246.0,246.0,0.0,0.0,0.0,0.0
1309,1529962321,853194447,242.0,242.0,0.0,0.0,0.0,0.0
1310,1529962321,863201464,242.0,242.0,0.0,0.0,0.0,0.0
1311,1529962321,873199783,237.0,237.0,0.0,0.0,0.0,0.0
1312,1529962321,883195310,237.0,237.0,0.0,0.0,0.0,0.0
1313,1529962321,893196383,234.0,234.0,0.0,0.0,0.0,0.0
1314,1529962321,903200576,234.0,234.0,0.0,0.0,0.0,0.0
1315,1529962321,913189416,230.0,230.0,0.0,0.0,0.0,0.0
1316,1529962321,923193545,230.0,230.0,0.0,0.0,0.0,0.0
1317,1529962321,933193013,226.0,226.0,0.0,0.0,0.0,0.0
1318,1529962321,943201736,226.0,226.0,0.0,0.0,0.0,0.0
1319,1529962321,953196423,221.0,221.0,0.0,0.0,0.0,0.0
1320,1529962321,963194993,221.0,221.0,0.0,0.0,0.0,0.0
1321,1529962321,973194207,216.0,216.0,0.0,0.0,0.0,0.0
1322,1529962321,983196477,216.0,216.0,0.0,0.0,0.0,0.0
1323,1529962321,993196748,202.0,202.0,0.0,0.0,0.0,0.0
1324,1529962322,3189569,202.0,202.0,0.0,0.0,0.0,0.0
1325,1529962322,13191738,197.0,197.0,0.0,0.0,0.0,0.0
1326,1529962322,23191813,197.0,197.0,0.0,0.0,0.0,0.0
1327,1529962322,33198619,181.0,181.0,0.0,0.0,0.0,0.0
1328,1529962322,43193460,181.0,181.0,0.0,0.0,0.0,0.0
1329,1529962322,53194644,176.0,176.0,0.0,0.0,0.0,0.0
1330,1529962322,63192260,176.0,176.0,0.0,0.0,0.0,0.0
1331,1529962322,73204647,162.0,162.0,0.0,0.0,0.0,0.0
1332,1529962322,83203747,162.0,162.0,0.0,0.0,0.0,0.0
1333,1529962322,93198943,158.0,158.0,0.0,0.0,0.0,0.0
1334,1529962322,103194276,158.0,158.0,0.0,0.0,0.0,0.0
1335,1529962322,113195805,152.0,152.0,0.0,0.0,0.0,0.0
1336,1529962322,123202046,152.0,152.0,0.0,0.0,0.0,0.0
1337,1529962322,133203587,152.0,152.0,0.0,0.0,0.0,0.0
1338,1529962322,143207581,147.0,147.0,0.0,0.0,0.0,0.0
1339,1529962322,153211871,142.0,142.0,0.0,0.0,0.0,0.0
1340,1529962322,163229561,142.0,142.0,0.0,0.0,0.0,0.0
1341,1529962322,173208790,139.0,139.0,0.0,0.0,0.0,0.0
1342,1529962322,183201072,139.0,139.0,0.0,0.0,0.0,0.0
1343,1529962322,193198272,135.0,135.0,0.0,0.0,0.0,0.0
1344,1529962322,203201752,135.0,135.0,0.0,0.0,0.0,0.0
1345,1529962322,213216586,131.0,131.0,0.0,0.0,0.0,0.0
1346,1529962322,223198767,131.0,131.0,0.0,0.0,0.0,0.0
1347,1529962322,233211229,126.0,126.0,0.0,0.0,0.0,0.0
1348,1529962322,243212303,126.0,126.0,0.0,0.0,0.0,0.0
1349,1529962322,253206813,120.0,120.0,0.0,0.0,0.0,0.0
1350,1529962322,263208017,120.0,120.0,0.0,0.0,0.0,0.0
1351,1529962322,273195835,114.0,114.0,0.0,0.0,0.0,0.0
1352,1529962322,283200374,114.0,114.0,0.0,0.0,0.0,0.0
1353,1529962322,293204655,101.0,101.0,0.0,0.0,0.0,0.0
1354,1529962322,303201079,101.0,101.0,0.0,0.0,0.0,0.0
1355,1529962322,313196151,96.0,96.0,0.0,0.0,0.0,0.0
1356,1529962322,323193050,96.0,96.0,0.0,0.0,0.0,0.0
1357,1529962322,333193623,0.0,0.0,0.0,0.0,0.0,0.0
1358,1529962322,343196500,0.0,0.0,0.0,0.0,0.0,0.0
1359,1529962322,353194449,0.0,0.0,0.0,0.0,0.0,0.0
1360,1529962322,363193932,0.0,0.0,0.0,0.0,0.0,0.0
1361,1529962322,373190500,0.0,0.0,0.0,0.0,0.0,0.0
1362,1529962322,383201675,0.0,0.0,0.0,0.0,0.0,0.0
1363,1529962322,393195468,0.0,0.0,0.0,0.0,0.0,0.0
1364,1529962322,403192726,0.0,0.0,0.0,0.0,0.0,0.0
1365,1529962322,413192480,0.0,0.0,0.0,0.0,0.0,0.0
1366,1529962322,423192764,0.0,0.0,0.0,0.0,0.0,0.0
1367,1529962322,433190985,0.0,0.0,0.0,0.0,0.0,0.0
1368,1529962322,443191812,0.0,0.0,0.0,0.0,0.0,0.0
1369,1529962322,453189953,0.0,0.0,0.0,0.0,0.0,0.0
1370,1529962322,463187860,0.0,0.0,0.0,0.0,0.0,0.0
1371,1529962322,473204949,0.0,0.0,0.0,0.0,0.0,0.0
1372,1529962322,483194561,0.0,0.0,0.0,0.0,0.0,0.0
1373,1529962322,493188636,0.0,0.0,0.0,0.0,0.0,0.0
1374,1529962322,503192374,0.0,0.0,0.0,0.0,0.0,0.0
1375,1529962322,513183353,0.0,0.0,0.0,0.0,0.0,0.0
1376,1529962322,523191971,0.0,0.0,0.0,0.0,0.0,0.0
1377,1529962322,533190402,0.0,0.0,0.0,0.0,0.0,0.0
1378,1529962322,543205153,0.0,0.0,0.0,0.0,0.0,0.0
1379,1529962322,553198349,0.0,0.0,0.0,0.0,0.0,0.0
1380,1529962322,563207046,0.0,0.0,0.0,0.0,0.0,0.0
1381,1529962322,573205364,0.0,0.0,0.0,0.0,0.0,0.0
1382,1529962322,583195321,0.0,0.0,0.0,0.0,0.0,0.0
1383,1529962322,593198339,0.0,0.0,0.0,0.0,0.0,0.0
1384,1529962322,603194253,0.0,0.0,0.0,0.0,0.0,0.0
1385,1529962322,613194930,0.0,0.0,0.0,0.0,0.0,0.0
1386,1529962322,623189053,0.0,0.0,0.0,0.0,0.0,0.0
1387,1529962322,633198199,0.0,0.0,0.0,0.0,0.0,0.0
1388,1529962322,643189619,0.0,0.0,0.0,0.0,0.0,0.0
1389,1529962322,653195564,0.0,0.0,0.0,0.0,0.0,0.0
1390,1529962322,663191074,0.0,0.0,0.0,0.0,0.0,0.0
1391,1529962322,673189128,0.0,0.0,0.0,0.0,0.0,0.0
1392,1529962322,683191559,0.0,0.0,0.0,0.0,0.0,0.0
1393,1529962322,693205288,0.0,0.0,0.0,0.0,0.0,0.0
1394,1529962322,703192569,0.0,0.0,0.0,0.0,0.0,0.0
1395,1529962322,713189176,0.0,0.0,0.0,0.0,0.0,0.0
1396,1529962322,723190041,0.0,0.0,0.0,0.0,0.0,0.0
1397,1529962322,733190530,0.0,0.0,0.0,0.0,0.0,0.0
1398,1529962322,743190633,0.0,0.0,0.0,0.0,0.0,0.0
1399,1529962322,753190468,0.0,0.0,0.0,0.0,0.0,0.0
1400,1529962322,763191417,0.0,0.0,0.0,0.0,0.0,0.0
1401,1529962322,773187303,0.0,0.0,0.0,0.0,0.0,0.0
1402,1529962322,783193892,0.0,0.0,0.0,0.0,0.0,0.0
1403,1529962322,793190879,0.0,0.0,0.0,0.0,0.0,0.0
1404,1529962322,803189652,0.0,0.0,0.0,0.0,0.0,0.0
1405,1529962322,813189524,0.0,0.0,0.0,0.0,0.0,0.0
1406,1529962322,823194922,0.0,0.0,0.0,0.0,0.0,0.0
1407,1529962322,833191884,0.0,0.0,0.0,0.0,0.0,0.0
1408,1529962322,843185946,0.0,0.0,0.0,0.0,0.0,0.0
1409,1529962322,853191675,0.0,0.0,0.0,0.0,0.0,0.0
1410,1529962322,863191658,0.0,0.0,0.0,0.0,0.0,0.0
1411,1529962322,873199024,0.0,0.0,0.0,0.0,0.0,0.0
1412,1529962322,883190116,0.0,0.0,0.0,0.0,0.0,0.0
1413,1529962322,893189640,0.0,0.0,0.0,0.0,0.0,0.0
1414,1529962322,903190535,0.0,0.0,0.0,0.0,0.0,0.0
1415,1529962322,913222802,0.0,0.0,0.0,0.0,0.0,0.0
1416,1529962322,923195135,0.0,0.0,0.0,0.0,0.0,0.0
1417,1529962322,933183800,0.0,0.0,0.0,0.0,0.0,0.0
1418,1529962322,943189277,0.0,0.0,0.0,0.0,0.0,0.0
1419,1529962322,953191647,0.0,0.0,0.0,0.0,0.0,0.0
1420,1529962322,963195313,0.0,0.0,0.0,0.0,0.0,0.0
1421,1529962322,973187205,0.0,0.0,0.0,0.0,0.0,0.0
1422,1529962322,983188681,0.0,0.0,0.0,0.0,0.0,0.0
1423,1529962322,993188113,0.0,0.0,0.0,0.0,0.0,0.0
1424,1529962323,3199188,0.0,0.0,0.0,0.0,0.0,0.0
1425,1529962323,13190911,0.0,0.0,0.0,0.0,0.0,0.0
1426,1529962323,23189405,0.0,0.0,0.0,0.0,0.0,0.0
1427,1529962323,33187578,0.0,0.0,0.0,0.0,0.0,0.0
1428,1529962323,43576380,0.0,0.0,0.0,0.0,0.0,0.0
1429,1529962323,53193884,0.0,0.0,0.0,0.0,0.0,0.0
1430,1529962323,63190330,0.0,0.0,0.0,0.0,0.0,0.0
1431,1529962323,73188583,0.0,0.0,0.0,0.0,0.0,0.0
1432,1529962323,83190504,0.0,0.0,0.0,0.0,0.0,0.0
1433,1529962323,93196712,0.0,0.0,0.0,0.0,0.0,0.0
1434,1529962323,103187530,0.0,0.0,0.0,0.0,0.0,0.0
1435,1529962323,113194362,0.0,0.0,0.0,0.0,0.0,0.0
1436,1529962323,123188244,0.0,0.0,0.0,0.0,0.0,0.0
1437,1529962323,133195461,0.0,0.0,0.0,0.0,0.0,0.0
1438,1529962323,143189286,0.0,0.0,0.0,0.0,0.0,0.0
1439,1529962323,153187832,0.0,0.0,0.0,0.0,0.0,0.0
1440,1529962323,163187117,0.0,0.0,0.0,0.0,0.0,0.0
1441,1529962323,173192665,0.0,0.0,0.0,0.0,0.0,0.0
1442,1529962323,183193266,0.0,0.0,0.0,0.0,0.0,0.0
1443,1529962323,193189277,0.0,0.0,0.0,0.0,0.0,0.0
1444,1529962323,203184885,0.0,0.0,0.0,0.0,0.0,0.0
1445,1529962323,213188217,0.0,0.0,0.0,0.0,0.0,0.0
1446,1529962323,223195368,0.0,0.0,0.0,0.0,0.0,0.0
1447,1529962323,233189784,0.0,0.0,0.0,0.0,0.0,0.0
1448,1529962323,243189592,0.0,0.0,0.0,0.0,0.0,0.0
1449,1529962323,253188975,0.0,0.0,0.0,0.0,0.0,0.0
1450,1529962323,263197625,0.0,0.0,0.0,0.0,0.0,0.0
1451,1529962323,273194430,0.0,0.0,0.0,0.0,0.0,0.0
1452,1529962323,283191101,0.0,0.0,0.0,0.0,0.0,0.0
1453,1529962323,293189937,0.0,0.0,0.0,0.0,0.0,0.0
1454,1529962323,303192560,0.0,0.0,0.0,0.0,0.0,0.0
1455,1529962323,313342265,0.0,0.0,0.0,0.0,0.0,0.0
1456,1529962323,323195834,0.0,0.0,0.0,0.0,0.0,0.0
1457,1529962323,333190974,0.0,0.0,0.0,0.0,0.0,0.0
1458,1529962323,343193923,0.0,0.0,0.0,0.0,0.0,0.0
1459,1529962323,353193822,0.0,0.0,0.0,0.0,0.0,0.0
1460,1529962323,363192473,0.0,0.0,0.0,0.0,0.0,0.0
1461,1529962323,373193553,0.0,0.0,0.0,0.0,0.0,0.0
1462,1529962323,383184234,0.0,0.0,0.0,0.0,0.0,0.0
1463,1529962323,393195790,0.0,0.0,0.0,0.0,0.0,0.0
1464,1529962323,403194476,0.0,0.0,0.0,0.0,0.0,0.0
1465,1529962323,413190707,0.0,0.0,0.0,0.0,0.0,0.0
1466,1529962323,423188493,0.0,0.0,0.0,0.0,0.0,0.0
1467,1529962323,433198035,0.0,0.0,0.0,0.0,0.0,0.0
1468,1529962323,443200687,0.0,0.0,0.0,0.0,0.0,0.0
1469,1529962323,453190654,0.0,0.0,0.0,0.0,0.0,0.0
1470,1529962323,463190473,0.0,0.0,0.0,0.0,0.0,0.0
1471,1529962323,473188785,0.0,0.0,0.0,0.0,0.0,0.0
1472,1529962323,483197590,0.0,0.0,0.0,0.0,0.0,0.0
1473,1529962323,493192980,0.0,0.0,0.0,0.0,0.0,0.0
1474,1529962323,503218107,0.0,0.0,0.0,0.0,0.0,0.0
1475,1529962323,513187756,0.0,0.0,0.0,0.0,0.0,0.0
1476,1529962323,523191492,0.0,0.0,0.0,0.0,0.0,0.0
1477,1529962323,533178781,0.0,0.0,0.0,0.0,0.0,0.0
1478,1529962323,543190184,0.0,0.0,0.0,0.0,0.0,0.0
1479,1529962323,553190798,0.0,0.0,0.0,0.0,0.0,0.0
1480,1529962323,563187551,0.0,0.0,0.0,0.0,0.0,0.0
1481,1529962323,573196011,0.0,0.0,0.0,0.0,0.0,0.0
1482,1529962323,583189930,0.0,0.0,0.0,0.0,0.0,0.0
1483,1529962323,593191630,0.0,0.0,0.0,0.0,0.0,0.0
1484,1529962323,603188259,0.0,0.0,0.0,0.0,0.0,0.0
1485,1529962323,613194441,0.0,0.0,0.0,0.0,0.0,0.0
1486,1529962323,623196915,0.0,0.0,0.0,0.0,0.0,0.0
1487,1529962323,633187290,0.0,0.0,0.0,0.0,0.0,0.0
1488,1529962323,643188481,0.0,0.0,0.0,0.0,0.0,0.0
1489,1529962323,653192314,0.0,0.0,0.0,0.0,0.0,0.0
1490,1529962323,663190571,0.0,0.0,0.0,0.0,0.0,0.0
1491,1529962323,673191492,0.0,0.0,0.0,0.0,0.0,0.0
1492,1529962323,683186594,0.0,0.0,0.0,0.0,0.0,0.0
1493,1529962323,693186992,0.0,0.0,0.0,0.0,0.0,0.0
1494,1529962323,703202430,0.0,0.0,0.0,0.0,0.0,0.0
1495,1529962323,713194845,0.0,0.0,0.0,0.0,0.0,0.0
1496,1529962323,723188288,0.0,0.0,0.0,0.0,0.0,0.0
1497,1529962323,733197523,0.0,0.0,0.0,0.0,0.0,0.0
1498,1529962323,743198759,0.0,0.0,0.0,0.0,0.0,0.0
1499,1529962323,753201852,0.0,0.0,0.0,0.0,0.0,0.0
1500,1529962323,763189243,0.0,0.0,0.0,0.0,0.0,0.0
1501,1529962323,773189971,0.0,0.0,0.0,0.0,0.0,0.0
1502,1529962323,783188168,0.0,0.0,0.0,0.0,0.0,0.0
1503,1529962323,793203031,0.0,0.0,0.0,0.0,0.0,0.0
1504,1529962323,803189535,0.0,0.0,0.0,0.0,0.0,0.0
1505,1529962323,813187918,0.0,0.0,0.0,0.0,0.0,0.0
1506,1529962323,823188567,0.0,0.0,0.0,0.0,0.0,0.0
1507,1529962323,833197193,0.0,0.0,0.0,0.0,0.0,0.0
1508,1529962323,843194088,0.0,0.0,0.0,0.0,0.0,0.0
1509,1529962323,853183905,0.0,0.0,0.0,0.0,0.0,0.0
1510,1529962323,863189795,0.0,0.0,0.0,0.0,0.0,0.0
1511,1529962323,873202091,0.0,0.0,0.0,0.0,0.0,0.0
1512,1529962323,883193670,0.0,0.0,0.0,0.0,0.0,0.0
1513,1529962323,893191401,0.0,0.0,0.0,0.0,0.0,0.0
1514,1529962323,903190266,0.0,0.0,0.0,0.0,0.0,0.0
1515,1529962323,913189136,0.0,0.0,0.0,0.0,0.0,0.0
1516,1529962323,923199170,0.0,0.0,0.0,0.0,0.0,0.0
1517,1529962323,933193599,0.0,0.0,0.0,0.0,0.0,0.0
1518,1529962323,943191930,0.0,0.0,0.0,0.0,0.0,0.0
1519,1529962323,953188452,0.0,0.0,0.0,0.0,0.0,0.0
1520,1529962323,963194562,0.0,0.0,0.0,0.0,0.0,0.0
1521,1529962323,973196660,0.0,0.0,0.0,0.0,0.0,0.0
1522,1529962323,983184929,0.0,0.0,0.0,0.0,0.0,0.0
1523,1529962323,993189327,0.0,0.0,0.0,0.0,0.0,0.0
1524,1529962324,3191814,0.0,0.0,0.0,0.0,0.0,0.0
1525,1529962324,13190804,0.0,0.0,0.0,0.0,0.0,0.0
1526,1529962324,23189778,0.0,0.0,0.0,0.0,0.0,0.0
1527,1529962324,33187619,0.0,0.0,0.0,0.0,0.0,0.0
1528,1529962324,43189150,0.0,0.0,0.0,0.0,0.0,0.0
1529,1529962324,53196022,0.0,0.0,0.0,0.0,0.0,0.0
1530,1529962324,63189051,0.0,0.0,0.0,0.0,0.0,0.0
1531,1529962324,73187179,0.0,0.0,0.0,0.0,0.0,0.0
1532,1529962324,83188872,0.0,0.0,0.0,0.0,0.0,0.0
1533,1529962324,93186579,0.0,0.0,0.0,0.0,0.0,0.0
1534,1529962324,103192423,0.0,0.0,0.0,0.0,0.0,0.0
