669,1529962486,847402704,0.0,0.0,0.0,0.0,0.0,0.0
670,1529962486,857318372,0.0,0.0,0.0,0.0,0.0,0.0
671,1529962486,867315793,0.0,0.0,0.0,0.0,0.0,0.0
672,1529962486,877318711,0.0,0.0,0.0,0.0,0.0,0.0
673,1529962486,887316108,0.0,0.0,0.0,0.0,0.0,0.0
674,1529962486,897319567,0.0,0.0,0.0,0.0,0.0,0.0
675,1529962486,907323271,0.0,0.0,0.0,0.0,0.0,0.0
676,1529962486,917317680,0.0,0.0,0.0,0.0,0.0,0.0
677,1529962486,927320694,0.0,0.0,0.0,0.0,0.0,0.0
678,1529962486,937310670,0.0,0.0,0.0,0.0,0.0,0.0
679,1529962486,947325025,0.0,0.0,0.0,0.0,0.0,0.0
680,1529962486,957329678,0.0,0.0,0.0,0.0,0.0,0.0
681,1529962486,967315915,0.0,0.0,0.0,0.0,0.0,0.0
682,1529962486,977311978,0.0,0.0,0.0,0.0,0.0,0.0
683,1529962486,987321106,0.0,0.0,0.0,0.0,0.0,0.0
684,1529962486,997326256,0.0,0.0,0.0,0.0,0.0,0.0
685,1529962487,7314110,0.0,0.0,0.0,0.0,0.0,0.0
686,1529962487,17312706,0.0,0.0,0.0,0.0,0.0,0.0
687,1529962487,27316828,0.0,0.0,0.0,0.0,0.0,0.0
688,1529962487,37321322,0.0,0.0,0.0,0.0,0.0,0.0
689,1529962487,47325240,0.0,0.0,0.0,0.0,0.0,0.0
690,1529962487,57319303,0.0,0.0,0.0,0.0,0.0,0.0
691,1529962487,67315478,0.0,0.0,0.0,0.0,0.0,0.0
692,1529962487,77332161,0.0,0.0,0.0,0.0,0.0,0.0
693,1529962487,87314750,0.0,0.0,0.0,0.0,0.0,0.0
694,1529962487,97313708,0.0,0.0,0.0,0.0,0.0,0.0
695,1529962487,107306802,0.0,0.0,0.0,0.0,0.0,0.0
696,1529962487,117320319,0.0,0.0,0.0,0.0,0.0,0.0
697,1529962487,127324633,0.0,0.0,0.0,0.0,0.0,0.0
698,1529962487,137317908,0.0,0.0,0.0,0.0,0.0,0.0
699,1529962487,147311228,0.0,0.0,0.0,0.0,0.0,0.0
700,1529962487,157316888,0.0,0.0,0.0,0.0,0.0,0.0
701,1529962487,167328596,0.0,0.0,0.0,0.0,0.0,0.0
702,1529962487,177316080,0.0,0.0,0.0,0.0,0.0,0.0
703,1529962487,187312578,0.0,0.0,0.0,0.0,0.0,0.0
704,1529962487,197336485,0.0,0.0,0.0,0.0,0.0,0.0
705,1529962487,207321967,0.0,0.0,0.0,0.0,0.0,0.0
706,1529962487,217313946,0.0,0.0,0.0,0.0,0.0,0.0
707,1529962487,227315204,0.0,0.0,0.0,0.0,0.0,0.0
708,1529962487,237314200,0.0,0.0,0.0,0.0,0.0,0.0
709,1529962487,247323579,0.0,0.0,0.0,0.0,0.0,0.0
710,1529962487,257324530,0.0,0.0,0.0,0.0,0.0,0.0
711,1529962487,267318818,0.0,0.0,0.0,0.0,0.0,0.0
712,1529962487,277317059,0.0,0.0,0.0,0.0,0.0,0.0
713,1529962487,287315704,0.0,0.0,0.0,0.0,0.0,0.0
714,1529962487,297319313,0.0,0.0,0.0,0.0,0.0,0.0
715,1529962487,307317166,0.0,0.0,0.0,0.0,0.0,0.0
716,1529962487,317314468,0.0,0.0,0.0,0.0,0.0,0.0
717,1529962487,327318313,0.0,0.0,0.0,0.0,0.0,0.0
718,1529962487,337344985,0.0,0.0,0.0,0.0,0.0,0.0
719,1529962487,347319287,0.0,0.0,0.0,0.0,0.0,0.0
720,1529962487,357313183,0.0,0.0,0.0,0.0,0.0,0.0
721,1529962487,367314104,0.0,0.0,0.0,0.0,0.0,0.0
722,1529962487,379777565,0.0,0.0,0.0,0.0,0.0,0.0
723,1529962487,387317873,0.0,0.0,0.0,0.0,0.0,0.0
724,1529962487,397316085,0.0,0.0,0.0,0.0,0.0,0.0
725,1529962487,407316030,0.0,0.0,0.0,0.0,0.0,0.0
726,1529962487,417312200,0.0,0.0,0.0,0.0,0.0,0.0
727,1529962487,427326886,0.0,0.0,0.0,0.0,0.0,0.0
728,1529962487,437316416,0.0,0.0,0.0,0.0,0.0,0.0
729,1529962487,447313412,0.0,0.0,0.0,0.0,0.0,0.0
730,1529962487,457312365,0.0,0.0,0.0,0.0,0.0,0.0
731,1529962487,467322650,0.0,0.0,0.0,0.0,0.0,0.0
732,1529962487,477319267,0.0,0.0,0.0,0.0,0.0,0.0
733,1529962487,487313929,0.0,0.0,0.0,0.0,0.0,0.0
734,1529962487,497267065,0.0,0.0,0.0,0.0,0.0,0.0
735,1529962487,507317641,0.0,0.0,0.0,0.0,0.0,0.0
736,1529962487,517315806,0.0,0.0,0.0,0.0,0.0,0.0
737,1529962487,527316087,0.0,0.0,0.0,0.0,0.0,0.0
738,1529962487,537314274,0.0,0.0,0.0,0.0,0.0,0.0
739,1529962487,547311796,0.0,0.0,0.0,0.0,0.0,0.0
740,1529962487,557323432,0.0,0.0,0.0,0.0,0.0,0.0
741,1529962487,567313347,0.0,0.0,0.0,0.0,0.0,0.0
742,1529962487,577324842,0.0,0.0,0.0,0.0,0.0,0.0
743,1529962487,587311322,0.0,0.0,0.0,0.0,0.0,0.0
744,1529962487,597325469,0.0,0.0,0.0,0.0,0.0,0.0
745,1529962487,607320985,0.0,0.0,0.0,0.0,0.0,0.0
746,1529962487,617317269,0.0,0.0,0.0,0.0,0.0,0.0
747,1529962487,627318658,0.0,0.0,0.0,0.0,0.0,0.0
748,1529962487,637319447,0.0,0.0,0.0,0.0,0.0,0.0
749,1529962487,647323271,0.0,0.0,0.0,0.0,0.0,0.0
750,1529962487,657318346,0.0,0.0,0.0,0.0,0.0,0.0
751,1529962487,667313444,0.0,0.0,0.0,0.0,0.0,0.0
752,1529962487,677316553,0.0,0.0,0.0,0.0,0.0,0.0
753,1529962487,687321131,0.0,0.0,0.0,0.0,0.0,0.0
754,1529962487,697312583,0.0,0.0,0.0,0.0,0.0,0.0
755,1529962487,707318470,0.0,0.0,0.0,0.0,0.0,0.0
756,1529962487,717312801,0.0,0.0,0.0,0.0,0.0,0.0
757,1529962487,727320762,0.0,0.0,0.0,0.0,0.0,0.0
758,1529962487,737362245,0.0,0.0,0.0,0.0,0.0,0.0
759,1529962487,747315267,0.0,0.0,0.0,0.0,0.0,0.0
760,1529962487,757312036,0.0,0.0,0.0,0.0,0.0,0.0
761,1529962487,767311302,0.0,0.0,0.0,0.0,0.0,0.0
762,1529962487,777326275,0.0,0.0,0.0,0.0,0.0,0.0
763,1529962487,787319219,0.0,0.0,0.0,0.0,0.0,0.0
764,1529962487,797316356,0.0,0.0,0.0,0.0,0.0,0.0
765,1529962487,807317738,0.0,0.0,0.0,0.0,0.0,0.0
766,1529962487,817336161,0.0,0.0,0.0,0.0,0.0,0.0
767,1529962487,827318276,0.0,0.0,0.0,0.0,0.0,0.0
768,1529962487,837312088,0.0,0.0,0.0,0.0,0.0,0.0
769,1529962487,847314743,0.0,0.0,0.0,0.0,0.0,0.0
770,1529962487,857321810,106.0,106.0,0.0,0.0,0.0,0.0
771,1529962487,867325624,106.0,106.0,0.0,0.0,0.0,0.0
772,1529962487,877322546,110.0,110.0,0.0,0.0,0.0,0.0
773,1529962487,887325503,110.0,110.0,0.0,0.0,0.0,0.0
774,1529962487,897321514,115.0,115.0,0.0,0.0,0.0,0.0
775,1529962487,907330769,115.0,115.0,0.0,0.0,0.0,0.0
776,1529962487,917322988,121.0,121.0,0.0,0.0,0.0,0.0
777,1529962487,927322344,121.0,121.0,0.0,0.0,0.0,0.0
778,1529962487,937321001,127.0,127.0,0.0,0.0,0.0,0.0
779,1529962487,947323178,127.0,127.0,0.0,0.0,0.0,0.0
780,1529962487,957321522,127.0,127.0,0.0,0.0,0.0,0.0
781,1529962487,967321924,133.0,133.0,0.0,0.0,0.0,0.0
782,1529962487,977317853,139.0,139.0,0.0,0.0,0.0,0.0
783,1529962487,987314903,139.0,139.0,0.0,0.0,0.0,0.0
784,1529962487,997319218,145.0,145.0,0.0,0.0,0.0,0.0
785,1529962488,7320997,145.0,145.0,0.0,0.0,0.0,0.0
786,1529962488,17315700,151.0,151.0,0.0,0.0,0.0,0.0
787,1529962488,27335621,151.0,151.0,0.0,0.0,0.0,0.0
788,1529962488,37326105,157.0,151.0,0.0,0.0,0.0,0.0
789,1529962488,47320262,157.0,151.0,0.0,0.0,0.0,0.0
790,1529962488,57318472,164.0,151.0,0.0,0.0,0.0,0.0
791,1529962488,67318181,164.0,151.0,0.0,0.0,0.0,0.0
792,1529962488,77324295,181.0,148.0,0.0,0.0,0.0,0.0
793,1529962488,87319842,181.0,148.0,0.0,0.0,0.0,0.0
794,1529962488,97318908,187.0,146.0,0.0,0.0,0.0,0.0
795,1529962488,107318806,187.0,146.0,0.0,0.0,0.0,0.0
796,1529962488,117315459,198.0,139.0,0.0,0.0,0.0,0.0
797,1529962488,127321752,198.0,139.0,0.0,0.0,0.0,0.0
798,1529962488,137399411,213.0,149.0,0.0,0.0,0.0,0.0
799,1529962488,147316792,213.0,149.0,0.0,0.0,0.0,0.0
800,1529962488,157318399,218.0,146.0,0.0,0.0,0.0,0.0
801,1529962488,167327405,218.0,146.0,0.0,0.0,0.0,0.0
802,1529962488,177325420,224.0,145.0,0.0,0.0,0.0,0.0
803,1529962488,187322652,224.0,145.0,0.0,0.0,0.0,0.0
804,1529962488,197317828,226.0,145.0,0.0,0.0,0.0,0.0
805,1529962488,207327689,226.0,145.0,0.0,0.0,0.0,0.0
806,1529962488,217324304,227.0,144.0,0.0,0.0,0.0,0.0
807,1529962488,227322171,227.0,144.0,0.0,0.0,0.0,0.0
808,1529962488,237320218,228.0,142.0,0.0,0.0,0.0,0.0
809,1529962488,247321166,228.0,142.0,0.0,0.0,0.0,0.0
810,1529962488,257334102,232.0,140.0,0.0,0.0,0.0,0.0
811,1529962488,267319848,232.0,140.0,0.0,0.0,0.0,0.0
812,1529962488,277321979,234.0,137.0,0.0,0.0,0.0,0.0
813,1529962488,287315617,234.0,137.0,0.0,0.0,0.0,0.0
814,1529962488,298120270,237.0,134.0,0.0,0.0,0.0,0.0
815,1529962488,307328912,237.0,134.0,0.0,0.0,0.0,0.0
816,1529962488,317318060,238.0,133.0,0.0,0.0,0.0,0.0
817,1529962488,327322898,238.0,133.0,0.0,0.0,0.0,0.0
818,1529962488,337320416,239.0,132.0,0.0,0.0,0.0,0.0
819,1529962488,347320273,239.0,132.0,0.0,0.0,0.0,0.0
820,1529962488,357322050,239.0,132.0,0.0,0.0,0.0,0.0
821,1529962488,367321494,239.0,132.0,0.0,0.0,0.0,0.0
822,1529962488,377321049,239.0,132.0,0.0,0.0,0.0,0.0
823,1529962488,387323849,239.0,132.0,0.0,0.0,0.0,0.0
824,1529962488,397323023,238.0,132.0,0.0,0.0,0.0,0.0
825,1529962488,407328019,238.0,132.0,0.0,0.0,0.0,0.0
826,1529962488,417316922,235.0,138.0,0.0,0.0,0.0,0.0
827,1529962488,427331856,235.0,138.0,0.0,0.0,0.0,0.0
828,1529962488,437321097,224.0,160.0,0.0,0.0,0.0,0.0
829,1529962488,447319970,224.0,160.0,0.0,0.0,0.0,0.0
830,1529962488,457319871,218.0,183.0,0.0,0.0,0.0,0.0
831,1529962488,467319058,218.0,183.0,0.0,0.0,0.0,0.0
832,1529962488,477360053,215.0,212.0,0.0,0.0,0.0,0.0
833,1529962488,487320437,215.0,212.0,0.0,0.0,0.0,0.0
834,1529962488,497319184,215.0,215.0,0.0,0.0,0.0,0.0
835,1529962488,507316884,215.0,215.0,0.0,0.0,0.0,0.0
836,1529962488,517324990,216.0,216.0,0.0,0.0,0.0,0.0
837,1529962488,527321402,216.0,216.0,0.0,0.0,0.0,0.0
838,1529962488,537320778,217.0,217.0,0.0,0.0,0.0,0.0
839,1529962488,547317772,217.0,217.0,0.0,0.0,0.0,0.0
840,1529962488,557320148,220.0,220.0,0.0,0.0,0.0,0.0
841,1529962488,567323202,220.0,220.0,0.0,0.0,0.0,0.0
842,1529962488,577327631,222.0,222.0,0.0,0.0,0.0,0.0
843,1529962488,587317423,222.0,222.0,0.0,0.0,0.0,0.0
844,1529962488,597317832,223.0,223.0,0.0,0.0,0.0,0.0
845,1529962488,607332049,223.0,223.0,0.0,0.0,0.0,0.0
846,1529962488,617323795,224.0,224.0,0.0,0.0,0.0,0.0
847,1529962488,627325841,224.0,224.0,0.0,0.0,0.0,0.0
848,1529962488,637318392,225.0,225.0,0.0,0.0,0.0,0.0
849,1529962488,647322354,225.0,225.0,0.0,0.0,0.0,0.0
850,1529962488,657320929,225.0,225.0,0.0,0.0,0.0,0.0
851,1529962488,667324441,225.0,225.0,0.0,0.0,0.0,0.0
852,1529962488,677317461,225.0,225.0,0.0,0.0,0.0,0.0
853,1529962488,687320865,225.0,225.0,0.0,0.0,0.0,0.0
854,1529962488,697328556,225.0,225.0,0.0,0.0,0.0,0.0
855,1529962488,707320613,225.0,225.0,0.0,0.0,0.0,0.0
856,1529962488,717319864,224.0,224.0,0.0,0.0,0.0,0.0
857,1529962488,727317988,224.0,224.0,0.0,0.0,0.0,0.0
858,1529962488,737322813,223.0,223.0,0.0,0.0,0.0,0.0
859,1529962488,747320550,223.0,223.0,0.0,0.0,0.0,0.0
860,1529962488,757317938,222.0,222.0,0.0,0.0,0.0,0.0
861,1529962488,767315717,222.0,222.0,0.0,0.0,0.0,0.0
862,1529962488,777272155,220.0,220.0,0.0,0.0,0.0,0.0
863,1529962488,787320640,220.0,220.0,0.0,0.0,0.0,0.0
864,1529962488,797340432,218.0,218.0,0.0,0.0,0.0,0.0
865,1529962488,807328804,218.0,218.0,0.0,0.0,0.0,0.0
866,1529962488,817334077,217.0,217.0,0.0,0.0,0.0,0.0
867,1529962488,827334024,217.0,217.0,0.0,0.0,0.0,0.0
868,1529962488,837332501,215.0,215.0,0.0,0.0,0.0,0.0
869,1529962488,847324107,215.0,215.0,0.0,0.0,0.0,0.0
870,1529962488,857337757,215.0,215.0,0.0,0.0,0.0,0.0
871,1529962488,867335316,215.0,215.0,0.0,0.0,0.0,0.0
872,1529962488,877323685,215.0,215.0,0.0,0.0,0.0,0.0
873,1529962488,887319672,215.0,215.0,0.0,0.0,0.0,0.0
874,1529962488,897317078,215.0,215.0,0.0,0.0,0.0,0.0
875,1529962488,907317093,215.0,215.0,0.0,0.0,0.0,0.0
876,1529962488,917325347,215.0,215.0,0.0,0.0,0.0,0.0
877,1529962488,927319337,215.0,215.0,0.0,0.0,0.0,0.0
878,1529962488,937319189,215.0,215.0,0.0,0.0,0.0,0.0
879,1529962488,947317710,215.0,215.0,0.0,0.0,0.0,0.0
880,1529962488,957325888,215.0,215.0,0.0,0.0,0.0,0.0
881,1529962488,967324463,215.0,215.0,0.0,0.0,0.0,0.0
882,1529962488,977317195,216.0,216.0,0.0,0.0,0.0,0.0
883,1529962488,987318897,216.0,216.0,0.0,0.0,0.0,0.0
884,1529962488,997323241,217.0,217.0,0.0,0.0,0.0,0.0
885,1529962489,7322152,217.0,217.0,0.0,0.0,0.0,0.0
886,1529962489,17319687,218.0,218.0,0.0,0.0,0.0,0.0
887,1529962489,27317188,218.0,218.0,0.0,0.0,0.0,0.0
888,1529962489,37320809,218.0,218.0,0.0,0.0,0.0,0.0
889,1529962489,47324516,218.0,218.0,0.0,0.0,0.0,0.0
890,1529962489,57317370,218.0,218.0,0.0,0.0,0.0,0.0
891,1529962489,67315858,218.0,218.0,0.0,0.0,0.0,0.0
892,1529962489,77319516,218.0,218.0,0.0,0.0,0.0,0.0
893,1529962489,87324461,218.0,218.0,0.0,0.0,0.0,0.0
894,1529962489,97318433,218.0,218.0,0.0,0.0,0.0,0.0
895,1529962489,107316451,218.0,218.0,0.0,0.0,0.0,0.0
896,1529962489,117319414,220.0,220.0,0.0,0.0,0.0,0.0
897,1529962489,127328204,220.0,220.0,0.0,0.0,0.0,0.0
898,1529962489,137323428,221.0,221.0,0.0,0.0,0.0,0.0
899,1529962489,147320926,221.0,221.0,0.0,0.0,0.0,0.0
900,1529962489,157316236,225.0,225.0,0.0,0.0,0.0,0.0
901,1529962489,167317476,225.0,225.0,0.0,0.0,0.0,0.0
902,1529962489,177328659,228.0,228.0,0.0,0.0,0.0,0.0
903,1529962489,187318390,228.0,228.0,0.0,0.0,0.0,0.0
904,1529962489,197324295,233.0,233.0,0.0,0.0,0.0,0.0
905,1529962489,207317467,233.0,233.0,0.0,0.0,0.0,0.0
906,1529962489,217331451,238.0,238.0,0.0,0.0,0.0,0.0
907,1529962489,227323470,238.0,238.0,0.0,0.0,0.0,0.0
908,1529962489,237316782,244.0,244.0,0.0,0.0,0.0,0.0
909,1529962489,247318927,244.0,244.0,0.0,0.0,0.0,0.0
910,1529962489,257320810,251.0,251.0,0.0,0.0,0.0,0.0
911,1529962489,267319276,251.0,251.0,0.0,0.0,0.0,0.0
912,1529962489,277326253,257.0,257.0,0.0,0.0,0.0,0.0
913,1529962489,287334364,257.0,257.0,0.0,0.0,0.0,0.0
914,1529962489,297322872,263.0,263.0,0.0,0.0,0.0,0.0
915,1529962489,307322855,263.0,263.0,0.0,0.0,0.0,0.0
916,1529962489,317321951,268.0,268.0,0.0,0.0,0.0,0.0
917,1529962489,327321763,268.0,268.0,0.0,0.0,0.0,0.0
918,1529962489,337318070,273.0,273.0,0.0,0.0,0.0,0.0
919,1529962489,347327590,273.0,273.0,0.0,0.0,0.0,0.0
920,1529962489,357337530,277.0,277.0,0.0,0.0,0.0,0.0
921,1529962489,367328315,277.0,277.0,0.0,0.0,0.0,0.0
922,1529962489,377318821,277.0,277.0,0.0,0.0,0.0,0.0
923,1529962489,387320519,277.0,277.0,0.0,0.0,0.0,0.0
924,1529962489,397348660,277.0,260.0,0.0,0.0,0.0,0.0
925,1529962489,407324866,277.0,260.0,0.0,0.0,0.0,0.0
926,1529962489,417328523,278.0,254.0,0.0,0.0,0.0,0.0
927,1529962489,427316934,278.0,254.0,0.0,0.0,0.0,0.0
928,1529962489,437324704,278.0,247.0,0.0,0.0,0.0,0.0
929,1529962489,447323709,278.0,247.0,0.0,0.0,0.0,0.0
930,1529962489,457320524,278.0,237.0,0.0,0.0,0.0,0.0
931,1529962489,467324270,278.0,237.0,0.0,0.0,0.0,0.0
932,1529962489,477327108,275.0,226.0,0.0,0.0,0.0,0.0
933,1529962489,487322710,275.0,226.0,0.0,0.0,0.0,0.0
934,1529962489,497324705,273.0,215.0,0.0,0.0,0.0,0.0
935,1529962489,507324203,273.0,215.0,0.0,0.0,0.0,0.0
936,1529962489,517323084,271.0,206.0,0.0,0.0,0.0,0.0
937,1529962489,527326122,271.0,206.0,0.0,0.0,0.0,0.0
938,1529962489,537321383,271.0,199.0,0.0,0.0,0.0,0.0
939,1529962489,547317032,271.0,199.0,0.0,0.0,0.0,0.0
940,1529962489,557317091,269.0,191.0,0.0,0.0,0.0,0.0
941,1529962489,567332451,269.0,191.0,0.0,0.0,0.0,0.0
942,1529962489,577322564,268.0,188.0,0.0,0.0,0.0,0.0
943,1529962489,587320884,268.0,188.0,0.0,0.0,0.0,0.0
944,1529962489,597319669,268.0,183.0,0.0,0.0,0.0,0.0
945,1529962489,607319565,268.0,183.0,0.0,0.0,0.0,0.0
946,1529962489,617322656,267.0,180.0,0.0,0.0,0.0,0.0
947,1529962489,627319117,267.0,180.0,0.0,0.0,0.0,0.0
948,1529962489,637319145,264.0,175.0,0.0,0.0,0.0,0.0
949,1529962489,647320245,264.0,175.0,0.0,0.0,0.0,0.0
950,1529962489,657333499,263.0,172.0,0.0,0.0,0.0,0.0
951,1529962489,667332723,263.0,172.0,0.0,0.0,0.0,0.0
952,1529962489,677316378,262.0,165.0,0.0,0.0,0.0,0.0
953,1529962489,687321308,262.0,165.0,0.0,0.0,0.0,0.0
954,1529962489,697319792,262.0,160.0,0.0,0.0,0.0,0.0
955,1529962489,707329686,262.0,160.0,0.0,0.0,0.0,0.0
956,1529962489,717319424,262.0,160.0,0.0,0.0,0.0,0.0
957,1529962489,727316802,261.0,156.0,0.0,0.0,0.0,0.0
958,1529962489,737320371,261.0,154.0,0.0,0.0,0.0,0.0
959,1529962489,747326690,261.0,154.0,0.0,0.0,0.0,0.0
960,1529962489,757319460,260.0,152.0,0.0,0.0,0.0,0.0
961,1529962489,767317067,260.0,152.0,0.0,0.0,0.0,0.0
962,1529962489,777316777,260.0,151.0,0.0,0.0,0.0,0.0
963,1529962489,787337474,260.0,151.0,0.0,0.0,0.0,0.0
964,1529962489,797332197,260.0,151.0,0.0,0.0,0.0,0.0
965,1529962489,807320439,260.0,151.0,0.0,0.0,0.0,0.0
966,1529962489,817320579,259.0,150.0,0.0,0.0,0.0,0.0
967,1529962489,827342868,259.0,150.0,0.0,0.0,0.0,0.0
968,1529962489,837329902,257.0,150.0,0.0,0.0,0.0,0.0
969,1529962489,847322166,257.0,150.0,0.0,0.0,0.0,0.0
970,1529962489,857318739,254.0,153.0,0.0,0.0,0.0,0.0
971,1529962489,867314594,254.0,153.0,0.0,0.0,0.0,0.0
972,1529962489,877326478,253.0,157.0,0.0,0.0,0.0,0.0
973,1529962489,887325099,253.0,157.0,0.0,0.0,0.0,0.0
974,1529962489,897322609,251.0,157.0,0.0,0.0,0.0,0.0
975,1529962489,907317404,251.0,157.0,0.0,0.0,0.0,0.0
976,1529962489,917323279,251.0,158.0,0.0,0.0,0.0,0.0
977,1529962489,927319938,251.0,158.0,0.0,0.0,0.0,0.0
978,1529962489,937319102,249.0,159.0,0.0,0.0,0.0,0.0
979,1529962489,947316628,249.0,159.0,0.0,0.0,0.0,0.0
980,1529962489,957334848,248.0,160.0,0.0,0.0,0.0,0.0
981,1529962489,967327398,248.0,160.0,0.0,0.0,0.0,0.0
982,1529962489,977323883,247.0,161.0,0.0,0.0,0.0,0.0
983,1529962489,987330296,247.0,161.0,0.0,0.0,0.0,0.0
984,1529962489,997315866,246.0,161.0,0.0,0.0,0.0,0.0
985,1529962490,7325355,246.0,161.0,0.0,0.0,0.0,0.0
986,1529962490,17327034,243.0,164.0,0.0,0.0,0.0,0.0
987,1529962490,27318711,243.0,164.0,0.0,0.0,0.0,0.0
988,1529962490,37321638,241.0,168.0,0.0,0.0,0.0,0.0
989,1529962490,47340135,241.0,168.0,0.0,0.0,0.0,0.0
990,1529962490,57320934,238.0,171.0,0.0,0.0,0.0,0.0
991,1529962490,67319711,238.0,171.0,0.0,0.0,0.0,0.0
992,1529962490,77317744,235.0,174.0,0.0,0.0,0.0,0.0
993,1529962490,87321908,235.0,174.0,0.0,0.0,0.0,0.0
994,1529962490,97335881,234.0,179.0,0.0,0.0,0.0,0.0
995,1529962490,107315680,234.0,179.0,0.0,0.0,0.0,0.0
996,1529962490,117317170,231.0,184.0,0.0,0.0,0.0,0.0
997,1529962490,127316654,231.0,184.0,0.0,0.0,0.0,0.0
998,1529962490,137322033,228.0,188.0,0.0,0.0,0.0,0.0
999,1529962490,147321034,228.0,188.0,0.0,0.0,0.0,0.0
1000,1529962490,157322043,225.0,194.0,0.0,0.0,0.0,0.0
1001,1529962490,167317678,225.0,194.0,0.0,0.0,0.0,0.0
1002,1529962490,177328208,223.0,200.0,0.0,0.0,0.0,0.0
1003,1529962490,187330378,223.0,200.0,0.0,0.0,0.0,0.0
1004,1529962490,197321881,221.0,205.0,0.0,0.0,0.0,0.0
1005,1529962490,207316426,221.0,205.0,0.0,0.0,0.0,0.0
1006,1529962490,217319127,220.0,213.0,0.0,0.0,0.0,0.0
1007,1529962490,227322260,220.0,213.0,0.0,0.0,0.0,0.0
1008,1529962490,237320351,220.0,220.0,0.0,0.0,0.0,0.0
1009,1529962490,247316843,220.0,220.0,0.0,0.0,0.0,0.0
1010,1529962490,257319113,220.0,220.0,0.0,0.0,0.0,0.0
1011,1529962490,267326010,220.0,220.0,0.0,0.0,0.0,0.0
1012,1529962490,277328669,220.0,220.0,0.0,0.0,0.0,0.0
1013,1529962490,287317844,220.0,220.0,0.0,0.0,0.0,0.0
1014,1529962490,297315979,220.0,220.0,0.0,0.0,0.0,0.0
1015,1529962490,307321823,220.0,220.0,0.0,0.0,0.0,0.0
1016,1529962490,317328304,220.0,220.0,0.0,0.0,0.0,0.0
1017,1529962490,327317774,220.0,220.0,0.0,0.0,0.0,0.0
1018,1529962490,337317821,220.0,220.0,0.0,0.0,0.0,0.0
1019,1529962490,347317909,220.0,220.0,0.0,0.0,0.0,0.0
1020,1529962490,357329180,220.0,220.0,0.0,0.0,0.0,0.0
1021,1529962490,367316641,220.0,220.0,0.0,0.0,0.0,0.0
1022,1529962490,377318131,221.0,221.0,0.0,0.0,0.0,0.0
1023,1529962490,387318078,221.0,221.0,0.0,0.0,0.0,0.0
1024,1529962490,397330090,222.0,222.0,0.0,0.0,0.0,0.0
1025,1529962490,407323862,222.0,222.0,0.0,0.0,0.0,0.0
1026,1529962490,417319987,223.0,223.0,0.0,0.0,0.0,0.0
1027,1529962490,427315794,223.0,223.0,0.0,0.0,0.0,0.0
1028,1529962490,437322859,224.0,224.0,0.0,0.0,0.0,0.0
1029,1529962490,447320197,224.0,224.0,0.0,0.0,0.0,0.0
1030,1529962490,457327380,225.0,225.0,0.0,0.0,0.0,0.0
1031,1529962490,467317378,225.0,225.0,0.0,0.0,0.0,0.0
1032,1529962490,477317784,226.0,226.0,0.0,0.0,0.0,0.0
1033,1529962490,487353757,226.0,226.0,0.0,0.0,0.0,0.0
1034,1529962490,497317211,226.0,226.0,0.0,0.0,0.0,0.0
1035,1529962490,507318100,226.0,226.0,0.0,0.0,0.0,0.0
1036,1529962490,517317596,226.0,226.0,0.0,0.0,0.0,0.0
1037,1529962490,527322410,226.0,226.0,0.0,0.0,0.0,0.0
1038,1529962490,537323486,226.0,226.0,0.0,0.0,0.0,0.0
1039,1529962490,547321578,226.0,226.0,0.0,0.0,0.0,0.0
1040,1529962490,557317063,226.0,226.0,0.0,0.0,0.0,0.0
1041,1529962490,567317960,226.0,226.0,0.0,0.0,0.0,0.0
1042,1529962490,577324726,226.0,226.0,0.0,0.0,0.0,0.0
1043,1529962490,587324159,226.0,226.0,0.0,0.0,0.0,0.0
1044,1529962490,597320099,226.0,226.0,0.0,0.0,0.0,0.0
1045,1529962490,607323199,226.0,226.0,0.0,0.0,0.0,0.0
1046,1529962490,617326113,226.0,226.0,0.0,0.0,0.0,0.0
1047,1529962490,627320039,226.0,226.0,0.0,0.0,0.0,0.0
1048,1529962490,637332797,226.0,226.0,0.0,0.0,0.0,0.0
1049,1529962490,647318708,226.0,226.0,0.0,0.0,0.0,0.0
1050,1529962490,657322926,226.0,226.0,0.0,0.0,0.0,0.0
1051,1529962490,667323564,226.0,226.0,0.0,0.0,0.0,0.0
1052,1529962490,677319708,226.0,226.0,0.0,0.0,0.0,0.0
1053,1529962490,687317485,226.0,226.0,0.0,0.0,0.0,0.0
1054,1529962490,697318181,226.0,226.0,0.0,0.0,0.0,0.0
1055,1529962490,707325415,226.0,226.0,0.0,0.0,0.0,0.0
1056,1529962490,717323193,225.0,225.0,0.0,0.0,0.0,0.0
1057,1529962490,727317654,225.0,225.0,0.0,0.0,0.0,0.0
1058,1529962490,737317739,225.0,225.0,0.0,0.0,0.0,0.0
1059,1529962490,747349993,224.0,224.0,0.0,0.0,0.0,0.0
1060,1529962490,757325914,224.0,224.0,0.0,0.0,0.0,0.0
1061,1529962490,767317378,224.0,224.0,0.0,0.0,0.0,0.0
1062,1529962490,777317881,224.0,224.0,0.0,0.0,0.0,0.0
1063,1529962490,787321046,223.0,223.0,0.0,0.0,0.0,0.0
1064,1529962490,797319626,222.0,222.0,0.0,0.0,0.0,0.0
1065,1529962490,807319014,222.0,222.0,0.0,0.0,0.0,0.0
1066,1529962490,817316291,222.0,222.0,0.0,0.0,0.0,0.0
1067,1529962490,827320810,221.0,221.0,0.0,0.0,0.0,0.0
1068,1529962490,837321665,221.0,221.0,0.0,0.0,0.0,0.0
1069,1529962490,847321317,221.0,221.0,0.0,0.0,0.0,0.0
1070,1529962490,857327453,221.0,221.0,0.0,0.0,0.0,0.0
1071,1529962490,867315875,221.0,221.0,0.0,0.0,0.0,0.0
1072,1529962490,877330568,221.0,221.0,0.0,0.0,0.0,0.0
1073,1529962490,887328640,221.0,221.0,0.0,0.0,0.0,0.0
1074,1529962490,897317456,221.0,221.0,0.0,0.0,0.0,0.0
1075,1529962490,907322048,219.0,221.0,0.0,0.0,0.0,0.0
1076,1529962490,917332174,213.0,222.0,0.0,0.0,0.0,0.0
1077,1529962490,927321868,213.0,222.0,0.0,0.0,0.0,0.0
1078,1529962490,937318130,213.0,222.0,0.0,0.0,0.0,0.0
1079,1529962490,947316920,207.0,224.0,0.0,0.0,0.0,0.0
1080,1529962490,957317942,200.0,225.0,0.0,0.0,0.0,0.0
1081,1529962490,967327703,200.0,225.0,0.0,0.0,0.0,0.0
1082,1529962490,977318811,200.0,225.0,0.0,0.0,0.0,0.0
1083,1529962490,987318773,183.0,229.0,0.0,0.0,0.0,0.0
1084,1529962490,997316383,179.0,231.0,0.0,0.0,0.0,0.0
1085,1529962491,7324081,179.0,231.0,0.0,0.0,0.0,0.0
1086,1529962491,17321040,179.0,231.0,0.0,0.0,0.0,0.0
1087,1529962491,27315264,165.0,237.0,0.0,0.0,0.0,0.0
1088,1529962491,37316345,164.0,242.0,0.0,0.0,0.0,0.0
1089,1529962491,47318804,164.0,242.0,0.0,0.0,0.0,0.0
1090,1529962491,57321760,164.0,242.0,0.0,0.0,0.0,0.0
1091,1529962491,67319526,159.0,246.0,0.0,0.0,0.0,0.0
1092,1529962491,77317393,150.0,256.0,0.0,0.0,0.0,0.0
1093,1529962491,87316593,150.0,256.0,0.0,0.0,0.0,0.0
1094,1529962491,97323789,150.0,256.0,0.0,0.0,0.0,0.0
1095,1529962491,107321109,153.0,259.0,0.0,0.0,0.0,0.0
1096,1529962491,117319257,150.0,263.0,0.0,0.0,0.0,0.0
1097,1529962491,127318072,150.0,263.0,0.0,0.0,0.0,0.0
1098,1529962491,137322472,150.0,263.0,0.0,0.0,0.0,0.0
1099,1529962491,147322074,149.0,268.0,0.0,0.0,0.0,0.0
1100,1529962491,157320057,147.0,271.0,0.0,0.0,0.0,0.0
1101,1529962491,167315786,147.0,271.0,0.0,0.0,0.0,0.0
1102,1529962491,177318493,147.0,271.0,0.0,0.0,0.0,0.0
1103,1529962491,187322204,148.0,276.0,0.0,0.0,0.0,0.0
1104,1529962491,197322348,148.0,277.0,0.0,0.0,0.0,0.0
1105,1529962491,207317433,148.0,277.0,0.0,0.0,0.0,0.0
1106,1529962491,217316670,148.0,277.0,0.0,0.0,0.0,0.0
1107,1529962491,227326952,149.0,278.0,0.0,0.0,0.0,0.0
1108,1529962491,237321416,150.0,278.0,0.0,0.0,0.0,0.0
1109,1529962491,247315736,150.0,278.0,0.0,0.0,0.0,0.0
1110,1529962491,257316333,150.0,278.0,0.0,0.0,0.0,0.0
1111,1529962491,267323204,150.0,278.0,0.0,0.0,0.0,0.0
1112,1529962491,277321564,150.0,278.0,0.0,0.0,0.0,0.0
1113,1529962491,287321066,150.0,278.0,0.0,0.0,0.0,0.0
1114,1529962491,297313440,150.0,278.0,0.0,0.0,0.0,0.0
1115,1529962491,307325248,150.0,278.0,0.0,0.0,0.0,0.0
1116,1529962491,317330284,150.0,278.0,0.0,0.0,0.0,0.0
1117,1529962491,327320040,150.0,278.0,0.0,0.0,0.0,0.0
1118,1529962491,337321594,150.0,278.0,0.0,0.0,0.0,0.0
1119,1529962491,347315705,150.0,278.0,0.0,0.0,0.0,0.0
1120,1529962491,357328220,156.0,275.0,0.0,0.0,0.0,0.0
1121,1529962491,367324415,156.0,275.0,0.0,0.0,0.0,0.0
1122,1529962491,377319931,156.0,275.0,0.0,0.0,0.0,0.0
1123,1529962491,387317336,169.0,266.0,0.0,0.0,0.0,0.0
1124,1529962491,397320860,174.0,262.0,0.0,0.0,0.0,0.0
1125,1529962491,407320810,174.0,262.0,0.0,0.0,0.0,0.0
1126,1529962491,417320156,174.0,262.0,0.0,0.0,0.0,0.0
1127,1529962491,427317731,192.0,253.0,0.0,0.0,0.0,0.0
1128,1529962491,437316245,206.0,248.0,0.0,0.0,0.0,0.0
1129,1529962491,447445996,206.0,248.0,0.0,0.0,0.0,0.0
1130,1529962491,457319888,206.0,248.0,0.0,0.0,0.0,0.0
1131,1529962491,467317775,224.0,246.0,0.0,0.0,0.0,0.0
1132,1529962491,477318039,244.0,244.0,0.0,0.0,0.0,0.0
1133,1529962491,487341883,244.0,244.0,0.0,0.0,0.0,0.0
1134,1529962491,497323147,244.0,244.0,0.0,0.0,0.0,0.0
1135,1529962491,507321361,244.0,244.0,0.0,0.0,0.0,0.0
1136,1529962491,517319741,242.0,242.0,0.0,0.0,0.0,0.0
1137,1529962491,527322821,242.0,242.0,0.0,0.0,0.0,0.0
1138,1529962491,537320576,242.0,242.0,0.0,0.0,0.0,0.0
1139,1529962491,547320550,241.0,241.0,0.0,0.0,0.0,0.0
1140,1529962491,557317762,240.0,240.0,0.0,0.0,0.0,0.0
1141,1529962491,567319473,240.0,240.0,0.0,0.0,0.0,0.0
1142,1529962491,577325991,240.0,240.0,0.0,0.0,0.0,0.0
1143,1529962491,587323404,238.0,238.0,0.0,0.0,0.0,0.0
1144,1529962491,597322085,238.0,238.0,0.0,0.0,0.0,0.0
1145,1529962491,607317930,238.0,238.0,0.0,0.0,0.0,0.0
1146,1529962491,617328447,238.0,238.0,0.0,0.0,0.0,0.0
1147,1529962491,627326470,237.0,237.0,0.0,0.0,0.0,0.0
1148,1529962491,637323519,236.0,236.0,0.0,0.0,0.0,0.0
1149,1529962491,647322290,236.0,236.0,0.0,0.0,0.0,0.0
1150,1529962491,657329971,236.0,236.0,0.0,0.0,0.0,0.0
1151,1529962491,667340043,236.0,236.0,0.0,0.0,0.0,0.0
1152,1529962491,677317896,236.0,236.0,0.0,0.0,0.0,0.0
1153,1529962491,687320348,236.0,236.0,0.0,0.0,0.0,0.0
1154,1529962491,697315447,236.0,236.0,0.0,0.0,0.0,0.0
1155,1529962491,707330570,236.0,236.0,0.0,0.0,0.0,0.0
1156,1529962491,717322947,236.0,236.0,0.0,0.0,0.0,0.0
1157,1529962491,727315684,236.0,236.0,0.0,0.0,0.0,0.0
1158,1529962491,737316663,236.0,236.0,0.0,0.0,0.0,0.0
1159,1529962491,747335078,235.0,235.0,0.0,0.0,0.0,0.0
1160,1529962491,757346216,235.0,235.0,0.0,0.0,0.0,0.0
1161,1529962491,767322177,235.0,235.0,0.0,0.0,0.0,0.0
1162,1529962491,777324515,235.0,235.0,0.0,0.0,0.0,0.0
1163,1529962491,787315069,235.0,235.0,0.0,0.0,0.0,0.0
1164,1529962491,797339408,235.0,235.0,0.0,0.0,0.0,0.0
1165,1529962491,807332142,235.0,235.0,0.0,0.0,0.0,0.0
1166,1529962491,817320520,235.0,235.0,0.0,0.0,0.0,0.0
1167,1529962491,827326249,235.0,235.0,0.0,0.0,0.0,0.0
1168,1529962491,837326381,235.0,235.0,0.0,0.0,0.0,0.0
1169,1529962491,847337058,235.0,235.0,0.0,0.0,0.0,0.0
1170,1529962491,857322468,235.0,235.0,0.0,0.0,0.0,0.0
1171,1529962491,867322226,235.0,235.0,0.0,0.0,0.0,0.0
1172,1529962491,877322162,235.0,235.0,0.0,0.0,0.0,0.0
1173,1529962491,887321461,235.0,235.0,0.0,0.0,0.0,0.0
1174,1529962491,897332700,235.0,235.0,0.0,0.0,0.0,0.0
1175,1529962491,907323973,235.0,235.0,0.0,0.0,0.0,0.0
1176,1529962491,917321598,235.0,235.0,0.0,0.0,0.0,0.0
1177,1529962491,927353744,235.0,235.0,0.0,0.0,0.0,0.0
1178,1529962491,937327964,235.0,235.0,0.0,0.0,0.0,0.0
1179,1529962491,947325212,235.0,235.0,0.0,0.0,0.0,0.0
1180,1529962491,957322008,234.0,235.0,0.0,0.0,0.0,0.0
1181,1529962491,967324968,234.0,235.0,0.0,0.0,0.0,0.0
1182,1529962491,977342862,234.0,235.0,0.0,0.0,0.0,0.0
1183,1529962491,987326095,233.0,235.0,0.0,0.0,0.0,0.0
1184,1529962491,997334654,231.0,235.0,0.0,0.0,0.0,0.0
1185,1529962492,7326167,231.0,235.0,0.0,0.0,0.0,0.0
1186,1529962492,17337270,231.0,235.0,0.0,0.0,0.0,0.0
1187,1529962492,27321024,231.0,235.0,0.0,0.0,0.0,0.0
1188,1529962492,37321206,231.0,235.0,0.0,0.0,0.0,0.0
1189,1529962492,47317475,231.0,235.0,0.0,0.0,0.0,0.0
1190,1529962492,57324189,231.0,235.0,0.0,0.0,0.0,0.0
1191,1529962492,67319307,231.0,235.0,0.0,0.0,0.0,0.0
1192,1529962492,77315619,231.0,235.0,0.0,0.0,0.0,0.0
1193,1529962492,87317058,231.0,235.0,0.0,0.0,0.0,0.0
1194,1529962492,97317983,231.0,235.0,0.0,0.0,0.0,0.0
1195,1529962492,107320426,231.0,235.0,0.0,0.0,0.0,0.0
1196,1529962492,117316385,231.0,235.0,0.0,0.0,0.0,0.0
1197,1529962492,127317413,231.0,235.0,0.0,0.0,0.0,0.0
1198,1529962492,137316940,231.0,235.0,0.0,0.0,0.0,0.0
1199,1529962492,147318271,231.0,235.0,0.0,0.0,0.0,0.0
1200,1529962492,157316184,231.0,235.0,0.0,0.0,0.0,0.0
1201,1529962492,167319513,231.0,235.0,0.0,0.0,0.0,0.0
1202,1529962492,177324192,231.0,235.0,0.0,0.0,0.0,0.0
1203,1529962492,187320847,231.0,235.0,0.0,0.0,0.0,0.0
1204,1529962492,197317197,231.0,235.0,0.0,0.0,0.0,0.0
1205,1529962492,207323523,231.0,235.0,0.0,0.0,0.0,0.0
1206,1529962492,217316972,231.0,235.0,0.0,0.0,0.0,0.0
1207,1529962492,227326304,230.0,235.0,0.0,0.0,0.0,0.0
1208,1529962492,237319154,229.0,235.0,0.0,0.0,0.0,0.0
1209,1529962492,247328870,229.0,235.0,0.0,0.0,0.0,0.0
1210,1529962492,257318583,229.0,235.0,0.0,0.0,0.0,0.0
1211,1529962492,267317796,227.0,235.0,0.0,0.0,0.0,0.0
1212,1529962492,277322825,223.0,235.0,0.0,0.0,0.0,0.0
1213,1529962492,287316261,223.0,235.0,0.0,0.0,0.0,0.0
1214,1529962492,297319138,223.0,235.0,0.0,0.0,0.0,0.0
1215,1529962492,307317079,217.0,235.0,0.0,0.0,0.0,0.0
1216,1529962492,317323885,211.0,236.0,0.0,0.0,0.0,0.0
1217,1529962492,327315832,211.0,236.0,0.0,0.0,0.0,0.0
1218,1529962492,337317226,211.0,236.0,0.0,0.0,0.0,0.0
1219,1529962492,347315068,196.0,239.0,0.0,0.0,0.0,0.0
1220,1529962492,357330096,196.0,243.0,0.0,0.0,0.0,0.0
1221,1529962492,367315135,196.0,243.0,0.0,0.0,0.0,0.0
1222,1529962492,377322602,196.0,243.0,0.0,0.0,0.0,0.0
1223,1529962492,387319388,191.0,246.0,0.0,0.0,0.0,0.0
1224,1529962492,397316275,190.0,251.0,0.0,0.0,0.0,0.0
1225,1529962492,407319313,190.0,251.0,0.0,0.0,0.0,0.0
1226,1529962492,417348386,190.0,251.0,0.0,0.0,0.0,0.0
1227,1529962492,427318924,188.0,254.0,0.0,0.0,0.0,0.0
1228,1529962492,437318457,188.0,255.0,0.0,0.0,0.0,0.0
1229,1529962492,447325479,188.0,255.0,0.0,0.0,0.0,0.0
1230,1529962492,457319487,188.0,255.0,0.0,0.0,0.0,0.0
1231,1529962492,467325316,188.0,257.0,0.0,0.0,0.0,0.0
1232,1529962492,477315783,189.0,258.0,0.0,0.0,0.0,0.0
1233,1529962492,487318118,189.0,258.0,0.0,0.0,0.0,0.0
1234,1529962492,497320383,189.0,258.0,0.0,0.0,0.0,0.0
1235,1529962492,507316725,189.0,258.0,0.0,0.0,0.0,0.0
1236,1529962492,517317204,189.0,258.0,0.0,0.0,0.0,0.0
1237,1529962492,527317896,189.0,258.0,0.0,0.0,0.0,0.0
1238,1529962492,537320965,188.0,258.0,0.0,0.0,0.0,0.0
1239,1529962492,547323784,188.0,258.0,0.0,0.0,0.0,0.0
1240,1529962492,557319053,188.0,258.0,0.0,0.0,0.0,0.0
1241,1529962492,567317122,188.0,258.0,0.0,0.0,0.0,0.0
1242,1529962492,577331633,187.0,259.0,0.0,0.0,0.0,0.0
1243,1529962492,587328427,187.0,259.0,0.0,0.0,0.0,0.0
1244,1529962492,597328664,187.0,259.0,0.0,0.0,0.0,0.0
1245,1529962492,607320017,187.0,259.0,0.0,0.0,0.0,0.0
1246,1529962492,617328115,187.0,259.0,0.0,0.0,0.0,0.0
1247,1529962492,627322023,187.0,259.0,0.0,0.0,0.0,0.0
1248,1529962492,637321651,187.0,259.0,0.0,0.0,0.0,0.0
1249,1529962492,647318968,187.0,259.0,0.0,0.0,0.0,0.0
1250,1529962492,657316875,187.0,259.0,0.0,0.0,0.0,0.0
1251,1529962492,667351246,187.0,259.0,0.0,0.0,0.0,0.0
1252,1529962492,677324238,188.0,259.0,0.0,0.0,0.0,0.0
1253,1529962492,687326337,188.0,259.0,0.0,0.0,0.0,0.0
1254,1529962492,697317280,188.0,259.0,0.0,0.0,0.0,0.0
1255,1529962492,707322379,188.0,259.0,0.0,0.0,0.0,0.0
1256,1529962492,717323735,188.0,259.0,0.0,0.0,0.0,0.0
1257,1529962492,727316317,188.0,259.0,0.0,0.0,0.0,0.0
1258,1529962492,737320642,188.0,259.0,0.0,0.0,0.0,0.0
1259,1529962492,747330361,188.0,259.0,0.0,0.0,0.0,0.0
1260,1529962492,757322575,188.0,259.0,0.0,0.0,0.0,0.0
1261,1529962492,767344495,188.0,259.0,0.0,0.0,0.0,0.0
1262,1529962492,777319530,188.0,259.0,0.0,0.0,0.0,0.0
1263,1529962492,787314175,188.0,259.0,0.0,0.0,0.0,0.0
1264,1529962492,797319640,189.0,260.0,0.0,0.0,0.0,0.0
1265,1529962492,807322354,189.0,260.0,0.0,0.0,0.0,0.0
1266,1529962492,817318365,189.0,260.0,0.0,0.0,0.0,0.0
1267,1529962492,827313625,189.0,260.0,0.0,0.0,0.0,0.0
1268,1529962492,837321812,189.0,260.0,0.0,0.0,0.0,0.0
1269,1529962492,847321573,189.0,260.0,0.0,0.0,0.0,0.0
1270,1529962492,857320235,191.0,261.0,0.0,0.0,0.0,0.0
1271,1529962492,867325104,191.0,261.0,0.0,0.0,0.0,0.0
1272,1529962492,877318613,196.0,261.0,0.0,0.0,0.0,0.0
1273,1529962492,887321575,196.0,261.0,0.0,0.0,0.0,0.0
1274,1529962492,897320575,199.0,261.0,0.0,0.0,0.0,0.0
1275,1529962492,907319439,199.0,261.0,0.0,0.0,0.0,0.0
1276,1529962492,917324369,204.0,261.0,0.0,0.0,0.0,0.0
1277,1529962492,927342539,204.0,261.0,0.0,0.0,0.0,0.0
1278,1529962492,937322823,209.0,261.0,0.0,0.0,0.0,0.0
1279,1529962492,947321797,209.0,261.0,0.0,0.0,0.0,0.0
1280,1529962492,957292118,212.0,261.0,0.0,0.0,0.0,0.0
1281,1529962492,967321420,212.0,261.0,0.0,0.0,0.0,0.0
1282,1529962492,977320129,214.0,262.0,0.0,0.0,0.0,0.0
1283,1529962492,987317555,214.0,262.0,0.0,0.0,0.0,0.0
1284,1529962492,997316308,219.0,261.0,0.0,0.0,0.0,0.0
1285,1529962493,7316905,219.0,261.0,0.0,0.0,0.0,0.0
1286,1529962493,17320737,223.0,260.0,0.0,0.0,0.0,0.0
1287,1529962493,27319466,223.0,260.0,0.0,0.0,0.0,0.0
1288,1529962493,37317515,228.0,259.0,0.0,0.0,0.0,0.0
1289,1529962493,47316605,228.0,259.0,0.0,0.0,0.0,0.0
1290,1529962493,57332654,233.0,259.0,0.0,0.0,0.0,0.0
1291,1529962493,67323825,233.0,259.0,0.0,0.0,0.0,0.0
1292,1529962493,77320206,237.0,257.0,0.0,0.0,0.0,0.0
1293,1529962493,87315888,237.0,257.0,0.0,0.0,0.0,0.0
1294,1529962493,97318267,242.0,255.0,0.0,0.0,0.0,0.0
1295,1529962493,107322861,242.0,255.0,0.0,0.0,0.0,0.0
1296,1529962493,117400559,247.0,253.0,0.0,0.0,0.0,0.0
1297,1529962493,127317537,247.0,253.0,0.0,0.0,0.0,0.0
1298,1529962493,137317334,252.0,252.0,0.0,0.0,0.0,0.0
1299,1529962493,147342785,252.0,252.0,0.0,0.0,0.0,0.0
1300,1529962493,157326232,248.0,248.0,0.0,0.0,0.0,0.0
1301,1529962493,167318073,248.0,248.0,0.0,0.0,0.0,0.0
1302,1529962493,177315996,247.0,247.0,0.0,0.0,0.0,0.0
1303,1529962493,187323329,247.0,247.0,0.0,0.0,0.0,0.0
1304,1529962493,197327205,245.0,245.0,0.0,0.0,0.0,0.0
1305,1529962493,207315749,245.0,245.0,0.0,0.0,0.0,0.0
1306,1529962493,217319058,244.0,244.0,0.0,0.0,0.0,0.0
1307,1529962493,227318793,244.0,244.0,0.0,0.0,0.0,0.0
1308,1529962493,237336646,242.0,242.0,0.0,0.0,0.0,0.0
1309,1529962493,247318337,242.0,242.0,0.0,0.0,0.0,0.0
1310,1529962493,257321908,241.0,241.0,0.0,0.0,0.0,0.0
1311,1529962493,267318465,241.0,241.0,0.0,0.0,0.0,0.0
1312,1529962493,277327822,240.0,240.0,0.0,0.0,0.0,0.0
1313,1529962493,287321780,240.0,240.0,0.0,0.0,0.0,0.0
1314,1529962493,297329442,240.0,240.0,0.0,0.0,0.0,0.0
1315,1529962493,307315724,240.0,240.0,0.0,0.0,0.0,0.0
1316,1529962493,317316181,239.0,239.0,0.0,0.0,0.0,0.0
1317,1529962493,327320566,239.0,239.0,0.0,0.0,0.0,0.0
1318,1529962493,337316203,238.0,238.0,0.0,0.0,0.0,0.0
1319,1529962493,347324517,238.0,238.0,0.0,0.0,0.0,0.0
1320,1529962493,357316537,238.0,238.0,0.0,0.0,0.0,0.0
1321,1529962493,367377748,238.0,238.0,0.0,0.0,0.0,0.0
1322,1529962493,377329531,238.0,238.0,0.0,0.0,0.0,0.0
1323,1529962493,387346989,238.0,238.0,0.0,0.0,0.0,0.0
1324,1529962493,397314316,238.0,238.0,0.0,0.0,0.0,0.0
1325,1529962493,407320797,238.0,238.0,0.0,0.0,0.0,0.0
1326,1529962493,417319586,238.0,238.0,0.0,0.0,0.0,0.0
1327,1529962493,427316379,238.0,238.0,0.0,0.0,0.0,0.0
1328,1529962493,437318529,238.0,238.0,0.0,0.0,0.0,0.0
1329,1529962493,447318850,238.0,238.0,0.0,0.0,0.0,0.0
1330,1529962493,457323414,237.0,237.0,0.0,0.0,0.0,0.0
1331,1529962493,467322953,237.0,237.0,0.0,0.0,0.0,0.0
1332,1529962493,477316266,236.0,236.0,0.0,0.0,0.0,0.0
1333,1529962493,487316042,236.0,236.0,0.0,0.0,0.0,0.0
1334,1529962493,497324727,236.0,236.0,0.0,0.0,0.0,0.0
1335,1529962493,507328502,236.0,236.0,0.0,0.0,0.0,0.0
1336,1529962493,517316148,235.0,235.0,0.0,0.0,0.0,0.0
1337,1529962493,527320368,235.0,235.0,0.0,0.0,0.0,0.0
1338,1529962493,537316862,233.0,233.0,0.0,0.0,0.0,0.0
1339,1529962493,547332670,233.0,233.0,0.0,0.0,0.0,0.0
1340,1529962493,557317262,232.0,232.0,0.0,0.0,0.0,0.0
1341,1529962493,567320934,232.0,232.0,0.0,0.0,0.0,0.0
1342,1529962493,577313769,230.0,230.0,0.0,0.0,0.0,0.0
1343,1529962493,587330296,230.0,230.0,0.0,0.0,0.0,0.0
1344,1529962493,597321443,226.0,226.0,0.0,0.0,0.0,0.0
1345,1529962493,607319238,226.0,226.0,0.0,0.0,0.0,0.0
1346,1529962493,617316767,224.0,224.0,0.0,0.0,0.0,0.0
1347,1529962493,627321502,224.0,224.0,0.0,0.0,0.0,0.0
1348,1529962493,637319838,221.0,221.0,0.0,0.0,0.0,0.0
1349,1529962493,647315207,221.0,221.0,0.0,0.0,0.0,0.0
1350,1529962493,657317449,219.0,219.0,0.0,0.0,0.0,0.0
1351,1529962493,667320224,219.0,219.0,0.0,0.0,0.0,0.0
1352,1529962493,677322548,218.0,218.0,0.0,0.0,0.0,0.0
1353,1529962493,687316665,218.0,218.0,0.0,0.0,0.0,0.0
1354,1529962493,697321677,216.0,216.0,0.0,0.0,0.0,0.0
1355,1529962493,707314945,216.0,216.0,0.0,0.0,0.0,0.0
1356,1529962493,717328239,216.0,216.0,0.0,0.0,0.0,0.0
1357,1529962493,727323621,216.0,216.0,0.0,0.0,0.0,0.0
1358,1529962493,737315997,216.0,216.0,0.0,0.0,0.0,0.0
1359,1529962493,747313282,216.0,216.0,0.0,0.0,0.0,0.0
1360,1529962493,757322835,216.0,216.0,0.0,0.0,0.0,0.0
1361,1529962493,767321086,216.0,216.0,0.0,0.0,0.0,0.0
1362,1529962493,777310317,215.0,215.0,0.0,0.0,0.0,0.0
1363,1529962493,787314434,215.0,215.0,0.0,0.0,0.0,0.0
1364,1529962493,797323035,215.0,215.0,0.0,0.0,0.0,0.0
1365,1529962493,807319248,215.0,215.0,0.0,0.0,0.0,0.0
1366,1529962493,817326238,215.0,215.0,0.0,0.0,0.0,0.0
1367,1529962493,827319305,215.0,215.0,0.0,0.0,0.0,0.0
1368,1529962493,837317735,215.0,215.0,0.0,0.0,0.0,0.0
1369,1529962493,847316903,215.0,215.0,0.0,0.0,0.0,0.0
1370,1529962493,857327835,215.0,215.0,0.0,0.0,0.0,0.0
1371,1529962493,867321017,215.0,215.0,0.0,0.0,0.0,0.0
1372,1529962493,877317986,215.0,215.0,0.0,0.0,0.0,0.0
1373,1529962493,887321425,215.0,215.0,0.0,0.0,0.0,0.0
1374,1529962493,897322679,213.0,213.0,0.0,0.0,0.0,0.0
1375,1529962493,907325372,213.0,213.0,0.0,0.0,0.0,0.0
1376,1529962493,917319841,213.0,213.0,0.0,0.0,0.0,0.0
1377,1529962493,927320796,213.0,213.0,0.0,0.0,0.0,0.0
1378,1529962493,937317909,213.0,213.0,0.0,0.0,0.0,0.0
1379,1529962493,947321267,213.0,213.0,0.0,0.0,0.0,0.0
1380,1529962493,957317241,212.0,212.0,0.0,0.0,0.0,0.0
1381,1529962493,967316832,212.0,212.0,0.0,0.0,0.0,0.0
1382,1529962493,977314746,212.0,212.0,0.0,0.0,0.0,0.0
1383,1529962493,987323749,212.0,212.0,0.0,0.0,0.0,0.0
1384,1529962493,997321443,210.0,210.0,0.0,0.0,0.0,0.0
1385,1529962494,7328072,210.0,210.0,0.0,0.0,0.0,0.0
1386,1529962494,17330335,209.0,209.0,0.0,0.0,0.0,0.0
1387,1529962494,27337787,209.0,209.0,0.0,0.0,0.0,0.0
1388,1529962494,37322839,208.0,208.0,0.0,0.0,0.0,0.0
1389,1529962494,47331770,208.0,208.0,0.0,0.0,0.0,0.0
1390,1529962494,57316371,207.0,207.0,0.0,0.0,0.0,0.0
1391,1529962494,67315779,207.0,207.0,0.0,0.0,0.0,0.0
1392,1529962494,77319159,207.0,207.0,0.0,0.0,0.0,0.0
1393,1529962494,87319420,207.0,207.0,0.0,0.0,0.0,0.0
1394,1529962494,97317718,206.0,206.0,0.0,0.0,0.0,0.0
1395,1529962494,107314631,206.0,206.0,0.0,0.0,0.0,0.0
1396,1529962494,117334743,205.0,205.0,0.0,0.0,0.0,0.0
1397,1529962494,127325725,205.0,205.0,0.0,0.0,0.0,0.0
1398,1529962494,137319532,203.0,203.0,0.0,0.0,0.0,0.0
1399,1529962494,147322372,203.0,203.0,0.0,0.0,0.0,0.0
1400,1529962494,157318307,202.0,202.0,0.0,0.0,0.0,0.0
1401,1529962494,167318099,202.0,202.0,0.0,0.0,0.0,0.0
1402,1529962494,177319215,202.0,202.0,0.0,0.0,0.0,0.0
1403,1529962494,187321470,202.0,202.0,0.0,0.0,0.0,0.0
1404,1529962494,197320610,201.0,201.0,0.0,0.0,0.0,0.0
1405,1529962494,207323641,201.0,201.0,0.0,0.0,0.0,0.0
1406,1529962494,217318603,201.0,201.0,0.0,0.0,0.0,0.0
1407,1529962494,227317246,201.0,201.0,0.0,0.0,0.0,0.0
1408,1529962494,237314374,201.0,201.0,0.0,0.0,0.0,0.0
1409,1529962494,247325433,201.0,201.0,0.0,0.0,0.0,0.0
1410,1529962494,257319131,201.0,201.0,0.0,0.0,0.0,0.0
1411,1529962494,267317765,201.0,201.0,0.0,0.0,0.0,0.0
1412,1529962494,277318333,200.0,200.0,0.0,0.0,0.0,0.0
1413,1529962494,287321794,200.0,200.0,0.0,0.0,0.0,0.0
1414,1529962494,297316950,199.0,199.0,0.0,0.0,0.0,0.0
1415,1529962494,307318993,199.0,199.0,0.0,0.0,0.0,0.0
1416,1529962494,317315471,198.0,198.0,0.0,0.0,0.0,0.0
1417,1529962494,327317892,198.0,198.0,0.0,0.0,0.0,0.0
1418,1529962494,337322006,198.0,198.0,0.0,0.0,0.0,0.0
1419,1529962494,347317236,198.0,198.0,0.0,0.0,0.0,0.0
1420,1529962494,357316952,196.0,196.0,0.0,0.0,0.0,0.0
1421,1529962494,367315372,196.0,196.0,0.0,0.0,0.0,0.0
1422,1529962494,378778224,195.0,195.0,0.0,0.0,0.0,0.0
1423,1529962494,387321271,195.0,195.0,0.0,0.0,0.0,0.0
1424,1529962494,397316822,194.0,194.0,0.0,0.0,0.0,0.0
1425,1529962494,407317816,194.0,194.0,0.0,0.0,0.0,0.0
1426,1529962494,417317159,190.0,190.0,0.0,0.0,0.0,0.0
1427,1529962494,427328021,190.0,190.0,0.0,0.0,0.0,0.0
1428,1529962494,437323469,189.0,189.0,0.0,0.0,0.0,0.0
1429,1529962494,447269277,189.0,189.0,0.0,0.0,0.0,0.0
1430,1529962494,457314169,187.0,187.0,0.0,0.0,0.0,0.0
1431,1529962494,467318990,187.0,187.0,0.0,0.0,0.0,0.0
1432,1529962494,477318751,186.0,186.0,0.0,0.0,0.0,0.0
1433,1529962494,487316221,186.0,186.0,0.0,0.0,0.0,0.0
1434,1529962494,497315413,185.0,185.0,0.0,0.0,0.0,0.0
1435,1529962494,507322723,185.0,185.0,0.0,0.0,0.0,0.0
1436,1529962494,517324238,183.0,183.0,0.0,0.0,0.0,0.0
1437,1529962494,527320753,183.0,183.0,0.0,0.0,0.0,0.0
1438,1529962494,537315201,182.0,182.0,0.0,0.0,0.0,0.0
1439,1529962494,547318863,182.0,182.0,0.0,0.0,0.0,0.0
1440,1529962494,557320817,180.0,180.0,0.0,0.0,0.0,0.0
1441,1529962494,567314815,180.0,180.0,0.0,0.0,0.0,0.0
1442,1529962494,577323394,175.0,175.0,0.0,0.0,0.0,0.0
1443,1529962494,587315375,175.0,175.0,0.0,0.0,0.0,0.0
1444,1529962494,597319785,169.0,169.0,0.0,0.0,0.0,0.0
1445,1529962494,607315678,169.0,169.0,0.0,0.0,0.0,0.0
1446,1529962494,617320828,152.0,152.0,0.0,0.0,0.0,0.0
1447,1529962494,627314947,152.0,152.0,0.0,0.0,0.0,0.0
1448,1529962494,637320448,136.0,136.0,0.0,0.0,0.0,0.0
1449,1529962494,647374504,136.0,136.0,0.0,0.0,0.0,0.0
1450,1529962494,657322245,116.0,116.0,0.0,0.0,0.0,0.0
1451,1529962494,667325308,116.0,116.0,0.0,0.0,0.0,0.0
1452,1529962494,677322141,0.0,0.0,0.0,0.0,0.0,0.0
1453,1529962494,687326610,0.0,0.0,0.0,0.0,0.0,0.0
1454,1529962494,697317692,0.0,0.0,0.0,0.0,0.0,0.0
1455,1529962494,707318901,0.0,0.0,0.0,0.0,0.0,0.0
1456,1529962494,717318513,0.0,0.0,0.0,0.0,0.0,0.0
1457,1529962494,727328103,0.0,0.0,0.0,0.0,0.0,0.0
1458,1529962494,737324475,0.0,0.0,0.0,0.0,0.0,0.0
1459,1529962494,747316750,0.0,0.0,0.0,0.0,0.0,0.0
1460,1529962494,757318255,0.0,0.0,0.0,0.0,0.0,0.0
1461,1529962494,767323577,0.0,0.0,0.0,0.0,0.0,0.0
1462,1529962494,777322355,0.0,0.0,0.0,0.0,0.0,0.0
1463,1529962494,787317466,0.0,0.0,0.0,0.0,0.0,0.0
1464,1529962494,797318652,0.0,0.0,0.0,0.0,0.0,0.0
1465,1529962494,807318499,0.0,0.0,0.0,0.0,0.0,0.0
1466,1529962494,817316059,0.0,0.0,0.0,0.0,0.0,0.0
1467,1529962494,827327805,0.0,0.0,0.0,0.0,0.0,0.0
1468,1529962494,837313059,0.0,0.0,0.0,0.0,0.0,0.0
1469,1529962494,847366915,0.0,0.0,0.0,0.0,0.0,0.0
1470,1529962494,857322844,0.0,0.0,0.0,0.0,0.0,0.0
1471,1529962494,867317760,0.0,0.0,0.0,0.0,0.0,0.0
1472,1529962494,877314263,0.0,0.0,0.0,0.0,0.0,0.0
1473,1529962494,887312416,0.0,0.0,0.0,0.0,0.0,0.0
1474,1529962494,897319183,0.0,0.0,0.0,0.0,0.0,0.0
1475,1529962494,907315915,0.0,0.0,0.0,0.0,0.0,0.0
1476,1529962494,917318443,0.0,0.0,0.0,0.0,0.0,0.0
1477,1529962494,927331124,0.0,0.0,0.0,0.0,0.0,0.0
1478,1529962494,937319572,0.0,0.0,0.0,0.0,0.0,0.0
1479,1529962494,947320232,0.0,0.0,0.0,0.0,0.0,0.0
1480,1529962494,957315686,0.0,0.0,0.0,0.0,0.0,0.0
1481,1529962494,967318161,0.0,0.0,0.0,0.0,0.0,0.0
1482,1529962494,977313960,0.0,0.0,0.0,0.0,0.0,0.0
1483,1529962494,987319104,0.0,0.0,0.0,0.0,0.0,0.0
1484,1529962494,997316460,0.0,0.0,0.0,0.0,0.0,0.0
1485,1529962495,7316823,0.0,0.0,0.0,0.0,0.0,0.0
1486,1529962495,17311368,0.0,0.0,0.0,0.0,0.0,0.0
1487,1529962495,27316924,0.0,0.0,0.0,0.0,0.0,0.0
1488,1529962495,37315694,0.0,0.0,0.0,0.0,0.0,0.0
1489,1529962495,47316737,0.0,0.0,0.0,0.0,0.0,0.0
1490,1529962495,57312141,0.0,0.0,0.0,0.0,0.0,0.0
1491,1529962495,67312495,0.0,0.0,0.0,0.0,0.0,0.0
1492,1529962495,77316650,0.0,0.0,0.0,0.0,0.0,0.0
1493,1529962495,87313294,0.0,0.0,0.0,0.0,0.0,0.0
1494,1529962495,97329169,0.0,0.0,0.0,0.0,0.0,0.0
1495,1529962495,107324540,0.0,0.0,0.0,0.0,0.0,0.0
1496,1529962495,117327862,0.0,0.0,0.0,0.0,0.0,0.0
1497,1529962495,127323288,0.0,0.0,0.0,0.0,0.0,0.0
1498,1529962495,137321064,0.0,0.0,0.0,0.0,0.0,0.0
1499,1529962495,147337697,0.0,0.0,0.0,0.0,0.0,0.0
1500,1529962495,157342423,0.0,0.0,0.0,0.0,0.0,0.0
1501,1529962495,167334587,0.0,0.0,0.0,0.0,0.0,0.0
1502,1529962495,177325624,0.0,0.0,0.0,0.0,0.0,0.0
1503,1529962495,187328247,0.0,0.0,0.0,0.0,0.0,0.0
1504,1529962495,197323500,0.0,0.0,0.0,0.0,0.0,0.0
1505,1529962495,207329706,0.0,0.0,0.0,0.0,0.0,0.0
1506,1529962495,217337985,0.0,0.0,0.0,0.0,0.0,0.0
1507,1529962495,227313944,0.0,0.0,0.0,0.0,0.0,0.0
1508,1529962495,237313485,0.0,0.0,0.0,0.0,0.0,0.0
1509,1529962495,247319693,0.0,0.0,0.0,0.0,0.0,0.0
1510,1529962495,257316397,0.0,0.0,0.0,0.0,0.0,0.0
1511,1529962495,267313462,0.0,0.0,0.0,0.0,0.0,0.0
1512,1529962495,277314138,0.0,0.0,0.0,0.0,0.0,0.0
