1568,1529962395,752132413,0.0,0.0,0.0,0.0,0.0,0.0
1569,1529962395,762127441,0.0,0.0,0.0,0.0,0.0,0.0
1570,1529962395,772155813,0.0,0.0,0.0,0.0,0.0,0.0
1571,1529962395,782130411,0.0,0.0,0.0,0.0,0.0,0.0
1572,1529962395,792134191,0.0,0.0,0.0,0.0,0.0,0.0
1573,1529962395,802130568,0.0,0.0,0.0,0.0,0.0,0.0
1574,1529962395,812128300,0.0,0.0,0.0,0.0,0.0,0.0
1575,1529962395,822123773,0.0,0.0,0.0,0.0,0.0,0.0
1576,1529962395,832129054,0.0,0.0,0.0,0.0,0.0,0.0
1577,1529962395,842131139,0.0,0.0,0.0,0.0,0.0,0.0
1578,1529962395,852132657,0.0,0.0,0.0,0.0,0.0,0.0
1579,1529962395,862128156,0.0,0.0,0.0,0.0,0.0,0.0
1580,1529962395,872125543,0.0,0.0,0.0,0.0,0.0,0.0
1581,1529962395,882151921,0.0,0.0,0.0,0.0,0.0,0.0
1582,1529962395,892131452,0.0,0.0,0.0,0.0,0.0,0.0
1583,1529962395,902128757,0.0,0.0,0.0,0.0,0.0,0.0
1584,1529962395,912125416,0.0,0.0,0.0,0.0,0.0,0.0
1585,1529962395,922146942,0.0,0.0,0.0,0.0,0.0,0.0
1586,1529962395,932138458,0.0,0.0,0.0,0.0,0.0,0.0
1587,1529962395,942130043,0.0,0.0,0.0,0.0,0.0,0.0
1588,1529962395,952127793,0.0,0.0,0.0,0.0,0.0,0.0
1589,1529962395,962141361,0.0,0.0,0.0,0.0,0.0,0.0
1590,1529962395,972142369,0.0,0.0,0.0,0.0,0.0,0.0
1591,1529962395,982127321,0.0,0.0,0.0,0.0,0.0,0.0
1592,1529962395,992127408,0.0,0.0,0.0,0.0,0.0,0.0
1593,1529962396,2127303,0.0,0.0,0.0,0.0,0.0,0.0
1594,1529962396,12136519,0.0,0.0,0.0,0.0,0.0,0.0
1595,1529962396,22154335,0.0,0.0,0.0,0.0,0.0,0.0
1596,1529962396,32137231,0.0,0.0,0.0,0.0,0.0,0.0
1597,1529962396,42126856,0.0,0.0,0.0,0.0,0.0,0.0
1598,1529962396,52131250,0.0,0.0,0.0,0.0,0.0,0.0
1599,1529962396,62131653,0.0,0.0,0.0,0.0,0.0,0.0
1600,1529962396,72132854,0.0,0.0,0.0,0.0,0.0,0.0
1601,1529962396,82128715,0.0,0.0,0.0,0.0,0.0,0.0
1602,1529962396,92124891,0.0,0.0,0.0,0.0,0.0,0.0
1603,1529962396,102141775,0.0,0.0,0.0,0.0,0.0,0.0
1604,1529962396,112137514,0.0,0.0,0.0,0.0,0.0,0.0
1605,1529962396,122130402,0.0,0.0,0.0,0.0,0.0,0.0
1606,1529962396,132124758,0.0,0.0,0.0,0.0,0.0,0.0
1607,1529962396,142129692,0.0,0.0,0.0,0.0,0.0,0.0
1608,1529962396,152143545,0.0,0.0,0.0,0.0,0.0,0.0
1609,1529962396,162128429,0.0,0.0,0.0,0.0,0.0,0.0
1610,1529962396,172135172,0.0,0.0,0.0,0.0,0.0,0.0
1611,1529962396,182144369,0.0,0.0,0.0,0.0,0.0,0.0
1612,1529962396,192190410,0.0,0.0,0.0,0.0,0.0,0.0
1613,1529962396,202140194,0.0,0.0,0.0,0.0,0.0,0.0
1614,1529962396,212127140,0.0,0.0,0.0,0.0,0.0,0.0
1615,1529962396,222129655,0.0,0.0,0.0,0.0,0.0,0.0
1616,1529962396,232143793,0.0,0.0,0.0,0.0,0.0,0.0
1617,1529962396,242171843,0.0,0.0,0.0,0.0,0.0,0.0
1618,1529962396,252133502,0.0,0.0,0.0,0.0,0.0,0.0
1619,1529962396,262127741,0.0,0.0,0.0,0.0,0.0,0.0
1620,1529962396,272134615,0.0,0.0,0.0,0.0,0.0,0.0
1621,1529962396,282149122,0.0,0.0,0.0,0.0,0.0,0.0
1622,1529962396,292151540,0.0,0.0,0.0,0.0,0.0,0.0
1623,1529962396,302127202,0.0,0.0,0.0,0.0,0.0,0.0
1624,1529962396,312130196,0.0,0.0,0.0,0.0,0.0,0.0
1625,1529962396,322131618,0.0,0.0,0.0,0.0,0.0,0.0
1626,1529962396,332134405,0.0,0.0,0.0,0.0,0.0,0.0
1627,1529962396,342142127,0.0,0.0,0.0,0.0,0.0,0.0
1628,1529962396,352131672,0.0,0.0,0.0,0.0,0.0,0.0
1629,1529962396,362145371,0.0,0.0,0.0,0.0,0.0,0.0
1630,1529962396,372133101,0.0,0.0,0.0,0.0,0.0,0.0
1631,1529962396,382127606,0.0,0.0,0.0,0.0,0.0,0.0
1632,1529962396,392141569,0.0,0.0,0.0,0.0,0.0,0.0
1633,1529962396,402130524,0.0,0.0,0.0,0.0,0.0,0.0
1634,1529962396,417142817,0.0,0.0,0.0,0.0,0.0,0.0
1635,1529962396,422159289,0.0,0.0,0.0,0.0,0.0,0.0
1636,1529962396,432120956,0.0,0.0,0.0,0.0,0.0,0.0
1637,1529962396,442122023,0.0,0.0,0.0,0.0,0.0,0.0
1638,1529962396,452139615,0.0,0.0,0.0,0.0,0.0,0.0
1639,1529962396,462131444,0.0,0.0,0.0,0.0,0.0,0.0
1640,1529962396,472132746,0.0,0.0,0.0,0.0,0.0,0.0
1641,1529962396,482131502,0.0,0.0,0.0,0.0,0.0,0.0
1642,1529962396,492135702,0.0,0.0,0.0,0.0,0.0,0.0
1643,1529962396,502128465,0.0,0.0,0.0,0.0,0.0,0.0
1644,1529962396,512130853,0.0,0.0,0.0,0.0,0.0,0.0
1645,1529962396,522130006,0.0,0.0,0.0,0.0,0.0,0.0
1646,1529962396,532136609,13.0,7.0,0.0,0.0,0.0,0.0
1647,1529962396,542147576,13.0,7.0,0.0,0.0,0.0,0.0
1648,1529962396,552133674,51.0,-30.0,0.0,0.0,0.0,0.0
1649,1529962396,562147452,51.0,-30.0,0.0,0.0,0.0,0.0
1650,1529962396,572128033,92.0,-71.0,0.0,0.0,0.0,0.0
1651,1529962396,582144142,92.0,-71.0,0.0,0.0,0.0,0.0
1652,1529962396,592144096,133.0,-111.0,0.0,0.0,0.0,0.0
1653,1529962396,602150630,133.0,-111.0,0.0,0.0,0.0,0.0
1654,1529962396,612141952,170.0,-149.0,0.0,0.0,0.0,0.0
1655,1529962396,622104209,170.0,-149.0,0.0,0.0,0.0,0.0
1656,1529962396,632131727,198.0,-177.0,0.0,0.0,0.0,0.0
1657,1529962396,642131126,198.0,-177.0,0.0,0.0,0.0,0.0
1658,1529962396,652128828,216.0,-194.0,0.0,0.0,0.0,0.0
1659,1529962396,662126488,216.0,-194.0,0.0,0.0,0.0,0.0
1660,1529962396,672132599,220.0,-199.0,0.0,0.0,0.0,0.0
1661,1529962396,682128047,220.0,-199.0,0.0,0.0,0.0,0.0
1662,1529962396,692126990,222.0,-200.0,0.0,0.0,0.0,0.0
1663,1529962396,702126394,222.0,-200.0,0.0,0.0,0.0,0.0
1664,1529962396,712134931,223.0,-202.0,0.0,0.0,0.0,0.0
1665,1529962396,722140866,223.0,-202.0,0.0,0.0,0.0,0.0
1666,1529962396,732130607,223.0,-202.0,0.0,0.0,0.0,0.0
1667,1529962396,742129385,223.0,-202.0,0.0,0.0,0.0,0.0
1668,1529962396,752131037,223.0,-202.0,0.0,0.0,0.0,0.0
1669,1529962396,762141618,223.0,-202.0,0.0,0.0,0.0,0.0
1670,1529962396,772133098,222.0,-201.0,0.0,0.0,0.0,0.0
1671,1529962396,782132121,222.0,-201.0,0.0,0.0,0.0,0.0
1672,1529962396,792131318,202.0,-181.0,0.0,0.0,0.0,0.0
1673,1529962396,803197164,202.0,-181.0,0.0,0.0,0.0,0.0
1674,1529962396,812135759,172.0,-150.0,0.0,0.0,0.0,0.0
1675,1529962396,822131459,172.0,-150.0,0.0,0.0,0.0,0.0
1676,1529962396,832131880,129.0,-108.0,0.0,0.0,0.0,0.0
1677,1529962396,842131525,129.0,-108.0,0.0,0.0,0.0,0.0
1678,1529962396,852144487,78.0,-57.0,0.0,0.0,0.0,0.0
1679,1529962396,862147094,78.0,-57.0,0.0,0.0,0.0,0.0
1680,1529962396,872126753,29.0,-8.0,0.0,0.0,0.0,0.0
1681,1529962396,882128433,29.0,-8.0,0.0,0.0,0.0,0.0
1682,1529962396,892151281,0.0,0.0,0.0,0.0,0.0,0.0
1683,1529962396,902139542,0.0,0.0,0.0,0.0,0.0,0.0
1684,1529962396,912140951,0.0,0.0,0.0,0.0,0.0,0.0
1685,1529962396,922128501,0.0,0.0,0.0,0.0,0.0,0.0
1686,1529962396,932134299,0.0,0.0,0.0,0.0,0.0,0.0
1687,1529962396,942158217,0.0,0.0,0.0,0.0,0.0,0.0
1688,1529962396,952133958,0.0,0.0,0.0,0.0,0.0,0.0
1689,1529962396,962127812,0.0,0.0,0.0,0.0,0.0,0.0
1690,1529962396,972126475,0.0,0.0,0.0,0.0,0.0,0.0
1691,1529962396,982139758,0.0,0.0,0.0,0.0,0.0,0.0
1692,1529962396,992123295,0.0,0.0,0.0,0.0,0.0,0.0
1693,1529962397,2125935,0.0,0.0,0.0,0.0,0.0,0.0
1694,1529962397,12125791,0.0,0.0,0.0,0.0,0.0,0.0
1695,1529962397,22166826,0.0,0.0,0.0,0.0,0.0,0.0
1696,1529962397,32136966,95.0,95.0,0.0,0.0,0.0,0.0
1697,1529962397,42146879,95.0,95.0,0.0,0.0,0.0,0.0
1698,1529962397,52140330,111.0,111.0,0.0,0.0,0.0,0.0
1699,1529962397,62157988,111.0,111.0,0.0,0.0,0.0,0.0
1700,1529962397,72144341,115.0,115.0,0.0,0.0,0.0,0.0
1701,1529962397,82155622,115.0,115.0,0.0,0.0,0.0,0.0
1702,1529962397,92137287,119.0,119.0,0.0,0.0,0.0,0.0
1703,1529962397,102150323,119.0,119.0,0.0,0.0,0.0,0.0
1704,1529962397,112145714,124.0,124.0,0.0,0.0,0.0,0.0
1705,1529962397,122146115,124.0,124.0,0.0,0.0,0.0,0.0
1706,1529962397,132142659,127.0,127.0,0.0,0.0,0.0,0.0
1707,1529962397,142154221,127.0,127.0,0.0,0.0,0.0,0.0
1708,1529962397,152137831,129.0,129.0,0.0,0.0,0.0,0.0
1709,1529962397,162148958,129.0,129.0,0.0,0.0,0.0,0.0
1710,1529962397,172129406,132.0,132.0,0.0,0.0,0.0,0.0
1711,1529962397,182131485,132.0,132.0,0.0,0.0,0.0,0.0
1712,1529962397,192133168,133.0,133.0,0.0,0.0,0.0,0.0
1713,1529962397,202149070,133.0,133.0,0.0,0.0,0.0,0.0
1714,1529962397,212143462,137.0,137.0,0.0,0.0,0.0,0.0
1715,1529962397,222144907,137.0,137.0,0.0,0.0,0.0,0.0
1716,1529962397,232136238,142.0,142.0,0.0,0.0,0.0,0.0
1717,1529962397,242160669,142.0,142.0,0.0,0.0,0.0,0.0
1718,1529962397,252142090,148.0,148.0,0.0,0.0,0.0,0.0
1719,1529962397,262144507,148.0,148.0,0.0,0.0,0.0,0.0
1720,1529962397,272133611,154.0,154.0,0.0,0.0,0.0,0.0
1721,1529962397,282154691,154.0,154.0,0.0,0.0,0.0,0.0
1722,1529962397,292130432,161.0,161.0,0.0,0.0,0.0,0.0
1723,1529962397,302145692,161.0,161.0,0.0,0.0,0.0,0.0
1724,1529962397,312147512,167.0,167.0,0.0,0.0,0.0,0.0
1725,1529962397,322145526,167.0,167.0,0.0,0.0,0.0,0.0
1726,1529962397,332135275,172.0,172.0,0.0,0.0,0.0,0.0
1727,1529962397,342129914,172.0,172.0,0.0,0.0,0.0,0.0
1728,1529962397,352127898,177.0,177.0,0.0,0.0,0.0,0.0
1729,1529962397,362128720,177.0,177.0,0.0,0.0,0.0,0.0
1730,1529962397,372142532,181.0,181.0,0.0,0.0,0.0,0.0
1731,1529962397,382140919,181.0,181.0,0.0,0.0,0.0,0.0
1732,1529962397,392139133,184.0,182.0,0.0,0.0,0.0,0.0
1733,1529962397,402126023,184.0,182.0,0.0,0.0,0.0,0.0
1734,1529962397,412129613,185.0,183.0,0.0,0.0,0.0,0.0
1735,1529962397,422129771,185.0,183.0,0.0,0.0,0.0,0.0
1736,1529962397,432133005,186.0,184.0,0.0,0.0,0.0,0.0
1737,1529962397,442129673,186.0,184.0,0.0,0.0,0.0,0.0
1738,1529962397,452127010,186.0,186.0,0.0,0.0,0.0,0.0
1739,1529962397,462153152,186.0,186.0,0.0,0.0,0.0,0.0
1740,1529962397,472131184,186.0,186.0,0.0,0.0,0.0,0.0
1741,1529962397,482129881,186.0,186.0,0.0,0.0,0.0,0.0
1742,1529962397,492136577,186.0,186.0,0.0,0.0,0.0,0.0
1743,1529962397,502152610,186.0,186.0,0.0,0.0,0.0,0.0
1744,1529962397,512128439,185.0,185.0,0.0,0.0,0.0,0.0
1745,1529962397,522124581,185.0,185.0,0.0,0.0,0.0,0.0
1746,1529962397,532127971,181.0,181.0,0.0,0.0,0.0,0.0
1747,1529962397,542132179,181.0,181.0,0.0,0.0,0.0,0.0
1748,1529962397,552136034,179.0,179.0,0.0,0.0,0.0,0.0
1749,1529962397,562147018,179.0,179.0,0.0,0.0,0.0,0.0
1750,1529962397,572129071,174.0,174.0,0.0,0.0,0.0,0.0
1751,1529962397,582138099,174.0,174.0,0.0,0.0,0.0,0.0
1752,1529962397,592141634,171.0,171.0,0.0,0.0,0.0,0.0
1753,1529962397,602144123,171.0,171.0,0.0,0.0,0.0,0.0
1754,1529962397,612129256,169.0,169.0,0.0,0.0,0.0,0.0
1755,1529962397,622130920,169.0,169.0,0.0,0.0,0.0,0.0
1756,1529962397,632138066,165.0,165.0,0.0,0.0,0.0,0.0
1757,1529962397,642140624,165.0,165.0,0.0,0.0,0.0,0.0
1758,1529962397,652135278,164.0,164.0,0.0,0.0,0.0,0.0
1759,1529962397,662131947,164.0,164.0,0.0,0.0,0.0,0.0
1760,1529962397,672135384,163.0,163.0,0.0,0.0,0.0,0.0
1761,1529962397,682143887,163.0,163.0,0.0,0.0,0.0,0.0
1762,1529962397,692128188,161.0,161.0,0.0,0.0,0.0,0.0
1763,1529962397,702142164,161.0,161.0,0.0,0.0,0.0,0.0
1764,1529962397,712127843,160.0,160.0,0.0,0.0,0.0,0.0
1765,1529962397,722144373,160.0,160.0,0.0,0.0,0.0,0.0
1766,1529962397,732134297,158.0,158.0,0.0,0.0,0.0,0.0
1767,1529962397,742142062,158.0,158.0,0.0,0.0,0.0,0.0
1768,1529962397,752126382,157.0,157.0,0.0,0.0,0.0,0.0
1769,1529962397,762129855,157.0,157.0,0.0,0.0,0.0,0.0
1770,1529962397,772140137,157.0,157.0,0.0,0.0,0.0,0.0
1771,1529962397,782129256,157.0,157.0,0.0,0.0,0.0,0.0
1772,1529962397,792129206,157.0,157.0,0.0,0.0,0.0,0.0
1773,1529962397,802128167,157.0,157.0,0.0,0.0,0.0,0.0
1774,1529962397,812136712,157.0,157.0,0.0,0.0,0.0,0.0
1775,1529962397,822129414,157.0,157.0,0.0,0.0,0.0,0.0
1776,1529962397,832127580,157.0,157.0,0.0,0.0,0.0,0.0
1777,1529962397,842127324,157.0,157.0,0.0,0.0,0.0,0.0
1778,1529962397,852132670,156.0,156.0,0.0,0.0,0.0,0.0
1779,1529962397,862128928,156.0,156.0,0.0,0.0,0.0,0.0
1780,1529962397,872127522,155.0,155.0,0.0,0.0,0.0,0.0
1781,1529962397,882128180,155.0,155.0,0.0,0.0,0.0,0.0
1782,1529962397,892130112,155.0,155.0,0.0,0.0,0.0,0.0
1783,1529962397,902129116,155.0,155.0,0.0,0.0,0.0,0.0
1784,1529962397,912138094,155.0,155.0,0.0,0.0,0.0,0.0
1785,1529962397,922128627,155.0,155.0,0.0,0.0,0.0,0.0
1786,1529962397,932134562,154.0,154.0,0.0,0.0,0.0,0.0
1787,1529962397,942145377,154.0,154.0,0.0,0.0,0.0,0.0
1788,1529962397,952133433,153.0,153.0,0.0,0.0,0.0,0.0
1789,1529962397,962129095,153.0,153.0,0.0,0.0,0.0,0.0
1790,1529962397,972132169,152.0,152.0,0.0,0.0,0.0,0.0
1791,1529962397,982139721,152.0,152.0,0.0,0.0,0.0,0.0
1792,1529962397,992129700,150.0,150.0,0.0,0.0,0.0,0.0
1793,1529962398,2127470,150.0,150.0,0.0,0.0,0.0,0.0
1794,1529962398,12125350,149.0,149.0,0.0,0.0,0.0,0.0
1795,1529962398,22128747,149.0,149.0,0.0,0.0,0.0,0.0
1796,1529962398,32134603,147.0,147.0,0.0,0.0,0.0,0.0
1797,1529962398,42126862,147.0,147.0,0.0,0.0,0.0,0.0
1798,1529962398,52126455,146.0,146.0,0.0,0.0,0.0,0.0
1799,1529962398,62126855,146.0,146.0,0.0,0.0,0.0,0.0
1800,1529962398,72136602,144.0,144.0,0.0,0.0,0.0,0.0
1801,1529962398,82130690,144.0,144.0,0.0,0.0,0.0,0.0
1802,1529962398,92128440,142.0,142.0,0.0,0.0,0.0,0.0
1803,1529962398,102127249,142.0,142.0,0.0,0.0,0.0,0.0
1804,1529962398,112130319,140.0,140.0,0.0,0.0,0.0,0.0
1805,1529962398,122128683,140.0,140.0,0.0,0.0,0.0,0.0
1806,1529962398,132127733,139.0,139.0,0.0,0.0,0.0,0.0
1807,1529962398,142123343,139.0,139.0,0.0,0.0,0.0,0.0
1808,1529962398,152147062,137.0,137.0,0.0,0.0,0.0,0.0
1809,1529962398,162130698,137.0,137.0,0.0,0.0,0.0,0.0
1810,1529962398,172131107,135.0,135.0,0.0,0.0,0.0,0.0
1811,1529962398,182125897,135.0,135.0,0.0,0.0,0.0,0.0
1812,1529962398,192125856,134.0,134.0,0.0,0.0,0.0,0.0
1813,1529962398,202143449,134.0,134.0,0.0,0.0,0.0,0.0
1814,1529962398,212129612,132.0,132.0,0.0,0.0,0.0,0.0
1815,1529962398,222126773,132.0,132.0,0.0,0.0,0.0,0.0
1816,1529962398,232126276,132.0,132.0,0.0,0.0,0.0,0.0
1817,1529962398,242139106,132.0,132.0,0.0,0.0,0.0,0.0
1818,1529962398,252122006,131.0,131.0,0.0,0.0,0.0,0.0
1819,1529962398,262127270,131.0,131.0,0.0,0.0,0.0,0.0
1820,1529962398,272127493,131.0,131.0,0.0,0.0,0.0,0.0
1821,1529962398,282129702,131.0,131.0,0.0,0.0,0.0,0.0
1822,1529962398,292129740,131.0,131.0,0.0,0.0,0.0,0.0
1823,1529962398,302130675,131.0,131.0,0.0,0.0,0.0,0.0
1824,1529962398,312132775,131.0,131.0,0.0,0.0,0.0,0.0
1825,1529962398,322126571,131.0,131.0,0.0,0.0,0.0,0.0
1826,1529962398,332140192,131.0,131.0,0.0,0.0,0.0,0.0
1827,1529962398,342141487,131.0,131.0,0.0,0.0,0.0,0.0
1828,1529962398,352128670,131.0,131.0,0.0,0.0,0.0,0.0
1829,1529962398,362125593,131.0,131.0,0.0,0.0,0.0,0.0
1830,1529962398,372129910,131.0,131.0,0.0,0.0,0.0,0.0
1831,1529962398,382131492,131.0,131.0,0.0,0.0,0.0,0.0
1832,1529962398,392126031,131.0,131.0,0.0,0.0,0.0,0.0
1833,1529962398,402129248,131.0,131.0,0.0,0.0,0.0,0.0
1834,1529962398,412126289,131.0,131.0,0.0,0.0,0.0,0.0
1835,1529962398,422139038,131.0,131.0,0.0,0.0,0.0,0.0
1836,1529962398,432127710,131.0,131.0,0.0,0.0,0.0,0.0
1837,1529962398,442129434,131.0,131.0,0.0,0.0,0.0,0.0
1838,1529962398,452127239,131.0,131.0,0.0,0.0,0.0,0.0
1839,1529962398,462140593,131.0,131.0,0.0,0.0,0.0,0.0
1840,1529962398,472150213,131.0,131.0,0.0,0.0,0.0,0.0
1841,1529962398,482140325,131.0,131.0,0.0,0.0,0.0,0.0
1842,1529962398,492129936,131.0,131.0,0.0,0.0,0.0,0.0
1843,1529962398,502138908,131.0,131.0,0.0,0.0,0.0,0.0
1844,1529962398,512162477,131.0,131.0,0.0,0.0,0.0,0.0
1845,1529962398,522128665,131.0,131.0,0.0,0.0,0.0,0.0
1846,1529962398,532128443,131.0,131.0,0.0,0.0,0.0,0.0
1847,1529962398,542125085,131.0,131.0,0.0,0.0,0.0,0.0
1848,1529962398,552132311,131.0,131.0,0.0,0.0,0.0,0.0
1849,1529962398,562147720,131.0,131.0,0.0,0.0,0.0,0.0
1850,1529962398,572127321,131.0,131.0,0.0,0.0,0.0,0.0
1851,1529962398,582128860,131.0,131.0,0.0,0.0,0.0,0.0
1852,1529962398,592133704,131.0,131.0,0.0,0.0,0.0,0.0
1853,1529962398,602146206,131.0,131.0,0.0,0.0,0.0,0.0
1854,1529962398,612129368,131.0,131.0,0.0,0.0,0.0,0.0
1855,1529962398,622139905,131.0,131.0,0.0,0.0,0.0,0.0
1856,1529962398,632125556,130.0,130.0,0.0,0.0,0.0,0.0
1857,1529962398,642151457,130.0,130.0,0.0,0.0,0.0,0.0
1858,1529962398,652129767,129.0,129.0,0.0,0.0,0.0,0.0
1859,1529962398,662130242,129.0,129.0,0.0,0.0,0.0,0.0
1860,1529962398,672127726,128.0,128.0,0.0,0.0,0.0,0.0
1861,1529962398,682131299,128.0,128.0,0.0,0.0,0.0,0.0
1862,1529962398,692129546,128.0,128.0,0.0,0.0,0.0,0.0
1863,1529962398,702110706,128.0,128.0,0.0,0.0,0.0,0.0
1864,1529962398,712134629,128.0,128.0,0.0,0.0,0.0,0.0
1865,1529962398,722131193,128.0,128.0,0.0,0.0,0.0,0.0
1866,1529962398,732132262,128.0,128.0,0.0,0.0,0.0,0.0
1867,1529962398,742127074,128.0,128.0,0.0,0.0,0.0,0.0
1868,1529962398,752126111,128.0,128.0,0.0,0.0,0.0,0.0
1869,1529962398,762127516,128.0,128.0,0.0,0.0,0.0,0.0
1870,1529962398,772144215,128.0,128.0,0.0,0.0,0.0,0.0
1871,1529962398,782141480,128.0,128.0,0.0,0.0,0.0,0.0
1872,1529962398,792129264,128.0,128.0,0.0,0.0,0.0,0.0
1873,1529962398,802128780,128.0,128.0,0.0,0.0,0.0,0.0
1874,1529962398,812133226,128.0,128.0,0.0,0.0,0.0,0.0
1875,1529962398,822139708,128.0,128.0,0.0,0.0,0.0,0.0
1876,1529962398,832127466,128.0,128.0,0.0,0.0,0.0,0.0
1877,1529962398,842127259,128.0,128.0,0.0,0.0,0.0,0.0
1878,1529962398,852126637,128.0,128.0,0.0,0.0,0.0,0.0
1879,1529962398,862151809,128.0,128.0,0.0,0.0,0.0,0.0
1880,1529962398,872130617,128.0,128.0,0.0,0.0,0.0,0.0
1881,1529962398,882125415,128.0,128.0,0.0,0.0,0.0,0.0
1882,1529962398,892124577,129.0,129.0,0.0,0.0,0.0,0.0
1883,1529962398,902128899,129.0,129.0,0.0,0.0,0.0,0.0
1884,1529962398,912127672,129.0,129.0,0.0,0.0,0.0,0.0
1885,1529962398,922128312,129.0,129.0,0.0,0.0,0.0,0.0
1886,1529962398,932125435,129.0,129.0,0.0,0.0,0.0,0.0
1887,1529962398,942125740,129.0,129.0,0.0,0.0,0.0,0.0
1888,1529962398,952134014,130.0,130.0,0.0,0.0,0.0,0.0
1889,1529962398,962129289,130.0,130.0,0.0,0.0,0.0,0.0
1890,1529962398,972133470,130.0,130.0,0.0,0.0,0.0,0.0
1891,1529962398,982130207,130.0,130.0,0.0,0.0,0.0,0.0
1892,1529962398,992138549,130.0,130.0,0.0,0.0,0.0,0.0
1893,1529962399,2131822,130.0,130.0,0.0,0.0,0.0,0.0
1894,1529962399,12126512,131.0,131.0,0.0,0.0,0.0,0.0
1895,1529962399,22125402,131.0,131.0,0.0,0.0,0.0,0.0
1896,1529962399,32128435,131.0,131.0,0.0,0.0,0.0,0.0
1897,1529962399,42130088,131.0,131.0,0.0,0.0,0.0,0.0
1898,1529962399,52126095,131.0,131.0,0.0,0.0,0.0,0.0
1899,1529962399,62126321,131.0,131.0,0.0,0.0,0.0,0.0
1900,1529962399,72125642,131.0,131.0,0.0,0.0,0.0,0.0
1901,1529962399,82144682,131.0,131.0,0.0,0.0,0.0,0.0
1902,1529962399,92128227,131.0,131.0,0.0,0.0,0.0,0.0
1903,1529962399,102127927,131.0,131.0,0.0,0.0,0.0,0.0
1904,1529962399,112127107,131.0,131.0,0.0,0.0,0.0,0.0
1905,1529962399,122145694,131.0,131.0,0.0,0.0,0.0,0.0
1906,1529962399,132132133,131.0,131.0,0.0,0.0,0.0,0.0
1907,1529962399,142128730,131.0,131.0,0.0,0.0,0.0,0.0
1908,1529962399,152125048,131.0,131.0,0.0,0.0,0.0,0.0
1909,1529962399,162128810,131.0,131.0,0.0,0.0,0.0,0.0
1910,1529962399,172138463,131.0,131.0,0.0,0.0,0.0,0.0
1911,1529962399,182130027,131.0,131.0,0.0,0.0,0.0,0.0
1912,1529962399,192135384,131.0,131.0,0.0,0.0,0.0,0.0
1913,1529962399,202125605,131.0,131.0,0.0,0.0,0.0,0.0
1914,1529962399,212152658,132.0,132.0,0.0,0.0,0.0,0.0
1915,1529962399,222141178,132.0,132.0,0.0,0.0,0.0,0.0
1916,1529962399,232130732,133.0,133.0,0.0,0.0,0.0,0.0
1917,1529962399,242127197,133.0,133.0,0.0,0.0,0.0,0.0
1918,1529962399,252128462,137.0,137.0,0.0,0.0,0.0,0.0
1919,1529962399,262128894,137.0,137.0,0.0,0.0,0.0,0.0
1920,1529962399,272127493,140.0,140.0,0.0,0.0,0.0,0.0
1921,1529962399,282127906,140.0,140.0,0.0,0.0,0.0,0.0
1922,1529962399,292125434,144.0,144.0,0.0,0.0,0.0,0.0
1923,1529962399,302144326,144.0,144.0,0.0,0.0,0.0,0.0
1924,1529962399,312132835,148.0,148.0,0.0,0.0,0.0,0.0
1925,1529962399,322130111,148.0,148.0,0.0,0.0,0.0,0.0
1926,1529962399,332130187,149.0,149.0,0.0,0.0,0.0,0.0
1927,1529962399,342142022,149.0,149.0,0.0,0.0,0.0,0.0
1928,1529962399,352132621,152.0,152.0,0.0,0.0,0.0,0.0
1929,1529962399,362126902,152.0,152.0,0.0,0.0,0.0,0.0
1930,1529962399,372132144,154.0,154.0,0.0,0.0,0.0,0.0
1931,1529962399,382126798,154.0,154.0,0.0,0.0,0.0,0.0
1932,1529962399,392118676,155.0,155.0,0.0,0.0,0.0,0.0
1933,1529962399,402127031,155.0,155.0,0.0,0.0,0.0,0.0
1934,1529962399,412132473,159.0,159.0,0.0,0.0,0.0,0.0
1935,1529962399,422131989,159.0,159.0,0.0,0.0,0.0,0.0
1936,1529962399,433041683,163.0,163.0,0.0,0.0,0.0,0.0
1937,1529962399,442138692,163.0,163.0,0.0,0.0,0.0,0.0
1938,1529962399,452129783,166.0,166.0,0.0,0.0,0.0,0.0
1939,1529962399,462127402,166.0,166.0,0.0,0.0,0.0,0.0
1940,1529962399,472130682,169.0,169.0,0.0,0.0,0.0,0.0
1941,1529962399,482145120,169.0,169.0,0.0,0.0,0.0,0.0
1942,1529962399,492131078,171.0,171.0,0.0,0.0,0.0,0.0
1943,1529962399,502129815,171.0,171.0,0.0,0.0,0.0,0.0
1944,1529962399,512128504,175.0,175.0,0.0,0.0,0.0,0.0
1945,1529962399,522142056,175.0,175.0,0.0,0.0,0.0,0.0
1946,1529962399,532134169,179.0,179.0,0.0,0.0,0.0,0.0
1947,1529962399,542128133,179.0,179.0,0.0,0.0,0.0,0.0
1948,1529962399,552126881,182.0,182.0,0.0,0.0,0.0,0.0
1949,1529962399,562131207,182.0,182.0,0.0,0.0,0.0,0.0
1950,1529962399,572134287,186.0,186.0,0.0,0.0,0.0,0.0
1951,1529962399,582127554,186.0,186.0,0.0,0.0,0.0,0.0
1952,1529962399,592130231,187.0,187.0,0.0,0.0,0.0,0.0
1953,1529962399,602126348,187.0,187.0,0.0,0.0,0.0,0.0
1954,1529962399,612144550,190.0,190.0,0.0,0.0,0.0,0.0
1955,1529962399,622129251,190.0,190.0,0.0,0.0,0.0,0.0
1956,1529962399,632128680,192.0,192.0,0.0,0.0,0.0,0.0
1957,1529962399,642128307,192.0,192.0,0.0,0.0,0.0,0.0
1958,1529962399,652134624,193.0,193.0,0.0,0.0,0.0,0.0
1959,1529962399,662129165,193.0,193.0,0.0,0.0,0.0,0.0
1960,1529962399,672129576,194.0,194.0,0.0,0.0,0.0,0.0
1961,1529962399,682129485,194.0,194.0,0.0,0.0,0.0,0.0
1962,1529962399,692131074,194.0,194.0,0.0,0.0,0.0,0.0
1963,1529962399,702141957,194.0,194.0,0.0,0.0,0.0,0.0
1964,1529962399,712130449,194.0,194.0,0.0,0.0,0.0,0.0
1965,1529962399,722140876,194.0,194.0,0.0,0.0,0.0,0.0
1966,1529962399,732141038,195.0,195.0,0.0,0.0,0.0,0.0
1967,1529962399,742144719,195.0,195.0,0.0,0.0,0.0,0.0
1968,1529962399,752140935,195.0,195.0,0.0,0.0,0.0,0.0
1969,1529962399,762130523,195.0,195.0,0.0,0.0,0.0,0.0
1970,1529962399,772127480,195.0,195.0,0.0,0.0,0.0,0.0
1971,1529962399,782128588,195.0,195.0,0.0,0.0,0.0,0.0
1972,1529962399,792130409,195.0,195.0,0.0,0.0,0.0,0.0
1973,1529962399,802128093,195.0,195.0,0.0,0.0,0.0,0.0
1974,1529962399,812127970,195.0,195.0,0.0,0.0,0.0,0.0
1975,1529962399,822166024,195.0,195.0,0.0,0.0,0.0,0.0
1976,1529962399,832131559,195.0,195.0,0.0,0.0,0.0,0.0
1977,1529962399,842141617,195.0,195.0,0.0,0.0,0.0,0.0
1978,1529962399,852157237,195.0,195.0,0.0,0.0,0.0,0.0
1979,1529962399,862148319,195.0,195.0,0.0,0.0,0.0,0.0
1980,1529962399,872132860,195.0,195.0,0.0,0.0,0.0,0.0
1981,1529962399,882131913,195.0,195.0,0.0,0.0,0.0,0.0
1982,1529962399,892130394,195.0,195.0,0.0,0.0,0.0,0.0
1983,1529962399,902128720,195.0,195.0,0.0,0.0,0.0,0.0
1984,1529962399,912129671,195.0,195.0,0.0,0.0,0.0,0.0
1985,1529962399,922142621,195.0,195.0,0.0,0.0,0.0,0.0
1986,1529962399,932131209,195.0,195.0,0.0,0.0,0.0,0.0
1987,1529962399,942128777,195.0,195.0,0.0,0.0,0.0,0.0
1988,1529962399,952125899,195.0,195.0,0.0,0.0,0.0,0.0
1989,1529962399,962139313,195.0,195.0,0.0,0.0,0.0,0.0
1990,1529962399,972141420,195.0,195.0,0.0,0.0,0.0,0.0
1991,1529962399,982130083,195.0,195.0,0.0,0.0,0.0,0.0
1992,1529962399,992129234,195.0,195.0,0.0,0.0,0.0,0.0
1993,1529962400,2130509,195.0,195.0,0.0,0.0,0.0,0.0
1994,1529962400,12138820,195.0,195.0,0.0,0.0,0.0,0.0
1995,1529962400,22153000,195.0,195.0,0.0,0.0,0.0,0.0
1996,1529962400,32140742,195.0,195.0,0.0,0.0,0.0,0.0
1997,1529962400,42154279,195.0,195.0,0.0,0.0,0.0,0.0
1998,1529962400,52160773,195.0,195.0,0.0,0.0,0.0,0.0
1999,1529962400,62161366,195.0,195.0,0.0,0.0,0.0,0.0
2000,1529962400,72132062,195.0,195.0,0.0,0.0,0.0,0.0
2001,1529962400,82160496,195.0,195.0,0.0,0.0,0.0,0.0
2002,1529962400,92137185,195.0,195.0,0.0,0.0,0.0,0.0
2003,1529962400,102149561,195.0,195.0,0.0,0.0,0.0,0.0
2004,1529962400,112129350,195.0,195.0,0.0,0.0,0.0,0.0
2005,1529962400,122129468,195.0,195.0,0.0,0.0,0.0,0.0
2006,1529962400,132128332,195.0,195.0,0.0,0.0,0.0,0.0
2007,1529962400,142132050,195.0,195.0,0.0,0.0,0.0,0.0
2008,1529962400,152131135,195.0,195.0,0.0,0.0,0.0,0.0
2009,1529962400,162144357,195.0,195.0,0.0,0.0,0.0,0.0
2010,1529962400,172126684,195.0,195.0,0.0,0.0,0.0,0.0
2011,1529962400,182144904,195.0,195.0,0.0,0.0,0.0,0.0
2012,1529962400,192133391,195.0,195.0,0.0,0.0,0.0,0.0
2013,1529962400,202128813,195.0,195.0,0.0,0.0,0.0,0.0
2014,1529962400,212128280,195.0,195.0,0.0,0.0,0.0,0.0
2015,1529962400,222152648,195.0,195.0,0.0,0.0,0.0,0.0
2016,1529962400,232130617,195.0,195.0,0.0,0.0,0.0,0.0
2017,1529962400,242127271,195.0,195.0,0.0,0.0,0.0,0.0
2018,1529962400,252129021,195.0,195.0,0.0,0.0,0.0,0.0
2019,1529962400,262127951,195.0,195.0,0.0,0.0,0.0,0.0
2020,1529962400,272130864,195.0,195.0,0.0,0.0,0.0,0.0
2021,1529962400,282128262,195.0,195.0,0.0,0.0,0.0,0.0
2022,1529962400,292127051,195.0,195.0,0.0,0.0,0.0,0.0
2023,1529962400,302128222,195.0,195.0,0.0,0.0,0.0,0.0
2024,1529962400,312132235,195.0,195.0,0.0,0.0,0.0,0.0
2025,1529962400,322141993,195.0,195.0,0.0,0.0,0.0,0.0
2026,1529962400,332129578,195.0,195.0,0.0,0.0,0.0,0.0
2027,1529962400,342128550,195.0,195.0,0.0,0.0,0.0,0.0
2028,1529962400,352194782,195.0,195.0,0.0,0.0,0.0,0.0
2029,1529962400,362131001,195.0,195.0,0.0,0.0,0.0,0.0
2030,1529962400,372128654,195.0,195.0,0.0,0.0,0.0,0.0
2031,1529962400,382128564,195.0,195.0,0.0,0.0,0.0,0.0
2032,1529962400,392138058,195.0,195.0,0.0,0.0,0.0,0.0
2033,1529962400,402142891,195.0,195.0,0.0,0.0,0.0,0.0
2034,1529962400,412129965,195.0,195.0,0.0,0.0,0.0,0.0
2035,1529962400,422129933,195.0,195.0,0.0,0.0,0.0,0.0
2036,1529962400,432137544,196.0,196.0,0.0,0.0,0.0,0.0
2037,1529962400,442145020,196.0,196.0,0.0,0.0,0.0,0.0
2038,1529962400,452128919,196.0,196.0,0.0,0.0,0.0,0.0
2039,1529962400,462129606,196.0,196.0,0.0,0.0,0.0,0.0
2040,1529962400,472129010,196.0,196.0,0.0,0.0,0.0,0.0
2041,1529962400,482129273,196.0,196.0,0.0,0.0,0.0,0.0
2042,1529962400,492141769,196.0,196.0,0.0,0.0,0.0,0.0
2043,1529962400,502132113,196.0,196.0,0.0,0.0,0.0,0.0
2044,1529962400,512131042,197.0,197.0,0.0,0.0,0.0,0.0
2045,1529962400,522126124,197.0,197.0,0.0,0.0,0.0,0.0
2046,1529962400,532136855,197.0,197.0,0.0,0.0,0.0,0.0
2047,1529962400,542131862,197.0,197.0,0.0,0.0,0.0,0.0
2048,1529962400,552131466,198.0,198.0,0.0,0.0,0.0,0.0
2049,1529962400,562128064,198.0,198.0,0.0,0.0,0.0,0.0
2050,1529962400,572131080,198.0,198.0,0.0,0.0,0.0,0.0
2051,1529962400,582138954,198.0,198.0,0.0,0.0,0.0,0.0
2052,1529962400,592126521,198.0,198.0,0.0,0.0,0.0,0.0
2053,1529962400,602128336,198.0,198.0,0.0,0.0,0.0,0.0
2054,1529962400,612126745,198.0,198.0,0.0,0.0,0.0,0.0
2055,1529962400,622146519,198.0,198.0,0.0,0.0,0.0,0.0
2056,1529962400,632142248,199.0,199.0,0.0,0.0,0.0,0.0
2057,1529962400,642163341,199.0,199.0,0.0,0.0,0.0,0.0
2058,1529962400,652136829,199.0,199.0,0.0,0.0,0.0,0.0
2059,1529962400,662139027,199.0,199.0,0.0,0.0,0.0,0.0
2060,1529962400,672129748,199.0,199.0,0.0,0.0,0.0,0.0
2061,1529962400,682127126,199.0,199.0,0.0,0.0,0.0,0.0
2062,1529962400,692137396,199.0,199.0,0.0,0.0,0.0,0.0
2063,1529962400,702126875,199.0,199.0,0.0,0.0,0.0,0.0
2064,1529962400,712160985,199.0,199.0,0.0,0.0,0.0,0.0
2065,1529962400,722148414,199.0,199.0,0.0,0.0,0.0,0.0
2066,1529962400,732139330,199.0,199.0,0.0,0.0,0.0,0.0
2067,1529962400,742131011,199.0,199.0,0.0,0.0,0.0,0.0
2068,1529962400,752140625,199.0,199.0,0.0,0.0,0.0,0.0
2069,1529962400,762139742,199.0,199.0,0.0,0.0,0.0,0.0
2070,1529962400,772129822,200.0,200.0,0.0,0.0,0.0,0.0
2071,1529962400,782127800,200.0,200.0,0.0,0.0,0.0,0.0
2072,1529962400,792149429,200.0,200.0,0.0,0.0,0.0,0.0
2073,1529962400,802150077,200.0,200.0,0.0,0.0,0.0,0.0
2074,1529962400,812147579,200.0,200.0,0.0,0.0,0.0,0.0
2075,1529962400,822127926,200.0,200.0,0.0,0.0,0.0,0.0
2076,1529962400,832143771,200.0,200.0,0.0,0.0,0.0,0.0
2077,1529962400,842161105,200.0,200.0,0.0,0.0,0.0,0.0
2078,1529962400,852144781,200.0,200.0,0.0,0.0,0.0,0.0
2079,1529962400,862201946,200.0,200.0,0.0,0.0,0.0,0.0
2080,1529962400,872129716,200.0,200.0,0.0,0.0,0.0,0.0
2081,1529962400,882127653,200.0,200.0,0.0,0.0,0.0,0.0
2082,1529962400,892131473,200.0,200.0,0.0,0.0,0.0,0.0
2083,1529962400,902131879,200.0,200.0,0.0,0.0,0.0,0.0
2084,1529962400,912131043,200.0,200.0,0.0,0.0,0.0,0.0
2085,1529962400,922139182,200.0,200.0,0.0,0.0,0.0,0.0
2086,1529962400,932131188,200.0,200.0,0.0,0.0,0.0,0.0
2087,1529962400,942127411,200.0,200.0,0.0,0.0,0.0,0.0
2088,1529962400,952130920,200.0,200.0,0.0,0.0,0.0,0.0
2089,1529962400,962127801,200.0,200.0,0.0,0.0,0.0,0.0
2090,1529962400,972144415,200.0,200.0,0.0,0.0,0.0,0.0
2091,1529962400,982132074,200.0,200.0,0.0,0.0,0.0,0.0
2092,1529962400,992130196,200.0,200.0,0.0,0.0,0.0,0.0
2093,1529962401,2124669,200.0,200.0,0.0,0.0,0.0,0.0
2094,1529962401,12142818,200.0,200.0,0.0,0.0,0.0,0.0
2095,1529962401,22130027,200.0,200.0,0.0,0.0,0.0,0.0
2096,1529962401,32128332,200.0,200.0,0.0,0.0,0.0,0.0
2097,1529962401,42128620,200.0,200.0,0.0,0.0,0.0,0.0
2098,1529962401,52125271,200.0,200.0,0.0,0.0,0.0,0.0
2099,1529962401,68705344,200.0,200.0,0.0,0.0,0.0,0.0
2100,1529962401,72133914,200.0,200.0,0.0,0.0,0.0,0.0
2101,1529962401,82127936,200.0,200.0,0.0,0.0,0.0,0.0
2102,1529962401,92128325,200.0,200.0,0.0,0.0,0.0,0.0
2103,1529962401,102151970,200.0,200.0,0.0,0.0,0.0,0.0
2104,1529962401,112146272,200.0,200.0,0.0,0.0,0.0,0.0
2105,1529962401,122150234,200.0,200.0,0.0,0.0,0.0,0.0
2106,1529962401,132147886,200.0,200.0,0.0,0.0,0.0,0.0
2107,1529962401,142154582,200.0,200.0,0.0,0.0,0.0,0.0
2108,1529962401,152154343,200.0,200.0,0.0,0.0,0.0,0.0
2109,1529962401,162131845,200.0,200.0,0.0,0.0,0.0,0.0
2110,1529962401,172130534,200.0,200.0,0.0,0.0,0.0,0.0
2111,1529962401,182128687,200.0,200.0,0.0,0.0,0.0,0.0
2112,1529962401,192149912,199.0,199.0,0.0,0.0,0.0,0.0
2113,1529962401,202129785,199.0,199.0,0.0,0.0,0.0,0.0
2114,1529962401,212134460,198.0,198.0,0.0,0.0,0.0,0.0
2115,1529962401,222144499,198.0,198.0,0.0,0.0,0.0,0.0
2116,1529962401,232129731,198.0,198.0,0.0,0.0,0.0,0.0
2117,1529962401,242144538,198.0,198.0,0.0,0.0,0.0,0.0
2118,1529962401,252142385,198.0,198.0,0.0,0.0,0.0,0.0
2119,1529962401,262132242,198.0,198.0,0.0,0.0,0.0,0.0
2120,1529962401,272136325,198.0,198.0,0.0,0.0,0.0,0.0
2121,1529962401,282152169,198.0,198.0,0.0,0.0,0.0,0.0
2122,1529962401,292137801,198.0,198.0,0.0,0.0,0.0,0.0
2123,1529962401,302215781,198.0,198.0,0.0,0.0,0.0,0.0
2124,1529962401,312131526,198.0,198.0,0.0,0.0,0.0,0.0
2125,1529962401,322143422,198.0,198.0,0.0,0.0,0.0,0.0
2126,1529962401,332133271,198.0,198.0,0.0,0.0,0.0,0.0
2127,1529962401,342125680,198.0,198.0,0.0,0.0,0.0,0.0
2128,1529962401,352129024,198.0,198.0,0.0,0.0,0.0,0.0
2129,1529962401,362130599,198.0,198.0,0.0,0.0,0.0,0.0
2130,1529962401,372136521,198.0,198.0,0.0,0.0,0.0,0.0
2131,1529962401,382140510,198.0,198.0,0.0,0.0,0.0,0.0
2132,1529962401,392133726,199.0,199.0,0.0,0.0,0.0,0.0
2133,1529962401,402142298,199.0,199.0,0.0,0.0,0.0,0.0
2134,1529962401,412149848,200.0,200.0,0.0,0.0,0.0,0.0
2135,1529962401,422142665,200.0,200.0,0.0,0.0,0.0,0.0
2136,1529962401,432128569,201.0,201.0,0.0,0.0,0.0,0.0
2137,1529962401,442128680,201.0,201.0,0.0,0.0,0.0,0.0
2138,1529962401,452134456,202.0,202.0,0.0,0.0,0.0,0.0
2139,1529962401,462130999,202.0,202.0,0.0,0.0,0.0,0.0
2140,1529962401,472128868,204.0,204.0,0.0,0.0,0.0,0.0
2141,1529962401,482129425,204.0,204.0,0.0,0.0,0.0,0.0
2142,1529962401,492127981,204.0,204.0,0.0,0.0,0.0,0.0
2143,1529962401,502153261,204.0,204.0,0.0,0.0,0.0,0.0
2144,1529962401,512131887,205.0,205.0,0.0,0.0,0.0,0.0
2145,1529962401,522131127,205.0,205.0,0.0,0.0,0.0,0.0
2146,1529962401,532114619,205.0,205.0,0.0,0.0,0.0,0.0
2147,1529962401,542150581,205.0,205.0,0.0,0.0,0.0,0.0
2148,1529962401,552144392,205.0,205.0,0.0,0.0,0.0,0.0
2149,1529962401,562170723,205.0,205.0,0.0,0.0,0.0,0.0
2150,1529962401,572132202,205.0,205.0,0.0,0.0,0.0,0.0
2151,1529962401,582128211,205.0,205.0,0.0,0.0,0.0,0.0
2152,1529962401,592130964,205.0,205.0,0.0,0.0,0.0,0.0
2153,1529962401,602131524,205.0,205.0,0.0,0.0,0.0,0.0
2154,1529962401,612128193,205.0,205.0,0.0,0.0,0.0,0.0
2155,1529962401,622155534,205.0,205.0,0.0,0.0,0.0,0.0
2156,1529962401,632138710,205.0,205.0,0.0,0.0,0.0,0.0
2157,1529962401,642142830,205.0,205.0,0.0,0.0,0.0,0.0
2158,1529962401,652131930,205.0,205.0,0.0,0.0,0.0,0.0
2159,1529962401,662128695,205.0,205.0,0.0,0.0,0.0,0.0
2160,1529962401,672135247,205.0,205.0,0.0,0.0,0.0,0.0
2161,1529962401,682152967,205.0,205.0,0.0,0.0,0.0,0.0
2162,1529962401,692157793,205.0,205.0,0.0,0.0,0.0,0.0
2163,1529962401,702132271,205.0,205.0,0.0,0.0,0.0,0.0
2164,1529962401,712129596,205.0,205.0,0.0,0.0,0.0,0.0
2165,1529962401,722143695,205.0,205.0,0.0,0.0,0.0,0.0
2166,1529962401,732162318,205.0,205.0,0.0,0.0,0.0,0.0
2167,1529962401,742131478,205.0,205.0,0.0,0.0,0.0,0.0
2168,1529962401,752180450,205.0,205.0,0.0,0.0,0.0,0.0
2169,1529962401,762190084,205.0,205.0,0.0,0.0,0.0,0.0
2170,1529962401,772130420,205.0,205.0,0.0,0.0,0.0,0.0
2171,1529962401,782127764,205.0,205.0,0.0,0.0,0.0,0.0
2172,1529962401,792129282,205.0,205.0,0.0,0.0,0.0,0.0
2173,1529962401,802130052,205.0,205.0,0.0,0.0,0.0,0.0
2174,1529962401,812150707,205.0,205.0,0.0,0.0,0.0,0.0
2175,1529962401,822127360,205.0,205.0,0.0,0.0,0.0,0.0
2176,1529962401,832128569,205.0,205.0,0.0,0.0,0.0,0.0
2177,1529962401,842140013,205.0,205.0,0.0,0.0,0.0,0.0
2178,1529962401,852138015,205.0,205.0,0.0,0.0,0.0,0.0
2179,1529962401,862154849,205.0,205.0,0.0,0.0,0.0,0.0
2180,1529962401,872144036,205.0,205.0,0.0,0.0,0.0,0.0
2181,1529962401,882138652,205.0,205.0,0.0,0.0,0.0,0.0
2182,1529962401,892708957,205.0,205.0,0.0,0.0,0.0,0.0
2183,1529962401,902139832,205.0,205.0,0.0,0.0,0.0,0.0
2184,1529962401,912129577,205.0,205.0,0.0,0.0,0.0,0.0
2185,1529962401,922129454,205.0,205.0,0.0,0.0,0.0,0.0
2186,1529962401,932134687,205.0,205.0,0.0,0.0,0.0,0.0
2187,1529962401,942152347,205.0,205.0,0.0,0.0,0.0,0.0
2188,1529962401,952129122,205.0,205.0,0.0,0.0,0.0,0.0
2189,1529962401,962131390,205.0,205.0,0.0,0.0,0.0,0.0
2190,1529962401,972130811,205.0,205.0,0.0,0.0,0.0,0.0
2191,1529962401,982154804,205.0,205.0,0.0,0.0,0.0,0.0
2192,1529962401,992132120,205.0,205.0,0.0,0.0,0.0,0.0
2193,1529962402,2132144,205.0,205.0,0.0,0.0,0.0,0.0
2194,1529962402,12130305,205.0,205.0,0.0,0.0,0.0,0.0
2195,1529962402,22145050,205.0,205.0,0.0,0.0,0.0,0.0
2196,1529962402,32133673,205.0,205.0,0.0,0.0,0.0,0.0
2197,1529962402,42130176,205.0,205.0,0.0,0.0,0.0,0.0
2198,1529962402,52129884,205.0,205.0,0.0,0.0,0.0,0.0
2199,1529962402,62130960,205.0,205.0,0.0,0.0,0.0,0.0
2200,1529962402,72147603,205.0,205.0,0.0,0.0,0.0,0.0
2201,1529962402,82155295,205.0,205.0,0.0,0.0,0.0,0.0
2202,1529962402,92151444,205.0,205.0,0.0,0.0,0.0,0.0
2203,1529962402,102146873,205.0,205.0,0.0,0.0,0.0,0.0
2204,1529962402,112140386,205.0,205.0,0.0,0.0,0.0,0.0
2205,1529962402,122157585,205.0,205.0,0.0,0.0,0.0,0.0
2206,1529962402,132154138,205.0,205.0,0.0,0.0,0.0,0.0
2207,1529962402,142150925,205.0,205.0,0.0,0.0,0.0,0.0
2208,1529962402,152142435,205.0,205.0,0.0,0.0,0.0,0.0
2209,1529962402,162153211,205.0,205.0,0.0,0.0,0.0,0.0
2210,1529962402,172132670,205.0,205.0,0.0,0.0,0.0,0.0
2211,1529962402,182129196,205.0,205.0,0.0,0.0,0.0,0.0
2212,1529962402,192132393,205.0,205.0,0.0,0.0,0.0,0.0
2213,1529962402,202149018,205.0,205.0,0.0,0.0,0.0,0.0
2214,1529962402,212130500,205.0,205.0,0.0,0.0,0.0,0.0
2215,1529962402,222130719,205.0,205.0,0.0,0.0,0.0,0.0
2216,1529962402,232127385,205.0,205.0,0.0,0.0,0.0,0.0
2217,1529962402,242141053,205.0,205.0,0.0,0.0,0.0,0.0
2218,1529962402,252131219,205.0,205.0,0.0,0.0,0.0,0.0
2219,1529962402,262127467,205.0,205.0,0.0,0.0,0.0,0.0
2220,1529962402,272131068,205.0,205.0,0.0,0.0,0.0,0.0
2221,1529962402,282131541,205.0,205.0,0.0,0.0,0.0,0.0
2222,1529962402,292133681,205.0,205.0,0.0,0.0,0.0,0.0
2223,1529962402,302130613,205.0,205.0,0.0,0.0,0.0,0.0
2224,1529962402,312129945,205.0,205.0,0.0,0.0,0.0,0.0
2225,1529962402,322127343,205.0,205.0,0.0,0.0,0.0,0.0
2226,1529962402,332132294,205.0,205.0,0.0,0.0,0.0,0.0
2227,1529962402,342140852,205.0,205.0,0.0,0.0,0.0,0.0
2228,1529962402,352129134,205.0,205.0,0.0,0.0,0.0,0.0
2229,1529962402,362144535,205.0,205.0,0.0,0.0,0.0,0.0
2230,1529962402,372132589,205.0,205.0,0.0,0.0,0.0,0.0
2231,1529962402,382139107,205.0,205.0,0.0,0.0,0.0,0.0
2232,1529962402,392133307,205.0,205.0,0.0,0.0,0.0,0.0
2233,1529962402,402128528,205.0,205.0,0.0,0.0,0.0,0.0
2234,1529962402,412135097,205.0,205.0,0.0,0.0,0.0,0.0
2235,1529962402,422145063,205.0,205.0,0.0,0.0,0.0,0.0
2236,1529962402,432138121,205.0,205.0,0.0,0.0,0.0,0.0
2237,1529962402,442131289,205.0,205.0,0.0,0.0,0.0,0.0
2238,1529962402,452128825,205.0,205.0,0.0,0.0,0.0,0.0
2239,1529962402,462146926,205.0,205.0,0.0,0.0,0.0,0.0
2240,1529962402,472135417,205.0,205.0,0.0,0.0,0.0,0.0
2241,1529962402,482139664,205.0,205.0,0.0,0.0,0.0,0.0
2242,1529962402,492136992,205.0,205.0,0.0,0.0,0.0,0.0
2243,1529962402,502142113,205.0,205.0,0.0,0.0,0.0,0.0
2244,1529962402,512130721,205.0,205.0,0.0,0.0,0.0,0.0
2245,1529962402,522130497,205.0,205.0,0.0,0.0,0.0,0.0
2246,1529962402,532132701,205.0,205.0,0.0,0.0,0.0,0.0
2247,1529962402,542128951,205.0,205.0,0.0,0.0,0.0,0.0
2248,1529962402,552137290,205.0,205.0,0.0,0.0,0.0,0.0
2249,1529962402,562140091,205.0,205.0,0.0,0.0,0.0,0.0
2250,1529962402,572131247,205.0,205.0,0.0,0.0,0.0,0.0
2251,1529962402,582131525,205.0,205.0,0.0,0.0,0.0,0.0
2252,1529962402,592133800,205.0,205.0,0.0,0.0,0.0,0.0
2253,1529962402,602132021,205.0,205.0,0.0,0.0,0.0,0.0
2254,1529962402,612128028,205.0,205.0,0.0,0.0,0.0,0.0
2255,1529962402,622129666,205.0,205.0,0.0,0.0,0.0,0.0
2256,1529962402,632127154,205.0,205.0,0.0,0.0,0.0,0.0
2257,1529962402,645894604,205.0,205.0,0.0,0.0,0.0,0.0
2258,1529962402,652127399,205.0,205.0,0.0,0.0,0.0,0.0
2259,1529962402,662139488,205.0,205.0,0.0,0.0,0.0,0.0
2260,1529962402,672128029,205.0,205.0,0.0,0.0,0.0,0.0
2261,1529962402,682145331,205.0,205.0,0.0,0.0,0.0,0.0
2262,1529962402,692131955,205.0,205.0,0.0,0.0,0.0,0.0
2263,1529962402,702128732,205.0,205.0,0.0,0.0,0.0,0.0
2264,1529962402,712128614,205.0,205.0,0.0,0.0,0.0,0.0
2265,1529962402,722130714,205.0,205.0,0.0,0.0,0.0,0.0
2266,1529962402,732133250,205.0,205.0,0.0,0.0,0.0,0.0
2267,1529962402,742142370,205.0,205.0,0.0,0.0,0.0,0.0
2268,1529962402,752129751,205.0,205.0,0.0,0.0,0.0,0.0
2269,1529962402,762129541,205.0,205.0,0.0,0.0,0.0,0.0
2270,1529962402,772135795,204.0,204.0,0.0,0.0,0.0,0.0
2271,1529962402,782128466,204.0,204.0,0.0,0.0,0.0,0.0
2272,1529962402,792130385,203.0,203.0,0.0,0.0,0.0,0.0
2273,1529962402,802129766,203.0,203.0,0.0,0.0,0.0,0.0
2274,1529962402,812130686,203.0,203.0,0.0,0.0,0.0,0.0
2275,1529962402,822142816,203.0,203.0,0.0,0.0,0.0,0.0
2276,1529962402,832126526,202.0,202.0,0.0,0.0,0.0,0.0
2277,1529962402,842129020,202.0,202.0,0.0,0.0,0.0,0.0
2278,1529962402,852131403,202.0,202.0,0.0,0.0,0.0,0.0
2279,1529962402,862130964,202.0,202.0,0.0,0.0,0.0,0.0
2280,1529962402,872129542,202.0,202.0,0.0,0.0,0.0,0.0
2281,1529962402,882128329,202.0,202.0,0.0,0.0,0.0,0.0
2282,1529962402,892130966,202.0,202.0,0.0,0.0,0.0,0.0
2283,1529962402,902144119,202.0,202.0,0.0,0.0,0.0,0.0
2284,1529962402,912134416,202.0,202.0,0.0,0.0,0.0,0.0
2285,1529962402,922138651,202.0,202.0,0.0,0.0,0.0,0.0
2286,1529962402,932133832,200.0,202.0,0.0,0.0,0.0,0.0
2287,1529962402,942144034,200.0,202.0,0.0,0.0,0.0,0.0
2288,1529962402,952133371,198.0,202.0,0.0,0.0,0.0,0.0
2289,1529962402,962130329,198.0,202.0,0.0,0.0,0.0,0.0
2290,1529962402,972129176,193.0,202.0,0.0,0.0,0.0,0.0
2291,1529962402,982126967,193.0,202.0,0.0,0.0,0.0,0.0
2292,1529962402,992135528,191.0,202.0,0.0,0.0,0.0,0.0
2293,1529962403,2130517,191.0,202.0,0.0,0.0,0.0,0.0
2294,1529962403,12128417,186.0,202.0,0.0,0.0,0.0,0.0
2295,1529962403,22127399,186.0,202.0,0.0,0.0,0.0,0.0
2296,1529962403,32135729,185.0,202.0,0.0,0.0,0.0,0.0
2297,1529962403,42139291,185.0,202.0,0.0,0.0,0.0,0.0
2298,1529962403,52128149,184.0,202.0,0.0,0.0,0.0,0.0
2299,1529962403,62129643,184.0,202.0,0.0,0.0,0.0,0.0
2300,1529962403,72133413,182.0,202.0,0.0,0.0,0.0,0.0
2301,1529962403,82128484,182.0,202.0,0.0,0.0,0.0,0.0
2302,1529962403,92127379,181.0,202.0,0.0,0.0,0.0,0.0
2303,1529962403,102128500,181.0,202.0,0.0,0.0,0.0,0.0
2304,1529962403,112127393,180.0,202.0,0.0,0.0,0.0,0.0
2305,1529962403,122143141,180.0,202.0,0.0,0.0,0.0,0.0
2306,1529962403,132130693,179.0,203.0,0.0,0.0,0.0,0.0
2307,1529962403,142130238,179.0,203.0,0.0,0.0,0.0,0.0
2308,1529962403,152128335,177.0,203.0,0.0,0.0,0.0,0.0
2309,1529962403,162143557,177.0,203.0,0.0,0.0,0.0,0.0
2310,1529962403,172135063,176.0,203.0,0.0,0.0,0.0,0.0
2311,1529962403,182127859,176.0,203.0,0.0,0.0,0.0,0.0
2312,1529962403,192127908,172.0,204.0,0.0,0.0,0.0,0.0
2313,1529962403,202130470,172.0,204.0,0.0,0.0,0.0,0.0
2314,1529962403,212131862,168.0,205.0,0.0,0.0,0.0,0.0
2315,1529962403,222128906,168.0,205.0,0.0,0.0,0.0,0.0
2316,1529962403,232130826,165.0,207.0,0.0,0.0,0.0,0.0
2317,1529962403,242128388,165.0,207.0,0.0,0.0,0.0,0.0
2318,1529962403,252137340,162.0,209.0,0.0,0.0,0.0,0.0
2319,1529962403,262138748,162.0,209.0,0.0,0.0,0.0,0.0
2320,1529962403,272129172,159.0,211.0,0.0,0.0,0.0,0.0
2321,1529962403,282127016,159.0,211.0,0.0,0.0,0.0,0.0
2322,1529962403,292129245,159.0,213.0,0.0,0.0,0.0,0.0
2323,1529962403,302129714,159.0,213.0,0.0,0.0,0.0,0.0
2324,1529962403,312128723,159.0,214.0,0.0,0.0,0.0,0.0
2325,1529962403,322127099,159.0,214.0,0.0,0.0,0.0,0.0
2326,1529962403,332128664,162.0,217.0,0.0,0.0,0.0,0.0
2327,1529962403,342150723,162.0,217.0,0.0,0.0,0.0,0.0
2328,1529962403,352132912,161.0,219.0,0.0,0.0,0.0,0.0
2329,1529962403,362141371,161.0,219.0,0.0,0.0,0.0,0.0
2330,1529962403,372134015,162.0,220.0,0.0,0.0,0.0,0.0
2331,1529962403,382155487,162.0,220.0,0.0,0.0,0.0,0.0
2332,1529962403,392133132,163.0,222.0,0.0,0.0,0.0,0.0
2333,1529962403,402129671,163.0,222.0,0.0,0.0,0.0,0.0
2334,1529962403,412130736,162.0,222.0,0.0,0.0,0.0,0.0
2335,1529962403,422144563,162.0,222.0,0.0,0.0,0.0,0.0
2336,1529962403,432134304,162.0,222.0,0.0,0.0,0.0,0.0
2337,1529962403,442137597,162.0,222.0,0.0,0.0,0.0,0.0
2338,1529962403,452132157,162.0,222.0,0.0,0.0,0.0,0.0
2339,1529962403,462129271,162.0,222.0,0.0,0.0,0.0,0.0
2340,1529962403,472140076,163.0,223.0,0.0,0.0,0.0,0.0
2341,1529962403,482107941,163.0,223.0,0.0,0.0,0.0,0.0
2342,1529962403,492130924,163.0,223.0,0.0,0.0,0.0,0.0
2343,1529962403,502129311,163.0,223.0,0.0,0.0,0.0,0.0
2344,1529962403,512129691,163.0,223.0,0.0,0.0,0.0,0.0
2345,1529962403,522143504,163.0,223.0,0.0,0.0,0.0,0.0
2346,1529962403,532131519,163.0,223.0,0.0,0.0,0.0,0.0
2347,1529962403,542152737,163.0,223.0,0.0,0.0,0.0,0.0
2348,1529962403,552129348,163.0,223.0,0.0,0.0,0.0,0.0
2349,1529962403,562172273,163.0,223.0,0.0,0.0,0.0,0.0
2350,1529962403,572140499,163.0,223.0,0.0,0.0,0.0,0.0
2351,1529962403,582131844,163.0,223.0,0.0,0.0,0.0,0.0
2352,1529962403,592133143,163.0,223.0,0.0,0.0,0.0,0.0
2353,1529962403,602144984,163.0,223.0,0.0,0.0,0.0,0.0
2354,1529962403,612134115,163.0,223.0,0.0,0.0,0.0,0.0
2355,1529962403,622126165,163.0,223.0,0.0,0.0,0.0,0.0
2356,1529962403,632128086,163.0,223.0,0.0,0.0,0.0,0.0
2357,1529962403,642128099,163.0,223.0,0.0,0.0,0.0,0.0
2358,1529962403,652147499,163.0,223.0,0.0,0.0,0.0,0.0
2359,1529962403,662132254,163.0,223.0,0.0,0.0,0.0,0.0
2360,1529962403,672128613,164.0,223.0,0.0,0.0,0.0,0.0
2361,1529962403,682129168,164.0,223.0,0.0,0.0,0.0,0.0
2362,1529962403,692134065,165.0,223.0,0.0,0.0,0.0,0.0
2363,1529962403,702131398,165.0,223.0,0.0,0.0,0.0,0.0
2364,1529962403,712131879,166.0,222.0,0.0,0.0,0.0,0.0
2365,1529962403,722129575,166.0,222.0,0.0,0.0,0.0,0.0
2366,1529962403,732128649,168.0,222.0,0.0,0.0,0.0,0.0
2367,1529962403,742145623,168.0,222.0,0.0,0.0,0.0,0.0
2368,1529962403,752131182,170.0,222.0,0.0,0.0,0.0,0.0
2369,1529962403,762131266,170.0,222.0,0.0,0.0,0.0,0.0
2370,1529962403,772129520,171.0,222.0,0.0,0.0,0.0,0.0
2371,1529962403,782140845,171.0,222.0,0.0,0.0,0.0,0.0
2372,1529962403,792133152,173.0,222.0,0.0,0.0,0.0,0.0
2373,1529962403,802128245,173.0,222.0,0.0,0.0,0.0,0.0
2374,1529962403,812124944,177.0,221.0,0.0,0.0,0.0,0.0
2375,1529962403,822129341,177.0,221.0,0.0,0.0,0.0,0.0
2376,1529962403,832133540,179.0,221.0,0.0,0.0,0.0,0.0
2377,1529962403,842130354,179.0,221.0,0.0,0.0,0.0,0.0
2378,1529962403,852128511,182.0,221.0,0.0,0.0,0.0,0.0
2379,1529962403,862131181,182.0,221.0,0.0,0.0,0.0,0.0
2380,1529962403,872139879,186.0,220.0,0.0,0.0,0.0,0.0
2381,1529962403,882138910,186.0,220.0,0.0,0.0,0.0,0.0
2382,1529962403,892129716,190.0,220.0,0.0,0.0,0.0,0.0
2383,1529962403,902128768,190.0,220.0,0.0,0.0,0.0,0.0
2384,1529962403,912135188,192.0,219.0,0.0,0.0,0.0,0.0
2385,1529962403,922139342,192.0,219.0,0.0,0.0,0.0,0.0
2386,1529962403,932129792,197.0,219.0,0.0,0.0,0.0,0.0
2387,1529962403,942130281,197.0,219.0,0.0,0.0,0.0,0.0
2388,1529962403,952129219,201.0,218.0,0.0,0.0,0.0,0.0
2389,1529962403,962149603,201.0,218.0,0.0,0.0,0.0,0.0
2390,1529962403,972133742,207.0,218.0,0.0,0.0,0.0,0.0
2391,1529962403,982131777,207.0,218.0,0.0,0.0,0.0,0.0
2392,1529962403,992138513,212.0,218.0,0.0,0.0,0.0,0.0
2393,1529962404,2143202,212.0,218.0,0.0,0.0,0.0,0.0
2394,1529962404,12140797,218.0,218.0,0.0,0.0,0.0,0.0
2395,1529962404,22132295,218.0,218.0,0.0,0.0,0.0,0.0
2396,1529962404,32128821,218.0,218.0,0.0,0.0,0.0,0.0
2397,1529962404,42150915,218.0,218.0,0.0,0.0,0.0,0.0
2398,1529962404,52130274,218.0,218.0,0.0,0.0,0.0,0.0
2399,1529962404,62130878,218.0,218.0,0.0,0.0,0.0,0.0
2400,1529962404,72133070,216.0,216.0,0.0,0.0,0.0,0.0
2401,1529962404,82129441,216.0,216.0,0.0,0.0,0.0,0.0
2402,1529962404,92139150,211.0,211.0,0.0,0.0,0.0,0.0
2403,1529962404,102142206,211.0,211.0,0.0,0.0,0.0,0.0
2404,1529962404,112137384,206.0,206.0,0.0,0.0,0.0,0.0
2405,1529962404,122138784,206.0,206.0,0.0,0.0,0.0,0.0
2406,1529962404,132137616,201.0,201.0,0.0,0.0,0.0,0.0
2407,1529962404,142131386,201.0,201.0,0.0,0.0,0.0,0.0
2408,1529962404,152134900,196.0,196.0,0.0,0.0,0.0,0.0
2409,1529962404,162130147,196.0,196.0,0.0,0.0,0.0,0.0
2410,1529962404,172134545,190.0,190.0,0.0,0.0,0.0,0.0
2411,1529962404,182143858,190.0,190.0,0.0,0.0,0.0,0.0
2412,1529962404,192125909,185.0,185.0,0.0,0.0,0.0,0.0
2413,1529962404,202129918,185.0,185.0,0.0,0.0,0.0,0.0
2414,1529962404,212126539,179.0,179.0,0.0,0.0,0.0,0.0
2415,1529962404,222153530,179.0,179.0,0.0,0.0,0.0,0.0
2416,1529962404,232142434,172.0,172.0,0.0,0.0,0.0,0.0
2417,1529962404,242138261,172.0,172.0,0.0,0.0,0.0,0.0
2418,1529962404,252129752,167.0,167.0,0.0,0.0,0.0,0.0
2419,1529962404,262142204,167.0,167.0,0.0,0.0,0.0,0.0
2420,1529962404,272132871,162.0,162.0,0.0,0.0,0.0,0.0
2421,1529962404,282131263,162.0,162.0,0.0,0.0,0.0,0.0
2422,1529962404,292133116,157.0,157.0,0.0,0.0,0.0,0.0
2423,1529962404,302129601,157.0,157.0,0.0,0.0,0.0,0.0
2424,1529962404,312137217,151.0,151.0,0.0,0.0,0.0,0.0
2425,1529962404,322132019,151.0,151.0,0.0,0.0,0.0,0.0
2426,1529962404,332133881,137.0,137.0,0.0,0.0,0.0,0.0
2427,1529962404,342129649,137.0,137.0,0.0,0.0,0.0,0.0
2428,1529962404,352147947,132.0,132.0,0.0,0.0,0.0,0.0
2429,1529962404,362142499,132.0,132.0,0.0,0.0,0.0,0.0
2430,1529962404,372130705,126.0,126.0,0.0,0.0,0.0,0.0
2431,1529962404,382139530,126.0,126.0,0.0,0.0,0.0,0.0
2432,1529962404,392134907,120.0,120.0,0.0,0.0,0.0,0.0
2433,1529962404,402156016,120.0,120.0,0.0,0.0,0.0,0.0
2434,1529962404,412135055,114.0,114.0,0.0,0.0,0.0,0.0
2435,1529962404,422138296,114.0,114.0,0.0,0.0,0.0,0.0
2436,1529962404,432135148,100.0,100.0,0.0,0.0,0.0,0.0
2437,1529962404,442143486,100.0,100.0,0.0,0.0,0.0,0.0
2438,1529962404,452129330,0.0,0.0,0.0,0.0,0.0,0.0
2439,1529962404,462126640,0.0,0.0,0.0,0.0,0.0,0.0
2440,1529962404,472127079,0.0,0.0,0.0,0.0,0.0,0.0
2441,1529962404,482127610,0.0,0.0,0.0,0.0,0.0,0.0
2442,1529962404,492126816,0.0,0.0,0.0,0.0,0.0,0.0
2443,1529962404,502127610,0.0,0.0,0.0,0.0,0.0,0.0
2444,1529962404,512127051,0.0,0.0,0.0,0.0,0.0,0.0
2445,1529962404,522126965,0.0,0.0,0.0,0.0,0.0,0.0
2446,1529962404,532129297,0.0,0.0,0.0,0.0,0.0,0.0
2447,1529962404,542141932,0.0,0.0,0.0,0.0,0.0,0.0
2448,1529962404,552126068,0.0,0.0,0.0,0.0,0.0,0.0
2449,1529962404,562124221,0.0,0.0,0.0,0.0,0.0,0.0
2450,1529962404,572729751,0.0,0.0,0.0,0.0,0.0,0.0
2451,1529962404,582124567,0.0,0.0,0.0,0.0,0.0,0.0
2452,1529962404,592123748,0.0,0.0,0.0,0.0,0.0,0.0
2453,1529962404,602123910,0.0,0.0,0.0,0.0,0.0,0.0
2454,1529962404,612125973,0.0,0.0,0.0,0.0,0.0,0.0
2455,1529962404,622126700,0.0,0.0,0.0,0.0,0.0,0.0
2456,1529962404,632125095,0.0,0.0,0.0,0.0,0.0,0.0
2457,1529962404,642143011,0.0,0.0,0.0,0.0,0.0,0.0
2458,1529962404,652124387,0.0,0.0,0.0,0.0,0.0,0.0
2459,1529962404,662150723,0.0,0.0,0.0,0.0,0.0,0.0
2460,1529962404,672128536,0.0,0.0,0.0,0.0,0.0,0.0
2461,1529962404,682108506,0.0,0.0,0.0,0.0,0.0,0.0
2462,1529962404,692124063,0.0,0.0,0.0,0.0,0.0,0.0
2463,1529962404,702128035,0.0,0.0,0.0,0.0,0.0,0.0
2464,1529962404,712137946,0.0,0.0,0.0,0.0,0.0,0.0
2465,1529962404,722127345,0.0,0.0,0.0,0.0,0.0,0.0
2466,1529962404,732127612,0.0,0.0,0.0,0.0,0.0,0.0
2467,1529962404,742127020,0.0,0.0,0.0,0.0,0.0,0.0
2468,1529962404,752128762,0.0,0.0,0.0,0.0,0.0,0.0
2469,1529962404,762127669,0.0,0.0,0.0,0.0,0.0,0.0
2470,1529962404,772121389,0.0,0.0,0.0,0.0,0.0,0.0
2471,1529962404,782125286,0.0,0.0,0.0,0.0,0.0,0.0
2472,1529962404,792134390,0.0,0.0,0.0,0.0,0.0,0.0
2473,1529962404,802132241,0.0,0.0,0.0,0.0,0.0,0.0
2474,1529962404,812194794,0.0,0.0,0.0,0.0,0.0,0.0
2475,1529962404,822127610,0.0,0.0,0.0,0.0,0.0,0.0
2476,1529962404,832126147,0.0,0.0,0.0,0.0,0.0,0.0
2477,1529962404,842126561,0.0,0.0,0.0,0.0,0.0,0.0
2478,1529962404,852125069,0.0,0.0,0.0,0.0,0.0,0.0
2479,1529962404,862125906,0.0,0.0,0.0,0.0,0.0,0.0
2480,1529962404,872127986,0.0,0.0,0.0,0.0,0.0,0.0
2481,1529962404,882130430,0.0,0.0,0.0,0.0,0.0,0.0
2482,1529962404,892126042,0.0,0.0,0.0,0.0,0.0,0.0
2483,1529962404,902125328,0.0,0.0,0.0,0.0,0.0,0.0
2484,1529962404,912125393,0.0,0.0,0.0,0.0,0.0,0.0
2485,1529962404,922128645,0.0,0.0,0.0,0.0,0.0,0.0
2486,1529962404,932127415,0.0,0.0,0.0,0.0,0.0,0.0
2487,1529962404,942146408,0.0,0.0,0.0,0.0,0.0,0.0
2488,1529962404,952124202,0.0,0.0,0.0,0.0,0.0,0.0
2489,1529962404,962126307,0.0,0.0,0.0,0.0,0.0,0.0
2490,1529962404,972142922,0.0,0.0,0.0,0.0,0.0,0.0
2491,1529962404,982126938,0.0,0.0,0.0,0.0,0.0,0.0
2492,1529962404,992124894,0.0,0.0,0.0,0.0,0.0,0.0
